unsolidarisch	neg 1.0		__DUMMY__ 0.9269637650448113 neg 0.03927063437184833 off 0.03376560058334047	false	1.0
nachteilig	neg 1.0		__DUMMY__ 0.9326127472042437 neg 0.036950646093311224 off 0.03043660670244512	false	1.0
skeptisch	neg 1.0		__DUMMY__ 0.9333295568355989 neg 0.03669350608504302 off 0.029976937079358036	false	1.0
schrecklich	neg 1.0		__DUMMY__ 0.9283759093678277 off 0.04040760209520916 neg 0.031216488536963117	false	0.5
schlapp	neg 1.0		__DUMMY__ 0.9312047653305681 off 0.03671506264709009 neg 0.03208017202234177	false	0.5
abfall	neg 1.0		__DUMMY__ 0.9347593502916307 neg 0.03728044144114236 off 0.027960208267226914	false	1.0
widerspenstig	neg 1.0		__DUMMY__ 0.9330167104507217 neg 0.03384246810130806 off 0.0331408214479703	false	1.0
abrupt	neg 1.0		__DUMMY__ 0.9362244757761814 neg 0.033930771608751006 off 0.02984475261506754	false	1.0
unwirksam	neg 1.0		__DUMMY__ 0.9284317158532926 neg 0.03829175727059015 off 0.033276526876117166	false	1.0
angreifen	neg 1.0	neg 1.0	neg 0.5034446231874593 __DUMMY__ 0.4689947410099772 off 0.0275606358025635	false	1.0
inkonsistent	neg 1.0		__DUMMY__ 0.9330823053396505 off 0.0337038961069421 neg 0.033213798553407385	false	0.5
abrutschen	neg 1.0		__DUMMY__ 0.9346448116701395 neg 0.03712554732692903 off 0.02822964100293144	false	1.0
unsicher	neg 1.0		__DUMMY__ 0.9328152592674535 neg 0.033611449059847615 off 0.03357329167269896	false	1.0
bauernkind	off 1.0	off 1.0	off 0.5063484086788856 __DUMMY__ 0.46168670357567054 neg 0.03196488774544377	false	1.0
angreifer	neg 1.0		__DUMMY__ 0.9328576587856848 off 0.034458173841418624 neg 0.03268416737289647	false	0.5
trennen	neg 1.0		__DUMMY__ 0.9371846418745564 neg 0.032501609040428064 off 0.030313749085015433	false	1.0
schmutz	neg 1.0		__DUMMY__ 0.9368383202757857 off 0.034212290568098346 neg 0.028949389156115887	false	0.5
inkonsistenz	neg 1.0		__DUMMY__ 0.9271433492168252 off 0.036681309160270084 neg 0.03617534162290476	false	0.5
erschreckend	neg 1.0		__DUMMY__ 0.9313423103888889 neg 0.03579010686795204 off 0.03286758274315899	false	1.0
ertrinken	neg 1.0		__DUMMY__ 0.9355163729652263 neg 0.033544029981030225 off 0.03093959705374344	false	1.0
pickelface	off 1.0		__DUMMY__ 0.9328411830778205 neg 0.035230331886866605 off 0.031928485035312926	false	0.5
seiner			__DUMMY__ 0.9349320111398726 neg 0.03485073088571289 off 0.030217257974414664	false	0.0
lauch	neg 1.0		__DUMMY__ 0.9338271428826891 neg 0.038144658482891516 off 0.02802819863441935	false	1.0
unwichtig	neg 1.0		__DUMMY__ 0.9293832361794838 off 0.037034919137825 neg 0.0335818446826912	false	0.5
steuerhinterziehung	neg 1.0		__DUMMY__ 0.9302538209626716 neg 0.037331340466377594 off 0.03241483857095086	false	1.0
schock	neg 1.0		__DUMMY__ 0.9352972152432475 off 0.032735935131449755 neg 0.03196684962530275	false	0.5
beule	neg 1.0		__DUMMY__ 0.9315509569283416 off 0.036816742278976126 neg 0.031632300792682304	false	0.5
vergelten	neg 1.0		__DUMMY__ 0.9319520909005024 off 0.039532393554946026 neg 0.0285155155445516	false	0.5
verdorbenheit	neg 1.0		__DUMMY__ 0.9335109116726695 neg 0.03391594516456203 off 0.03257314316276842	false	1.0
trauma	neg 1.0		__DUMMY__ 0.9319232731411324 off 0.034176135978396936 neg 0.033900590880470635	false	0.5
sinnlos	neg 1.0		__DUMMY__ 0.9324516718669247 off 0.03521264083245974 neg 0.032335687300615666	false	0.5
fettsack	off 1.0	off 1.0	off 0.5076272077997794 __DUMMY__ 0.4635793298373083 neg 0.02879346236291229	false	1.0
feige	off 1.0	off 1.0	off 0.5043214630915733 __DUMMY__ 0.4645955112355398 neg 0.03108302567288681	false	1.0
abdanken	neg 1.0		__DUMMY__ 0.9305313121152822 neg 0.0362372047905064 off 0.033231483094211416	false	1.0
wichtigtuer	off 1.0	off 1.0	off 0.5022862195652413 __DUMMY__ 0.46613883559906977 neg 0.0315749448356889	false	1.0
misslingen	neg 1.0		__DUMMY__ 0.9375209216396541 off 0.033756009677460265 neg 0.02872306868288577	false	0.5
untreu	off 1.0		__DUMMY__ 0.928598868988769 off 0.037904422145611134 neg 0.03349670886561989	false	1.0
missmutig	neg 1.0		__DUMMY__ 0.9300758243561573 off 0.03691306021598413 neg 0.03301111542785854	false	0.5
hurenbock	off 1.0		__DUMMY__ 0.9335686868664675 off 0.03408778046222269 neg 0.032343532671309794	false	1.0
betrunken	neg 1.0		__DUMMY__ 0.9313480710441682 off 0.03860932850538405 neg 0.030042600450447703	false	0.5
korrupt	off 1.0		__DUMMY__ 0.928971006429204 neg 0.03894208780091733 off 0.032086905769878646	false	0.5
unmut	neg 1.0		__DUMMY__ 0.9342471854052088 neg 0.03754024852562264 off 0.028212566069168613	false	1.0
hackfresse	off 1.0		__DUMMY__ 0.9254665520438928 off 0.04292061642763548 neg 0.031612831528471656	false	1.0
aufblasen	neg 1.0		__DUMMY__ 0.9335511741162356 off 0.03424592031601964 neg 0.032202905567744806	false	0.5
gewaltsam	neg 1.0		__DUMMY__ 0.9332256067568241 neg 0.033946857329660636 off 0.03282753591351528	false	1.0
unbeliebtheit	neg 1.0		__DUMMY__ 0.9241063876384991 neg 0.03896237105682839 off 0.036931241304672534	false	1.0
sturheit	neg 1.0		__DUMMY__ 0.931200615878133 neg 0.03580155386681424 off 0.0329978302550528	false	1.0
kuh	neg 1.0		__DUMMY__ 0.9301421815123498 neg 0.03655501641957297 off 0.0333028020680772	false	1.0
erschrecken	neg 1.0		__DUMMY__ 0.9313326311594485 off 0.03642654194558843 neg 0.03224082689496294	false	0.5
opfer	neg 1.0		__DUMMY__ 0.9347681290453785 neg 0.03409400819839133 off 0.031137862756230084	false	1.0
sinken	neg 1.0		__DUMMY__ 0.9348933991216452 neg 0.03668265179066482 off 0.02842394908769003	false	1.0
stinktier	neg 1.0		__DUMMY__ 0.9264614538696622 off 0.04074535573545705 neg 0.03279319039488081	false	0.5
tucke	off 1.0		__DUMMY__ 0.9222542607022136 off 0.0431844252201343 neg 0.03456131407765213	false	1.0
ein			__DUMMY__ 0.9331301150333337 off 0.0336893925358211 neg 0.03318049243084525	false	0.0
abstieg	neg 1.0		__DUMMY__ 0.9363175626950145 neg 0.033272413959851456 off 0.030410023345134	false	1.0
missverstehen	neg 1.0		__DUMMY__ 0.929976949656743 off 0.03550524838435927 neg 0.03451780195889768	false	0.5
ergebnislos	neg 1.0		__DUMMY__ 0.9331982719899693 neg 0.0363841368465041 off 0.030417591163526537	false	1.0
unter			__DUMMY__ 0.9403430268085555 neg 0.035004718755263 off 0.024652254436181485	false	0.0
manipulieren	neg 1.0		__DUMMY__ 0.9334038013803648 neg 0.03649295598147797 off 0.030103242638157154	false	1.0
unbewiesen	neg 1.0		__DUMMY__ 0.9260407568516903 neg 0.039924827558532126 off 0.034034415589777677	false	1.0
verschleppen	neg 1.0		__DUMMY__ 0.9333372713508139 neg 0.03499238514731221 off 0.03167034350187387	false	1.0
weib	off 1.0		__DUMMY__ 0.9253428541195826 off 0.04290319634349739 neg 0.03175394953692001	false	1.0
opposition	neg 1.0		__DUMMY__ 0.9295690809045198 neg 0.035890920927496774 off 0.03453999816798335	false	1.0
verkehrswidrig	neg 1.0	neg 1.0	neg 0.49255564811596625 __DUMMY__ 0.47186733391798374 off 0.03557701796605003	false	1.0
inkorrekt	neg 1.0		__DUMMY__ 0.926141111368662 off 0.03903480915808554 neg 0.034824079473252494	false	0.5
vermeiden	neg 1.0		__DUMMY__ 0.9373331229294816 neg 0.03639284553405711 off 0.026274031536461268	false	1.0
abweichung	neg 1.0		__DUMMY__ 0.9327638484730701 neg 0.03659018343839859 off 0.030645968088531275	false	1.0
alkoholisiert	neg 1.0		__DUMMY__ 0.9397911861706627 neg 0.03105843104969336 off 0.029150382779644032	false	1.0
scheiss	off 1.0	off 1.0	off 0.5036658496740637 __DUMMY__ 0.4669973532276695 neg 0.02933679709826682	false	1.0
herausforderung	neg 1.0	neg 1.0	neg 0.49678817947677145 __DUMMY__ 0.4760733661748593 off 0.027138454348369295	false	1.0
pervers	off 1.0		__DUMMY__ 0.9242178207757669 off 0.045236699711251216 neg 0.03054547951298202	false	1.0
wackelig	neg 1.0		__DUMMY__ 0.9367794452478162 neg 0.031963263092772906 off 0.031257291659410866	false	1.0
verwickeln	neg 1.0		__DUMMY__ 0.9298090003655037 off 0.03547723752475021 neg 0.03471376210974609	false	0.5
vorwand	neg 1.0		__DUMMY__ 0.9343229047914463 neg 0.03620277021760118 off 0.02947432499095258	false	1.0
muschi	off 1.0		__DUMMY__ 0.9326784859354607 neg 0.03498239013254456 off 0.03233912393199473	false	0.5
entmutigung	neg 1.0		__DUMMY__ 0.9288692294881219 neg 0.03626943602797163 off 0.03486133448390637	false	1.0
unangemessen	neg 1.0		__DUMMY__ 0.9312664103385072 neg 0.036409754841365535 off 0.03232383482012727	false	1.0
unstetig	neg 1.0		__DUMMY__ 0.934087132540089 off 0.03371435208883884 neg 0.032198515371072184	false	0.5
entmutigen	neg 1.0		__DUMMY__ 0.9316863918210259 off 0.03448364603767997 neg 0.033829962141294204	false	0.5
schwanz	neg 1.0		__DUMMY__ 0.9347184174891484 neg 0.035493548823203096 off 0.029788033687648516	false	1.0
verbot	neg 1.0		__DUMMY__ 0.9308791348473552 neg 0.03729011060843826 off 0.0318307545442066	false	1.0
leid	neg 1.0		__DUMMY__ 0.9286229063241158 off 0.041121318175657715 neg 0.03025577550022647	false	0.5
archaisch	neg 1.0		__DUMMY__ 0.9331978753896879 neg 0.03479978031972739 off 0.0320023442905847	false	1.0
gegen			__DUMMY__ 0.9358226112411123 neg 0.03504798409779824 off 0.029129404661089358	false	0.0
scheidung	neg 1.0		__DUMMY__ 0.9242070071046997 off 0.04809599388829989 neg 0.027696999007000497	false	0.5
einschlag	neg 1.0	neg 1.0	neg 0.4973812681280398 __DUMMY__ 0.4668947125504252 off 0.03572401932153509	false	1.0
m			__DUMMY__ 0.9344285494551277 neg 0.03392122185749612 off 0.031650228687376165	false	0.0
abgestanden	neg 1.0		__DUMMY__ 0.933854453537497 off 0.03314403972010709 neg 0.03300150674239595	false	0.5
schmierig	off 1.0		__DUMMY__ 0.9286867138458578 off 0.04079092382055841 neg 0.030522362333583828	false	1.0
unpraktisch	neg 1.0		__DUMMY__ 0.9341146755883888 off 0.03376564162868894 neg 0.03211968278292227	false	0.5
wixxer	off 1.0		__DUMMY__ 0.9234818542781744 off 0.0450800865620669 neg 0.031438059159758586	false	1.0
bezeichnet			__DUMMY__ 0.9314908535757775 neg 0.035215353061051044 off 0.03329379336317149	false	0.0
jammerlappen	off 1.0		__DUMMY__ 0.9297035192745517 off 0.03714363262510856 neg 0.033152848100339666	false	1.0
farce	neg 1.0		__DUMMY__ 0.9296405836872103 neg 0.03799936343342383 off 0.032360052879366	false	1.0
zwecklos	neg 1.0		__DUMMY__ 0.9315558144342403 neg 0.03619912534888656 off 0.032245060216873164	false	1.0
turbulent	neg 1.0		__DUMMY__ 0.929533566937352 off 0.037310881910874796 neg 0.033155551151773203	false	0.5
invasion	neg 1.0		__DUMMY__ 0.932007334596931 off 0.03520442613588618 neg 0.03278823926718278	false	0.5
schuld	neg 1.0		__DUMMY__ 0.9313726351750163 neg 0.034367783696529666 off 0.034259581128454036	false	1.0
risiko	neg 1.0		__DUMMY__ 0.9342999651448813 off 0.03358887488501039 neg 0.03211115997010827	false	0.5
finster	neg 1.0		__DUMMY__ 0.9331543099584239 off 0.03351557630959201 neg 0.03333011373198415	false	0.5
geisteskrank	off 1.0		__DUMMY__ 0.9277887593725432 off 0.03849494077057787 neg 0.033716299856878885	false	1.0
zusammenbrechen	neg 1.0		__DUMMY__ 0.9336558031722367 neg 0.03384463827961439 off 0.03249955854814898	false	1.0
ausbeute	neg 1.0		__DUMMY__ 0.9372156288285066 neg 0.033305671580560574 off 0.029478699590932782	false	1.0
hinterhalt	neg 1.0		__DUMMY__ 0.9354524172224651 neg 0.03278830711036177 off 0.03175927566717317	false	1.0
kritik	neg 1.0		__DUMMY__ 0.9303280065110966 neg 0.03740977353596103 off 0.03226221995294237	false	1.0
einschrumpfen	neg 1.0		__DUMMY__ 0.9281900059689593 neg 0.036099866262553265 off 0.035710127768487504	false	1.0
riskant	neg 1.0		__DUMMY__ 0.9326691844544533 neg 0.03633491599295587 off 0.030995899552590793	false	1.0
frustrieren	neg 1.0		__DUMMY__ 0.9332112827168655 neg 0.0357198367275049 off 0.031068880555629494	false	1.0
groll	neg 1.0		__DUMMY__ 0.9330087376596915 neg 0.03496396624190194 off 0.03202729609840658	false	1.0
gibt			__DUMMY__ 0.9323382612222009 neg 0.035321917399390466 off 0.03233982137840873	false	0.0
qualvoll	neg 1.0		__DUMMY__ 0.932604705826406 off 0.03577687894982936 neg 0.031618415223764636	false	0.5
wackeln	neg 1.0	neg 1.0	neg 0.49849763028789384 __DUMMY__ 0.4707513843157997 off 0.030750985396306513	false	1.0
klagen	neg 1.0		__DUMMY__ 0.9347198658804605 neg 0.03673864625415354 off 0.028541487865385955	false	1.0
bankrott	neg 1.0		__DUMMY__ 0.9311789777223697 off 0.03608542406048998 neg 0.032735598217140324	false	0.5
trauern	neg 1.0		__DUMMY__ 0.9352317629053833 neg 0.03387484121027946 off 0.03089339588433717	false	1.0
ablehnung	neg 1.0		__DUMMY__ 0.9304231126756207 neg 0.03722831624762017 off 0.03234857107675907	false	1.0
stur	neg 1.0		__DUMMY__ 0.9304295580936744 neg 0.034880212896741355 off 0.034690229009584156	false	1.0
aufruhr	neg 1.0		__DUMMY__ 0.9330040721444729 neg 0.03414756719898241 off 0.032848360656544694	false	1.0
melancholie	neg 1.0		__DUMMY__ 0.9346434701544079 neg 0.03415388186890491 off 0.0312026479766873	false	1.0
ist			__DUMMY__ 0.9313207243383682 off 0.034782873160474424 neg 0.03389640250115731	false	0.0
torheit	neg 1.0		__DUMMY__ 0.9301569321683602 neg 0.035548423527664665 off 0.03429464430397512	false	1.0
dreckskind	off 1.0		__DUMMY__ 0.9253332831122872 off 0.04182648980147586 neg 0.032840227086236816	false	1.0
umtauschen	neg 1.0		__DUMMY__ 0.9329896725297602 neg 0.03443637812729066 off 0.0325739493429492	false	1.0
zum			__DUMMY__ 0.9409409247749229 neg 0.032808361305233076 off 0.02625071391984399	false	0.0
zersetzen	neg 1.0		__DUMMY__ 0.9323894068517188 neg 0.03761382889171733 off 0.029996764256563956	false	1.0
zur			__DUMMY__ 0.9381052723239905 neg 0.035792987334036845 off 0.0261017403419726	false	0.0
frust	neg 1.0		__DUMMY__ 0.9332425924006081 neg 0.034306446433453416 off 0.03245096116593841	false	1.0
unerbittlichkeit	neg 1.0		__DUMMY__ 0.9329193609455892 neg 0.037003636856866445 off 0.03007700219754428	false	1.0
zwei			__DUMMY__ 0.9387910591854159 neg 0.03334415613912743 off 0.027864784675456566	false	0.0
unkorrekt	neg 1.0		__DUMMY__ 0.9251891519817201 off 0.03931215809435784 neg 0.03549868992392206	false	0.5
hexe	off 1.0		__DUMMY__ 0.9298112459504644 off 0.0372328290908587 neg 0.032955924958676934	false	1.0
lasch	neg 1.0		__DUMMY__ 0.9282488735523704 off 0.036389668183340884 neg 0.03536145826428869	false	0.5
rivale	neg 1.0		__DUMMY__ 0.9299277255869945 off 0.0388990917506966 neg 0.031173182662308892	false	0.5
mutlos	off 1.0	off 1.0	off 0.49831450886331424 __DUMMY__ 0.46728094619091287 neg 0.03440454494577293	false	1.0
wirr	off 1.0		__DUMMY__ 0.9253820451465626 off 0.03939398323550551 neg 0.03522397161793187	false	1.0
jahr			__DUMMY__ 0.9376930112451224 neg 0.03319117440427228 off 0.02911581435060542	false	0.0
wird			__DUMMY__ 0.9334684273673514 neg 0.03535299360501162 off 0.031178579027636953	false	0.0
strafbar	neg 1.0		__DUMMY__ 0.932240732865017 neg 0.03659734383087983 off 0.03116192330410315	false	1.0
erosion	neg 1.0		__DUMMY__ 0.9336781492940557 off 0.033714567407126486 neg 0.03260728329881787	false	0.5
eingehen	neg 1.0		__DUMMY__ 0.9311632572938571 neg 0.037036885320739475 off 0.03179985738540347	false	1.0
faul	off 1.0		__DUMMY__ 0.9320106955120622 off 0.036102206825473805 neg 0.031887097662464094	false	1.0
provisorium	neg 1.0		__DUMMY__ 0.9392812909195533 neg 0.036372745667512016 off 0.02434596341293472	false	1.0
schmerzen	neg 1.0		__DUMMY__ 0.9332181901497942 neg 0.033907062094349606 off 0.032874747755856144	false	1.0
schrumpfen	neg 1.0		__DUMMY__ 0.9347633962237489 neg 0.03872562721170804 off 0.026510976564543	false	1.0
geistlos	off 1.0		__DUMMY__ 0.9265552378721125 neg 0.03767145328248533 off 0.035773308845402155	false	0.5
fehlkauf	neg 1.0		__DUMMY__ 0.9313227717107899 off 0.03473955110321574 neg 0.03393767718599435	false	0.5
frustrierend	neg 1.0		__DUMMY__ 0.9319175164045201 off 0.036383441263191124 neg 0.03169904233228874	false	0.5
unzufrieden	neg 1.0		__DUMMY__ 0.9312389713717553 neg 0.03658323028282824 off 0.03217779834541648	false	1.0
verzweifeln	neg 1.0		__DUMMY__ 0.9324359794374725 neg 0.034330177625588494 off 0.03323384293693904	false	1.0
verzweifelt	neg 1.0		__DUMMY__ 0.9310179088798607 off 0.03472152174479152 neg 0.03426056937534778	false	0.5
misstrauensantrag	neg 1.0		__DUMMY__ 0.9301823921507425 off 0.03497169785019993 neg 0.03484590999905759	false	0.5
abfallen	neg 1.0		__DUMMY__ 0.9342678251701492 off 0.03398744597999114 neg 0.03174472884985969	false	0.5
fucker	off 1.0		__DUMMY__ 0.9280159201553713 off 0.03883384432269926 neg 0.03315023552192951	false	1.0
ungezogen	neg 1.0		__DUMMY__ 0.9261929701356435 off 0.04390560062284978 neg 0.029901429241506784	false	0.5
irrsinnig	neg 1.0	neg 1.0	neg 0.5020107336515007 __DUMMY__ 0.4666232297522157 off 0.031366036596283564	false	1.0
unfassbar	neg 1.0		__DUMMY__ 0.928950823255325 off 0.03762505329980066 neg 0.03342412344487431	false	0.5
hart	neg 1.0		__DUMMY__ 0.9311990216720163 off 0.03572627729269181 neg 0.03307470103529196	false	0.5
widerlich	off 1.0		__DUMMY__ 0.9278236185977707 off 0.038352587657550466 neg 0.033823793744678705	false	1.0
fatal	neg 1.0		__DUMMY__ 0.9311057715845256 off 0.03501715322159407 neg 0.03387707519388036	false	0.5
bruch	neg 1.0		__DUMMY__ 0.933713148322015 neg 0.037541411205764826 off 0.02874544047222023	false	1.0
aushungern	neg 1.0		__DUMMY__ 0.9303426428744256 neg 0.03654078674675642 off 0.03311657037881806	false	1.0
anspannung	neg 1.0	neg 1.0	neg 0.4989393202858074 __DUMMY__ 0.47681471717152313 off 0.024245962542669416	false	1.0
von			__DUMMY__ 0.9375416794118934 neg 0.03378899889709272 off 0.028669321691013983	false	0.0
kraftlos	neg 1.0		__DUMMY__ 0.9356962114309991 neg 0.03249826169518312 off 0.03180552687381782	false	1.0
vom			__DUMMY__ 0.9406369079106551 neg 0.03468006494109834 off 0.024683027148246467	false	0.0
grenzdebil	off 1.0		__DUMMY__ 0.9293172744527648 off 0.03828224550093167 neg 0.03240048004630346	false	1.0
vor			__DUMMY__ 0.9354917377609367 neg 0.035124371908789906 off 0.029383890330273332	false	0.0
unterwerfen	neg 1.0		__DUMMY__ 0.9335437903809205 neg 0.03555563819096279 off 0.03090057142811671	false	1.0
versenkung	neg 1.0		__DUMMY__ 0.9332382602856665 neg 0.03595089771799191 off 0.030810841996341546	false	1.0
entziehen	neg 1.0		__DUMMY__ 0.9343493692055406 neg 0.036657040506806064 off 0.028993590287653363	false	1.0
finanzkrise	neg 1.0		__DUMMY__ 0.9300387278659077 neg 0.037156582354981316 off 0.0328046897791109	false	1.0
schimpfend	neg 1.0		__DUMMY__ 0.9345693196760951 off 0.03366013147403306 neg 0.031770548849871794	false	0.5
profan	neg 1.0		__DUMMY__ 0.9308353262995628 off 0.03554845482273591 neg 0.033616218877701234	false	0.5
korruption	neg 1.0	neg 1.0	neg 0.5041264843515553 __DUMMY__ 0.4670163191298923 off 0.028857196518552515	false	1.0
â			__DUMMY__ 0.9345470611484151 neg 0.034592443470450256 off 0.030860495381134664	false	0.0
schmutzig	neg 1.0		__DUMMY__ 0.9307225806644933 off 0.03782447692354373 neg 0.03145294241196302	false	0.5
sexy	neg 1.0		__DUMMY__ 0.9310524485939284 off 0.036030339397761214 neg 0.03291721200831029	false	0.5
abraten	neg 1.0		__DUMMY__ 0.931700590010627 off 0.034738750614063445 neg 0.03356065937530964	false	0.5
schwarz	neg 1.0		__DUMMY__ 0.9309118239955337 neg 0.034546106329240996 off 0.03454206967522519	false	1.0
fotze	off 1.0		__DUMMY__ 0.9334962755357381 neg 0.035791996397727 off 0.030711728066534848	false	0.5
verwirren	neg 1.0		__DUMMY__ 0.9308489753190681 off 0.03577974348867706 neg 0.03337128119225481	false	0.5
zahnlos	off 1.0		__DUMMY__ 0.9314429558231226 neg 0.036353784589609583 off 0.0322032595872678	false	0.5
verheeren	neg 1.0		__DUMMY__ 0.9276920745080856 off 0.04487389853659794 neg 0.027434026955316586	false	0.5
hippie	neg 1.0		__DUMMY__ 0.9307791668559866 off 0.03574605909531174 neg 0.03347477404870167	false	0.5
rammen	neg 1.0		__DUMMY__ 0.9316682320900711 neg 0.034815328419692766 off 0.033516439490236034	false	1.0
unlauter	neg 1.0		__DUMMY__ 0.9269312394239018 neg 0.03909219060230581 off 0.03397656997379234	false	1.0
unheilvoll	neg 1.0		__DUMMY__ 0.9343419954086521 off 0.034794189855364206 neg 0.03086381473598367	false	0.5
niedrig	neg 1.0		__DUMMY__ 0.9351255172025695 neg 0.034999500704939984 off 0.029874982092490468	false	1.0
explosion	neg 1.0		__DUMMY__ 0.9303805200801061 off 0.03522387294587953 neg 0.03439560697401445	false	0.5
weichei	off 1.0		__DUMMY__ 0.9265361274632491 off 0.04174887638171684 neg 0.03171499615503404	false	1.0
minusmensch	off 1.0		__DUMMY__ 0.9213714349405547 off 0.04511659789512025 neg 0.03351196716432506	false	1.0
farblos	neg 1.0		__DUMMY__ 0.9383585392128593 off 0.03203596319653595 neg 0.029605497590604782	false	0.5
unwissend	neg 1.0	neg 1.0	neg 0.5009800138885223 __DUMMY__ 0.4649346981766769 off 0.034085287934800874	false	1.0
traurig	neg 1.0		__DUMMY__ 0.9290981143107302 off 0.03966033502544436 neg 0.031241550663825442	false	0.5
senkung	neg 1.0		__DUMMY__ 0.9284070870018815 neg 0.036217248391962394 off 0.03537566460615612	false	1.0
ungleich	neg 1.0	neg 1.0	neg 0.5047306016230532 __DUMMY__ 0.46731281027004795 off 0.027956588106898862	false	1.0
heikel	neg 1.0		__DUMMY__ 0.9326536570128182 neg 0.03727048462586884 off 0.03007585836131293	false	1.0
drosselung	neg 1.0		__DUMMY__ 0.9306593096050363 off 0.03773637174285013 neg 0.03160431865211357	false	0.5
falsch	neg 1.0		__DUMMY__ 0.9308133189996457 off 0.0365234171739624 neg 0.03266326382639187	false	0.5
unzufriedenheit	neg 1.0		__DUMMY__ 0.9333065428477721 neg 0.03693867711844307 off 0.02975478003378481	false	1.0
kurz	neg 1.0		__DUMMY__ 0.9347292832000681 neg 0.03324613627842817 off 0.03202458052150369	false	1.0
unsinnig	neg 1.0		__DUMMY__ 0.9303478437095034 neg 0.03712727363197088 off 0.03252488265852577	false	1.0
penner	off 1.0	off 1.0	off 0.509506777273341 __DUMMY__ 0.46220335542647223 neg 0.028289867300186657	false	1.0
seicht	neg 1.0		__DUMMY__ 0.9233149568133158 off 0.04419197654381875 neg 0.03249306664286544	false	0.5
dummheit	off 1.0	off 1.0	off 0.502510023132898 __DUMMY__ 0.46567262669633924 neg 0.03181735017076274	false	1.0
unerfreulich	neg 1.0		__DUMMY__ 0.9345344494278472 neg 0.03624365970959157 off 0.029221890862561183	false	1.0
motherfucker	off 1.0	off 1.0	off 0.505441061867009 __DUMMY__ 0.4639081734064212 neg 0.030650764726569912	false	1.0
pikiert	neg 1.0		__DUMMY__ 0.9280220424208415 off 0.0375646263387179 neg 0.03441333124044048	false	0.5
wrack	neg 1.0		__DUMMY__ 0.9376364939581503 neg 0.0323006670158167 off 0.03006283902603311	false	1.0
gangster	neg 1.0		__DUMMY__ 0.9314325651111125 off 0.035378618703593184 neg 0.03318881618529432	false	0.5
krank	neg 1.0		__DUMMY__ 0.9307862482342849 off 0.0382039569543672 neg 0.03100979481134791	false	0.5
reich	neg 1.0		__DUMMY__ 0.929350372663466 off 0.03651946296276981 neg 0.03413016437376422	false	0.5
gnadenlos	neg 1.0		__DUMMY__ 0.9318373966826157 off 0.03428242531636088 neg 0.03388017800102351	false	0.5
niedergeschlagen	neg 1.0		__DUMMY__ 0.934968138279642 neg 0.03262573864826676 off 0.03240612307209119	false	1.0
terrorisieren	off 1.0	off 1.0	off 0.49851368141056035 __DUMMY__ 0.46996181020557837 neg 0.031524508383861324	false	1.0
sinnlosigkeit	neg 1.0		__DUMMY__ 0.9319132992624404 neg 0.03587654096674551 off 0.03221015977081418	false	1.0
behindern	neg 1.0		__DUMMY__ 0.9313774095220115 neg 0.03587299834311039 off 0.03274959213487803	false	1.0
undemokratisch	neg 1.0		__DUMMY__ 0.9289632682683016 neg 0.03658995605837371 off 0.03444677567332473	false	1.0
wirtschaftskrise	neg 1.0		__DUMMY__ 0.9316948037092376 neg 0.03708400574506666 off 0.031221190545695676	false	1.0
neid	neg 1.0		__DUMMY__ 0.9330815043722156 off 0.03672808756203509 neg 0.030190408065749255	false	0.5
rutschen	neg 1.0	neg 1.0	neg 0.49947500877626544 __DUMMY__ 0.47525111880318804 off 0.02527387242054654	false	1.0
rezession	neg 1.0		__DUMMY__ 0.9260712009230814 off 0.04053727999687459 neg 0.033391519080044035	false	0.5
fehlgeburt	neg 1.0		__DUMMY__ 0.9343039230979331 off 0.03470821702037044 neg 0.03098785988169645	false	0.5
charakterschwach	off 1.0		__DUMMY__ 0.9294231471420383 off 0.03817801213978516 neg 0.03239884071817657	false	1.0
isolation	neg 1.0		__DUMMY__ 0.9315542598219391 off 0.03624220381769643 neg 0.03220353636036448	false	0.5
ablenkung	neg 1.0		__DUMMY__ 0.9325763221862591 neg 0.03374420779473003 off 0.03367947001901081	false	1.0
pech	neg 1.0		__DUMMY__ 0.931440664822344 off 0.035808707136324856 neg 0.03275062804133121	false	0.5
vermeidung	neg 1.0		__DUMMY__ 0.9276729785799829 off 0.03805978121440836 neg 0.03426724020560873	false	0.5
dominieren	neg 1.0		__DUMMY__ 0.9359356178892543 neg 0.033171663273994234 off 0.030892718836751563	false	1.0
schwindlig	neg 1.0		__DUMMY__ 0.9352597566903078 off 0.0346929185077321 neg 0.030047324801960082	false	0.5
lutscher	neg 1.0		__DUMMY__ 0.9234811220817324 off 0.04444712245730608 neg 0.03207175546096157	false	0.5
pflicht	neg 1.0		__DUMMY__ 0.9326665151720527 neg 0.03718395934587171 off 0.030149525482075685	false	1.0
faschist	off 1.0		__DUMMY__ 0.9281827283697068 off 0.03602274710937789 neg 0.0357945245209153	false	1.0
verschleudern	neg 1.0		__DUMMY__ 0.9287154365030504 neg 0.04058178222624361 off 0.030702781270705876	false	1.0
wenn			__DUMMY__ 0.9304489863914518 off 0.036723954664538955 neg 0.03282705894400921	false	0.0
ehebruch	neg 1.0		__DUMMY__ 0.9329201209511004 neg 0.03567496387351976 off 0.03140491517537979	false	1.0
spott	off 1.0		__DUMMY__ 0.9316891075596992 neg 0.03724649480262351 off 0.031064397637677325	false	0.5
trostlosigkeit	neg 1.0		__DUMMY__ 0.9355985548936644 neg 0.035333755504818376 off 0.02906768960151714	false	1.0
lutschen	neg 1.0		__DUMMY__ 0.9299672868448585 off 0.035308285977484866 neg 0.034724427177656655	false	0.5
undiszipliniert	neg 1.0		__DUMMY__ 0.9300461282088487 off 0.038975568128188726 neg 0.030978303662962555	false	0.5
kopfschmerz	neg 1.0		__DUMMY__ 0.9350082711146034 neg 0.033147413051357745 off 0.03184431583403894	false	1.0
unvorhergesehen	neg 1.0		__DUMMY__ 0.9374394500094196 neg 0.03236375660202658 off 0.03019679338855368	false	1.0
desinteressiert	neg 1.0		__DUMMY__ 0.9282798440473806 off 0.03900510451993542 neg 0.03271505143268395	false	0.5
armselig	off 1.0		__DUMMY__ 0.926049167121316 off 0.03987782788406534 neg 0.034073004994618586	false	1.0
desaster	neg 1.0		__DUMMY__ 0.9338319093093244 neg 0.037784807750244315 off 0.0283832829404313	false	1.0
tod	neg 1.0		__DUMMY__ 0.9374455237864663 neg 0.03174194571954517 off 0.03081253049398844	false	1.0
herzlos	neg 1.0		__DUMMY__ 0.927520510662597 off 0.040089801147403924 neg 0.03238968818999901	false	0.5
unwissenheit	neg 1.0		__DUMMY__ 0.9300527792437135 neg 0.03783626263399983 off 0.032110958122286724	false	1.0
widersinnig	neg 1.0	neg 1.0	neg 0.5054454599475969 __DUMMY__ 0.46488325888565984 off 0.029671281166743266	false	1.0
bedenklich	neg 1.0		__DUMMY__ 0.9319044631282805 neg 0.0369290283266046 off 0.03116650854511494	false	1.0
beanstanden	neg 1.0		__DUMMY__ 0.9336261631140642 neg 0.03675650672205411 off 0.029617330163881714	false	1.0
panisch	neg 1.0	neg 1.0	neg 0.4967431912540852 __DUMMY__ 0.47129179092461704 off 0.03196501782129783	false	1.0
debil	off 1.0		__DUMMY__ 0.937262538156406 neg 0.03718760331752096 off 0.025549858526073065	false	0.5
abstrich	neg 1.0		__DUMMY__ 0.9333461885521195 neg 0.03644252350699538 off 0.030211287940885154	false	1.0
primitiv	neg 1.0		__DUMMY__ 0.9279729829897805 off 0.03869347151827848 neg 0.0333335454919411	false	0.5
abschaum	off 1.0	off 1.0	off 0.5040009114861156 __DUMMY__ 0.46538046832072094 neg 0.030618620193163477	false	1.0
provozieren	neg 1.0		__DUMMY__ 0.9309110182385228 neg 0.03492916144200575 off 0.0341598203194713	false	1.0
tot	neg 1.0		__DUMMY__ 0.9335001834361437 neg 0.03631085848938253 off 0.030188958074473783	false	1.0
instabil	neg 1.0		__DUMMY__ 0.9259922488333397 off 0.03851952063474831 neg 0.03548823053191187	false	0.5
schwuchtel	off 1.0		__DUMMY__ 0.9210975292402217 off 0.048103985713389516 neg 0.030798485046388806	false	1.0
zerren	neg 1.0		__DUMMY__ 0.9347694839436902 off 0.03262369612025336 neg 0.032606819936056505	false	0.5
kinderficker	off 1.0		__DUMMY__ 0.9243375850956095 off 0.04175277731459887 neg 0.03390963758979162	false	1.0
gefahr	neg 1.0		__DUMMY__ 0.9342942973085018 neg 0.03584758065703449 off 0.029858122034463763	false	1.0
rabiat	neg 1.0		__DUMMY__ 0.9308844092339368 neg 0.035434798131866396 off 0.03368079263419681	false	1.0
verlangsamung	neg 1.0		__DUMMY__ 0.9262978519247564 off 0.04301875225879424 neg 0.030683395816449334	false	0.5
ausgestorben	neg 1.0		__DUMMY__ 0.9339366415045468 off 0.03306629108429566 neg 0.03299706741115752	false	0.5
anklagen	neg 1.0		__DUMMY__ 0.9318665575520025 neg 0.03567613189888741 off 0.03245731054911004	false	1.0
trott	neg 1.0		__DUMMY__ 0.9331596954756645 neg 0.03393815560333599 off 0.03290214892099953	false	1.0
verminderung	neg 1.0		__DUMMY__ 0.9281303416626097 off 0.038595945037485216 neg 0.03327371329990512	false	0.5
nach			__DUMMY__ 0.9415741762747968 neg 0.03180117120666547 off 0.026624652518537822	false	0.0
rost	neg 1.0		__DUMMY__ 0.9281560649450729 off 0.04179802561427322 neg 0.030045909440653946	false	0.5
destruktiv	neg 1.0		__DUMMY__ 0.9296328124720153 neg 0.036942686891474896 off 0.033424500636509695	false	1.0
unzumutbarkeit	neg 1.0		__DUMMY__ 0.9316258739964218 off 0.03675078457175826 neg 0.03162334143181986	false	0.5
labil	off 1.0	off 1.0	off 0.503974044852323 __DUMMY__ 0.4652893879322445 neg 0.0307365672154325	false	1.0
ziemlich	neg 1.0		__DUMMY__ 0.9304782940630858 off 0.03784196561668567 neg 0.03167974032022862	false	0.5
lachnummer	off 1.0		__DUMMY__ 0.9306419128229646 neg 0.03565996702454068 off 0.033698120152494675	false	0.5
oder			__DUMMY__ 0.9336305790487902 off 0.033439846441142375 neg 0.03292957451006735	false	0.0
verfall	neg 1.0		__DUMMY__ 0.9355834547091041 neg 0.03792084975531185 off 0.02649569553558403	false	1.0
ausgrenzung	neg 1.0		__DUMMY__ 0.9294786074157231 neg 0.03556321318675487 off 0.03495817939752213	false	1.0
unordnung	neg 1.0		__DUMMY__ 0.9323131661234015 off 0.0372826161412661 neg 0.03040421773533231	false	0.5
fehlverhalten	neg 1.0		__DUMMY__ 0.9329210444809485 neg 0.03669647467028604 off 0.030382480848765433	false	1.0
eine			__DUMMY__ 0.934156799954441 neg 0.036277416336661615 off 0.02956578370889739	false	0.0
nille	neg 1.0		__DUMMY__ 0.9327108244261166 neg 0.0345375391027904 off 0.03275163647109286	false	1.0
qual	neg 1.0		__DUMMY__ 0.9330137254995222 neg 0.03418046275943856 off 0.03280581174103916	false	1.0
verschwenden	neg 1.0		__DUMMY__ 0.9320903778840558 neg 0.036546130845080134 off 0.03136349127086407	false	1.0
riesig	neg 1.0	neg 1.0	neg 0.49925564550722035 __DUMMY__ 0.4727556892074098 off 0.027988665285369897	false	1.0
verurteilen	neg 1.0		__DUMMY__ 0.9320481124456311 neg 0.03576444104587828 off 0.032187446508490626	false	1.0
klischee	neg 1.0	neg 1.0	neg 0.5019956852920463 __DUMMY__ 0.4648627771916038 off 0.03314153751634998	false	1.0
diktatorisch	neg 1.0		__DUMMY__ 0.9280470904259439 neg 0.03701460766236248 off 0.03493830191169349	false	1.0
vorhersehbar	neg 1.0	neg 1.0	neg 0.5015717552320569 __DUMMY__ 0.4657001179406825 off 0.03272812682726066	false	1.0
sowie			__DUMMY__ 0.926623558740448 off 0.0415610603438645 neg 0.031815380915687516	false	0.0
stornieren	neg 1.0		__DUMMY__ 0.9373486396688795 off 0.03372746916141164 neg 0.02892389116970885	false	0.5
besteuerung	neg 1.0		__DUMMY__ 0.928504836460423 neg 0.03770695042889237 off 0.03378821311068451	false	1.0
ungeschminkt	neg 1.0		__DUMMY__ 0.9283080899180649 off 0.03769927086293363 neg 0.03399263921900151	false	0.5
kritisch	neg 1.0		__DUMMY__ 0.932036952169132 neg 0.036849764608343494 off 0.03111328322252456	false	1.0
schlamperei	off 1.0		__DUMMY__ 0.9320689350959916 neg 0.03759034812773115 off 0.030340716776277206	false	0.5
sucht	neg 1.0	neg 1.0	neg 0.49903951023162546 __DUMMY__ 0.4710280988815823 off 0.029932390886792178	false	1.0
egoistisch	off 1.0		__DUMMY__ 0.9272345616623259 off 0.04188430168324693 neg 0.030881136654427262	false	1.0
ausbeuter	off 1.0		__DUMMY__ 0.9317335280342226 neg 0.0379736747575997 off 0.030292797208177718	false	0.5
arschgeburt	off 1.0		__DUMMY__ 0.9202307767312884 off 0.04840965460125071 neg 0.03135956866746096	false	1.0
schubs	neg 1.0	neg 1.0	neg 0.4998692129021446 __DUMMY__ 0.4717135159650562 off 0.02841727113279921	false	1.0
unsolide	neg 1.0		__DUMMY__ 0.9248555718839648 neg 0.03989266811291781 off 0.03525176000311735	false	1.0
beschwerde	neg 1.0		__DUMMY__ 0.9319918356900155 neg 0.03761804841307759 off 0.030390115896906936	false	1.0
stocken	neg 1.0		__DUMMY__ 0.93313998908503 neg 0.03605611882932727 off 0.030803892085642725	false	1.0
isolieren	neg 1.0		__DUMMY__ 0.9317324409344614 neg 0.03663259593471883 off 0.03163496313081979	false	1.0
unheilbar	neg 1.0		__DUMMY__ 0.9343899895630725 off 0.03399672674745107 neg 0.03161328368947646	false	0.5
pisser	off 1.0		__DUMMY__ 0.929354132776241 off 0.038824527868797844 neg 0.03182133935496106	false	1.0
löschen	neg 1.0		__DUMMY__ 0.932344333871286 neg 0.03430852327881734 off 0.033347142849896615	false	1.0
durchfallen	neg 1.0		__DUMMY__ 0.9305240796532428 neg 0.03745556671469209 off 0.032020353632065124	false	1.0
wichser	off 1.0		__DUMMY__ 0.9248707390001041 off 0.04540615650918757 neg 0.029723104490708415	false	1.0
terror	neg 1.0		__DUMMY__ 0.9329627272303748 off 0.03519099376616066 neg 0.031846279003464616	false	0.5
krass	neg 1.0		__DUMMY__ 0.9275782356244685 off 0.040094356715832176 neg 0.03232740765969923	false	0.5
revolte	neg 1.0		__DUMMY__ 0.9290671097076535 neg 0.03560002411268347 off 0.03533286617966307	false	1.0
besorgt	neg 1.0		__DUMMY__ 0.9359055001018564 neg 0.03220142330578152 off 0.03189307659236206	false	1.0
nachlassen	neg 1.0		__DUMMY__ 0.9341569903182008 neg 0.03564598907617623 off 0.03019702060562294	false	1.0
alt	neg 1.0		__DUMMY__ 0.9340680492204055 neg 0.035408647861213845 off 0.030523302918380575	false	1.0
hundesohn	off 1.0		__DUMMY__ 0.9234334403125133 off 0.044689909395460574 neg 0.03187665029202614	false	1.0
als			__DUMMY__ 0.9346537686354001 neg 0.03323860765456449 off 0.032107623710035484	false	0.0
abschreckung	neg 1.0		__DUMMY__ 0.9345432077820958 neg 0.03619845477404602 off 0.02925833744385828	false	1.0
unqualifiziert	neg 1.0		__DUMMY__ 0.9268958412885111 neg 0.036821504160988956 off 0.036282654550499886	false	1.0
abgewichst	off 1.0		__DUMMY__ 0.9334998893838613 neg 0.03436732905013863 off 0.03213278156600013	false	0.5
schwer	neg 1.0		__DUMMY__ 0.932477514228115 neg 0.034046805252850955 off 0.033475680519034164	false	1.0
bedeutungslosigkeit	neg 1.0		__DUMMY__ 0.9333070738366448 neg 0.03676692436916764 off 0.029926001794187525	false	1.0
kapitulation	neg 1.0		__DUMMY__ 0.9308701440214288 neg 0.038083809000726415 off 0.03104604697784477	false	1.0
unscharf	neg 1.0		__DUMMY__ 0.9312189913400009 off 0.0346266837395691 neg 0.03415432492043007	false	0.5
schwinden	neg 1.0		__DUMMY__ 0.9334227048649175 neg 0.0368472710558404 off 0.029730024079242183	false	1.0
versklavung	neg 1.0		__DUMMY__ 0.9282656165077232 neg 0.037191248720623446 off 0.03454313477165337	false	1.0
schlecht	neg 1.0		__DUMMY__ 0.930723010338832 off 0.037988301265970935 neg 0.031288688395197085	false	0.5
verhasst	neg 1.0		__DUMMY__ 0.9310595395468781 neg 0.034498396062712176 off 0.034442064390409595	false	1.0
beschweren	neg 1.0		__DUMMY__ 0.9312496841932569 off 0.03495040512190909 neg 0.03379991068483403	false	0.5
scheiden	neg 1.0		__DUMMY__ 0.9372178164488608 off 0.03320252520317139 neg 0.029579658347967778	false	0.5
frustriert	neg 1.0		__DUMMY__ 0.9327806951646976 neg 0.03446857223274048 off 0.032750732602561776	false	1.0
schimmelig	neg 1.0		__DUMMY__ 0.9349563679698771 neg 0.03520532686406437 off 0.029838305166058517	false	1.0
fisch	neg 1.0		__DUMMY__ 0.9394110231605329 neg 0.031785511219361295 off 0.028803465620105703	false	1.0
schmuggel	neg 1.0		__DUMMY__ 0.9379463847542574 neg 0.03241506248158757 off 0.029638552764154953	false	1.0
auffallen	neg 1.0		__DUMMY__ 0.9312625950125255 off 0.035382950227885394 neg 0.033354454759589154	false	0.5
konkurrenz	neg 1.0	neg 1.0	neg 0.5034356361389432 __DUMMY__ 0.4700671103883135 off 0.026497253472743305	false	1.0
teufelskreis	neg 1.0		__DUMMY__ 0.9318915145665645 neg 0.03490902670970146 off 0.033199458723734	false	1.0
aufschreien	neg 1.0		__DUMMY__ 0.9302819808936698 off 0.035359769617414515 neg 0.0343582494889157	false	0.5
schuldner	neg 1.0		__DUMMY__ 0.9343270795937942 neg 0.03577361254129022 off 0.02989930786491551	false	1.0
missgeburt	off 1.0	off 1.0	off 0.5078248005578204 __DUMMY__ 0.4634401846005152 neg 0.02873501484166427	false	1.0
arbeitslos	neg 1.0		__DUMMY__ 0.930588032496468 neg 0.03713846683988844 off 0.032273500663643526	false	1.0
befallen	neg 1.0		__DUMMY__ 0.9326391314130961 neg 0.03498212376181382 off 0.03237874482509006	false	1.0
miesepetrig	off 1.0	off 1.0	off 0.5041895956934503 __DUMMY__ 0.466915390789358 neg 0.028895013517191585	false	1.0
alarmieren	neg 1.0		__DUMMY__ 0.9284111046525262 off 0.03714984804020031 neg 0.034439047307273506	false	0.5
ungeduscht	off 1.0		__DUMMY__ 0.9318965007815939 off 0.03550361512892905 neg 0.03259988408947704	false	1.0
knappheit	neg 1.0		__DUMMY__ 0.9308735216557729 neg 0.03827857786811795 off 0.030847900476109184	false	1.0
schlange	neg 1.0		__DUMMY__ 0.9341985543926161 off 0.03463992783905014 neg 0.031161517768333733	false	0.5
harsch	neg 1.0		__DUMMY__ 0.9293363278691652 off 0.040787601263711316 neg 0.02987607086712348	false	0.5
lang	neg 1.0		__DUMMY__ 0.9326368840261254 neg 0.033700052823925374 off 0.03366306314994921	false	1.0
ziellos	neg 1.0		__DUMMY__ 0.9345695902585325 neg 0.03376664289795974 off 0.03166376684350781	false	1.0
selbstverliebt	neg 1.0		__DUMMY__ 0.9216235449016652 off 0.046250325090429756 neg 0.032126130007905054	false	0.5
beseitigen	neg 1.0	neg 1.0	neg 0.4989100005292676 __DUMMY__ 0.4713713378718363 off 0.029718661598896048	false	1.0
dumm	off 1.0		__DUMMY__ 0.9257264730546723 off 0.04257684611013733 neg 0.031696680835190345	false	1.0
arbeitsloser	neg 1.0		__DUMMY__ 0.9331057812965888 neg 0.03522642495843822 off 0.03166779374497291	false	1.0
blitzen	neg 1.0		__DUMMY__ 0.931126762833108 off 0.03585318049791359 neg 0.033020056668978386	false	0.5
hilflos	neg 1.0		__DUMMY__ 0.9331791279454476 neg 0.03450490601901365 off 0.03231596603553879	false	1.0
eklig	off 1.0		__DUMMY__ 0.9256750351781725 off 0.042951179497176264 neg 0.03137378532465131	false	1.0
begriff			__DUMMY__ 0.9312333918760466 neg 0.03602137421344081 off 0.03274523391051264	false	0.0
hungersnot	neg 1.0		__DUMMY__ 0.934190292287294 neg 0.03353969762905368 off 0.03227001008365231	false	1.0
ungesetzlich	neg 1.0		__DUMMY__ 0.9247597778244068 neg 0.03956611222963306 off 0.03567410994596016	false	1.0
verschwendung	neg 1.0		__DUMMY__ 0.9334182605210882 neg 0.03605817587644491 off 0.030523563602466868	false	1.0
schmerzvoll	neg 1.0		__DUMMY__ 0.9318259874832917 off 0.034834686164818135 neg 0.033339326351890124	false	0.5
vorzeitig	neg 1.0		__DUMMY__ 0.9329674136031156 off 0.03568156364525333 neg 0.031351022751631104	false	0.5
unvollkommenheit	neg 1.0		__DUMMY__ 0.9385758779489947 off 0.031400185236002 neg 0.03002393681500328	false	0.5
intervenieren	neg 1.0		__DUMMY__ 0.9316024973394688 neg 0.03787561556908596 off 0.030521887091445373	false	1.0
banause	off 1.0		__DUMMY__ 0.9230454578219559 off 0.044528782031287184 neg 0.032425760146756855	false	1.0
rebell	neg 1.0		__DUMMY__ 0.9362554379677247 neg 0.03615280746977464 off 0.027591754562500584	false	1.0
unlogisch	neg 1.0		__DUMMY__ 0.9280607384304624 off 0.039829474312919486 neg 0.03210978725661815	false	0.5
leiden	neg 1.0		__DUMMY__ 0.9396159075957138 neg 0.03089824677276963 off 0.029485845631516547	false	1.0
abschaffung	neg 1.0		__DUMMY__ 0.9291160873958305 neg 0.03692314466495224 off 0.03396076793921719	false	1.0
sturz	neg 1.0		__DUMMY__ 0.933231265630305 neg 0.03339018995842273 off 0.03337854441127231	false	1.0
verkleinerung	neg 1.0		__DUMMY__ 0.9269327729701928 neg 0.03719664315524165 off 0.03587058387456551	false	1.0
schmarotzer	off 1.0		__DUMMY__ 0.9305231859998565 neg 0.0372893070486133 off 0.03218750695153019	false	0.5
bestrafung	neg 1.0		__DUMMY__ 0.9312314477626136 off 0.03469017520362951 neg 0.03407837703375693	false	0.5
achtlos	neg 1.0		__DUMMY__ 0.9335571350958459 off 0.03332808437653852 neg 0.033114780527615476	false	0.5
