unsolidarisch	neg 1.0		__DUMMY__ 0.9269637650448113 neg 0.039270634371848336 off 0.033765600583340424	false	1.0
nachteilig	neg 1.0		__DUMMY__ 0.9326127472042437 neg 0.036950646093311224 off 0.03043660670244506	false	1.0
skeptisch	neg 1.0		__DUMMY__ 0.933329556835599 neg 0.03669350608504304 off 0.02997693707935797	false	1.0
schrecklich	neg 1.0		__DUMMY__ 0.9283759093678277 off 0.04040760209520913 neg 0.03121648853696311	false	0.5
schlapp	neg 1.0		__DUMMY__ 0.9312047653305683 off 0.03671506264709001 neg 0.032080172022341674	false	0.5
abfall	neg 1.0		__DUMMY__ 0.9347593502916307 neg 0.03728044144114241 off 0.027960208267226887	false	1.0
widerspenstig	neg 1.0		__DUMMY__ 0.9330167104507217 neg 0.03384246810130801 off 0.03314082144797027	false	1.0
abrupt	neg 1.0		__DUMMY__ 0.9362244757761814 neg 0.033930771608751 off 0.029844752615067548	false	1.0
unwirksam	neg 1.0		__DUMMY__ 0.9284317158532926 neg 0.03829175727059019 off 0.033276526876117186	false	1.0
angreifen	neg 1.0	neg 1.0	neg 0.5034446231874593 __DUMMY__ 0.4689947410099772 off 0.027560635802563495	false	1.0
inkonsistent	neg 1.0		__DUMMY__ 0.9330823053396505 off 0.033703896106942105 neg 0.03321379855340735	false	0.5
abrutschen	neg 1.0		__DUMMY__ 0.9346448116701396 neg 0.03712554732692898 off 0.028229641002931422	false	1.0
unsicher	neg 1.0		__DUMMY__ 0.9328152592674535 neg 0.033611449059847566 off 0.03357329167269897	false	1.0
bauernkind	off 1.0	off 1.0	off 0.5063484086788856 __DUMMY__ 0.4616867035756706 neg 0.031964887745443746	false	1.0
angreifer	neg 1.0		__DUMMY__ 0.9328576587856848 off 0.03445817384141861 neg 0.03268416737289647	false	0.5
trennen	neg 1.0		__DUMMY__ 0.9371846418745564 neg 0.03250160904042814 off 0.03031374908501548	false	1.0
schmutz	neg 1.0		__DUMMY__ 0.9368383202757857 off 0.03421229056809833 neg 0.028949389156115845	false	0.5
inkonsistenz	neg 1.0		__DUMMY__ 0.9271433492168252 off 0.03668130916027007 neg 0.036175341622904776	false	0.5
erschreckend	neg 1.0		__DUMMY__ 0.931342310388889 neg 0.03579010686795198 off 0.032867582743159	false	1.0
ertrinken	neg 1.0		__DUMMY__ 0.9355163729652263 neg 0.033544029981030295 off 0.030939597053743398	false	1.0
pickelface	off 1.0		__DUMMY__ 0.9328411830778205 neg 0.03523033188686662 off 0.03192848503531291	false	0.5
seiner			__DUMMY__ 0.9349320111398723 neg 0.034850730885712874 off 0.030217257974414703	false	0.0
lauch	neg 1.0		__DUMMY__ 0.9338271428826892 neg 0.03814465848289151 off 0.028028198634419278	false	1.0
unwichtig	neg 1.0		__DUMMY__ 0.9293832361794838 off 0.037034919137824994 neg 0.03358184468269122	false	0.5
steuerhinterziehung	neg 1.0		__DUMMY__ 0.9302538209626716 neg 0.03733134046637757 off 0.03241483857095084	false	1.0
schock	neg 1.0		__DUMMY__ 0.9352972152432476 off 0.032735935131449616 neg 0.03196684962530276	false	0.5
beule	neg 1.0		__DUMMY__ 0.9315509569283414 off 0.03681674227897611 neg 0.031632300792682345	false	0.5
vergelten	neg 1.0		__DUMMY__ 0.9319520909005024 off 0.03953239355494596 neg 0.028515515544551628	false	0.5
verdorbenheit	neg 1.0		__DUMMY__ 0.9335109116726696 neg 0.033915945164561985 off 0.032573143162768416	false	1.0
trauma	neg 1.0		__DUMMY__ 0.9319232731411324 off 0.034176135978396874 neg 0.03390059088047063	false	0.5
sinnlos	neg 1.0		__DUMMY__ 0.9324516718669247 off 0.03521264083245977 neg 0.03233568730061561	false	0.5
fettsack	off 1.0	off 1.0	off 0.5076272077997794 __DUMMY__ 0.46357932983730843 neg 0.028793462362912223	false	1.0
feige	off 1.0	off 1.0	off 0.5043214630915733 __DUMMY__ 0.46459551123553966 neg 0.031083025672886865	false	1.0
abdanken	neg 1.0		__DUMMY__ 0.9305313121152822 neg 0.03623720479050641 off 0.03323148309421147	false	1.0
wichtigtuer	off 1.0	off 1.0	off 0.5022862195652412 __DUMMY__ 0.46613883559906977 neg 0.03157494483568892	false	1.0
misslingen	neg 1.0		__DUMMY__ 0.9375209216396538 off 0.03375600967746034 neg 0.02872306868288582	false	0.5
untreu	off 1.0		__DUMMY__ 0.928598868988769 off 0.03790442214561109 neg 0.033496708865619826	false	1.0
missmutig	neg 1.0		__DUMMY__ 0.9300758243561571 off 0.03691306021598426 neg 0.03301111542785858	false	0.5
hurenbock	off 1.0		__DUMMY__ 0.9335686868664677 off 0.03408778046222265 neg 0.03234353267130971	false	1.0
betrunken	neg 1.0		__DUMMY__ 0.9313480710441682 off 0.03860932850538401 neg 0.030042600450447723	false	0.5
korrupt	off 1.0		__DUMMY__ 0.928971006429204 neg 0.038942087800917305 off 0.03208690576987866	false	0.5
unmut	neg 1.0		__DUMMY__ 0.9342471854052088 neg 0.03754024852562264 off 0.028212566069168582	false	1.0
hackfresse	off 1.0		__DUMMY__ 0.9254665520438927 off 0.04292061642763558 neg 0.031612831528471705	false	1.0
aufblasen	neg 1.0		__DUMMY__ 0.9335511741162357 off 0.03424592031601964 neg 0.03220290556774474	false	0.5
gewaltsam	neg 1.0		__DUMMY__ 0.9332256067568241 neg 0.03394685732966063 off 0.03282753591351519	false	1.0
unbeliebtheit	neg 1.0		__DUMMY__ 0.9241063876384991 neg 0.03896237105682834 off 0.036931241304672555	false	1.0
sturheit	neg 1.0		__DUMMY__ 0.931200615878133 neg 0.03580155386681424 off 0.032997830255052776	false	1.0
kuh	neg 1.0		__DUMMY__ 0.9301421815123498 neg 0.036555016419573 off 0.03330280206807724	false	1.0
erschrecken	neg 1.0		__DUMMY__ 0.9313326311594485 off 0.03642654194558849 neg 0.03224082689496295	false	0.5
opfer	neg 1.0		__DUMMY__ 0.9347681290453785 neg 0.03409400819839136 off 0.0311378627562301	false	1.0
sinken	neg 1.0		__DUMMY__ 0.9348933991216452 neg 0.03668265179066482 off 0.028423949087690033	false	1.0
stinktier	neg 1.0		__DUMMY__ 0.926461453869662 off 0.04074535573545709 neg 0.03279319039488086	false	0.5
tucke	off 1.0		__DUMMY__ 0.9222542607022136 off 0.043184425220134236 neg 0.034561314077652096	false	1.0
ein			__DUMMY__ 0.9331301150333337 off 0.03368939253582112 neg 0.03318049243084521	false	0.0
abstieg	neg 1.0		__DUMMY__ 0.9363175626950145 neg 0.0332724139598515 off 0.030410023345133978	false	1.0
missverstehen	neg 1.0		__DUMMY__ 0.9299769496567428 off 0.03550524838435937 neg 0.034517801958897726	false	0.5
ergebnislos	neg 1.0		__DUMMY__ 0.9331982719899693 neg 0.03638413684650414 off 0.030417591163526485	false	1.0
unter			__DUMMY__ 0.9403430268085556 neg 0.035004718755262995 off 0.0246522544361814	false	0.0
manipulieren	neg 1.0		__DUMMY__ 0.9334038013803648 neg 0.03649295598147802 off 0.030103242638157165	false	1.0
unbewiesen	neg 1.0		__DUMMY__ 0.9260407568516904 neg 0.039924827558532 off 0.0340344155897777	false	1.0
verschleppen	neg 1.0		__DUMMY__ 0.933337271350814 neg 0.03499238514731214 off 0.03167034350187385	false	1.0
weib	off 1.0		__DUMMY__ 0.9253428541195826 off 0.04290319634349739 neg 0.03175394953692006	false	1.0
opposition	neg 1.0		__DUMMY__ 0.9295690809045197 neg 0.03589092092749682 off 0.03453999816798343	false	1.0
verkehrswidrig	neg 1.0	neg 1.0	neg 0.4925556481159663 __DUMMY__ 0.47186733391798374 off 0.03557701796605006	false	1.0
inkorrekt	neg 1.0		__DUMMY__ 0.9261411113686621 off 0.039034809158085555 neg 0.03482407947325247	false	0.5
vermeiden	neg 1.0		__DUMMY__ 0.9373331229294817 neg 0.03639284553405709 off 0.026274031536461243	false	1.0
abweichung	neg 1.0		__DUMMY__ 0.9327638484730701 neg 0.0365901834383986 off 0.0306459680885313	false	1.0
alkoholisiert	neg 1.0		__DUMMY__ 0.9397911861706626 neg 0.031058431049693414 off 0.029150382779644036	false	1.0
scheiss	off 1.0	off 1.0	off 0.5036658496740638 __DUMMY__ 0.46699735322766944 neg 0.029336797098266826	false	1.0
herausforderung	neg 1.0	neg 1.0	neg 0.49678817947677145 __DUMMY__ 0.47607336617485935 off 0.02713845434836927	false	1.0
pervers	off 1.0		__DUMMY__ 0.9242178207757669 off 0.045236699711251195 neg 0.030545479512982004	false	1.0
wackelig	neg 1.0		__DUMMY__ 0.9367794452478162 neg 0.03196326309277292 off 0.03125729165941085	false	1.0
verwickeln	neg 1.0		__DUMMY__ 0.9298090003655037 off 0.03547723752475023 neg 0.03471376210974602	false	0.5
vorwand	neg 1.0		__DUMMY__ 0.9343229047914461 neg 0.0362027702176012 off 0.02947432499095261	false	1.0
muschi	off 1.0		__DUMMY__ 0.9326784859354605 neg 0.03498239013254464 off 0.03233912393199478	false	0.5
entmutigung	neg 1.0		__DUMMY__ 0.9288692294881221 neg 0.03626943602797157 off 0.034861334483906346	false	1.0
unangemessen	neg 1.0		__DUMMY__ 0.9312664103385072 neg 0.03640975484136549 off 0.03232383482012727	false	1.0
unstetig	neg 1.0		__DUMMY__ 0.934087132540089 off 0.033714352088838835 neg 0.03219851537107219	false	0.5
entmutigen	neg 1.0		__DUMMY__ 0.9316863918210258 off 0.03448364603767998 neg 0.03382996214129423	false	0.5
schwanz	neg 1.0		__DUMMY__ 0.9347184174891484 neg 0.03549354882320304 off 0.02978803368764847	false	1.0
verbot	neg 1.0		__DUMMY__ 0.9308791348473552 neg 0.03729011060843823 off 0.03183075454420658	false	1.0
leid	neg 1.0		__DUMMY__ 0.9286229063241156 off 0.04112131817565779 neg 0.03025577550022653	false	0.5
archaisch	neg 1.0		__DUMMY__ 0.9331978753896879 neg 0.03479978031972743 off 0.03200234429058467	false	1.0
gegen			__DUMMY__ 0.9358226112411123 neg 0.035047984097798246 off 0.029129404661089355	false	0.0
scheidung	neg 1.0		__DUMMY__ 0.9242070071046995 off 0.04809599388829992 neg 0.027696999007000463	false	0.5
einschlag	neg 1.0	neg 1.0	neg 0.4973812681280398 __DUMMY__ 0.4668947125504251 off 0.035724019321535114	false	1.0
m			__DUMMY__ 0.9344285494551277 neg 0.0339212218574961 off 0.03165022868737624	false	0.0
abgestanden	neg 1.0		__DUMMY__ 0.933854453537497 off 0.03314403972010706 neg 0.03300150674239599	false	0.5
schmierig	off 1.0		__DUMMY__ 0.9286867138458578 off 0.040790923820558385 neg 0.030522362333583828	false	1.0
unpraktisch	neg 1.0		__DUMMY__ 0.9341146755883889 off 0.03376564162868882 neg 0.0321196827829223	false	0.5
wixxer	off 1.0		__DUMMY__ 0.9234818542781746 off 0.04508008656206687 neg 0.03143805915975858	false	1.0
bezeichnet			__DUMMY__ 0.9314908535757775 neg 0.03521535306105099 off 0.033293793363171495	false	0.0
jammerlappen	off 1.0		__DUMMY__ 0.9297035192745517 off 0.03714363262510858 neg 0.03315284810033969	false	1.0
farce	neg 1.0		__DUMMY__ 0.9296405836872103 neg 0.037999363433423826 off 0.032360052879365934	false	1.0
zwecklos	neg 1.0		__DUMMY__ 0.9315558144342403 neg 0.03619912534888662 off 0.032245060216873074	false	1.0
turbulent	neg 1.0		__DUMMY__ 0.929533566937352 off 0.03731088191087475 neg 0.03315555115177321	false	0.5
invasion	neg 1.0		__DUMMY__ 0.9320073345969309 off 0.03520442613588624 neg 0.03278823926718281	false	0.5
schuld	neg 1.0		__DUMMY__ 0.9313726351750165 neg 0.034367783696529645 off 0.03425958112845395	false	1.0
risiko	neg 1.0		__DUMMY__ 0.9342999651448813 off 0.03358887488501038 neg 0.03211115997010826	false	0.5
finster	neg 1.0		__DUMMY__ 0.933154309958424 off 0.03351557630959192 neg 0.03333011373198409	false	0.5
geisteskrank	off 1.0		__DUMMY__ 0.9277887593725431 off 0.038494940770577926 neg 0.033716299856878955	false	1.0
zusammenbrechen	neg 1.0		__DUMMY__ 0.9336558031722366 neg 0.033844638279614425 off 0.03249955854814898	false	1.0
ausbeute	neg 1.0		__DUMMY__ 0.9372156288285066 neg 0.03330567158056062 off 0.02947869959093283	false	1.0
hinterhalt	neg 1.0		__DUMMY__ 0.935452417222465 neg 0.03278830711036178 off 0.03175927566717323	false	1.0
kritik	neg 1.0		__DUMMY__ 0.9303280065110966 neg 0.037409773535961026 off 0.03226221995294239	false	1.0
einschrumpfen	neg 1.0		__DUMMY__ 0.9281900059689593 neg 0.03609986626255318 off 0.035710127768487455	false	1.0
riskant	neg 1.0		__DUMMY__ 0.9326691844544531 neg 0.03633491599295593 off 0.03099589955259091	false	1.0
frustrieren	neg 1.0		__DUMMY__ 0.9332112827168658 neg 0.03571983672750479 off 0.03106888055562949	false	1.0
groll	neg 1.0		__DUMMY__ 0.9330087376596914 neg 0.03496396624190201 off 0.03202729609840667	false	1.0
gibt			__DUMMY__ 0.9323382612222009 neg 0.035321917399390446 off 0.032339821378408726	false	0.0
qualvoll	neg 1.0		__DUMMY__ 0.9326047058264058 off 0.035776878949829505 neg 0.03161841522376475	false	0.5
wackeln	neg 1.0	neg 1.0	neg 0.49849763028789373 __DUMMY__ 0.4707513843157997 off 0.03075098539630646	false	1.0
klagen	neg 1.0		__DUMMY__ 0.9347198658804604 neg 0.036738646254153615 off 0.028541487865385993	false	1.0
bankrott	neg 1.0		__DUMMY__ 0.9311789777223697 off 0.03608542406049 neg 0.03273559821714034	false	0.5
trauern	neg 1.0		__DUMMY__ 0.9352317629053833 neg 0.033874841210279484 off 0.030893395884337177	false	1.0
ablehnung	neg 1.0		__DUMMY__ 0.9304231126756205 neg 0.037228316247620304 off 0.032348571076759154	false	1.0
stur	neg 1.0		__DUMMY__ 0.9304295580936744 neg 0.034880212896741265 off 0.03469022900958417	false	1.0
aufruhr	neg 1.0		__DUMMY__ 0.9330040721444729 neg 0.034147567198982376 off 0.03284836065654465	false	1.0
melancholie	neg 1.0		__DUMMY__ 0.9346434701544079 neg 0.03415388186890486 off 0.031202647976687356	false	1.0
ist			__DUMMY__ 0.9313207243383681 off 0.03478287316047444 neg 0.0338964025011574	false	0.0
torheit	neg 1.0		__DUMMY__ 0.9301569321683603 neg 0.03554842352766461 off 0.03429464430397508	false	1.0
dreckskind	off 1.0		__DUMMY__ 0.9253332831122874 off 0.04182648980147577 neg 0.03284022708623679	false	1.0
umtauschen	neg 1.0		__DUMMY__ 0.9329896725297602 neg 0.03443637812729069 off 0.03257394934294922	false	1.0
zum			__DUMMY__ 0.9409409247749229 neg 0.03280836130523306 off 0.026250713919844054	false	0.0
zersetzen	neg 1.0		__DUMMY__ 0.9323894068517187 neg 0.03761382889171737 off 0.02999676425656399	false	1.0
zur			__DUMMY__ 0.9381052723239905 neg 0.035792987334036915 off 0.026101740341972567	false	0.0
frust	neg 1.0		__DUMMY__ 0.9332425924006084 neg 0.03430644643345334 off 0.0324509611659384	false	1.0
unerbittlichkeit	neg 1.0		__DUMMY__ 0.9329193609455892 neg 0.03700363685686643 off 0.030077002197544327	false	1.0
zwei			__DUMMY__ 0.9387910591854159 neg 0.03334415613912745 off 0.027864784675456562	false	0.0
unkorrekt	neg 1.0		__DUMMY__ 0.92518915198172 off 0.03931215809435788 neg 0.0354986899239221	false	0.5
hexe	off 1.0		__DUMMY__ 0.9298112459504645 off 0.03723282909085867 neg 0.03295592495867692	false	1.0
lasch	neg 1.0		__DUMMY__ 0.9282488735523705 off 0.03638966818334082 neg 0.03536145826428866	false	0.5
rivale	neg 1.0		__DUMMY__ 0.9299277255869944 off 0.038899091750696675 neg 0.031173182662308917	false	0.5
mutlos	off 1.0	off 1.0	off 0.4983145088633142 __DUMMY__ 0.46728094619091287 neg 0.034404544945772976	false	1.0
wirr	off 1.0		__DUMMY__ 0.9253820451465626 off 0.03939398323550557 neg 0.03522397161793184	false	1.0
jahr			__DUMMY__ 0.9376930112451224 neg 0.03319117440427225 off 0.02911581435060543	false	0.0
wird			__DUMMY__ 0.9334684273673514 neg 0.03535299360501158 off 0.03117857902763701	false	0.0
strafbar	neg 1.0		__DUMMY__ 0.932240732865017 neg 0.03659734383087987 off 0.031161923304103153	false	1.0
erosion	neg 1.0		__DUMMY__ 0.9336781492940557 off 0.033714567407126465 neg 0.03260728329881787	false	0.5
eingehen	neg 1.0		__DUMMY__ 0.9311632572938572 neg 0.03703688532073943 off 0.03179985738540343	false	1.0
faul	off 1.0		__DUMMY__ 0.9320106955120623 off 0.036102206825473694 neg 0.03188709766246401	false	1.0
provisorium	neg 1.0		__DUMMY__ 0.9392812909195533 neg 0.03637274566751198 off 0.024345963412934723	false	1.0
schmerzen	neg 1.0		__DUMMY__ 0.9332181901497941 neg 0.03390706209434966 off 0.03287474775585615	false	1.0
schrumpfen	neg 1.0		__DUMMY__ 0.934763396223749 neg 0.03872562721170797 off 0.026510976564543015	false	1.0
geistlos	off 1.0		__DUMMY__ 0.9265552378721124 neg 0.03767145328248541 off 0.035773308845402196	false	0.5
fehlkauf	neg 1.0		__DUMMY__ 0.93132277171079 off 0.03473955110321569 neg 0.03393767718599431	false	0.5
frustrierend	neg 1.0		__DUMMY__ 0.9319175164045204 off 0.03638344126319102 neg 0.03169904233228871	false	0.5
unzufrieden	neg 1.0		__DUMMY__ 0.9312389713717554 neg 0.03658323028282816 off 0.03217779834541644	false	1.0
verzweifeln	neg 1.0		__DUMMY__ 0.9324359794374724 neg 0.03433017762558848 off 0.03323384293693909	false	1.0
verzweifelt	neg 1.0		__DUMMY__ 0.9310179088798607 off 0.034721521744791525 neg 0.03426056937534776	false	0.5
misstrauensantrag	neg 1.0		__DUMMY__ 0.9301823921507425 off 0.03497169785019988 neg 0.03484590999905757	false	0.5
abfallen	neg 1.0		__DUMMY__ 0.9342678251701491 off 0.03398744597999112 neg 0.03174472884985976	false	0.5
fucker	off 1.0		__DUMMY__ 0.9280159201553713 off 0.03883384432269921 neg 0.03315023552192955	false	1.0
ungezogen	neg 1.0		__DUMMY__ 0.9261929701356434 off 0.04390560062284988 neg 0.02990142924150678	false	0.5
irrsinnig	neg 1.0	neg 1.0	neg 0.5020107336515006 __DUMMY__ 0.46662322975221576 off 0.031366036596283516	false	1.0
unfassbar	neg 1.0		__DUMMY__ 0.9289508232553251 off 0.03762505329980065 neg 0.03342412344487432	false	0.5
hart	neg 1.0		__DUMMY__ 0.9311990216720161 off 0.03572627729269185 neg 0.033074701035292024	false	0.5
widerlich	off 1.0		__DUMMY__ 0.9278236185977707 off 0.038352587657550494 neg 0.03382379374467874	false	1.0
fatal	neg 1.0		__DUMMY__ 0.9311057715845256 off 0.035017153221594044 neg 0.03387707519388042	false	0.5
bruch	neg 1.0		__DUMMY__ 0.933713148322015 neg 0.03754141120576483 off 0.028745440472220184	false	1.0
aushungern	neg 1.0		__DUMMY__ 0.9303426428744256 neg 0.0365407867467564 off 0.033116570378818086	false	1.0
anspannung	neg 1.0	neg 1.0	neg 0.4989393202858074 __DUMMY__ 0.4768147171715231 off 0.02424596254266949	false	1.0
von			__DUMMY__ 0.9375416794118933 neg 0.033788998897092734 off 0.028669321691014035	false	0.0
kraftlos	neg 1.0		__DUMMY__ 0.9356962114309991 neg 0.032498261695183106 off 0.03180552687381782	false	1.0
vom			__DUMMY__ 0.940636907910655 neg 0.03468006494109839 off 0.024683027148246495	false	0.0
grenzdebil	off 1.0		__DUMMY__ 0.9293172744527647 off 0.038282245500931816 neg 0.032400480046303505	false	1.0
vor			__DUMMY__ 0.9354917377609366 neg 0.035124371908789996 off 0.029383890330273343	false	0.0
unterwerfen	neg 1.0		__DUMMY__ 0.9335437903809204 neg 0.03555563819096286 off 0.030900571428116745	false	1.0
versenkung	neg 1.0		__DUMMY__ 0.9332382602856666 neg 0.03595089771799192 off 0.030810841996341525	false	1.0
entziehen	neg 1.0		__DUMMY__ 0.9343493692055405 neg 0.036657040506806064 off 0.02899359028765341	false	1.0
finanzkrise	neg 1.0		__DUMMY__ 0.9300387278659078 neg 0.037156582354981295 off 0.032804689779110864	false	1.0
schimpfend	neg 1.0		__DUMMY__ 0.9345693196760951 off 0.03366013147403305 neg 0.031770548849871794	false	0.5
profan	neg 1.0		__DUMMY__ 0.9308353262995628 off 0.03554845482273594 neg 0.03361621887770132	false	0.5
korruption	neg 1.0	neg 1.0	neg 0.5041264843515553 __DUMMY__ 0.46701631912989217 off 0.028857196518552567	false	1.0
â			__DUMMY__ 0.934547061148415 neg 0.034592443470450304 off 0.030860495381134768	false	0.0
schmutzig	neg 1.0		__DUMMY__ 0.9307225806644933 off 0.037824476923543696 neg 0.03145294241196298	false	0.5
sexy	neg 1.0		__DUMMY__ 0.9310524485939284 off 0.03603033939776117 neg 0.032917212008310326	false	0.5
abraten	neg 1.0		__DUMMY__ 0.931700590010627 off 0.034738750614063445 neg 0.03356065937530961	false	0.5
schwarz	neg 1.0		__DUMMY__ 0.930911823995534 neg 0.03454610632924094 off 0.03454206967522521	false	1.0
fotze	off 1.0		__DUMMY__ 0.9334962755357382 neg 0.03579199639772701 off 0.030711728066534806	false	0.5
verwirren	neg 1.0		__DUMMY__ 0.9308489753190682 off 0.03577974348867701 neg 0.033371281192254784	false	0.5
zahnlos	off 1.0		__DUMMY__ 0.9314429558231226 neg 0.03635378458960956 off 0.0322032595872678	false	0.5
verheeren	neg 1.0		__DUMMY__ 0.9276920745080854 off 0.044873898536597956 neg 0.02743402695531658	false	0.5
hippie	neg 1.0		__DUMMY__ 0.9307791668559866 off 0.03574605909531177 neg 0.033474774048701715	false	0.5
rammen	neg 1.0		__DUMMY__ 0.9316682320900711 neg 0.034815328419692745 off 0.033516439490236076	false	1.0
unlauter	neg 1.0		__DUMMY__ 0.9269312394239018 neg 0.03909219060230581 off 0.03397656997379237	false	1.0
unheilvoll	neg 1.0		__DUMMY__ 0.934341995408652 off 0.03479418985536425 neg 0.03086381473598368	false	0.5
niedrig	neg 1.0		__DUMMY__ 0.9351255172025696 neg 0.034999500704939936 off 0.029874982092490475	false	1.0
explosion	neg 1.0		__DUMMY__ 0.930380520080106 off 0.03522387294587961 neg 0.034395606974014455	false	0.5
weichei	off 1.0		__DUMMY__ 0.9265361274632491 off 0.0417488763817168 neg 0.03171499615503406	false	1.0
minusmensch	off 1.0		__DUMMY__ 0.9213714349405547 off 0.04511659789512019 neg 0.03351196716432506	false	1.0
farblos	neg 1.0		__DUMMY__ 0.9383585392128593 off 0.03203596319653591 neg 0.029605497590604803	false	0.5
unwissend	neg 1.0	neg 1.0	neg 0.5009800138885223 __DUMMY__ 0.46493469817667676 off 0.03408528793480087	false	1.0
traurig	neg 1.0		__DUMMY__ 0.9290981143107302 off 0.039660335025444346 neg 0.031241550663825474	false	0.5
senkung	neg 1.0		__DUMMY__ 0.9284070870018815 neg 0.03621724839196245 off 0.03537566460615611	false	1.0
ungleich	neg 1.0	neg 1.0	neg 0.5047306016230532 __DUMMY__ 0.46731281027004795 off 0.027956588106898918	false	1.0
heikel	neg 1.0		__DUMMY__ 0.9326536570128184 neg 0.037270484625868815 off 0.030075858361312807	false	1.0
drosselung	neg 1.0		__DUMMY__ 0.9306593096050363 off 0.03773637174285017 neg 0.03160431865211358	false	0.5
falsch	neg 1.0		__DUMMY__ 0.9308133189996459 off 0.03652341717396233 neg 0.032663263826391856	false	0.5
unzufriedenheit	neg 1.0		__DUMMY__ 0.9333065428477721 neg 0.03693867711844304 off 0.029754780033784775	false	1.0
kurz	neg 1.0		__DUMMY__ 0.9347292832000682 neg 0.03324613627842817 off 0.032024580521503636	false	1.0
unsinnig	neg 1.0		__DUMMY__ 0.9303478437095033 neg 0.0371272736319709 off 0.032524882658525815	false	1.0
penner	off 1.0	off 1.0	off 0.5095067772733411 __DUMMY__ 0.4622033554264723 neg 0.028289867300186594	false	1.0
seicht	neg 1.0		__DUMMY__ 0.9233149568133158 off 0.04419197654381867 neg 0.03249306664286551	false	0.5
dummheit	off 1.0	off 1.0	off 0.502510023132898 __DUMMY__ 0.46567262669633913 neg 0.03181735017076284	false	1.0
unerfreulich	neg 1.0		__DUMMY__ 0.9345344494278472 neg 0.036243659709591564 off 0.029221890862561186	false	1.0
motherfucker	off 1.0	off 1.0	off 0.505441061867009 __DUMMY__ 0.463908173406421 neg 0.030650764726569947	false	1.0
pikiert	neg 1.0		__DUMMY__ 0.9280220424208415 off 0.037564626338717884 neg 0.0344133312404405	false	0.5
wrack	neg 1.0		__DUMMY__ 0.93763649395815 neg 0.0323006670158168 off 0.030062839026033183	false	1.0
gangster	neg 1.0		__DUMMY__ 0.9314325651111125 off 0.03537861870359315 neg 0.033188816185294304	false	0.5
krank	neg 1.0		__DUMMY__ 0.930786248234285 off 0.038203956954367145 neg 0.031009794811347854	false	0.5
reich	neg 1.0		__DUMMY__ 0.9293503726634659 off 0.0365194629627698 neg 0.034130164373764246	false	0.5
gnadenlos	neg 1.0		__DUMMY__ 0.9318373966826157 off 0.03428242531636082 neg 0.033880178001023505	false	0.5
niedergeschlagen	neg 1.0		__DUMMY__ 0.934968138279642 neg 0.03262573864826682 off 0.032406123072091265	false	1.0
terrorisieren	off 1.0	off 1.0	off 0.49851368141056035 __DUMMY__ 0.4699618102055784 neg 0.031524508383861206	false	1.0
sinnlosigkeit	neg 1.0		__DUMMY__ 0.9319132992624404 neg 0.03587654096674546 off 0.032210159770814255	false	1.0
behindern	neg 1.0		__DUMMY__ 0.9313774095220114 neg 0.03587299834311042 off 0.03274959213487806	false	1.0
undemokratisch	neg 1.0		__DUMMY__ 0.9289632682683016 neg 0.03658995605837372 off 0.034446775673324735	false	1.0
wirtschaftskrise	neg 1.0		__DUMMY__ 0.9316948037092377 neg 0.03708400574506661 off 0.031221190545695634	false	1.0
neid	neg 1.0		__DUMMY__ 0.9330815043722157 off 0.03672808756203505 neg 0.030190408065749193	false	0.5
rutschen	neg 1.0	neg 1.0	neg 0.49947500877626544 __DUMMY__ 0.475251118803188 off 0.02527387242054651	false	1.0
rezession	neg 1.0		__DUMMY__ 0.9260712009230813 off 0.04053727999687468 neg 0.033391519080044	false	0.5
fehlgeburt	neg 1.0		__DUMMY__ 0.9343039230979332 off 0.03470821702037042 neg 0.03098785988169646	false	0.5
charakterschwach	off 1.0		__DUMMY__ 0.9294231471420384 off 0.03817801213978506 neg 0.03239884071817652	false	1.0
isolation	neg 1.0		__DUMMY__ 0.9315542598219391 off 0.0362422038176964 neg 0.03220353636036451	false	0.5
ablenkung	neg 1.0		__DUMMY__ 0.932576322186259 neg 0.033744207794730134 off 0.033679470019010865	false	1.0
pech	neg 1.0		__DUMMY__ 0.931440664822344 off 0.0358087071363249 neg 0.03275062804133119	false	0.5
vermeidung	neg 1.0		__DUMMY__ 0.9276729785799829 off 0.03805978121440838 neg 0.0342672402056087	false	0.5
dominieren	neg 1.0		__DUMMY__ 0.9359356178892543 neg 0.033171663273994234 off 0.030892718836751567	false	1.0
schwindlig	neg 1.0		__DUMMY__ 0.9352597566903077 off 0.0346929185077322 neg 0.030047324801960082	false	0.5
lutscher	neg 1.0		__DUMMY__ 0.9234811220817325 off 0.04444712245730597 neg 0.032071755460961554	false	0.5
pflicht	neg 1.0		__DUMMY__ 0.9326665151720527 neg 0.03718395934587169 off 0.030149525482075674	false	1.0
faschist	off 1.0		__DUMMY__ 0.9281827283697068 off 0.03602274710937795 neg 0.03579452452091529	false	1.0
verschleudern	neg 1.0		__DUMMY__ 0.9287154365030504 neg 0.04058178222624354 off 0.030702781270705953	false	1.0
wenn			__DUMMY__ 0.9304489863914518 off 0.03672395466453895 neg 0.03282705894400924	false	0.0
ehebruch	neg 1.0		__DUMMY__ 0.9329201209511004 neg 0.03567496387351978 off 0.031404915175379744	false	1.0
spott	off 1.0		__DUMMY__ 0.9316891075596991 neg 0.03724649480262349 off 0.031064397637677356	false	0.5
trostlosigkeit	neg 1.0		__DUMMY__ 0.9355985548936645 neg 0.035333755504818334 off 0.0290676896015171	false	1.0
lutschen	neg 1.0		__DUMMY__ 0.9299672868448583 off 0.035308285977484935 neg 0.03472442717765679	false	0.5
undiszipliniert	neg 1.0		__DUMMY__ 0.9300461282088488 off 0.03897556812818863 neg 0.030978303662962527	false	0.5
kopfschmerz	neg 1.0		__DUMMY__ 0.9350082711146034 neg 0.03314741305135772 off 0.03184431583403894	false	1.0
unvorhergesehen	neg 1.0		__DUMMY__ 0.9374394500094198 neg 0.03236375660202655 off 0.030196793388553692	false	1.0
desinteressiert	neg 1.0		__DUMMY__ 0.9282798440473806 off 0.03900510451993544 neg 0.03271505143268396	false	0.5
armselig	off 1.0		__DUMMY__ 0.9260491671213161 off 0.039877827884065256 neg 0.03407300499461857	false	1.0
desaster	neg 1.0		__DUMMY__ 0.9338319093093242 neg 0.03778480775024434 off 0.028383282940431347	false	1.0
tod	neg 1.0		__DUMMY__ 0.9374455237864663 neg 0.03174194571954518 off 0.030812530493988462	false	1.0
herzlos	neg 1.0		__DUMMY__ 0.9275205106625972 off 0.04008980114740387 neg 0.03238968818999902	false	0.5
unwissenheit	neg 1.0		__DUMMY__ 0.9300527792437134 neg 0.03783626263399981 off 0.032110958122286794	false	1.0
widersinnig	neg 1.0	neg 1.0	neg 0.5054454599475968 __DUMMY__ 0.46488325888565996 off 0.02967128116674325	false	1.0
bedenklich	neg 1.0		__DUMMY__ 0.9319044631282805 neg 0.036929028326604656 off 0.031166508545114928	false	1.0
beanstanden	neg 1.0		__DUMMY__ 0.9336261631140642 neg 0.03675650672205411 off 0.029617330163881694	false	1.0
panisch	neg 1.0	neg 1.0	neg 0.49674319125408517 __DUMMY__ 0.4712917909246171 off 0.03196501782129781	false	1.0
debil	off 1.0		__DUMMY__ 0.9372625381564059 neg 0.03718760331752103 off 0.025549858526073062	false	0.5
abstrich	neg 1.0		__DUMMY__ 0.9333461885521195 neg 0.036442523506995374 off 0.030211287940885165	false	1.0
primitiv	neg 1.0		__DUMMY__ 0.9279729829897804 off 0.03869347151827853 neg 0.03333354549194108	false	0.5
abschaum	off 1.0	off 1.0	off 0.5040009114861155 __DUMMY__ 0.46538046832072105 neg 0.030618620193163422	false	1.0
provozieren	neg 1.0		__DUMMY__ 0.9309110182385228 neg 0.03492916144200581 off 0.034159820319471325	false	1.0
tot	neg 1.0		__DUMMY__ 0.9335001834361437 neg 0.03631085848938254 off 0.030188958074473783	false	1.0
instabil	neg 1.0		__DUMMY__ 0.9259922488333399 off 0.038519520634748304 neg 0.03548823053191182	false	0.5
schwuchtel	off 1.0		__DUMMY__ 0.9210975292402217 off 0.0481039857133895 neg 0.0307984850463888	false	1.0
zerren	neg 1.0		__DUMMY__ 0.9347694839436903 off 0.03262369612025327 neg 0.03260681993605645	false	0.5
kinderficker	off 1.0		__DUMMY__ 0.9243375850956095 off 0.04175277731459891 neg 0.0339096375897916	false	1.0
gefahr	neg 1.0		__DUMMY__ 0.9342942973085018 neg 0.03584758065703443 off 0.02985812203446371	false	1.0
rabiat	neg 1.0		__DUMMY__ 0.9308844092339369 neg 0.03543479813186638 off 0.03368079263419673	false	1.0
verlangsamung	neg 1.0		__DUMMY__ 0.9262978519247564 off 0.04301875225879419 neg 0.030683395816449327	false	0.5
ausgestorben	neg 1.0		__DUMMY__ 0.9339366415045468 off 0.03306629108429565 neg 0.03299706741115759	false	0.5
anklagen	neg 1.0		__DUMMY__ 0.9318665575520025 neg 0.03567613189888744 off 0.03245731054911003	false	1.0
trott	neg 1.0		__DUMMY__ 0.9331596954756642 neg 0.03393815560333611 off 0.03290214892099968	false	1.0
verminderung	neg 1.0		__DUMMY__ 0.9281303416626098 off 0.03859594503748516 neg 0.0332737132999051	false	0.5
nach			__DUMMY__ 0.9415741762747968 neg 0.031801171206665396 off 0.02662465251853783	false	0.0
rost	neg 1.0		__DUMMY__ 0.928156064945073 off 0.041798025614273183 neg 0.03004590944065391	false	0.5
destruktiv	neg 1.0		__DUMMY__ 0.9296328124720155 neg 0.036942686891474896 off 0.03342450063650965	false	1.0
unzumutbarkeit	neg 1.0		__DUMMY__ 0.9316258739964218 off 0.03675078457175827 neg 0.03162334143181987	false	0.5
labil	off 1.0	off 1.0	off 0.5039740448523229 __DUMMY__ 0.4652893879322446 neg 0.030736567215432456	false	1.0
ziemlich	neg 1.0		__DUMMY__ 0.9304782940630859 off 0.03784196561668556 neg 0.031679740320228564	false	0.5
lachnummer	off 1.0		__DUMMY__ 0.9306419128229646 neg 0.03565996702454069 off 0.0336981201524947	false	0.5
oder			__DUMMY__ 0.9336305790487903 off 0.033439846441142326 neg 0.03292957451006734	false	0.0
verfall	neg 1.0		__DUMMY__ 0.9355834547091041 neg 0.037920849755311785 off 0.026495695535584056	false	1.0
ausgrenzung	neg 1.0		__DUMMY__ 0.929478607415723 neg 0.03556321318675494 off 0.03495817939752214	false	1.0
unordnung	neg 1.0		__DUMMY__ 0.9323131661234015 off 0.03728261614126613 neg 0.030404217735332334	false	0.5
fehlverhalten	neg 1.0		__DUMMY__ 0.9329210444809484 neg 0.03669647467028613 off 0.030382480848765478	false	1.0
eine			__DUMMY__ 0.934156799954441 neg 0.03627741633666157 off 0.02956578370889736	false	0.0
nille	neg 1.0		__DUMMY__ 0.9327108244261166 neg 0.034537539102790386 off 0.03275163647109295	false	1.0
qual	neg 1.0		__DUMMY__ 0.9330137254995222 neg 0.03418046275943854 off 0.032805811741039165	false	1.0
verschwenden	neg 1.0		__DUMMY__ 0.9320903778840557 neg 0.036546130845080176 off 0.03136349127086408	false	1.0
riesig	neg 1.0	neg 1.0	neg 0.4992556455072203 __DUMMY__ 0.4727556892074098 off 0.027988665285369845	false	1.0
verurteilen	neg 1.0		__DUMMY__ 0.9320481124456311 neg 0.03576444104587827 off 0.03218744650849065	false	1.0
klischee	neg 1.0	neg 1.0	neg 0.5019956852920462 __DUMMY__ 0.4648627771916038 off 0.03314153751635001	false	1.0
diktatorisch	neg 1.0		__DUMMY__ 0.9280470904259439 neg 0.03701460766236257 off 0.03493830191169344	false	1.0
vorhersehbar	neg 1.0	neg 1.0	neg 0.5015717552320568 __DUMMY__ 0.4657001179406824 off 0.0327281268272608	false	1.0
sowie			__DUMMY__ 0.9266235587404479 off 0.04156106034386458 neg 0.0318153809156875	false	0.0
stornieren	neg 1.0		__DUMMY__ 0.9373486396688795 off 0.03372746916141164 neg 0.02892389116970883	false	0.5
besteuerung	neg 1.0		__DUMMY__ 0.928504836460423 neg 0.03770695042889246 off 0.033788213110684556	false	1.0
ungeschminkt	neg 1.0		__DUMMY__ 0.9283080899180648 off 0.037699270862933676 neg 0.03399263921900151	false	0.5
kritisch	neg 1.0		__DUMMY__ 0.932036952169132 neg 0.03684976460834339 off 0.031113283222524567	false	1.0
schlamperei	off 1.0		__DUMMY__ 0.9320689350959915 neg 0.037590348127731196 off 0.030340716776277272	false	0.5
sucht	neg 1.0	neg 1.0	neg 0.49903951023162546 __DUMMY__ 0.47102809888158237 off 0.029932390886792164	false	1.0
egoistisch	off 1.0		__DUMMY__ 0.9272345616623258 off 0.041884301683246965 neg 0.030881136654427287	false	1.0
ausbeuter	off 1.0		__DUMMY__ 0.9317335280342227 neg 0.03797367475759963 off 0.030292797208177676	false	0.5
arschgeburt	off 1.0		__DUMMY__ 0.9202307767312885 off 0.04840965460125061 neg 0.031359568667460966	false	1.0
schubs	neg 1.0	neg 1.0	neg 0.4998692129021446 __DUMMY__ 0.4717135159650562 off 0.028417271132799193	false	1.0
unsolide	neg 1.0		__DUMMY__ 0.9248555718839648 neg 0.03989266811291781 off 0.03525176000311734	false	1.0
beschwerde	neg 1.0		__DUMMY__ 0.9319918356900154 neg 0.03761804841307762 off 0.030390115896906936	false	1.0
stocken	neg 1.0		__DUMMY__ 0.93313998908503 neg 0.03605611882932728 off 0.030803892085642704	false	1.0
isolieren	neg 1.0		__DUMMY__ 0.9317324409344614 neg 0.03663259593471885 off 0.03163496313081986	false	1.0
unheilbar	neg 1.0		__DUMMY__ 0.9343899895630725 off 0.03399672674745102 neg 0.03161328368947642	false	0.5
pisser	off 1.0		__DUMMY__ 0.9293541327762411 off 0.03882452786879775 neg 0.031821339354961016	false	1.0
löschen	neg 1.0		__DUMMY__ 0.9323443338712861 neg 0.03430852327881726 off 0.03334714284989656	false	1.0
durchfallen	neg 1.0		__DUMMY__ 0.9305240796532427 neg 0.037455566714692114 off 0.03202035363206514	false	1.0
wichser	off 1.0		__DUMMY__ 0.9248707390001041 off 0.045406156509187556 neg 0.02972310449070841	false	1.0
terror	neg 1.0		__DUMMY__ 0.9329627272303747 off 0.035190993766160625 neg 0.031846279003464685	false	0.5
krass	neg 1.0		__DUMMY__ 0.9275782356244686 off 0.04009435671583216 neg 0.032327407659699194	false	0.5
revolte	neg 1.0		__DUMMY__ 0.9290671097076535 neg 0.03560002411268346 off 0.0353328661796631	false	1.0
besorgt	neg 1.0		__DUMMY__ 0.9359055001018564 neg 0.03220142330578148 off 0.03189307659236206	false	1.0
nachlassen	neg 1.0		__DUMMY__ 0.9341569903182008 neg 0.03564598907617631 off 0.030197020605622866	false	1.0
alt	neg 1.0		__DUMMY__ 0.9340680492204054 neg 0.035408647861213866 off 0.03052330291838065	false	1.0
hundesohn	off 1.0		__DUMMY__ 0.9234334403125134 off 0.04468990939546055 neg 0.031876650292026056	false	1.0
als			__DUMMY__ 0.9346537686354001 neg 0.033238607654564475 off 0.03210762371003549	false	0.0
abschreckung	neg 1.0		__DUMMY__ 0.9345432077820958 neg 0.036198454774045964 off 0.02925833744385834	false	1.0
unqualifiziert	neg 1.0		__DUMMY__ 0.9268958412885111 neg 0.03682150416098898 off 0.03628265455049989	false	1.0
abgewichst	off 1.0		__DUMMY__ 0.9334998893838613 neg 0.03436732905013864 off 0.032132781566000114	false	0.5
schwer	neg 1.0		__DUMMY__ 0.932477514228115 neg 0.034046805252850934 off 0.033475680519034184	false	1.0
bedeutungslosigkeit	neg 1.0		__DUMMY__ 0.9333070738366449 neg 0.03676692436916761 off 0.02992600179418744	false	1.0
kapitulation	neg 1.0		__DUMMY__ 0.9308701440214288 neg 0.03808380900072639 off 0.0310460469778448	false	1.0
unscharf	neg 1.0		__DUMMY__ 0.9312189913400009 off 0.034626683739569085 neg 0.034154324920430044	false	0.5
schwinden	neg 1.0		__DUMMY__ 0.9334227048649175 neg 0.03684727105584039 off 0.02973002407924213	false	1.0
versklavung	neg 1.0		__DUMMY__ 0.9282656165077233 neg 0.037191248720623384 off 0.03454313477165336	false	1.0
schlecht	neg 1.0		__DUMMY__ 0.9307230103388319 off 0.03798830126597093 neg 0.03128868839519717	false	0.5
verhasst	neg 1.0		__DUMMY__ 0.931059539546878 neg 0.03449839606271221 off 0.03444206439040969	false	1.0
beschweren	neg 1.0		__DUMMY__ 0.9312496841932567 off 0.03495040512190912 neg 0.03379991068483414	false	0.5
scheiden	neg 1.0		__DUMMY__ 0.9372178164488608 off 0.033202525203171435 neg 0.02957965834796777	false	0.5
frustriert	neg 1.0		__DUMMY__ 0.9327806951646976 neg 0.034468572232740496 off 0.03275073260256184	false	1.0
schimmelig	neg 1.0		__DUMMY__ 0.9349563679698771 neg 0.03520532686406432 off 0.029838305166058524	false	1.0
fisch	neg 1.0		__DUMMY__ 0.9394110231605329 neg 0.03178551121936129 off 0.02880346562010571	false	1.0
schmuggel	neg 1.0		__DUMMY__ 0.9379463847542575 neg 0.03241506248158758 off 0.029638552764154922	false	1.0
auffallen	neg 1.0		__DUMMY__ 0.9312625950125255 off 0.035382950227885304 neg 0.03335445475958916	false	0.5
konkurrenz	neg 1.0	neg 1.0	neg 0.5034356361389432 __DUMMY__ 0.4700671103883135 off 0.0264972534727433	false	1.0
teufelskreis	neg 1.0		__DUMMY__ 0.9318915145665645 neg 0.0349090267097015 off 0.033199458723733984	false	1.0
aufschreien	neg 1.0		__DUMMY__ 0.9302819808936698 off 0.03535976961741456 neg 0.03435824948891572	false	0.5
schuldner	neg 1.0		__DUMMY__ 0.9343270795937942 neg 0.035773612541290294 off 0.029899307864915493	false	1.0
missgeburt	off 1.0	off 1.0	off 0.5078248005578205 __DUMMY__ 0.46344018460051517 neg 0.02873501484166431	false	1.0
arbeitslos	neg 1.0		__DUMMY__ 0.9305880324964682 neg 0.037138466839888334 off 0.032273500663643456	false	1.0
befallen	neg 1.0		__DUMMY__ 0.9326391314130962 neg 0.03498212376181381 off 0.03237874482509	false	1.0
miesepetrig	off 1.0	off 1.0	off 0.5041895956934503 __DUMMY__ 0.466915390789358 neg 0.0288950135171916	false	1.0
alarmieren	neg 1.0		__DUMMY__ 0.9284111046525262 off 0.037149848040200335 neg 0.03443904730727356	false	0.5
ungeduscht	off 1.0		__DUMMY__ 0.9318965007815939 off 0.03550361512892909 neg 0.032599884089477074	false	1.0
knappheit	neg 1.0		__DUMMY__ 0.9308735216557729 neg 0.038278577868117954 off 0.030847900476109226	false	1.0
schlange	neg 1.0		__DUMMY__ 0.934198554392616 off 0.03463992783905024 neg 0.03116151776833378	false	0.5
harsch	neg 1.0		__DUMMY__ 0.9293363278691653 off 0.04078760126371129 neg 0.029876070867123437	false	0.5
lang	neg 1.0		__DUMMY__ 0.9326368840261253 neg 0.03370005282392543 off 0.033663063149949296	false	1.0
ziellos	neg 1.0		__DUMMY__ 0.9345695902585323 neg 0.033766642897959796 off 0.03166376684350786	false	1.0
selbstverliebt	neg 1.0		__DUMMY__ 0.9216235449016652 off 0.04625032509042976 neg 0.032126130007905096	false	0.5
beseitigen	neg 1.0	neg 1.0	neg 0.4989100005292675 __DUMMY__ 0.4713713378718364 off 0.029718661598896027	false	1.0
dumm	off 1.0		__DUMMY__ 0.9257264730546723 off 0.04257684611013733 neg 0.03169668083519038	false	1.0
arbeitsloser	neg 1.0		__DUMMY__ 0.9331057812965888 neg 0.03522642495843824 off 0.031667793744972965	false	1.0
blitzen	neg 1.0		__DUMMY__ 0.9311267628331079 off 0.03585318049791364 neg 0.03302005666897839	false	0.5
hilflos	neg 1.0		__DUMMY__ 0.9331791279454476 neg 0.034504906019013654 off 0.032315966035538775	false	1.0
eklig	off 1.0		__DUMMY__ 0.9256750351781723 off 0.042951179497176216 neg 0.03137378532465138	false	1.0
begriff			__DUMMY__ 0.9312333918760466 neg 0.036021374213440815 off 0.032745233910512664	false	0.0
hungersnot	neg 1.0		__DUMMY__ 0.934190292287294 neg 0.03353969762905371 off 0.03227001008365231	false	1.0
ungesetzlich	neg 1.0		__DUMMY__ 0.9247597778244068 neg 0.03956611222963306 off 0.035674109945960215	false	1.0
verschwendung	neg 1.0		__DUMMY__ 0.9334182605210882 neg 0.036058175876444866 off 0.030523563602466934	false	1.0
schmerzvoll	neg 1.0		__DUMMY__ 0.9318259874832916 off 0.03483468616481821 neg 0.03333932635189017	false	0.5
vorzeitig	neg 1.0		__DUMMY__ 0.9329674136031156 off 0.03568156364525331 neg 0.03135102275163106	false	0.5
unvollkommenheit	neg 1.0		__DUMMY__ 0.9385758779489948 off 0.03140018523600194 neg 0.03002393681500328	false	0.5
intervenieren	neg 1.0		__DUMMY__ 0.9316024973394689 neg 0.0378756155690859 off 0.030521887091445318	false	1.0
banause	off 1.0		__DUMMY__ 0.923045457821956 off 0.044528782031287184 neg 0.03242576014675684	false	1.0
rebell	neg 1.0		__DUMMY__ 0.9362554379677247 neg 0.036152807469774645 off 0.02759175456250058	false	1.0
unlogisch	neg 1.0		__DUMMY__ 0.9280607384304624 off 0.039829474312919375 neg 0.03210978725661814	false	0.5
leiden	neg 1.0		__DUMMY__ 0.9396159075957139 neg 0.030898246772769627 off 0.02948584563151649	false	1.0
abschaffung	neg 1.0		__DUMMY__ 0.9291160873958305 neg 0.036923144664952265 off 0.033960767939217255	false	1.0
sturz	neg 1.0		__DUMMY__ 0.9332312656303049 neg 0.03339018995842281 off 0.03337854441127235	false	1.0
verkleinerung	neg 1.0		__DUMMY__ 0.9269327729701928 neg 0.03719664315524161 off 0.03587058387456551	false	1.0
schmarotzer	off 1.0		__DUMMY__ 0.9305231859998565 neg 0.03728930704861331 off 0.03218750695153017	false	0.5
bestrafung	neg 1.0		__DUMMY__ 0.9312314477626135 off 0.03469017520362952 neg 0.034078377033757025	false	0.5
achtlos	neg 1.0		__DUMMY__ 0.9335571350958458 off 0.03332808437653854 neg 0.033114780527615566	false	0.5
