unsolidarisch	neg 1.0		__DUMMY__ 0.47317852542400474 neg 0.27191494164994046 off 0.2549065329260548	false	1.0
nachteilig	neg 1.0		__DUMMY__ 0.4779495189764406 neg 0.27027174009565796 off 0.2517787409279016	false	1.0
skeptisch	neg 1.0		__DUMMY__ 0.47873869984564416 neg 0.27007341560849857 off 0.2511878845458573	false	1.0
schrecklich	neg 1.0		__DUMMY__ 0.474260640134487 off 0.2677182235197444 neg 0.2580211363457685	false	0.5
schlapp	neg 1.0		__DUMMY__ 0.4765945778001654 off 0.26291725726593557 neg 0.26048816493389904	false	0.5
abfall	neg 1.0		__DUMMY__ 0.4800485483624095 neg 0.27158327176453906 off 0.2483681798730514	false	1.0
widerspenstig	neg 1.0		__DUMMY__ 0.47825158605567775 neg 0.26448988756367164 off 0.2572585263806505	false	1.0
abrupt	neg 1.0		__DUMMY__ 0.4810751463321357 neg 0.2662491908730765 off 0.25267566279478787	false	1.0
unwirksam	neg 1.0		__DUMMY__ 0.4743325540208422 neg 0.27030668949353914 off 0.2553607564856187	false	1.0
angreifen	neg 1.0	neg 1.0	neg 0.6233730730593009 __DUMMY__ 0.23379507256165313 off 0.14283185437904608	false	1.0
inkonsistent	neg 1.0		__DUMMY__ 0.4781339177885577 neg 0.2636575041799093 off 0.258208578031533	false	1.0
abrutschen	neg 1.0		__DUMMY__ 0.480003635645125 neg 0.2712038874529248 off 0.2487924769019503	false	1.0
unsicher	neg 1.0		__DUMMY__ 0.47833911866713985 neg 0.2643075737858263 off 0.25735330754703367	false	1.0
bauernkind	off 1.0	off 1.0	off 0.6211553982508602 __DUMMY__ 0.22952673240296778 neg 0.14931786934617197	false	1.0
angreifer	neg 1.0		__DUMMY__ 0.4782159760074441 neg 0.26304949660557625 off 0.2587345273869798	false	1.0
trennen	neg 1.0		__DUMMY__ 0.48210719298067345 neg 0.2643516494448586 off 0.25354115757446793	false	1.0
schmutz	neg 1.0		__DUMMY__ 0.48123514708683773 off 0.2603548048089805 neg 0.2584100481041817	false	0.5
inkonsistenz	neg 1.0		__DUMMY__ 0.47318902320790424 neg 0.26642830912763493 off 0.2603826676644609	false	1.0
erschreckend	neg 1.0		__DUMMY__ 0.4770673358200158 neg 0.26751851351002703 off 0.25541415066995715	false	1.0
ertrinken	neg 1.0		__DUMMY__ 0.48071034204317675 neg 0.26540870061642713 off 0.2538809573403962	false	1.0
pickelface	off 1.0		__DUMMY__ 0.4780943691184515 neg 0.2672716828353904 off 0.25463394804615813	false	0.5
seiner			__DUMMY__ 0.4801714671278237 neg 0.2675128717220881 off 0.25231566115008813	false	0.0
lauch	neg 1.0		__DUMMY__ 0.4790637247479292 neg 0.27246933614341057 off 0.24846693910866013	false	1.0
unwichtig	neg 1.0		__DUMMY__ 0.4752067905857083 neg 0.2627263574652163 off 0.2620668519490755	false	1.0
steuerhinterziehung	neg 1.0		__DUMMY__ 0.4759348491139185 neg 0.27008064846644364 off 0.25398450241963794	false	1.0
schock	neg 1.0		__DUMMY__ 0.48046402299478225 neg 0.2625110822013427 off 0.2570248948038751	false	1.0
beule	neg 1.0		__DUMMY__ 0.4767451633162855 off 0.2633460565147772 neg 0.2599087801689372	false	0.5
vergelten	neg 1.0		__DUMMY__ 0.477150266719637 off 0.2670081759734185 neg 0.2558415573069445	false	0.5
verdorbenheit	neg 1.0		__DUMMY__ 0.4786405209994741 neg 0.2647195382260495 off 0.2566399407744765	false	1.0
trauma	neg 1.0		__DUMMY__ 0.4774890592929079 neg 0.2643554779989579 off 0.2581554627081343	false	1.0
sinnlos	neg 1.0		__DUMMY__ 0.4778996766784678 neg 0.2620304215599242 off 0.26006990176160805	false	1.0
fettsack	off 1.0	off 1.0	off 0.6228155532621957 __DUMMY__ 0.23056208625603894 neg 0.14662236048176527	false	1.0
feige	off 1.0	off 1.0	off 0.6191619826476783 __DUMMY__ 0.23128240331757932 neg 0.14955561403474235	false	1.0
abdanken	neg 1.0		__DUMMY__ 0.47624365570600247 neg 0.2685192716074568 off 0.25523707268654067	false	1.0
wichtigtuer	off 1.0	off 1.0	off 0.6173355899771158 __DUMMY__ 0.23212837067552208 neg 0.1505360393473622	false	1.0
misslingen	neg 1.0		__DUMMY__ 0.48185579507571236 off 0.25976722508342975 neg 0.25837697984085795	false	0.5
untreu	off 1.0		__DUMMY__ 0.4745995525171463 off 0.26336059191169586 neg 0.2620398555711579	false	1.0
missmutig	neg 1.0		__DUMMY__ 0.47583252889320615 off 0.26234786012773187 neg 0.26181961097906203	false	0.5
hurenbock	off 1.0		__DUMMY__ 0.47861109044463124 neg 0.2624375732412019 off 0.2589513363141668	false	0.5
betrunken	neg 1.0		__DUMMY__ 0.4767146823308019 off 0.2660516842550379 neg 0.2572336334141602	false	0.5
korrupt	off 1.0		__DUMMY__ 0.4748860681266213 neg 0.27231664428558167 off 0.25279728758779707	false	0.5
unmut	neg 1.0		__DUMMY__ 0.47951472097545994 neg 0.2721198119274902 off 0.24836546709704993	false	1.0
hackfresse	off 1.0		__DUMMY__ 0.4716700571057288 off 0.2709761701986636 neg 0.2573537726956077	false	1.0
aufblasen	neg 1.0		__DUMMY__ 0.47880687744256867 neg 0.26199735235770305 off 0.2591957701997282	false	1.0
gewaltsam	neg 1.0		__DUMMY__ 0.4785384956732102 neg 0.26529604729378614 off 0.25616545703300353	false	1.0
unbeliebtheit	neg 1.0		__DUMMY__ 0.47066036373220244 neg 0.26977813377960536 off 0.25956150248819204	false	1.0
sturheit	neg 1.0		__DUMMY__ 0.4768692906012903 neg 0.2678110761026098 off 0.2553196332961	false	1.0
kuh	neg 1.0		__DUMMY__ 0.4754827679639481 neg 0.26776076980618424 off 0.2567564622298676	false	1.0
erschrecken	neg 1.0		__DUMMY__ 0.47694354001183875 off 0.26195212139604873 neg 0.26110433859211263	false	0.5
opfer	neg 1.0		__DUMMY__ 0.4799175175779058 neg 0.26641206650639515 off 0.2536704159156991	false	1.0
sinken	neg 1.0		__DUMMY__ 0.4800013813789838 neg 0.2707781686170083 off 0.24922045000400783	false	1.0
stinktier	neg 1.0		__DUMMY__ 0.4724499982148375 off 0.26761574362895557 neg 0.25993425815620697	false	0.5
tucke	off 1.0		__DUMMY__ 0.46881444855402454 off 0.2704061310579259 neg 0.26077942038804963	false	1.0
ein			__DUMMY__ 0.4784413422556078 neg 0.26337982125288134 off 0.25817883649151085	false	0.0
abstieg	neg 1.0		__DUMMY__ 0.48116950395700087 neg 0.26581836748375465 off 0.2530121285592446	false	1.0
missverstehen	neg 1.0		__DUMMY__ 0.4757468068957889 neg 0.2647359241888349 off 0.25951726891537624	false	1.0
ergebnislos	neg 1.0		__DUMMY__ 0.4785915383664312 neg 0.26959583796582437 off 0.25181262366774443	false	1.0
unter			__DUMMY__ 0.48480397765642896 neg 0.27008222523730796 off 0.24511379710626324	false	0.0
manipulieren	neg 1.0		__DUMMY__ 0.4787357543794293 neg 0.2699901444907857 off 0.25127410112978515	false	1.0
unbewiesen	neg 1.0		__DUMMY__ 0.47242750170821396 neg 0.27264044020655953 off 0.2549320580852264	false	1.0
verschleppen	neg 1.0		__DUMMY__ 0.4786003009488569 neg 0.26754023078825234 off 0.25385946826289085	false	1.0
weib	off 1.0		__DUMMY__ 0.4715103986111101 off 0.27084284814060927 neg 0.25764675324828074	false	1.0
opposition	neg 1.0		__DUMMY__ 0.4753490049804336 neg 0.2665262883950333 off 0.2581247066245331	false	1.0
verkehrswidrig	neg 1.0	neg 1.0	neg 0.612418109766733 __DUMMY__ 0.23493805407697793 off 0.15264383615628896	false	1.0
inkorrekt	neg 1.0		__DUMMY__ 0.4722977407851771 off 0.2639430361244389 neg 0.2637592230903841	false	0.5
vermeiden	neg 1.0		__DUMMY__ 0.4820097825730879 neg 0.27119166619699203 off 0.24679855122992014	false	1.0
abweichung	neg 1.0		__DUMMY__ 0.47801404956380694 neg 0.26982322018311344 off 0.2521627302530797	false	1.0
alkoholisiert	neg 1.0		__DUMMY__ 0.48379976115672424 neg 0.26288141414700195 off 0.2533188246962737	false	1.0
scheiss	off 1.0	off 1.0	off 0.6197203722826167 __DUMMY__ 0.23235366310893588 neg 0.14792596460844754	false	1.0
herausforderung	neg 1.0	neg 1.0	neg 0.61840825207621 __DUMMY__ 0.23739508988092506 off 0.14419665804286497	false	1.0
pervers	off 1.0		__DUMMY__ 0.47051218063434025 off 0.2743909176823808 neg 0.2550969016832788	false	1.0
wackelig	neg 1.0		__DUMMY__ 0.481560950530544 neg 0.26297656676756254 off 0.2554624827018933	false	1.0
verwickeln	neg 1.0		__DUMMY__ 0.4756595764895515 neg 0.2649987658043876 off 0.2593416577060609	false	1.0
vorwand	neg 1.0		__DUMMY__ 0.47954224384498745 neg 0.2697948924359401 off 0.2506628637190723	false	1.0
muschi	off 1.0		__DUMMY__ 0.47805182838839216 neg 0.2668030673742115 off 0.25514510423739634	false	0.5
entmutigung	neg 1.0		__DUMMY__ 0.4747094979366611 neg 0.26777658375384017 off 0.25751391830949877	false	1.0
unangemessen	neg 1.0		__DUMMY__ 0.47688456027332615 neg 0.2688212911731304 off 0.25429414855354343	false	1.0
unstetig	neg 1.0		__DUMMY__ 0.4789193598369855 neg 0.2624597760758086 off 0.2586208640872059	false	1.0
entmutigen	neg 1.0		__DUMMY__ 0.4772257096211039 neg 0.26426593078213256 off 0.2585083595967635	false	1.0
schwanz	neg 1.0		__DUMMY__ 0.4796423005471539 neg 0.2684207198631481 off 0.25193697958969796	false	1.0
verbot	neg 1.0		__DUMMY__ 0.47650112692109325 neg 0.27042802919628955 off 0.2530708438826173	false	1.0
leid	neg 1.0		__DUMMY__ 0.47432606765075913 off 0.2691884037663533 neg 0.2564855285828876	false	0.5
archaisch	neg 1.0		__DUMMY__ 0.47851203593214753 neg 0.26669625008930303 off 0.2547917139785494	false	1.0
gegen			__DUMMY__ 0.4809214532829563 neg 0.2687370936344162 off 0.25034145308262734	false	0.0
scheidung	neg 1.0		__DUMMY__ 0.4705851395135251 off 0.2785714089784816 neg 0.2508434515079935	false	0.5
einschlag	neg 1.0	neg 1.0	neg 0.6162901971739418 __DUMMY__ 0.23237707584581221 off 0.15133272698024583	false	1.0
m			__DUMMY__ 0.4796471069881522 neg 0.26541112865690997 off 0.2549417643549378	false	0.0
abgestanden	neg 1.0		__DUMMY__ 0.4786729878297573 neg 0.2631445278012883 off 0.2581824843689544	false	1.0
schmierig	off 1.0		__DUMMY__ 0.4744316186641641 off 0.2685830490013384 neg 0.2569853323344976	false	1.0
unpraktisch	neg 1.0		__DUMMY__ 0.47916381802884717 neg 0.2619928734760552 off 0.2588433084950975	false	1.0
wixxer	off 1.0		__DUMMY__ 0.4698820207060489 off 0.27384687955522485 neg 0.25627109973872625	false	1.0
bezeichnet			__DUMMY__ 0.4770681215816951 neg 0.266731869343139 off 0.2562000090751658	false	0.0
jammerlappen	off 1.0		__DUMMY__ 0.47553194352345146 off 0.26239457007304895 neg 0.2620734864034996	false	1.0
farce	neg 1.0		__DUMMY__ 0.4754000194434647 neg 0.2710055353202766 off 0.2535944452362587	false	1.0
zwecklos	neg 1.0		__DUMMY__ 0.4772350072483446 neg 0.2683988452271083 off 0.2543661475245472	false	1.0
turbulent	neg 1.0		__DUMMY__ 0.47501744960100956 off 0.26274928861518876 neg 0.26223326178380174	false	0.5
invasion	neg 1.0		__DUMMY__ 0.47750599506659275 neg 0.2625144555203636 off 0.25997954941304374	false	1.0
schuld	neg 1.0		__DUMMY__ 0.4770274554001549 neg 0.26508129198102437 off 0.2578912526188207	false	1.0
risiko	neg 1.0		__DUMMY__ 0.4791824043622488 neg 0.2629141842092709 off 0.25790341142848017	false	1.0
finster	neg 1.0		__DUMMY__ 0.47828685322857684 neg 0.26331046413701087 off 0.25840268263441224	false	1.0
geisteskrank	off 1.0		__DUMMY__ 0.47378177525097154 off 0.26384286698863746 neg 0.26237535776039117	false	1.0
zusammenbrechen	neg 1.0		__DUMMY__ 0.47910222393436863 neg 0.2651200783353832 off 0.2557776977302481	false	1.0
ausbeute	neg 1.0		__DUMMY__ 0.4817224089057723 neg 0.2655298671155687 off 0.25274772397865897	false	1.0
hinterhalt	neg 1.0		__DUMMY__ 0.4802717580166374 neg 0.26414019134798095 off 0.25558805063538165	false	1.0
kritik	neg 1.0		__DUMMY__ 0.47599386225833007 neg 0.27035991511659724 off 0.2536462226250727	false	1.0
einschrumpfen	neg 1.0		__DUMMY__ 0.4741193733383525 neg 0.2665434488527377 off 0.25933717780890975	false	1.0
riskant	neg 1.0		__DUMMY__ 0.47828040000555644 neg 0.2690473195423653 off 0.2526722804520783	false	1.0
frustrieren	neg 1.0		__DUMMY__ 0.47866574762249275 neg 0.2682711273656597 off 0.25306312501184763	false	1.0
groll	neg 1.0		__DUMMY__ 0.47838171632847243 neg 0.2671386148425933 off 0.25447966882893425	false	1.0
gibt			__DUMMY__ 0.47803487727866084 neg 0.26708435042721934 off 0.2548807722941197	false	0.0
qualvoll	neg 1.0		__DUMMY__ 0.4780251521743206 off 0.26140724781809715 neg 0.26056760000758217	false	0.5
wackeln	neg 1.0	neg 1.0	neg 0.618362889540638 __DUMMY__ 0.234645157093664 off 0.14699195336569806	false	1.0
klagen	neg 1.0		__DUMMY__ 0.47980343475781995 neg 0.27109063925767657 off 0.24910592598450362	false	1.0
bankrott	neg 1.0		__DUMMY__ 0.4767758604239239 neg 0.26168668824533414 off 0.2615374513307421	false	1.0
trauern	neg 1.0		__DUMMY__ 0.48030190584585514 neg 0.2661866166876993 off 0.25351147746644576	false	1.0
ablehnung	neg 1.0		__DUMMY__ 0.4760741980403124 neg 0.27017521812946727 off 0.2537505838302204	false	1.0
stur	neg 1.0		__DUMMY__ 0.47622515767203755 neg 0.2654774335003205 off 0.25829740882764207	false	1.0
aufruhr	neg 1.0		__DUMMY__ 0.4783245869465439 neg 0.265699855698278 off 0.25597555735517824	false	1.0
melancholie	neg 1.0		__DUMMY__ 0.4797035455866662 neg 0.2656612670435605 off 0.25463518736977336	false	1.0
ist			__DUMMY__ 0.4770299339878431 neg 0.2639926181009115 off 0.2589774479112454	false	0.0
torheit	neg 1.0		__DUMMY__ 0.4758447618299028 neg 0.26694815834605123 off 0.25720707982404606	false	1.0
dreckskind	off 1.0		__DUMMY__ 0.4715212462998435 off 0.26893469852930507 neg 0.2595440551708514	false	1.0
umtauschen	neg 1.0		__DUMMY__ 0.47822382770356325 neg 0.26519271175646636 off 0.2565834605399704	false	1.0
zum			__DUMMY__ 0.4852409648039353 neg 0.26647404123467444 off 0.2482849939613901	false	0.0
zersetzen	neg 1.0		__DUMMY__ 0.4779120815855359 neg 0.27125722321527473 off 0.25083069519918944	false	1.0
zur			__DUMMY__ 0.48280223556835783 neg 0.2707202584893045 off 0.2464775059423377	false	0.0
frust	neg 1.0		__DUMMY__ 0.4788019774468123 neg 0.26576789757472064 off 0.2554301249784672	false	1.0
unerbittlichkeit	neg 1.0		__DUMMY__ 0.4783131171516308 neg 0.270542798035982 off 0.25114408481238737	false	1.0
zwei			__DUMMY__ 0.4835186995449646 neg 0.26624672489657486 off 0.2502345755584605	false	0.0
unkorrekt	neg 1.0		__DUMMY__ 0.4714539763405924 neg 0.26429594221196984 off 0.2642500814474379	false	1.0
hexe	off 1.0		__DUMMY__ 0.475359546403481 off 0.2631074755982235 neg 0.2615329779982955	false	1.0
lasch	neg 1.0		__DUMMY__ 0.4742565503058036 neg 0.26543104219835584 off 0.2603124074958406	false	1.0
rivale	neg 1.0		__DUMMY__ 0.475471952287326 off 0.26570227805239693 neg 0.258825769660277	false	0.5
mutlos	off 1.0	off 1.0	off 0.6131567300541557 __DUMMY__ 0.23278427502014234 neg 0.15405899492570188	false	1.0
wirr	off 1.0		__DUMMY__ 0.471707008882625 off 0.2646909335777091 neg 0.2636020575396658	false	1.0
jahr			__DUMMY__ 0.4824071184480101 neg 0.2656264165132969 off 0.251966465038693	false	0.0
wird			__DUMMY__ 0.47893671802654314 neg 0.2674922704075104 off 0.25357101156594647	false	0.0
strafbar	neg 1.0		__DUMMY__ 0.47768631715199134 neg 0.2697621591094504 off 0.2525515237385584	false	1.0
erosion	neg 1.0		__DUMMY__ 0.47896652428339587 neg 0.2628073456550883 off 0.25822613006151585	false	1.0
eingehen	neg 1.0		__DUMMY__ 0.47699875247931434 neg 0.2696198477770208 off 0.2533813997436648	false	1.0
faul	off 1.0		__DUMMY__ 0.477287633051729 off 0.26213697507704403 neg 0.26057539187122686	false	1.0
provisorium	neg 1.0		__DUMMY__ 0.48388199671055765 neg 0.271709516716592 off 0.2444084865728504	false	1.0
schmerzen	neg 1.0		__DUMMY__ 0.4784142958629576 neg 0.26441810252338244 off 0.2571676016136598	false	1.0
schrumpfen	neg 1.0		__DUMMY__ 0.4799854892594377 neg 0.2741853384439177 off 0.24582917229664458	false	1.0
geistlos	off 1.0		__DUMMY__ 0.47282306407293956 neg 0.2688681203469415 off 0.2583088155801189	false	0.5
fehlkauf	neg 1.0		__DUMMY__ 0.47684122936675555 neg 0.26429520974612947 off 0.25886356088711493	false	1.0
frustrierend	neg 1.0		__DUMMY__ 0.477435622703959 off 0.2619489820971931 neg 0.26061539519884797	false	0.5
unzufrieden	neg 1.0		__DUMMY__ 0.47705209290872935 neg 0.26885536201423554 off 0.2540925450770352	false	1.0
verzweifeln	neg 1.0		__DUMMY__ 0.47804679527228905 neg 0.2653941522121556 off 0.2565590525155552	false	1.0
verzweifelt	neg 1.0		__DUMMY__ 0.47682068177631526 neg 0.26452319468736385 off 0.25865612353632095	false	1.0
misstrauensantrag	neg 1.0		__DUMMY__ 0.4758876898129828 neg 0.2649739822600717 off 0.2591383279269457	false	1.0
abfallen	neg 1.0		__DUMMY__ 0.4793409185108258 neg 0.2613900109999507 off 0.2592690704892236	false	1.0
fucker	off 1.0		__DUMMY__ 0.4741764990175172 off 0.2644916130481254 neg 0.2613318879343576	false	1.0
ungezogen	neg 1.0		__DUMMY__ 0.4721967317168014 off 0.2729922170196794 neg 0.2548110512635192	false	0.5
irrsinnig	neg 1.0	neg 1.0	neg 0.6210021885951761 __DUMMY__ 0.23247990151709755 off 0.14651790988772634	false	1.0
unfassbar	neg 1.0		__DUMMY__ 0.47488374004213196 off 0.26302709080212194 neg 0.2620891691557461	false	0.5
hart	neg 1.0		__DUMMY__ 0.4764165963683773 neg 0.26267593587785143 off 0.26090746775377144	false	1.0
widerlich	off 1.0		__DUMMY__ 0.4738115840574908 off 0.2637686696643879 neg 0.2624197462781213	false	1.0
fatal	neg 1.0		__DUMMY__ 0.4767903909314655 neg 0.2640111827676576 off 0.2591984263008768	false	1.0
bruch	neg 1.0		__DUMMY__ 0.47905349722030044 neg 0.2719249423629664 off 0.24902156041673312	false	1.0
aushungern	neg 1.0		__DUMMY__ 0.47608463372179877 neg 0.26903710192925623 off 0.2548782643489449	false	1.0
anspannung	neg 1.0	neg 1.0	neg 0.6207155680849742 __DUMMY__ 0.23793006418487428 off 0.14135436773015156	false	1.0
von			__DUMMY__ 0.4822408645326859 neg 0.26671786849555357 off 0.2510412669717605	false	0.0
kraftlos	neg 1.0		__DUMMY__ 0.48071523889927104 neg 0.26365274492462537 off 0.2556320161761036	false	1.0
vom			__DUMMY__ 0.4850414037821997 neg 0.2693314264511148 off 0.24562716976668536	false	0.0
grenzdebil	off 1.0		__DUMMY__ 0.47511194675464846 off 0.26438408870414937 neg 0.2605039645412022	false	1.0
vor			__DUMMY__ 0.4807480322227042 neg 0.26812319678113633 off 0.25112877099615943	false	0.0
unterwerfen	neg 1.0		__DUMMY__ 0.47876784199177114 neg 0.2684350887044355 off 0.2527970693037934	false	1.0
versenkung	neg 1.0		__DUMMY__ 0.4787957222024724 neg 0.26876812083186574 off 0.25243615696566196	false	1.0
entziehen	neg 1.0		__DUMMY__ 0.47959769965854554 neg 0.2705969284626839 off 0.24980537187877042	false	1.0
finanzkrise	neg 1.0		__DUMMY__ 0.47570674356013587 neg 0.2694294752642016 off 0.2548637811756628	false	1.0
schimpfend	neg 1.0		__DUMMY__ 0.4794866617032504 neg 0.2615178612556332 off 0.25899547704111625	false	1.0
profan	neg 1.0		__DUMMY__ 0.47651464440405006 neg 0.2632784512667215 off 0.2602069043292285	false	1.0
korruption	neg 1.0	neg 1.0	neg 0.6237419482139739 __DUMMY__ 0.232572214468092 off 0.14368583731793413	false	1.0
â			__DUMMY__ 0.4797341271866262 neg 0.2665888959838869 off 0.2536769768294868	false	0.0
schmutzig	neg 1.0		__DUMMY__ 0.4763373610720346 off 0.2641903859037199 neg 0.2594722530242454	false	0.5
sexy	neg 1.0		__DUMMY__ 0.4767345224131386 neg 0.2622190973483171 off 0.26104638023854426	false	1.0
abraten	neg 1.0		__DUMMY__ 0.4772160638702254 neg 0.2635385587481299 off 0.25924537738164455	false	1.0
schwarz	neg 1.0		__DUMMY__ 0.4766165241793912 neg 0.2650005709005501 off 0.25838290492005866	false	1.0
fotze	off 1.0		__DUMMY__ 0.47874131658334285 neg 0.26846035461330864 off 0.25279832880334857	false	0.5
verwirren	neg 1.0		__DUMMY__ 0.4765582690959819 neg 0.2629432366539853 off 0.26049849425003274	false	1.0
zahnlos	off 1.0		__DUMMY__ 0.4771371823521385 neg 0.26867636788749166 off 0.25418644976036997	false	0.5
verheeren	neg 1.0		__DUMMY__ 0.4735462822254293 off 0.27467164202580985 neg 0.2517820757487608	false	0.5
hippie	neg 1.0		__DUMMY__ 0.47653712762640305 neg 0.26310993511026604 off 0.2603529372633308	false	1.0
rammen	neg 1.0		__DUMMY__ 0.47696607740438285 neg 0.26536630496968255 off 0.25766761762593454	false	1.0
unlauter	neg 1.0		__DUMMY__ 0.4730596880528613 neg 0.27123894079145283 off 0.2557013711556858	false	1.0
unheilvoll	neg 1.0		__DUMMY__ 0.47927769497068734 off 0.26059738158070134 neg 0.26012492344861143	false	0.5
niedrig	neg 1.0		__DUMMY__ 0.4799586201843697 neg 0.26787954155472643 off 0.252161838260904	false	1.0
explosion	neg 1.0		__DUMMY__ 0.476076997557557 neg 0.2644512629076662 off 0.2594717395347767	false	1.0
weichei	off 1.0		__DUMMY__ 0.4725872317526443 off 0.2695153330755117 neg 0.2578974351718439	false	1.0
minusmensch	off 1.0		__DUMMY__ 0.46834097447654083 off 0.27225034293504 neg 0.25940868258841915	false	1.0
farblos	neg 1.0		__DUMMY__ 0.48240436323262553 neg 0.26004972370987556 off 0.25754591305749913	false	1.0
unwissend	neg 1.0	neg 1.0	neg 0.6193811568269204 __DUMMY__ 0.23147032949794216 off 0.14914851367513735	false	1.0
traurig	neg 1.0		__DUMMY__ 0.4748845485774017 off 0.26668937007774474 neg 0.2584260813448535	false	0.5
senkung	neg 1.0		__DUMMY__ 0.47430313577962546 neg 0.2666304552067261 off 0.2590664090136485	false	1.0
ungleich	neg 1.0	neg 1.0	neg 0.6243396892663506 __DUMMY__ 0.23279039017773506 off 0.1428699205559144	false	1.0
heikel	neg 1.0		__DUMMY__ 0.4781393790442686 neg 0.270712886466617 off 0.2511477344891145	false	1.0
drosselung	neg 1.0		__DUMMY__ 0.4761251570366902 off 0.26413964620079916 neg 0.25973519676251067	false	0.5
falsch	neg 1.0		__DUMMY__ 0.476389872098039 off 0.26185187391144604 neg 0.26175825399051506	false	0.5
unzufriedenheit	neg 1.0		__DUMMY__ 0.47872614200480484 neg 0.2706238853367957 off 0.25064997265839944	false	1.0
kurz	neg 1.0		__DUMMY__ 0.4799193283733083 neg 0.2642188008057155 off 0.25586187082097606	false	1.0
unsinnig	neg 1.0		__DUMMY__ 0.4761675980687187 neg 0.2694189393614626 off 0.25441346256981884	false	1.0
penner	off 1.0	off 1.0	off 0.624356915879685 __DUMMY__ 0.2299634609026409 neg 0.145679623217674	false	1.0
seicht	neg 1.0		__DUMMY__ 0.46987684196527457 off 0.27191330680367687 neg 0.2582098512310485	false	0.5
dummheit	off 1.0	off 1.0	off 0.617496644052319 __DUMMY__ 0.23189679176009503 neg 0.15060656418758595	false	1.0
unerfreulich	neg 1.0		__DUMMY__ 0.4797468402273529 neg 0.26964925593669037 off 0.25060390383595677	false	1.0
motherfucker	off 1.0	off 1.0	off 0.6201639144135348 __DUMMY__ 0.23100109720028247 neg 0.14883498838618264	false	1.0
pikiert	neg 1.0		__DUMMY__ 0.47399774358996416 neg 0.2635119745966484 off 0.2624902818133874	false	1.0
wrack	neg 1.0		__DUMMY__ 0.482022471079289 neg 0.26425357059887516 off 0.253723958321836	false	1.0
gangster	neg 1.0		__DUMMY__ 0.4770451976312743 neg 0.2628643214388793 off 0.2600904809298463	false	1.0
krank	neg 1.0		__DUMMY__ 0.4762657990705279 off 0.26510020407575074 neg 0.25863399685372124	false	0.5
reich	neg 1.0		__DUMMY__ 0.4750100305566728 neg 0.2636913846859583 off 0.2612985847573689	false	1.0
gnadenlos	neg 1.0		__DUMMY__ 0.4775028499794487 neg 0.2644008191694185 off 0.25809633085113287	false	1.0
niedergeschlagen	neg 1.0		__DUMMY__ 0.48011296290437777 neg 0.2635218595232796 off 0.2563651775723427	false	1.0
terrorisieren	off 1.0	off 1.0	off 0.6140315094126073 __DUMMY__ 0.234237509138842 neg 0.15173098144855066	false	1.0
sinnlosigkeit	neg 1.0		__DUMMY__ 0.47756188977973957 neg 0.2679297413422691 off 0.25450836887799116	false	1.0
behindern	neg 1.0		__DUMMY__ 0.47699860075331785 neg 0.26729359905476274 off 0.25570780019191947	false	1.0
undemokratisch	neg 1.0		__DUMMY__ 0.47478606459000866 neg 0.2684180701182541 off 0.25679586529173715	false	1.0
wirtschaftskrise	neg 1.0		__DUMMY__ 0.4771793277921702 neg 0.2701854605462034 off 0.2526352116616266	false	1.0
neid	neg 1.0		__DUMMY__ 0.47824105230174535 off 0.2632931736122595 neg 0.2584657740859951	false	0.5
rutschen	neg 1.0	neg 1.0	neg 0.620618589405626 __DUMMY__ 0.23709023778094665 off 0.14229117281342735	false	1.0
rezession	neg 1.0		__DUMMY__ 0.4723397580834985 off 0.2666330728642891 neg 0.2610271690522125	false	0.5
fehlgeburt	neg 1.0		__DUMMY__ 0.47917606837391347 neg 0.2606399666193878 off 0.2601839650066987	false	1.0
charakterschwach	off 1.0		__DUMMY__ 0.4751494999335015 off 0.26389689937157795 neg 0.2609536006949206	false	1.0
isolation	neg 1.0		__DUMMY__ 0.47707805414891646 off 0.26174759351826493 neg 0.26117435233281855	false	0.5
ablenkung	neg 1.0		__DUMMY__ 0.4781041516204943 neg 0.264294942881362 off 0.2576009054981435	false	1.0
pech	neg 1.0		__DUMMY__ 0.47676887978532323 neg 0.2617251828797762 off 0.2615059373349005	false	1.0
vermeidung	neg 1.0		__DUMMY__ 0.4737573830965551 off 0.26349138353298507 neg 0.2627512333704599	false	0.5
dominieren	neg 1.0		__DUMMY__ 0.48078968836971714 neg 0.2652496191906545 off 0.25396069243962827	false	1.0
schwindlig	neg 1.0		__DUMMY__ 0.4799843519216679 off 0.26113075281001263 neg 0.2588848952683195	false	0.5
lutscher	neg 1.0		__DUMMY__ 0.46990756088864033 off 0.27272679465724525 neg 0.25736564445411436	false	0.5
pflicht	neg 1.0		__DUMMY__ 0.47829344668106183 neg 0.27070009064554945 off 0.2510064626733886	false	1.0
faschist	off 1.0		__DUMMY__ 0.47408587858871454 neg 0.26667543745632205 off 0.2592386839549635	false	0.5
verschleudern	neg 1.0		__DUMMY__ 0.4747167113768033 neg 0.2746570444710166 off 0.2506262441521801	false	1.0
wenn			__DUMMY__ 0.47619229697447524 off 0.2620376184556795 neg 0.2617700845698453	false	0.0
ehebruch	neg 1.0		__DUMMY__ 0.47826067917391335 neg 0.2684331168661605 off 0.25330620395992626	false	1.0
spott	off 1.0		__DUMMY__ 0.47724026906095934 neg 0.2705753878052976 off 0.25218434313374294	false	0.5
trostlosigkeit	neg 1.0		__DUMMY__ 0.48060345108477437 neg 0.26883684960085147 off 0.2505596993143743	false	1.0
lutschen	neg 1.0		__DUMMY__ 0.4756053586942103 neg 0.2650537624672538 off 0.25934087883853596	false	1.0
undiszipliniert	neg 1.0		__DUMMY__ 0.47562782448924334 off 0.2659382752861752 neg 0.2584339002245814	false	0.5
kopfschmerz	neg 1.0		__DUMMY__ 0.4799345932388271 neg 0.2639924810648353 off 0.25607292569633755	false	1.0
unvorhergesehen	neg 1.0		__DUMMY__ 0.48205812234160733 neg 0.2638883843202531 off 0.2540534933381395	false	1.0
desinteressiert	neg 1.0		__DUMMY__ 0.4741859985503227 off 0.2651619429031555 neg 0.260652058546522	false	0.5
armselig	off 1.0		__DUMMY__ 0.4723099914521376 off 0.26559234776292584 neg 0.26209766078493657	false	1.0
desaster	neg 1.0		__DUMMY__ 0.47917307103671475 neg 0.27240417131889044 off 0.24842275764439486	false	1.0
tod	neg 1.0		__DUMMY__ 0.48191388231807764 neg 0.2633751093823329 off 0.25471100829958937	false	1.0
herzlos	neg 1.0		__DUMMY__ 0.4735561313520236 off 0.2667361756902951 neg 0.2597076929576812	false	0.5
unwissenheit	neg 1.0		__DUMMY__ 0.47587605787592513 neg 0.2706298160867422 off 0.25349412603733257	false	1.0
widersinnig	neg 1.0	neg 1.0	neg 0.6245722814545085 __DUMMY__ 0.23146786582233297 off 0.14395985272315845	false	1.0
bedenklich	neg 1.0		__DUMMY__ 0.47750957917614434 neg 0.2698105906708593 off 0.25267983015299633	false	1.0
beanstanden	neg 1.0		__DUMMY__ 0.4789820263704353 neg 0.2705007339674833 off 0.2505172396620813	false	1.0
panisch	neg 1.0	neg 1.0	neg 0.6165832662270043 __DUMMY__ 0.23484011681655384 off 0.14857661695644186	false	1.0
debil	off 1.0		__DUMMY__ 0.48199481860044546 neg 0.2723938837256406 off 0.245611297673914	false	0.5
abstrich	neg 1.0		__DUMMY__ 0.4781599513824181 neg 0.2685043596118074 off 0.2533356890057745	false	1.0
primitiv	neg 1.0		__DUMMY__ 0.47392674473177304 off 0.2643513837858401 neg 0.26172187148238685	false	0.5
abschaum	off 1.0	off 1.0	off 0.6189523032443323 __DUMMY__ 0.23168858388618824 neg 0.1493591128694795	false	1.0
provozieren	neg 1.0		__DUMMY__ 0.4766132527803497 neg 0.2658618568294677 off 0.25752489039018267	false	1.0
tot	neg 1.0		__DUMMY__ 0.4784649548611279 neg 0.2690357978340042 off 0.25249924730486795	false	1.0
instabil	neg 1.0		__DUMMY__ 0.47224517375828706 neg 0.2644052717427706 off 0.2633495544989423	false	1.0
schwuchtel	off 1.0		__DUMMY__ 0.46796295476622446 off 0.27758717311549025 neg 0.2544498721182853	false	1.0
zerren	neg 1.0		__DUMMY__ 0.47999957039581315 neg 0.2635536834614489 off 0.2564467461427379	false	1.0
kinderficker	off 1.0		__DUMMY__ 0.47069268523420915 off 0.267945657936709 neg 0.26136165682908186	false	1.0
gefahr	neg 1.0		__DUMMY__ 0.4795320052296926 neg 0.2693562240687647 off 0.2511117707015427	false	1.0
rabiat	neg 1.0		__DUMMY__ 0.4767275915995632 neg 0.2665396029670125 off 0.2567328054334243	false	1.0
verlangsamung	neg 1.0		__DUMMY__ 0.4723734785724356 off 0.27083071822053495 neg 0.25679580320702944	false	0.5
ausgestorben	neg 1.0		__DUMMY__ 0.47924098578328617 neg 0.2637840705720182 off 0.2569749436446957	false	1.0
anklagen	neg 1.0		__DUMMY__ 0.477338140576861 neg 0.267966490134934 off 0.25469536928820496	false	1.0
trott	neg 1.0		__DUMMY__ 0.4785498704494273 neg 0.2648464657421029 off 0.2566036638084699	false	1.0
verminderung	neg 1.0		__DUMMY__ 0.47408856423313883 off 0.2646412672023357 neg 0.2612701685645254	false	0.5
nach			__DUMMY__ 0.4858212342736429 neg 0.2650987878786123 off 0.24907997784774483	false	0.0
rost	neg 1.0		__DUMMY__ 0.4737600891107704 off 0.26984200120850077 neg 0.25639790968072895	false	0.5
destruktiv	neg 1.0		__DUMMY__ 0.47546216418811266 neg 0.2688949825584056 off 0.25564285325348174	false	1.0
unzumutbarkeit	neg 1.0		__DUMMY__ 0.4769107484122603 off 0.2626547438082935 neg 0.26043450777944627	false	0.5
labil	off 1.0	off 1.0	off 0.6188878141768147 __DUMMY__ 0.2317397071228344 neg 0.14937247870035078	false	1.0
ziemlich	neg 1.0		__DUMMY__ 0.47613798527294043 off 0.26405856939964795 neg 0.25980344532741173	false	0.5
lachnummer	off 1.0		__DUMMY__ 0.4764256621415749 neg 0.26728961950065083 off 0.2562847183577743	false	0.5
oder			__DUMMY__ 0.47891323572398403 neg 0.2632012996777475 off 0.2578854645982683	false	0.0
verfall	neg 1.0		__DUMMY__ 0.48062955298255433 neg 0.2732068648196654 off 0.24616358219778026	false	1.0
ausgrenzung	neg 1.0		__DUMMY__ 0.47519836125968984 neg 0.2668893668610532 off 0.25791227187925686	false	1.0
unordnung	neg 1.0		__DUMMY__ 0.4773484821437603 off 0.263843361526278 neg 0.2588081563299617	false	0.5
fehlverhalten	neg 1.0		__DUMMY__ 0.4783412071664448 neg 0.270216149082543 off 0.2514426437510121	false	1.0
eine			__DUMMY__ 0.479573780681702 neg 0.2693462866704482 off 0.25107993264784984	false	0.0
nille	neg 1.0		__DUMMY__ 0.47814945581879464 neg 0.2661148851363161 off 0.2557356590448893	false	1.0
qual	neg 1.0		__DUMMY__ 0.47842387880545406 neg 0.26525755312277266 off 0.2563185680717732	false	1.0
verschwenden	neg 1.0		__DUMMY__ 0.47772988474048367 neg 0.2689333004637638 off 0.25333681479575254	false	1.0
riesig	neg 1.0	neg 1.0	neg 0.6199278848988959 __DUMMY__ 0.2355405668937136 off 0.14453154820739034	false	1.0
verurteilen	neg 1.0		__DUMMY__ 0.4775085065672965 neg 0.26827680432634254 off 0.2542146891063611	false	1.0
klischee	neg 1.0	neg 1.0	neg 0.6205000707611938 __DUMMY__ 0.23150642719577724 off 0.14799350204302897	false	1.0
diktatorisch	neg 1.0		__DUMMY__ 0.47399964831084057 neg 0.26882047417385724 off 0.2571798775153023	false	1.0
vorhersehbar	neg 1.0	neg 1.0	neg 0.6203961154246705 __DUMMY__ 0.2319321215196004 off 0.14767176305572896	false	1.0
sowie			__DUMMY__ 0.4727550787266319 off 0.2687780271399816 neg 0.25846689413338647	false	0.0
stornieren	neg 1.0		__DUMMY__ 0.4818405490378935 off 0.2596189818751817 neg 0.2585404690869249	false	0.5
besteuerung	neg 1.0		__DUMMY__ 0.4743640468233765 neg 0.2692397852454973 off 0.25639616793112613	false	1.0
ungeschminkt	neg 1.0		__DUMMY__ 0.4740312924434347 off 0.26343957619050573 neg 0.26252913136605954	false	0.5
kritisch	neg 1.0		__DUMMY__ 0.4775965894442128 neg 0.2699491709184013 off 0.252454239637386	false	1.0
schlamperei	off 1.0		__DUMMY__ 0.4775370909192296 neg 0.2713719089964502 off 0.2510910000843202	false	0.5
sucht	neg 1.0	neg 1.0	neg 0.6190780107398548 __DUMMY__ 0.23453060350080446 off 0.1463913857593408	false	1.0
egoistisch	off 1.0		__DUMMY__ 0.4732079939732203 off 0.2696544017514024 neg 0.2571376042753773	false	1.0
ausbeuter	off 1.0		__DUMMY__ 0.4772924179918847 neg 0.271860544637842 off 0.2508470373702732	false	0.5
arschgeburt	off 1.0		__DUMMY__ 0.46729775991008765 off 0.27747809439276916 neg 0.25522414569714325	false	1.0
schubs	neg 1.0	neg 1.0	neg 0.6199577657077333 __DUMMY__ 0.2349772090141744 off 0.14506502527809229	false	1.0
unsolide	neg 1.0		__DUMMY__ 0.47137044737168066 neg 0.27190875136053416 off 0.2567208012677853	false	1.0
beschwerde	neg 1.0		__DUMMY__ 0.47746384335975967 neg 0.27124420886168565 off 0.25129194777855474	false	1.0
stocken	neg 1.0		__DUMMY__ 0.4785402627501724 neg 0.26898271448417643 off 0.2524770227656512	false	1.0
isolieren	neg 1.0		__DUMMY__ 0.4772007216572892 neg 0.2694632848732345 off 0.2533359934694763	false	1.0
unheilbar	neg 1.0		__DUMMY__ 0.4795285522092483 neg 0.26198920364303085 off 0.2584822441477209	false	1.0
pisser	off 1.0		__DUMMY__ 0.4749750816513018 off 0.2651177687203559 neg 0.25990714962834216	false	1.0
löschen	neg 1.0		__DUMMY__ 0.4778383281403454 neg 0.26526928318912013 off 0.25689238867053454	false	1.0
durchfallen	neg 1.0		__DUMMY__ 0.47636315989327 neg 0.27002837557624254 off 0.2536084645304874	false	1.0
wichser	off 1.0		__DUMMY__ 0.47116820513443763 off 0.27480000044159225 neg 0.2540317944239701	false	1.0
terror	neg 1.0		__DUMMY__ 0.47825997224472017 neg 0.2610810915306677 off 0.26065893622461217	false	1.0
krass	neg 1.0		__DUMMY__ 0.47337922124630477 off 0.2672348070831396 neg 0.2593859716705556	false	0.5
revolte	neg 1.0		__DUMMY__ 0.4749587205561163 neg 0.26649798235827016 off 0.2585432970856135	false	1.0
besorgt	neg 1.0		__DUMMY__ 0.4808806863626808 neg 0.26340289685659046 off 0.25571641678072876	false	1.0
nachlassen	neg 1.0		__DUMMY__ 0.47931024929354515 neg 0.26834492331282767 off 0.2523448273936272	false	1.0
alt	neg 1.0		__DUMMY__ 0.4789014781659334 neg 0.2676333000376517 off 0.2534652217964149	false	1.0
hundesohn	off 1.0		__DUMMY__ 0.47004161551154533 off 0.2722940022050642 neg 0.25766438228339034	false	1.0
als			__DUMMY__ 0.47983311354031377 neg 0.2645909524367152 off 0.25557593402297096	false	0.0
abschreckung	neg 1.0		__DUMMY__ 0.4796459105298196 neg 0.2701925009479499 off 0.25016158852223047	false	1.0
unqualifiziert	neg 1.0		__DUMMY__ 0.4730952232463122 neg 0.26748934896444043 off 0.2594154277892475	false	1.0
abgewichst	off 1.0		__DUMMY__ 0.4787821388437589 neg 0.2659986550992163 off 0.2552192060570248	false	0.5
schwer	neg 1.0		__DUMMY__ 0.47810226339515366 neg 0.2648034647654787 off 0.2570942718393675	false	1.0
bedeutungslosigkeit	neg 1.0		__DUMMY__ 0.4786778485194718 neg 0.2704234678257275 off 0.2508986836548006	false	1.0
kapitulation	neg 1.0		__DUMMY__ 0.4765119634137071 neg 0.2717040686516772 off 0.25178396793461577	false	1.0
unscharf	neg 1.0		__DUMMY__ 0.47648771457368283 neg 0.2639480911094935 off 0.25956419431682365	false	1.0
schwinden	neg 1.0		__DUMMY__ 0.4787670824148035 neg 0.2704790157371515 off 0.2507539018480451	false	1.0
versklavung	neg 1.0		__DUMMY__ 0.4742764704031975 neg 0.2689071363337544 off 0.25681639326304817	false	1.0
schlecht	neg 1.0		__DUMMY__ 0.476380099754014 off 0.26428246932422067 neg 0.2593374309217653	false	0.5
verhasst	neg 1.0		__DUMMY__ 0.47670578036047645 neg 0.2652432408432575 off 0.258050978796266	false	1.0
beschweren	neg 1.0		__DUMMY__ 0.47694204956300995 neg 0.26390085367458926 off 0.25915709676240084	false	1.0
scheiden	neg 1.0		__DUMMY__ 0.48161451444520265 neg 0.25941825408481006 off 0.2589672314699873	false	1.0
frustriert	neg 1.0		__DUMMY__ 0.47832514679631327 neg 0.2658111810649038 off 0.2558636721387829	false	1.0
schimmelig	neg 1.0		__DUMMY__ 0.4795962542683798 neg 0.26749197119564033 off 0.25291177453597985	false	1.0
fisch	neg 1.0		__DUMMY__ 0.4831977674235276 neg 0.2640223771296612 off 0.2527798554468111	false	1.0
schmuggel	neg 1.0		__DUMMY__ 0.4825800965108685 neg 0.2650078936037441 off 0.25241200988538737	false	1.0
auffallen	neg 1.0		__DUMMY__ 0.47691332205173537 neg 0.26308594608775854 off 0.26000073186050615	false	1.0
konkurrenz	neg 1.0	neg 1.0	neg 0.6237554280659134 __DUMMY__ 0.23439008325204283 off 0.14185448868204367	false	1.0
teufelskreis	neg 1.0		__DUMMY__ 0.47756724727949923 neg 0.2662302177621057 off 0.25620253495839507	false	1.0
aufschreien	neg 1.0		__DUMMY__ 0.47600759626582473 neg 0.2644767787867981 off 0.25951562494737707	false	1.0
schuldner	neg 1.0		__DUMMY__ 0.4793490353141247 neg 0.2693298768752273 off 0.2513210878106479	false	1.0
missgeburt	off 1.0	off 1.0	off 0.6227724593638149 __DUMMY__ 0.23050709079984963 neg 0.14672044983633553	false	1.0
arbeitslos	neg 1.0		__DUMMY__ 0.47649175891982487 neg 0.26953283050903093 off 0.2539754105711443	false	1.0
befallen	neg 1.0		__DUMMY__ 0.4779717467441002 neg 0.266956888266375 off 0.2550713649895249	false	1.0
miesepetrig	off 1.0	off 1.0	off 0.6200149450948383 __DUMMY__ 0.23243626874675952 neg 0.14754878615840214	false	1.0
alarmieren	neg 1.0		__DUMMY__ 0.474451546496749 neg 0.2641865750563294 off 0.26136187844692166	false	1.0
ungeduscht	off 1.0		__DUMMY__ 0.47703097495886687 neg 0.26154878432453776 off 0.2614202407165952	false	0.5
knappheit	neg 1.0		__DUMMY__ 0.4764304490621674 neg 0.27176344600821245 off 0.25180610492961997	false	1.0
schlange	neg 1.0		__DUMMY__ 0.4794315341631565 neg 0.26055182167875107 off 0.26001664415809245	false	1.0
harsch	neg 1.0		__DUMMY__ 0.4752205749847255 off 0.2686213268397876 neg 0.2561580981754868	false	0.5
lang	neg 1.0		__DUMMY__ 0.47810359203640695 neg 0.26432960196104355 off 0.25756680600254955	false	1.0
ziellos	neg 1.0		__DUMMY__ 0.4799095969616587 neg 0.2653025116019145 off 0.2547878914364268	false	1.0
selbstverliebt	neg 1.0		__DUMMY__ 0.46846244945344545 off 0.27480852535020917 neg 0.2567290251963452	false	0.5
beseitigen	neg 1.0	neg 1.0	neg 0.6192728327567887 __DUMMY__ 0.23484946153228703 off 0.14587770571092432	false	1.0
dumm	off 1.0		__DUMMY__ 0.4719221611596254 off 0.27036250628685793 neg 0.2577153325535168	false	1.0
arbeitsloser	neg 1.0		__DUMMY__ 0.4785540665126201 neg 0.26774449147011725 off 0.2537014420172626	false	1.0
blitzen	neg 1.0		__DUMMY__ 0.4766815340706083 neg 0.26269774876529256 off 0.26062071716409907	false	1.0
hilflos	neg 1.0		__DUMMY__ 0.47859857121903165 neg 0.2660034049718029 off 0.25539802380916526	false	1.0
eklig	off 1.0		__DUMMY__ 0.47185298143345666 off 0.2711325470737664 neg 0.25701447149277695	false	1.0
begriff			__DUMMY__ 0.4768292936011981 neg 0.26798947042803334 off 0.2551812359707686	false	0.0
hungersnot	neg 1.0		__DUMMY__ 0.4792468474809004 neg 0.26537089414040194 off 0.25538225837869766	false	1.0
ungesetzlich	neg 1.0		__DUMMY__ 0.4713799023964369 neg 0.2716831068852723 off 0.25693699071829074	false	1.0
verschwendung	neg 1.0		__DUMMY__ 0.4788307375621429 neg 0.26892349601461424 off 0.2522457664232429	false	1.0
schmerzvoll	neg 1.0		__DUMMY__ 0.47742278860074344 neg 0.2632764505731046 off 0.25930076082615194	false	1.0
vorzeitig	neg 1.0		__DUMMY__ 0.47817085340108534 off 0.2611483100035623 neg 0.26068083659535246	false	0.5
unvollkommenheit	neg 1.0		__DUMMY__ 0.4828278974096355 neg 0.26108609535398575 off 0.2560860072363789	false	1.0
intervenieren	neg 1.0		__DUMMY__ 0.47713715906579834 neg 0.2717098414540558 off 0.2511529994801458	false	1.0
banause	off 1.0		__DUMMY__ 0.46960349744287283 off 0.27276523457571794 neg 0.2576312679814091	false	1.0
rebell	neg 1.0		__DUMMY__ 0.480944842128502 neg 0.27018788728893545 off 0.2488672705825625	false	1.0
unlogisch	neg 1.0		__DUMMY__ 0.473968557555001 off 0.26651794398712203 neg 0.25951349845787697	false	0.5
leiden	neg 1.0		__DUMMY__ 0.48378287778910883 neg 0.26265332377761536 off 0.2535637984332757	false	1.0
abschaffung	neg 1.0		__DUMMY__ 0.47490428143571467 neg 0.26866728826654823 off 0.25642843029773715	false	1.0
sturz	neg 1.0		__DUMMY__ 0.4785468283241071 neg 0.26424963590280665 off 0.25720353577308624	false	1.0
verkleinerung	neg 1.0		__DUMMY__ 0.47308545395712587 neg 0.2680305435233969 off 0.25888400251947724	false	1.0
schmarotzer	off 1.0		__DUMMY__ 0.47629102758873354 neg 0.26995445770099546 off 0.253754514710271	false	0.5
bestrafung	neg 1.0		__DUMMY__ 0.4768470596871068 neg 0.26467104904222943 off 0.25848189127066384	false	1.0
achtlos	neg 1.0		__DUMMY__ 0.4789552249134148 neg 0.2636989370109009 off 0.2573458380756842	false	1.0
ungeheuer	neg 1.0		__DUMMY__ 0.4773573217482131 neg 0.26181620863316946 off 0.26082646961861744	false	1.0
unaufrichtig	neg 1.0		__DUMMY__ 0.47452751270703736 neg 0.26694349920810806 off 0.2585289880848546	false	1.0
groggy	neg 1.0		__DUMMY__ 0.4764898457057727 neg 0.2635196036471606 off 0.2599905506470668	false	1.0
verletzlich	neg 1.0		__DUMMY__ 0.47514884843418265 off 0.2652721064927129 neg 0.2595790450731044	false	0.5
ablehnen	neg 1.0		__DUMMY__ 0.47744146462360826 neg 0.2694330929601258 off 0.253125442416266	false	1.0
