unsolidarisch	neg 1.0		neg 0.34366463162811495 __DUMMY__ 0.33267776632292384 off 0.32365760204896127	false	1.0
nachteilig	neg 1.0		neg 0.34270461394189844 __DUMMY__ 0.33612934607625855 off 0.32116603998184307	false	1.0
skeptisch	neg 1.0		neg 0.3426169278686261 __DUMMY__ 0.33671845468125233 off 0.3206646174501216	false	1.0
schrecklich	neg 1.0		off 0.33712361181191564 __DUMMY__ 0.33345987585640874 neg 0.3294165123316757	false	0.5
schlapp	neg 1.0		__DUMMY__ 0.33514205843673606 off 0.3325460402269162 neg 0.33231190133634775	false	0.5
abfall	neg 1.0		neg 0.3443794386061346 __DUMMY__ 0.33765890132422294 off 0.31796166006964244	false	1.0
widerspenstig	neg 1.0		neg 0.3367268229763331 __DUMMY__ 0.33634420307178264 off 0.3269289739518842	false	1.0
abrupt	neg 1.0		neg 0.3390173518258294 __DUMMY__ 0.33836938757024804 off 0.3226132606039226	false	1.0
unwirksam	neg 1.0		neg 0.34213789148652013 __DUMMY__ 0.3335021307285818 off 0.3243599777848979	false	1.0
angreifen	neg 1.0	neg 1.0	neg 0.659353124528045 off 0.17740092134872368 __DUMMY__ 0.16324595412323142	false	1.0
inkonsistent	neg 1.0		__DUMMY__ 0.3362410485817472 neg 0.33586954101368693 off 0.3278894104045658	false	1.0
abrutschen	neg 1.0		neg 0.3439717410637172 __DUMMY__ 0.33763753444263306 off 0.31839072449364975	false	1.0
unsicher	neg 1.0		neg 0.33657637331530377 __DUMMY__ 0.3364276042545565 off 0.3269960224301397	false	1.0
bauernkind	off 1.0	off 1.0	off 0.6552024508715948 neg 0.18458165456812572 __DUMMY__ 0.16021589456027943	false	1.0
angreifer	neg 1.0		__DUMMY__ 0.33630945638344956 neg 0.3352931554580792 off 0.3283973881584711	false	1.0
trennen	neg 1.0		__DUMMY__ 0.33915176331918134 neg 0.33722120307455444 off 0.3236270336062642	false	1.0
schmutz	neg 1.0		__DUMMY__ 0.3384652420592555 neg 0.33097481056743305 off 0.3305599473733114	false	1.0
inkonsistenz	neg 1.0		neg 0.33797681941820656 __DUMMY__ 0.3326744650751179 off 0.32934871550667544	false	1.0
erschreckend	neg 1.0		neg 0.3397027276828809 __DUMMY__ 0.3355104825869567 off 0.32478678973016234	false	1.0
ertrinken	neg 1.0		__DUMMY__ 0.33814048739934943 neg 0.3380953132467161 off 0.32376419935393447	false	1.0
pickelface	off 1.0		neg 0.3396173681077464 __DUMMY__ 0.3362324577400695 off 0.3241501741521841	false	0.5
seiner			neg 0.340191299302216 __DUMMY__ 0.33775626162804057 off 0.32205243906974335	false	0.0
lauch	neg 1.0		neg 0.34512316239114516 __DUMMY__ 0.3369392387654509 off 0.317937598843404	false	1.0
unwichtig	neg 1.0		neg 0.33444471503615336 __DUMMY__ 0.33415242099808495 off 0.3314028639657618	false	1.0
steuerhinterziehung	neg 1.0		neg 0.34220900571021184 __DUMMY__ 0.3346650223940363 off 0.3231259718957518	false	1.0
schock	neg 1.0		__DUMMY__ 0.33795687869623 neg 0.33505535407256193 off 0.326987767231208	false	1.0
beule	neg 1.0		__DUMMY__ 0.33524047906255067 off 0.333019009924703 neg 0.33174051101274626	false	0.5
vergelten	neg 1.0		off 0.3367801263647977 __DUMMY__ 0.3355162585179731 neg 0.32770361511722923	false	0.5
verdorbenheit	neg 1.0		neg 0.33701580954714916 __DUMMY__ 0.3366246189407598 off 0.3263595715120911	false	1.0
trauma	neg 1.0		neg 0.3364827113063964 __DUMMY__ 0.33581807854989465 off 0.32769921014370884	false	1.0
sinnlos	neg 1.0		__DUMMY__ 0.33610728054364036 neg 0.33415652402806856 off 0.32973619542829113	false	1.0
fettsack	off 1.0	off 1.0	off 0.6570078141640203 neg 0.18204320114684927 __DUMMY__ 0.16094898468913044	false	1.0
feige	off 1.0	off 1.0	off 0.6534111681534744 neg 0.1851205483766753 __DUMMY__ 0.16146828346985018	false	1.0
abdanken	neg 1.0		neg 0.34066349494383363 __DUMMY__ 0.3348904900986467 off 0.32444601495751957	false	1.0
wichtigtuer	off 1.0	off 1.0	off 0.6516956163731737 neg 0.18623843151663763 __DUMMY__ 0.1620659521101886	false	1.0
misslingen	neg 1.0		__DUMMY__ 0.3389300319037833 neg 0.331038046607279 off 0.3300319214889376	false	1.0
untreu	off 1.0		__DUMMY__ 0.33371340477346717 neg 0.3336253679817741 off 0.3326612272447587	false	0.5
missmutig	neg 1.0		__DUMMY__ 0.3345960744970203 neg 0.3335923457925925 off 0.33181157971038727	false	1.0
hurenbock	off 1.0		__DUMMY__ 0.3365768656436241 neg 0.3346947069875756 off 0.32872842736880015	false	0.5
betrunken	neg 1.0		off 0.33578721440047576 __DUMMY__ 0.3352305127870449 neg 0.32898227281247944	false	0.5
korrupt	off 1.0		neg 0.34435486441520435 __DUMMY__ 0.33391560949730337 off 0.3217295260874922	false	0.5
unmut	neg 1.0		neg 0.34487102965837513 __DUMMY__ 0.33727709251754845 off 0.31785187782407637	false	1.0
hackfresse	off 1.0		off 0.3401090945131355 __DUMMY__ 0.3315769898689638 neg 0.32831391561790063	false	1.0
aufblasen	neg 1.0		__DUMMY__ 0.3367548497893523 neg 0.33424366145497214 off 0.32900148875567564	false	1.0
gewaltsam	neg 1.0		neg 0.337659064342677 __DUMMY__ 0.33654503582143386 off 0.32579589983588897	false	1.0
unbeliebtheit	neg 1.0		neg 0.34103930030494034 __DUMMY__ 0.330830799501037 off 0.3281299001940226	false	1.0
sturheit	neg 1.0		neg 0.34000393568334086 __DUMMY__ 0.3353584921259141 off 0.32463757219074524	false	1.0
kuh	neg 1.0		neg 0.33966531369372954 __DUMMY__ 0.33431005577692136 off 0.32602463052934916	false	1.0
erschrecken	neg 1.0		__DUMMY__ 0.3354115834531366 neg 0.33302784240543665 off 0.33156057414142687	false	1.0
opfer	neg 1.0		neg 0.33903616949627474 __DUMMY__ 0.33756516729713026 off 0.323398663206595	false	1.0
sinken	neg 1.0		neg 0.3435549102074764 __DUMMY__ 0.33760878711756853 off 0.3188363026749549	false	1.0
stinktier	neg 1.0		off 0.33675365567144194 __DUMMY__ 0.3321298198514587 neg 0.3311165244770995	false	0.5
tucke	off 1.0		off 0.33911911511530624 neg 0.33139399755148724 __DUMMY__ 0.3294868873332065	false	1.0
ein			__DUMMY__ 0.33647581780741315 neg 0.33561317440732363 off 0.3279110077852634	false	0.0
abstieg	neg 1.0		neg 0.3386387229930094 __DUMMY__ 0.3384473771665896 off 0.322913899840401	false	1.0
missverstehen	neg 1.0		neg 0.3366190358629036 __DUMMY__ 0.33454465042779913 off 0.3288363137092973	false	1.0
ergebnislos	neg 1.0		neg 0.34211742677657875 __DUMMY__ 0.3365943222905772 off 0.3212882509328441	false	1.0
unter			neg 0.343572014302374 __DUMMY__ 0.3411036851100893 off 0.3153243005875367	false	0.0
manipulieren	neg 1.0		neg 0.34255203926648503 __DUMMY__ 0.3367048358389258 off 0.32074312489458906	false	1.0
unbewiesen	neg 1.0		neg 0.34429936030081204 __DUMMY__ 0.33213114223044066 off 0.32356949746874736	false	1.0
verschleppen	neg 1.0		neg 0.34001627625227127 __DUMMY__ 0.33659363036322804 off 0.3233900933845006	false	1.0
weib	off 1.0		off 0.33994474683691855 __DUMMY__ 0.3314517944752412 neg 0.3286034586878402	false	1.0
opposition	neg 1.0		neg 0.3383780192601152 __DUMMY__ 0.3342440867601048 off 0.3273778939797801	false	1.0
verkehrswidrig	neg 1.0	neg 1.0	neg 0.6485026428296153 off 0.1874699096177657 __DUMMY__ 0.16402744755261897	false	1.0
inkorrekt	neg 1.0		neg 0.3350858343544661 off 0.3328868217456637 __DUMMY__ 0.3320273438998702	false	1.0
vermeiden	neg 1.0		neg 0.3442795088095996 __DUMMY__ 0.33906910908681037 off 0.31665138210359	false	1.0
abweichung	neg 1.0		neg 0.34226258886517213 __DUMMY__ 0.33616524774375134 off 0.32157216339107647	false	1.0
alkoholisiert	neg 1.0		__DUMMY__ 0.3403236597318944 neg 0.33596542074227354 off 0.32371091952583214	false	1.0
scheiss	off 1.0	off 1.0	off 0.6541781977330056 neg 0.1836105332956114 __DUMMY__ 0.16221126897138305	false	1.0
herausforderung	neg 1.0	neg 1.0	neg 0.6549281219314468 off 0.17930008279456136 __DUMMY__ 0.16577179527399188	false	1.0
pervers	off 1.0		off 0.3434595409970447 __DUMMY__ 0.33072882895846495 neg 0.3258116300444904	false	1.0
wackelig	neg 1.0		__DUMMY__ 0.33874698986020413 neg 0.3356874168386393 off 0.32556559330115653	false	1.0
verwickeln	neg 1.0		neg 0.3368782544770464 __DUMMY__ 0.3344825891374141 off 0.32863915638553964	false	1.0
vorwand	neg 1.0		neg 0.3424664874960119 __DUMMY__ 0.3372970471162331 off 0.3202364653877551	false	1.0
muschi	off 1.0		neg 0.33912847801035867 __DUMMY__ 0.3362081359593874 off 0.3246633860302539	false	0.5
entmutigung	neg 1.0		neg 0.33964740796474113 __DUMMY__ 0.3337725333047688 off 0.3265800587304902	false	1.0
unangemessen	neg 1.0		neg 0.34104240660368595 __DUMMY__ 0.33537052044854204 off 0.3235870729477721	false	1.0
unstetig	neg 1.0		__DUMMY__ 0.33679319788640205 neg 0.33476858254361375 off 0.32843821956998404	false	1.0
entmutigen	neg 1.0		neg 0.3363660178903289 __DUMMY__ 0.33560943018958256 off 0.3280245519200885	false	1.0
schwanz	neg 1.0		neg 0.341037764368944 __DUMMY__ 0.33734854856520013 off 0.3216136870658558	false	1.0
verbot	neg 1.0		neg 0.3426678600725638 __DUMMY__ 0.3350805894391073 off 0.32225155048832893	false	1.0
leid	neg 1.0		off 0.33866102838785206 __DUMMY__ 0.33349810661719925 neg 0.3278408649949487	false	0.5
archaisch	neg 1.0		neg 0.33908791141757527 __DUMMY__ 0.3365421278345477 off 0.324369960747877	false	1.0
gegen			neg 0.34161935680785294 __DUMMY__ 0.33828929885452297 off 0.32009134433762393	false	0.0
scheidung	neg 1.0		off 0.3477500214657309 __DUMMY__ 0.3307565649092393 neg 0.3214934136250298	false	0.5
einschlag	neg 1.0	neg 1.0	neg 0.6520093014628289 off 0.18576136141376473 __DUMMY__ 0.16222933712340645	false	1.0
m			neg 0.3379064113569964 __DUMMY__ 0.33738187533719416 off 0.32471171330580945	false	0.0
abgestanden	neg 1.0		__DUMMY__ 0.3366242797822768 neg 0.3353827427604479 off 0.3279929774572754	false	1.0
schmierig	off 1.0		off 0.3380483867380556 __DUMMY__ 0.3335773207717807 neg 0.3283742924901638	false	1.0
unpraktisch	neg 1.0		__DUMMY__ 0.3370078602336931 neg 0.3342846162028683 off 0.3287075235634385	false	1.0
wixxer	off 1.0		off 0.34280484185194177 __DUMMY__ 0.33027164659348685 neg 0.32692351155457133	false	1.0
bezeichnet			neg 0.33890125334290894 __DUMMY__ 0.33550400438222516 off 0.325594742274866	false	0.0
jammerlappen	off 1.0		__DUMMY__ 0.3343903542172159 neg 0.33381687716680214 off 0.33179276861598206	false	0.5
farce	neg 1.0		neg 0.34308282476485596 __DUMMY__ 0.3342809761647059 off 0.32263619907043806	false	1.0
zwecklos	neg 1.0		neg 0.340646640748736 __DUMMY__ 0.3356294286363035 off 0.32372393061496035	false	1.0
turbulent	neg 1.0		__DUMMY__ 0.33396178710873897 neg 0.3339341863281331 off 0.332104026563128	false	1.0
invasion	neg 1.0		__DUMMY__ 0.33582387188438484 neg 0.3345862788198377 off 0.3295898492957774	false	1.0
schuld	neg 1.0		neg 0.33717602259289814 __DUMMY__ 0.3354794736256116 off 0.3273445037814903	false	1.0
risiko	neg 1.0		__DUMMY__ 0.3369975145240262 neg 0.33531608578839395 off 0.32768639968757984	false	1.0
finster	neg 1.0		__DUMMY__ 0.33636027382994665 neg 0.33548444706453906 off 0.32815527910551423	false	1.0
geisteskrank	off 1.0		neg 0.3338679419650745 __DUMMY__ 0.33311748436799815 off 0.3330145736669275	false	0.5
zusammenbrechen	neg 1.0		neg 0.3375395473408297 __DUMMY__ 0.33698414711257213 off 0.3254763055465981	false	1.0
ausbeute	neg 1.0		__DUMMY__ 0.33883669444550973 neg 0.33836355949565683 off 0.32279974605883327	false	1.0
hinterhalt	neg 1.0		__DUMMY__ 0.33778053315876794 neg 0.3367271329080509 off 0.32549233393318117	false	1.0
kritik	neg 1.0		neg 0.34251404049464623 __DUMMY__ 0.3347123589760458 off 0.3227736005293078	false	1.0
einschrumpfen	neg 1.0		neg 0.33822305487934434 __DUMMY__ 0.33335504101590957 off 0.3284219041047462	false	1.0
riskant	neg 1.0		neg 0.3414759186425341 __DUMMY__ 0.3363915565382462 off 0.3221325248192197	false	1.0
frustrieren	neg 1.0		neg 0.3407370930396539 __DUMMY__ 0.3366661678206993 off 0.32259673913964676	false	1.0
groll	neg 1.0		neg 0.3395442739904595 __DUMMY__ 0.33645255038672606 off 0.32400317562281444	false	1.0
gibt			neg 0.33940321010847907 __DUMMY__ 0.3362131369519301 off 0.3243836529395907	false	0.0
qualvoll	neg 1.0		__DUMMY__ 0.3361845376485962 neg 0.33264657292431077 off 0.33116888942709305	false	1.0
wackeln	neg 1.0	neg 1.0	neg 0.654427367672544 off 0.18173282041055347 __DUMMY__ 0.16383981191690272	false	1.0
klagen	neg 1.0		neg 0.343864269959946 __DUMMY__ 0.337477194751572 off 0.318658535288482	false	1.0
bankrott	neg 1.0		__DUMMY__ 0.3352863176034432 neg 0.333588564294826 off 0.3311251181017309	false	1.0
trauern	neg 1.0		neg 0.33886349508203895 __DUMMY__ 0.33783312288268585 off 0.32330338203527526	false	1.0
ablehnung	neg 1.0		neg 0.34234141702670595 __DUMMY__ 0.33477286982668936 off 0.32288571314660475	false	1.0
stur	neg 1.0		neg 0.33745423080775694 __DUMMY__ 0.33489648458528015 off 0.32764928460696274	false	1.0
aufruhr	neg 1.0		neg 0.33805170068702123 __DUMMY__ 0.33639393689272434 off 0.32555436242025443	false	1.0
melancholie	neg 1.0		neg 0.3381619424472894 __DUMMY__ 0.33739370050351153 off 0.32444435704919905	false	1.0
ist			neg 0.3360312762838291 __DUMMY__ 0.3354798299759147 off 0.3284888937402562	false	0.0
torheit	neg 1.0		neg 0.33895717295773714 __DUMMY__ 0.33459923320893 off 0.3264435938333329	false	1.0
dreckskind	off 1.0		off 0.3379687325573443 __DUMMY__ 0.33146211593933794 neg 0.3305691515033178	false	1.0
umtauschen	neg 1.0		neg 0.33742368603249145 __DUMMY__ 0.33632152307266483 off 0.3262547908948437	false	1.0
zum			__DUMMY__ 0.34140879273139846 neg 0.33990622707840257 off 0.318684980190199	false	0.0
zersetzen	neg 1.0		neg 0.3437127910686237 __DUMMY__ 0.33611591658445183 off 0.32017129234692443	false	1.0
zur			neg 0.34393785740853533 __DUMMY__ 0.3396490795488751 off 0.31641306304258954	false	0.0
frust	neg 1.0		neg 0.33816626503061514 __DUMMY__ 0.33676736173727917 off 0.3250663732321057	false	1.0
unerbittlichkeit	neg 1.0		neg 0.34304649241728696 __DUMMY__ 0.3364026393021392 off 0.3205508682805737	false	1.0
zwei			__DUMMY__ 0.3401695154289357 neg 0.3393843374870011 off 0.32044614708406316	false	0.0
unkorrekt	neg 1.0		neg 0.33549341966753515 off 0.3330970744646272 __DUMMY__ 0.3314095058678377	false	1.0
hexe	off 1.0		__DUMMY__ 0.33423157801803804 neg 0.33321695869669876 off 0.3325514632852631	false	0.5
lasch	neg 1.0		neg 0.3371057747397531 __DUMMY__ 0.33345956802703747 off 0.3294346572332094	false	1.0
rivale	neg 1.0		off 0.3352213176327963 __DUMMY__ 0.3343179204046616 neg 0.33046076196254215	false	0.5
mutlos	off 1.0	off 1.0	off 0.6475735112382653 neg 0.18989746532533083 __DUMMY__ 0.16252902343640385	false	1.0
wirr	off 1.0		neg 0.3347960030848054 off 0.3336144762459289 __DUMMY__ 0.3315895206692659	false	0.5
jahr			__DUMMY__ 0.33934700334164414 neg 0.3385799267212899 off 0.322073069937066	false	0.0
wird			neg 0.33995330487369724 __DUMMY__ 0.33686544734120133 off 0.3231812477851014	false	0.0
strafbar	neg 1.0		neg 0.3421579104217183 __DUMMY__ 0.33594569365564586 off 0.3218963959226359	false	1.0
erosion	neg 1.0		__DUMMY__ 0.3368807491641586 neg 0.33511000298295673 off 0.3280092478528845	false	1.0
eingehen	neg 1.0		neg 0.34186872682452946 __DUMMY__ 0.33546179664912246 off 0.32266947652634814	false	1.0
faul	off 1.0		__DUMMY__ 0.33564603432850576 neg 0.3325158262781344 off 0.3318381393933598	false	0.5
provisorium	neg 1.0		neg 0.345087417109942 __DUMMY__ 0.3404347744409742 off 0.3144778084490839	false	1.0
schmerzen	neg 1.0		neg 0.3366560350065773 __DUMMY__ 0.3364599400232355 off 0.32688402497018715	false	1.0
schrumpfen	neg 1.0		neg 0.3470677906105827 __DUMMY__ 0.33760955531451575 off 0.3153226540749015	false	1.0
geistlos	off 1.0		neg 0.3404529077223702 __DUMMY__ 0.332416802097496 off 0.32713029018013384	false	0.5
fehlkauf	neg 1.0		neg 0.3363321801118983 __DUMMY__ 0.33533559208780256 off 0.3283322278002991	false	1.0
frustrierend	neg 1.0		__DUMMY__ 0.33576646977218194 neg 0.3326153211275932 off 0.3316182091002247	false	1.0
unzufrieden	neg 1.0		neg 0.3410852663975084 __DUMMY__ 0.33550069036169816 off 0.3234140432407935	false	1.0
verzweifeln	neg 1.0		neg 0.33765418517013934 __DUMMY__ 0.3362200907578737 off 0.326125724071987	false	1.0
verzweifelt	neg 1.0		neg 0.3365506210451684 __DUMMY__ 0.33533161358209634 off 0.3281177653727353	false	1.0
misstrauensantrag	neg 1.0		neg 0.33685574936377705 __DUMMY__ 0.33463651511706677 off 0.3285077355191563	false	1.0
abfallen	neg 1.0		__DUMMY__ 0.3371393559507531 neg 0.33368720300969235 off 0.3291734410395546	false	1.0
fucker	off 1.0		off 0.3337464958198985 __DUMMY__ 0.33341604203296865 neg 0.33283746214713267	false	1.0
ungezogen	neg 1.0		off 0.34227423926287315 __DUMMY__ 0.3319486167243551 neg 0.32577714401277175	false	0.5
irrsinnig	neg 1.0	neg 1.0	neg 0.6567509982470519 off 0.18093200552678212 __DUMMY__ 0.16231699622616594	false	1.0
unfassbar	neg 1.0		__DUMMY__ 0.333917158782312 neg 0.3337229356160495 off 0.33235990560163853	false	1.0
hart	neg 1.0		__DUMMY__ 0.3349879018411047 neg 0.33459391570785424 off 0.330418182451041	false	1.0
widerlich	off 1.0		neg 0.3339048069472954 __DUMMY__ 0.3331386683292018 off 0.3329565247235028	false	0.5
fatal	neg 1.0		neg 0.33602166939705636 __DUMMY__ 0.3353120414985978 off 0.3286662891043457	false	1.0
bruch	neg 1.0		neg 0.3446076481170533 __DUMMY__ 0.3369265768460671 off 0.3184657750368798	false	1.0
aushungern	neg 1.0		neg 0.3411785113926155 __DUMMY__ 0.3347776410973098 off 0.3240438475100747	false	1.0
anspannung	neg 1.0	neg 1.0	neg 0.6573163655098834 off 0.17652824992393212 __DUMMY__ 0.16615538456618445	false	1.0
von			neg 0.3396960477155544 __DUMMY__ 0.3392174119375691 off 0.3210865403468765	false	0.0
kraftlos	neg 1.0		__DUMMY__ 0.33814075582672104 neg 0.33627316492746656 off 0.3255860792458123	false	1.0
vom			neg 0.34281152804805026 __DUMMY__ 0.3412658215015943 off 0.31592265045035534	false	0.0
grenzdebil	off 1.0		__DUMMY__ 0.33408089388395784 off 0.3338004226562775 neg 0.33211868345976475	false	1.0
vor			neg 0.34090451398108346 __DUMMY__ 0.3381784534324255 off 0.320917032586491	false	0.0
unterwerfen	neg 1.0		neg 0.3409476366246096 __DUMMY__ 0.3367277965734654 off 0.3223245668019251	false	1.0
versenkung	neg 1.0		neg 0.3412823792064047 __DUMMY__ 0.3367602863812796 off 0.3219573344123158	false	1.0
entziehen	neg 1.0		neg 0.34330466895060274 __DUMMY__ 0.33733976120409653 off 0.3193555698453008	false	1.0
finanzkrise	neg 1.0		neg 0.34147811026296115 __DUMMY__ 0.334498389570681 off 0.3240235001663579	false	1.0
schimpfend	neg 1.0		__DUMMY__ 0.3372228982365583 neg 0.33384565442755704 off 0.3289314473358846	false	1.0
profan	neg 1.0		neg 0.33521080108211015 __DUMMY__ 0.33509856993673054 off 0.32969062898115925	false	1.0
korruption	neg 1.0	neg 1.0	neg 0.659549771039551 off 0.17807559409233292 __DUMMY__ 0.16237463486811604	false	1.0
â			neg 0.3391351607259637 __DUMMY__ 0.33744374102583885 off 0.32342109824819765	false	0.0
schmutzig	neg 1.0		__DUMMY__ 0.3349666298808089 off 0.33378901051151655 neg 0.33124435960767457	false	0.5
sexy	neg 1.0		__DUMMY__ 0.33526978414597763 neg 0.3341510787810911 off 0.33057913707293113	false	1.0
abraten	neg 1.0		__DUMMY__ 0.3356031447329826 neg 0.3355881975969781 off 0.32880865767003936	false	1.0
schwarz	neg 1.0		neg 0.3370118281766373 __DUMMY__ 0.3351833220101252 off 0.3278048498132375	false	1.0
fotze	off 1.0		neg 0.34094243923157846 __DUMMY__ 0.336705974661928 off 0.3223515861064935	false	0.5
verwirren	neg 1.0		__DUMMY__ 0.33513628966793846 neg 0.33487623316716875 off 0.3299874771648927	false	1.0
zahnlos	off 1.0		neg 0.3409227207062766 __DUMMY__ 0.33555923924292386 off 0.32351804005079954	false	0.5
verheeren	neg 1.0		off 0.3441730010773839 __DUMMY__ 0.3329162672607894 neg 0.3229107316618266	false	0.5
hippie	neg 1.0		__DUMMY__ 0.3351292681574319 neg 0.33504521908091317 off 0.32982551276165495	false	1.0
rammen	neg 1.0		neg 0.33741962313592017 __DUMMY__ 0.3353896114741174 off 0.32719076538996256	false	1.0
unlauter	neg 1.0		neg 0.34292061379240446 __DUMMY__ 0.3325773142689583 off 0.32450207193863717	false	1.0
unheilvoll	neg 1.0		__DUMMY__ 0.33707828580464905 neg 0.33239228845076635 off 0.33052942574458455	false	1.0
niedrig	neg 1.0		neg 0.340543528141147 __DUMMY__ 0.3375595218236128 off 0.32189695003524005	false	1.0
explosion	neg 1.0		neg 0.33635407142636786 __DUMMY__ 0.3347849992822879 off 0.32886092929134425	false	1.0
weichei	off 1.0		off 0.338748061245128 __DUMMY__ 0.3322404854849474 neg 0.3290114532699246	false	1.0
minusmensch	off 1.0		off 0.3408681798148944 neg 0.32997361710006734 __DUMMY__ 0.32915820308503824	false	1.0
farblos	neg 1.0		__DUMMY__ 0.33931172054965625 neg 0.33283884656540624 off 0.3278494328849373	false	1.0
unwissend	neg 1.0	neg 1.0	neg 0.6549605713439984 off 0.1834384510199357 __DUMMY__ 0.1616009776360658	false	1.0
traurig	neg 1.0		off 0.33615015814157434 __DUMMY__ 0.3339128575510778 neg 0.329936984307348	false	0.5
senkung	neg 1.0		neg 0.3383248929325818 __DUMMY__ 0.33348199836864867 off 0.3281931086987696	false	1.0
ungleich	neg 1.0	neg 1.0	neg 0.6601736515868412 off 0.1772936020727902 __DUMMY__ 0.1625327463403687	false	1.0
heikel	neg 1.0		neg 0.3431786656780821 __DUMMY__ 0.3362829700988234 off 0.3205383642230946	false	1.0
drosselung	neg 1.0		__DUMMY__ 0.3347914968890139 off 0.33371681874593895 neg 0.3314916843650472	false	0.5
falsch	neg 1.0		__DUMMY__ 0.3350080009304299 neg 0.33362768784432656 off 0.33136431122524357	false	1.0
unzufriedenheit	neg 1.0		neg 0.3431973290779542 __DUMMY__ 0.3367068643902289 off 0.32009580653181696	false	1.0
kurz	neg 1.0		__DUMMY__ 0.3375670407598891 neg 0.33670835136753974 off 0.32572460787257124	false	1.0
unsinnig	neg 1.0		neg 0.34152843132093175 __DUMMY__ 0.33485419950539025 off 0.32361736917367806	false	1.0
penner	off 1.0	off 1.0	off 0.6584636968572865 neg 0.18100160976619148 __DUMMY__ 0.16053469337652207	false	1.0
seicht	neg 1.0		off 0.3407804391978805 __DUMMY__ 0.33027571142161105 neg 0.32894384938050847	false	0.5
dummheit	off 1.0	off 1.0	off 0.6518274717772438 neg 0.18626940432495992 __DUMMY__ 0.16190312389779635	false	1.0
unerfreulich	neg 1.0		neg 0.3423236128502774 __DUMMY__ 0.33744235381681864 off 0.32023403333290384	false	1.0
motherfucker	off 1.0	off 1.0	off 0.6543787599500225 neg 0.1843480707147614 __DUMMY__ 0.1612731693352162	false	1.0
pikiert	neg 1.0		neg 0.33506403655279404 __DUMMY__ 0.33327229113254425 off 0.33166367231466154	false	1.0
wrack	neg 1.0		__DUMMY__ 0.3390447133045896 neg 0.3371167323458796 off 0.32383855434953074	false	1.0
gangster	neg 1.0		__DUMMY__ 0.33549497126285177 neg 0.33486744420151193 off 0.32963758453563624	false	1.0
krank	neg 1.0		__DUMMY__ 0.3349066043337627 off 0.33473542181189675 neg 0.3303579738543406	false	0.5
reich	neg 1.0		neg 0.33543389178186944 __DUMMY__ 0.33395601559260224 off 0.3306100926255284	false	1.0
gnadenlos	neg 1.0		neg 0.3365448067106171 __DUMMY__ 0.33582620009196423 off 0.32762899319741867	false	1.0
niedergeschlagen	neg 1.0		__DUMMY__ 0.33770103125845996 neg 0.33604540698176627 off 0.3262535617597737	false	1.0
terrorisieren	off 1.0	off 1.0	off 0.6486646020291488 neg 0.18778083407205826 __DUMMY__ 0.16355456389879303	false	1.0
sinnlosigkeit	neg 1.0		neg 0.34020812392908895 __DUMMY__ 0.3358661131756745 off 0.3239257628952364	false	1.0
behindern	neg 1.0		neg 0.33942543743346565 __DUMMY__ 0.33545822958735166 off 0.3251163329791828	false	1.0
undemokratisch	neg 1.0		neg 0.34032235206270867 __DUMMY__ 0.3338343716904504 off 0.32584327624684106	false	1.0
wirtschaftskrise	neg 1.0		neg 0.3425050298279142 __DUMMY__ 0.33556803806523255 off 0.3219269321068532	false	1.0
neid	neg 1.0		__DUMMY__ 0.3363364779840146 off 0.33314754181857786 neg 0.33051598019740747	false	0.5
rutschen	neg 1.0	neg 1.0	neg 0.6570694261924472 off 0.1773662794809567 __DUMMY__ 0.16556429432659614	false	1.0
rezession	neg 1.0		off 0.33569207590245725 neg 0.3322512686343771 __DUMMY__ 0.33205665546316554	false	0.5
fehlgeburt	neg 1.0		__DUMMY__ 0.33697455044657215 neg 0.33294789539081043 off 0.33007755416261736	false	1.0
charakterschwach	off 1.0		__DUMMY__ 0.33410032464736494 off 0.3332734469152985 neg 0.3326262284373366	false	1.0
isolation	neg 1.0		__DUMMY__ 0.3355071076586082 neg 0.33312456953223857 off 0.33136832280915335	false	1.0
ablenkung	neg 1.0		neg 0.336514103612327 __DUMMY__ 0.33625701784252826 off 0.3272288785451448	false	1.0
pech	neg 1.0		__DUMMY__ 0.3352576598223874 neg 0.3336214903714461 off 0.3311208498061665	false	1.0
vermeidung	neg 1.0		neg 0.3342150229889958 __DUMMY__ 0.33309000679821654 off 0.3326949702127876	false	1.0
dominieren	neg 1.0		__DUMMY__ 0.3381708774182764 neg 0.3379704627839265 off 0.32385865979779715	false	1.0
schwindlig	neg 1.0		__DUMMY__ 0.3375948805383063 off 0.331209444334629 neg 0.33119567512706466	false	0.5
lutscher	neg 1.0		off 0.34164942083312716 __DUMMY__ 0.3302909626202071 neg 0.32805961654666566	false	0.5
pflicht	neg 1.0		neg 0.3432039677394498 __DUMMY__ 0.336398495361996 off 0.3203975368985541	false	1.0
faschist	off 1.0		neg 0.3384114326755594 __DUMMY__ 0.3333232565438177 off 0.3282653107806227	false	0.5
verschleudern	neg 1.0		neg 0.34672239299259455 __DUMMY__ 0.333782456963751 off 0.3194951500436545	false	1.0
wenn			__DUMMY__ 0.33486941067962817 neg 0.33360114399189766 off 0.3315294453284741	false	0.0
ehebruch	neg 1.0		neg 0.34087500431890194 __DUMMY__ 0.3363567999035084 off 0.32276819577758953	false	1.0
spott	off 1.0		neg 0.34292436349306216 __DUMMY__ 0.33562362295245995 off 0.32145201355447794	false	0.5
trostlosigkeit	neg 1.0		neg 0.34164664871222744 __DUMMY__ 0.3380521356223824 off 0.3203012156653902	false	1.0
lutschen	neg 1.0		neg 0.33692828397795394 __DUMMY__ 0.3344230207849169 off 0.32864869523712903	false	1.0
undiszipliniert	neg 1.0		off 0.3354895420700261 __DUMMY__ 0.3344435080902667 neg 0.33006694983970725	false	0.5
kopfschmerz	neg 1.0		__DUMMY__ 0.33755133865289216 neg 0.3364661042001685 off 0.32598255714693936	false	1.0
unvorhergesehen	neg 1.0		__DUMMY__ 0.3390922000591784 neg 0.3367073925491807 off 0.32420040739164085	false	1.0
desinteressiert	neg 1.0		off 0.33445985722050914 __DUMMY__ 0.3334086755299779 neg 0.3321314672495129	false	0.5
armselig	off 1.0		off 0.33460941953464074 neg 0.3333389760648177 __DUMMY__ 0.3320516044005415	false	1.0
desaster	neg 1.0		neg 0.3451168614761474 __DUMMY__ 0.3370259874583304 off 0.3178571510655222	false	1.0
tod	neg 1.0		__DUMMY__ 0.3389669850877327 neg 0.3362070427043711 off 0.3248259722078962	false	1.0
herzlos	neg 1.0		off 0.33599448302247276 __DUMMY__ 0.332952535823023 neg 0.3310529811545042	false	0.5
unwissenheit	neg 1.0		neg 0.3427457123005967 __DUMMY__ 0.33463900052130113 off 0.32261528717810206	false	1.0
widersinnig	neg 1.0	neg 1.0	neg 0.6602156888335701 off 0.17818591281050186 __DUMMY__ 0.1615983983559281	false	1.0
bedenklich	neg 1.0		neg 0.3421479231975432 __DUMMY__ 0.33582870860409164 off 0.3220233681983652	false	1.0
beanstanden	neg 1.0		neg 0.34311459343286316 __DUMMY__ 0.3368892215446956 off 0.31999618502244115	false	1.0
panisch	neg 1.0	neg 1.0	neg 0.6526622644153868 off 0.1833640475675751 __DUMMY__ 0.1639736880170381	false	1.0
debil	off 1.0		neg 0.34551318006982334 __DUMMY__ 0.3390566025247955 off 0.31543021740538113	false	0.5
abstrich	neg 1.0		neg 0.3408251884242599 __DUMMY__ 0.33622734012770256 off 0.3229474714480375	false	1.0
primitiv	neg 1.0		off 0.33356957394530173 __DUMMY__ 0.33322197707777396 neg 0.33320844897692425	false	0.5
abschaum	off 1.0	off 1.0	off 0.6532539061733493 neg 0.18499203414897386 __DUMMY__ 0.16175405967767673	false	1.0
provozieren	neg 1.0		neg 0.33791970407486005 __DUMMY__ 0.33517786391983223 off 0.3269024320053078	false	1.0
tot	neg 1.0		neg 0.34147600222274777 __DUMMY__ 0.3364635121753145 off 0.3220604856019377	false	1.0
instabil	neg 1.0		neg 0.33571966080168775 off 0.3323087734285804 __DUMMY__ 0.3319715657697318	false	1.0
schwuchtel	off 1.0		off 0.3463450368019694 __DUMMY__ 0.3288862160799533 neg 0.3247687471180774	false	1.0
zerren	neg 1.0		__DUMMY__ 0.33763151307170186 neg 0.33606769645501905 off 0.32630079047327903	false	1.0
kinderficker	off 1.0		off 0.3367848885154213 neg 0.3323532707373747 __DUMMY__ 0.33086184074720393	false	1.0
gefahr	neg 1.0		neg 0.3420331509192739 __DUMMY__ 0.33727812651738903 off 0.32068872256333714	false	1.0
rabiat	neg 1.0		neg 0.33862896305970347 __DUMMY__ 0.3352584112768694 off 0.32611262566342725	false	1.0
verlangsamung	neg 1.0		off 0.34002294093952073 __DUMMY__ 0.332065650799231 neg 0.3279114082612482	false	0.5
ausgestorben	neg 1.0		__DUMMY__ 0.3370779945440061 neg 0.33618043209329285 off 0.3267415733627011	false	1.0
anklagen	neg 1.0		neg 0.3402483297840957 __DUMMY__ 0.33568227737681083 off 0.3240693928390936	false	1.0
trott	neg 1.0		neg 0.3371471126856266 __DUMMY__ 0.33658684174984027 off 0.32626604556453315	false	1.0
verminderung	neg 1.0		off 0.33393409724854234 __DUMMY__ 0.333328794613337 neg 0.3327371081381205	false	0.5
nach			__DUMMY__ 0.34183821411558857 neg 0.33858097310442276 off 0.31958081277998857	false	0.0
rost	neg 1.0		off 0.3392323574813515 __DUMMY__ 0.333058458880446 neg 0.3277091836382027	false	0.5
destruktiv	neg 1.0		neg 0.3408852924347089 __DUMMY__ 0.334336904418719 off 0.3247778031465721	false	1.0
unzumutbarkeit	neg 1.0		__DUMMY__ 0.3353568935832638 neg 0.33235691241216825 off 0.3322861940045678	false	1.0
labil	off 1.0	off 1.0	off 0.6531987016973534 neg 0.18500691989341211 __DUMMY__ 0.1617943784092345	false	1.0
ziemlich	neg 1.0		__DUMMY__ 0.33482335172209315 off 0.33361746548415966 neg 0.33155918279374724	false	0.5
lachnummer	off 1.0		neg 0.33939158499843924 __DUMMY__ 0.3350404314411218 off 0.325567983560439	false	0.5
oder			__DUMMY__ 0.33683667242712606 neg 0.3354974878093707 off 0.3276658397635031	false	0.0
verfall	neg 1.0		neg 0.34615796928633946 __DUMMY__ 0.3380819483473199 off 0.3157600823663406	false	1.0
ausgrenzung	neg 1.0		neg 0.3388079357089122 __DUMMY__ 0.33413205176967836 off 0.3270600125214093	false	1.0
unordnung	neg 1.0		__DUMMY__ 0.33565093899609894 off 0.33358263747824585 neg 0.33076642352565533	false	0.5
fehlverhalten	neg 1.0		neg 0.3427289654507948 __DUMMY__ 0.33642573031303963 off 0.3208453042361656	false	1.0
eine			neg 0.3419694241720222 __DUMMY__ 0.3373246865048631 off 0.3207058893231148	false	0.0
nille	neg 1.0		neg 0.33843773932516025 __DUMMY__ 0.33628414792601996 off 0.3252781127488198	false	1.0
qual	neg 1.0		neg 0.33755697357523323 __DUMMY__ 0.33649563854708836 off 0.32594738787767846	false	1.0
verschwenden	neg 1.0		neg 0.34125363021686655 __DUMMY__ 0.33598577601073076 off 0.3227605937724026	false	1.0
riesig	neg 1.0	neg 1.0	neg 0.6561554732862649 off 0.1793844621111406 __DUMMY__ 0.16446006460259444	false	1.0
verurteilen	neg 1.0		neg 0.34059824190892996 __DUMMY__ 0.3358161147000352 off 0.32358564339103474	false	1.0
klischee	neg 1.0	neg 1.0	neg 0.6560965370091985 off 0.18227397980514712 __DUMMY__ 0.16162948318565457	false	1.0
diktatorisch	neg 1.0		neg 0.3406217822205438 __DUMMY__ 0.33326299283674543 off 0.3261152249427108	false	1.0
vorhersehbar	neg 1.0	neg 1.0	neg 0.6560665434732009 off 0.18200504146427698 __DUMMY__ 0.16192841506252204	false	1.0
sowie			off 0.3379769455508892 __DUMMY__ 0.33236368893210355 neg 0.3296593655170073	false	0.0
stornieren	neg 1.0		__DUMMY__ 0.3389219981817477 neg 0.3311981906912529 off 0.3298798111269994	false	1.0
besteuerung	neg 1.0		neg 0.3410308831586603 __DUMMY__ 0.3335257458670385 off 0.32544337097430126	false	1.0
ungeschminkt	neg 1.0		neg 0.33402239985553067 __DUMMY__ 0.33327922632132234 off 0.3326983738231471	false	1.0
kritisch	neg 1.0		neg 0.3423233406480349 __DUMMY__ 0.3358881690530329 off 0.32178849029893203	false	1.0
schlamperei	off 1.0		neg 0.3438002382950128 __DUMMY__ 0.33582941038160313 off 0.320370351323384	false	0.5
sucht	neg 1.0	neg 1.0	neg 0.6551337808874469 off 0.1811243992000181 __DUMMY__ 0.16374181991253503	false	1.0
egoistisch	off 1.0		off 0.338953032172951 __DUMMY__ 0.33269144994505495 neg 0.328355517881994	false	1.0
ausbeuter	off 1.0		neg 0.34426090350447347 __DUMMY__ 0.3356631608102713 off 0.3200759356852553	false	0.5
arschgeburt	off 1.0		off 0.3461132747132538 __DUMMY__ 0.32840376653310505 neg 0.325482958753641	false	1.0
schubs	neg 1.0	neg 1.0	neg 0.6560703507628594 off 0.17986596233196014 __DUMMY__ 0.16406368690518044	false	1.0
unsolide	neg 1.0		neg 0.34336869358658423 __DUMMY__ 0.331352155378274 off 0.3252791510351419	false	1.0
beschwerde	neg 1.0		neg 0.34364549338216516 __DUMMY__ 0.33577388011035325 off 0.3205806265074814	false	1.0
stocken	neg 1.0		neg 0.3414725200393424 __DUMMY__ 0.33655760524063466 off 0.3219698747200231	false	1.0
isolieren	neg 1.0		neg 0.34176633145602925 __DUMMY__ 0.3355775247165801 off 0.3226561438273907	false	1.0
unheilbar	neg 1.0		__DUMMY__ 0.3372717238152452 neg 0.33440672505863395 off 0.32832155112612094	false	1.0
pisser	off 1.0		off 0.33452087290571086 __DUMMY__ 0.3339598723046297 neg 0.33151925478965943	false	1.0
löschen	neg 1.0		neg 0.33748618236773414 __DUMMY__ 0.33606642257163477 off 0.32644739506063114	false	1.0
durchfallen	neg 1.0		neg 0.3421880583570469 __DUMMY__ 0.3349950335800731 off 0.32281690806288005	false	1.0
wichser	off 1.0		off 0.3439699376131799 __DUMMY__ 0.3312118273602951 neg 0.3248182350265249	false	1.0
terror	neg 1.0		__DUMMY__ 0.3363595764655206 neg 0.3332065352213814 off 0.33043388831309806	false	1.0
krass	neg 1.0		off 0.3365200865834708 __DUMMY__ 0.33280602014307353 neg 0.3306738932734558	false	0.5
revolte	neg 1.0		neg 0.3383489160006108 __DUMMY__ 0.3339578305102565 off 0.32769325348913275	false	1.0
besorgt	neg 1.0		__DUMMY__ 0.3382533981040735 neg 0.3360586635677628 off 0.3256879383281638	false	1.0
nachlassen	neg 1.0		neg 0.3409037141979522 __DUMMY__ 0.33710652137933267 off 0.32198976442271504	false	1.0
alt	neg 1.0		neg 0.3400804887273313 __DUMMY__ 0.3367917524240039 off 0.32312775884866474	false	1.0
hundesohn	off 1.0		off 0.34115973688450957 __DUMMY__ 0.330392152092567 neg 0.3284481110229232	false	1.0
als			__DUMMY__ 0.3375023211371116 neg 0.3371149447217036 off 0.32538273414118474	false	0.0
abschreckung	neg 1.0		neg 0.34292012114633263 __DUMMY__ 0.3373636564682031 off 0.3197162223854644	false	1.0
unqualifiziert	neg 1.0		neg 0.33906139379135386 __DUMMY__ 0.33261799139819964 off 0.32832061481044644	false	1.0
abgewichst	off 1.0		neg 0.3384007895607472 __DUMMY__ 0.33674368487149825 off 0.32485552556775443	false	0.5
schwer	neg 1.0		neg 0.3370439438974452 __DUMMY__ 0.33625935533299645 off 0.32669670076955826	false	1.0
bedeutungslosigkeit	neg 1.0		neg 0.3429889702934183 __DUMMY__ 0.33667060005882216 off 0.32034042964775944	false	1.0
kapitulation	neg 1.0		neg 0.3439814195251714 __DUMMY__ 0.3350907860445747 off 0.3209277944302539	false	1.0
unscharf	neg 1.0		neg 0.3358668274870777 __DUMMY__ 0.335049191095746 off 0.32908398141717626	false	1.0
schwinden	neg 1.0		neg 0.34305511834398095 __DUMMY__ 0.3367212635840469 off 0.3202236180719722	false	1.0
versklavung	neg 1.0		neg 0.3407321087457624 __DUMMY__ 0.3334656560498093 off 0.3258022352044284	false	1.0
schlecht	neg 1.0		__DUMMY__ 0.3350013319207862 off 0.3338748994498295 neg 0.3311237686293842	false	0.5
verhasst	neg 1.0		neg 0.33730053812390143 __DUMMY__ 0.33524113881788026 off 0.3274583230582183	false	1.0
beschweren	neg 1.0		neg 0.33593092054792684 __DUMMY__ 0.33541533837307996 off 0.3286537410789931	false	1.0
scheiden	neg 1.0		__DUMMY__ 0.3387497872088645 neg 0.33205450404297393 off 0.3291957087481617	false	1.0
frustriert	neg 1.0		neg 0.3381309047982437 __DUMMY__ 0.3364218196655011 off 0.3254472755362551	false	1.0
schimmelig	neg 1.0		neg 0.3400274406324255 __DUMMY__ 0.3372936737240715 off 0.32267888564350317	false	1.0
fisch	neg 1.0		__DUMMY__ 0.33988257875899547 neg 0.3370459223180531 off 0.3230714989229514	false	1.0
schmuggel	neg 1.0		__DUMMY__ 0.3394618926752597 neg 0.33802389818626166 off 0.32251420913847856	false	1.0
auffallen	neg 1.0		__DUMMY__ 0.33539153080277534 neg 0.33507932135690127 off 0.32952914784032333	false	1.0
konkurrenz	neg 1.0	neg 1.0	neg 0.6598379394141116 off 0.17649921943287422 __DUMMY__ 0.1636628411530141	false	1.0
teufelskreis	neg 1.0		neg 0.33845074424502347 __DUMMY__ 0.33587009371507837 off 0.3256791620398981	false	1.0
aufschreien	neg 1.0		neg 0.33638110156038564 __DUMMY__ 0.3347355157915154 off 0.3288833826480988	false	1.0
schuldner	neg 1.0		neg 0.34197957083983843 __DUMMY__ 0.3371371520625778 off 0.3208832770975839	false	1.0
missgeburt	off 1.0	off 1.0	off 0.6569397287207831 neg 0.1821514714158379 __DUMMY__ 0.16090879986337897	false	1.0
arbeitslos	neg 1.0		neg 0.34169844545577144 __DUMMY__ 0.3350940057140487 off 0.3232075488301799	false	1.0
befallen	neg 1.0		neg 0.33929770198207565 __DUMMY__ 0.3361255570643465 off 0.3245767409535778	false	1.0
miesepetrig	off 1.0	off 1.0	off 0.6544702115216579 neg 0.1832535856731843 __DUMMY__ 0.1622762028051579	false	1.0
alarmieren	neg 1.0		neg 0.3358800063961764 __DUMMY__ 0.3335897584414442 off 0.3305302351623794	false	1.0
ungeduscht	off 1.0		__DUMMY__ 0.3354492381607038 neg 0.3334657034530338 off 0.33108505838626234	false	0.5
knappheit	neg 1.0		neg 0.34400770667172914 __DUMMY__ 0.33501987592985627 off 0.3209724173984144	false	1.0
schlange	neg 1.0		__DUMMY__ 0.33720926666374873 neg 0.33285504972102603 off 0.3299356836152252	false	1.0
harsch	neg 1.0		off 0.3382020990299195 __DUMMY__ 0.33414302908764926 neg 0.32765487188243125	false	0.5
lang	neg 1.0		neg 0.3365540877287477 __DUMMY__ 0.33626150407840943 off 0.32718440819284283	false	1.0
ziellos	neg 1.0		neg 0.33785068937097446 __DUMMY__ 0.33756473981264234 off 0.32458457081638326	false	1.0
selbstverliebt	neg 1.0		off 0.34356364197978334 __DUMMY__ 0.3292543528094348 neg 0.3271820052107819	false	0.5
beseitigen	neg 1.0	neg 1.0	neg 0.6553980813910332 off 0.18062739461776242 __DUMMY__ 0.16397452399120435	false	1.0
dumm	off 1.0		off 0.3395020286282136 __DUMMY__ 0.3317627064678491 neg 0.3287352649039373	false	1.0
arbeitsloser	neg 1.0		neg 0.340211036567706 __DUMMY__ 0.3365739596692567 off 0.32321500376303736	false	1.0
blitzen	neg 1.0		__DUMMY__ 0.33522137752372266 neg 0.33466137775644045 off 0.3301172447198369	false	1.0
hilflos	neg 1.0		neg 0.3383681365775 __DUMMY__ 0.33661753514272225 off 0.32501432827977794	false	1.0
eklig	off 1.0		off 0.3403014542310724 __DUMMY__ 0.3317072674959596 neg 0.32799127827296815	false	1.0
begriff			neg 0.34016195248843756 __DUMMY__ 0.33532806428001566 off 0.3245099832315469	false	0.0
hungersnot	neg 1.0		neg 0.3378725801841799 __DUMMY__ 0.33705527315729766 off 0.3250721466585224	false	1.0
ungesetzlich	neg 1.0		neg 0.343165337149289 __DUMMY__ 0.33137142287060106 off 0.3254632399801101	false	1.0
verschwendung	neg 1.0		neg 0.34143488845311437 __DUMMY__ 0.3367871253250106 off 0.32177798622187503	false	1.0
schmerzvoll	neg 1.0		__DUMMY__ 0.3357627494849808 neg 0.3353541039967324 off 0.3288831465182867	false	1.0
vorzeitig	neg 1.0		__DUMMY__ 0.33627139217330543 neg 0.33282480933085706 off 0.3309037984958375	false	1.0
unvollkommenheit	neg 1.0		__DUMMY__ 0.3396386818103598 neg 0.3339925771935494 off 0.32636874099609087	false	1.0
intervenieren	neg 1.0		neg 0.3440870778715463 __DUMMY__ 0.3355466837028317 off 0.3203662384256219	false	1.0
banause	off 1.0		off 0.3416526983405962 __DUMMY__ 0.330072418063369 neg 0.3282748835960348	false	1.0
rebell	neg 1.0		neg 0.34306867198401725 __DUMMY__ 0.33828335064995113 off 0.3186479773660315	false	1.0
unlogisch	neg 1.0		off 0.33583192076418744 __DUMMY__ 0.3332473813009408 neg 0.3309206979348717	false	0.5
leiden	neg 1.0		__DUMMY__ 0.3403403107640373 neg 0.3357270023190299 off 0.3239326869169328	false	1.0
abschaffung	neg 1.0		neg 0.3405655907695926 __DUMMY__ 0.3339197226197632 off 0.32551468661064425	false	1.0
sturz	neg 1.0		neg 0.3365723409849233 __DUMMY__ 0.3365481152198723 off 0.3268795437952043	false	1.0
verkleinerung	neg 1.0		neg 0.3396153543920544 __DUMMY__ 0.33259373148940335 off 0.3277909141185423	false	1.0
schmarotzer	off 1.0		neg 0.3421170449448865 __DUMMY__ 0.33494112497042966 off 0.32294183008468386	false	0.5
bestrafung	neg 1.0		neg 0.33673958560164446 __DUMMY__ 0.33533823526489337 off 0.32792217913346217	false	1.0
achtlos	neg 1.0		__DUMMY__ 0.3368710571251994 neg 0.3360383919207003 off 0.3270905509541004	false	1.0
ungeheuer	neg 1.0		__DUMMY__ 0.3356909165234831 neg 0.3338462090077723 off 0.3304628744687447	false	1.0
unaufrichtig	neg 1.0		neg 0.3387335713314098 __DUMMY__ 0.333642699341193 off 0.3276237293273972	false	1.0
groggy	neg 1.0		neg 0.3354956710427546 __DUMMY__ 0.33508976045747174 off 0.3294145684997736	false	1.0
verletzlich	neg 1.0		off 0.3347281950191262 __DUMMY__ 0.33409806690475485 neg 0.3311737380761191	false	0.5
ablehnen	neg 1.0		neg 0.34177756039623836 __DUMMY__ 0.3357703189767374 off 0.3224521206270243	false	1.0
