unsolidarisch	neg 1.0		__DUMMY__ 0.9269637650448113 neg 0.03927063437184823 off 0.03376560058334053	false	1.0
nachteilig	neg 1.0		__DUMMY__ 0.9326127472042437 neg 0.03695064609331123 off 0.030436606702445055	false	1.0
skeptisch	neg 1.0		__DUMMY__ 0.933329556835599 neg 0.03669350608504299 off 0.029976937079358012	false	1.0
schrecklich	neg 1.0		__DUMMY__ 0.9283759093678277 off 0.040407602095209154 neg 0.031216488536963113	false	0.5
schlapp	neg 1.0		__DUMMY__ 0.9312047653305682 off 0.0367150626470901 neg 0.03208017202234175	false	0.5
abfall	neg 1.0		__DUMMY__ 0.9347593502916307 neg 0.037280441441142405 off 0.027960208267226925	false	1.0
widerspenstig	neg 1.0		__DUMMY__ 0.9330167104507219 neg 0.03384246810130796 off 0.033140821447970245	false	1.0
abrupt	neg 1.0		__DUMMY__ 0.9362244757761816 neg 0.03393077160875093 off 0.02984475261506752	false	1.0
unwirksam	neg 1.0		__DUMMY__ 0.9284317158532926 neg 0.03829175727059018 off 0.03327652687611719	false	1.0
angreifen	neg 1.0	neg 1.0	neg 0.5034446231874593 __DUMMY__ 0.4689947410099772 off 0.027560635802563484	false	1.0
inkonsistent	neg 1.0		__DUMMY__ 0.9330823053396506 off 0.033703896106942056 neg 0.033213798553407343	false	0.5
abrutschen	neg 1.0		__DUMMY__ 0.9346448116701396 neg 0.03712554732692901 off 0.028229641002931415	false	1.0
unsicher	neg 1.0		__DUMMY__ 0.9328152592674536 neg 0.03361144905984755 off 0.033573291672698916	false	1.0
bauernkind	off 1.0	off 1.0	off 0.5063484086788856 __DUMMY__ 0.4616867035756706 neg 0.03196488774544376	false	1.0
angreifer	neg 1.0		__DUMMY__ 0.9328576587856848 off 0.0344581738414186 neg 0.03268416737289651	false	0.5
trennen	neg 1.0		__DUMMY__ 0.9371846418745564 neg 0.03250160904042808 off 0.030313749085015447	false	1.0
schmutz	neg 1.0		__DUMMY__ 0.9368383202757857 off 0.03421229056809832 neg 0.02894938915611587	false	0.5
inkonsistenz	neg 1.0		__DUMMY__ 0.9271433492168252 off 0.036681309160270084 neg 0.036175341622904755	false	0.5
erschreckend	neg 1.0		__DUMMY__ 0.9313423103888891 neg 0.03579010686795193 off 0.03286758274315894	false	1.0
ertrinken	neg 1.0		__DUMMY__ 0.9355163729652264 neg 0.03354402998103019 off 0.030939597053743394	false	1.0
pickelface	off 1.0		__DUMMY__ 0.9328411830778204 neg 0.035230331886866605 off 0.03192848503531295	false	0.5
seiner			__DUMMY__ 0.9349320111398726 neg 0.034850730885712826 off 0.030217257974414637	false	0.0
lauch	neg 1.0		__DUMMY__ 0.9338271428826892 neg 0.0381446584828915 off 0.028028198634419337	false	1.0
unwichtig	neg 1.0		__DUMMY__ 0.9293832361794838 off 0.03703491913782503 neg 0.03358184468269121	false	0.5
steuerhinterziehung	neg 1.0		__DUMMY__ 0.9302538209626716 neg 0.03733134046637761 off 0.032414838570950795	false	1.0
schock	neg 1.0		__DUMMY__ 0.9352972152432475 off 0.0327359351314497 neg 0.031966849625302746	false	0.5
beule	neg 1.0		__DUMMY__ 0.9315509569283414 off 0.03681674227897612 neg 0.03163230079268235	false	0.5
vergelten	neg 1.0		__DUMMY__ 0.9319520909005024 off 0.03953239355494598 neg 0.028515515544551614	false	0.5
verdorbenheit	neg 1.0		__DUMMY__ 0.9335109116726695 neg 0.03391594516456207 off 0.03257314316276844	false	1.0
trauma	neg 1.0		__DUMMY__ 0.9319232731411324 off 0.034176135978396915 neg 0.033900590880470656	false	0.5
sinnlos	neg 1.0		__DUMMY__ 0.9324516718669247 off 0.0352126408324597 neg 0.03233568730061566	false	0.5
fettsack	off 1.0	off 1.0	off 0.5076272077997794 __DUMMY__ 0.46357932983730843 neg 0.0287934623629122	false	1.0
feige	off 1.0	off 1.0	off 0.5043214630915733 __DUMMY__ 0.46459551123553966 neg 0.031083025672886944	false	1.0
abdanken	neg 1.0		__DUMMY__ 0.9305313121152822 neg 0.036237204790506385 off 0.03323148309421146	false	1.0
wichtigtuer	off 1.0	off 1.0	off 0.5022862195652413 __DUMMY__ 0.46613883559906977 neg 0.031574944835688935	false	1.0
misslingen	neg 1.0		__DUMMY__ 0.9375209216396538 off 0.03375600967746033 neg 0.02872306868288582	false	0.5
untreu	off 1.0		__DUMMY__ 0.9285988689887689 off 0.037904422145611204 neg 0.033496708865619916	false	1.0
missmutig	neg 1.0		__DUMMY__ 0.9300758243561571 off 0.03691306021598427 neg 0.0330111154278586	false	0.5
hurenbock	off 1.0		__DUMMY__ 0.9335686868664677 off 0.03408778046222264 neg 0.0323435326713097	false	1.0
betrunken	neg 1.0		__DUMMY__ 0.9313480710441685 off 0.03860932850538398 neg 0.030042600450447605	false	0.5
korrupt	off 1.0		__DUMMY__ 0.928971006429204 neg 0.03894208780091732 off 0.03208690576987869	false	0.5
unmut	neg 1.0		__DUMMY__ 0.9342471854052088 neg 0.03754024852562268 off 0.028212566069168617	false	1.0
hackfresse	off 1.0		__DUMMY__ 0.9254665520438928 off 0.04292061642763549 neg 0.03161283152847164	false	1.0
aufblasen	neg 1.0		__DUMMY__ 0.9335511741162354 off 0.03424592031601967 neg 0.03220290556774481	false	0.5
gewaltsam	neg 1.0		__DUMMY__ 0.9332256067568241 neg 0.033946857329660615 off 0.03282753591351521	false	1.0
unbeliebtheit	neg 1.0		__DUMMY__ 0.9241063876384991 neg 0.03896237105682838 off 0.036931241304672534	false	1.0
sturheit	neg 1.0		__DUMMY__ 0.931200615878133 neg 0.03580155386681421 off 0.03299783025505277	false	1.0
kuh	neg 1.0		__DUMMY__ 0.9301421815123498 neg 0.03655501641957295 off 0.03330280206807724	false	1.0
erschrecken	neg 1.0		__DUMMY__ 0.9313326311594488 off 0.03642654194558838 neg 0.03224082689496294	false	0.5
opfer	neg 1.0		__DUMMY__ 0.9347681290453785 neg 0.03409400819839132 off 0.031137862756230095	false	1.0
sinken	neg 1.0		__DUMMY__ 0.9348933991216452 neg 0.03668265179066479 off 0.02842394908768999	false	1.0
stinktier	neg 1.0		__DUMMY__ 0.926461453869662 off 0.04074535573545699 neg 0.03279319039488088	false	0.5
tucke	off 1.0		__DUMMY__ 0.9222542607022136 off 0.043184425220134236 neg 0.03456131407765211	false	1.0
ein			__DUMMY__ 0.9331301150333335 off 0.033689392535821164 neg 0.03318049243084531	false	0.0
abstieg	neg 1.0		__DUMMY__ 0.9363175626950146 neg 0.03327241395985148 off 0.030410023345133916	false	1.0
missverstehen	neg 1.0		__DUMMY__ 0.9299769496567432 off 0.03550524838435924 neg 0.034517801958897705	false	0.5
ergebnislos	neg 1.0		__DUMMY__ 0.9331982719899693 neg 0.03638413684650415 off 0.03041759116352654	false	1.0
unter			__DUMMY__ 0.9403430268085555 neg 0.035004718755263044 off 0.02465225443618148	false	0.0
manipulieren	neg 1.0		__DUMMY__ 0.9334038013803648 neg 0.036492955981478024 off 0.03010324263815722	false	1.0
unbewiesen	neg 1.0		__DUMMY__ 0.9260407568516903 neg 0.03992482755853207 off 0.03403441558977769	false	1.0
verschleppen	neg 1.0		__DUMMY__ 0.933337271350814 neg 0.03499238514731215 off 0.03167034350187387	false	1.0
weib	off 1.0		__DUMMY__ 0.9253428541195826 off 0.042903196343497436 neg 0.03175394953692	false	1.0
opposition	neg 1.0		__DUMMY__ 0.9295690809045198 neg 0.03589092092749677 off 0.03453999816798342	false	1.0
verkehrswidrig	neg 1.0	neg 1.0	neg 0.4925556481159662 __DUMMY__ 0.47186733391798374 off 0.035577017966050055	false	1.0
inkorrekt	neg 1.0		__DUMMY__ 0.9261411113686621 off 0.03903480915808554 neg 0.03482407947325251	false	0.5
vermeiden	neg 1.0		__DUMMY__ 0.9373331229294816 neg 0.03639284553405706 off 0.026274031536461316	false	1.0
abweichung	neg 1.0		__DUMMY__ 0.9327638484730701 neg 0.03659018343839857 off 0.030645968088531286	false	1.0
alkoholisiert	neg 1.0		__DUMMY__ 0.9397911861706627 neg 0.031058431049693365 off 0.029150382779644015	false	1.0
scheiss	off 1.0	off 1.0	off 0.5036658496740638 __DUMMY__ 0.46699735322766944 neg 0.029336797098266806	false	1.0
herausforderung	neg 1.0	neg 1.0	neg 0.49678817947677145 __DUMMY__ 0.4760733661748593 off 0.027138454348369322	false	1.0
pervers	off 1.0		__DUMMY__ 0.9242178207757669 off 0.0452366997112512 neg 0.03054547951298204	false	1.0
wackelig	neg 1.0		__DUMMY__ 0.9367794452478162 neg 0.03196326309277289 off 0.03125729165941087	false	1.0
verwickeln	neg 1.0		__DUMMY__ 0.9298090003655037 off 0.0354772375247502 neg 0.03471376210974607	false	0.5
vorwand	neg 1.0		__DUMMY__ 0.9343229047914464 neg 0.03620277021760115 off 0.029474324990952518	false	1.0
muschi	off 1.0		__DUMMY__ 0.9326784859354605 neg 0.03498239013254462 off 0.03233912393199473	false	0.5
entmutigung	neg 1.0		__DUMMY__ 0.9288692294881219 neg 0.036269436027971634 off 0.03486133448390639	false	1.0
unangemessen	neg 1.0		__DUMMY__ 0.9312664103385073 neg 0.0364097548413654 off 0.03232383482012723	false	1.0
unstetig	neg 1.0		__DUMMY__ 0.9340871325400889 off 0.03371435208883886 neg 0.0321985153710722	false	0.5
entmutigen	neg 1.0		__DUMMY__ 0.9316863918210258 off 0.03448364603768 neg 0.03382996214129419	false	0.5
schwanz	neg 1.0		__DUMMY__ 0.9347184174891486 neg 0.03549354882320294 off 0.02978803368764844	false	1.0
verbot	neg 1.0		__DUMMY__ 0.930879134847355 neg 0.037290110608438266 off 0.031830754544206655	false	1.0
leid	neg 1.0		__DUMMY__ 0.9286229063241157 off 0.04112131817565769 neg 0.030255775500226522	false	0.5
archaisch	neg 1.0		__DUMMY__ 0.9331978753896879 neg 0.034799780319727414 off 0.032002344290584676	false	1.0
gegen			__DUMMY__ 0.9358226112411124 neg 0.03504798409779826 off 0.02912940466108932	false	0.0
scheidung	neg 1.0		__DUMMY__ 0.9242070071046997 off 0.04809599388829987 neg 0.027696999007000504	false	0.5
einschlag	neg 1.0	neg 1.0	neg 0.49738126812803973 __DUMMY__ 0.4668947125504252 off 0.03572401932153506	false	1.0
m			__DUMMY__ 0.9344285494551275 neg 0.033921221857496145 off 0.03165022868737626	false	0.0
abgestanden	neg 1.0		__DUMMY__ 0.933854453537497 off 0.03314403972010705 neg 0.033001506742395964	false	0.5
schmierig	off 1.0		__DUMMY__ 0.9286867138458579 off 0.040790923820558274 neg 0.030522362333583776	false	1.0
unpraktisch	neg 1.0		__DUMMY__ 0.9341146755883889 off 0.0337656416286889 neg 0.03211968278292227	false	0.5
wixxer	off 1.0		__DUMMY__ 0.9234818542781744 off 0.04508008656206695 neg 0.03143805915975859	false	1.0
bezeichnet			__DUMMY__ 0.9314908535757775 neg 0.03521535306105102 off 0.03329379336317151	false	0.0
jammerlappen	off 1.0		__DUMMY__ 0.9297035192745517 off 0.037143632625108586 neg 0.0331528481003397	false	1.0
farce	neg 1.0		__DUMMY__ 0.9296405836872104 neg 0.03799936343342381 off 0.03236005287936591	false	1.0
zwecklos	neg 1.0		__DUMMY__ 0.9315558144342402 neg 0.036199125348886585 off 0.03224506021687315	false	1.0
turbulent	neg 1.0		__DUMMY__ 0.929533566937352 off 0.03731088191087475 neg 0.03315555115177316	false	0.5
invasion	neg 1.0		__DUMMY__ 0.9320073345969312 off 0.035204426135886153 neg 0.03278823926718268	false	0.5
schuld	neg 1.0		__DUMMY__ 0.9313726351750165 neg 0.03436778369652964 off 0.0342595811284539	false	1.0
risiko	neg 1.0		__DUMMY__ 0.9342999651448813 off 0.033588874885010396 neg 0.03211115997010829	false	0.5
finster	neg 1.0		__DUMMY__ 0.933154309958424 off 0.03351557630959194 neg 0.033330113731984086	false	0.5
geisteskrank	off 1.0		__DUMMY__ 0.9277887593725431 off 0.038494940770577885 neg 0.033716299856878976	false	1.0
zusammenbrechen	neg 1.0		__DUMMY__ 0.9336558031722367 neg 0.03384463827961433 off 0.032499558548148975	false	1.0
ausbeute	neg 1.0		__DUMMY__ 0.9372156288285067 neg 0.03330567158056054 off 0.029478699590932755	false	1.0
hinterhalt	neg 1.0		__DUMMY__ 0.935452417222465 neg 0.032788307110361785 off 0.03175927566717319	false	1.0
kritik	neg 1.0		__DUMMY__ 0.9303280065110966 neg 0.037409773535960957 off 0.032262219952942414	false	1.0
einschrumpfen	neg 1.0		__DUMMY__ 0.9281900059689593 neg 0.03609986626255324 off 0.0357101277684875	false	1.0
riskant	neg 1.0		__DUMMY__ 0.9326691844544533 neg 0.03633491599295589 off 0.030995899552590814	false	1.0
frustrieren	neg 1.0		__DUMMY__ 0.9332112827168655 neg 0.0357198367275049 off 0.03106888055562955	false	1.0
groll	neg 1.0		__DUMMY__ 0.9330087376596914 neg 0.034963966241902 off 0.03202729609840663	false	1.0
gibt			__DUMMY__ 0.932338261222201 neg 0.03532191739939036 off 0.03233982137840871	false	0.0
qualvoll	neg 1.0		__DUMMY__ 0.9326047058264059 off 0.03577687894982944 neg 0.031618415223764705	false	0.5
wackeln	neg 1.0	neg 1.0	neg 0.4984976302878937 __DUMMY__ 0.47075138431579977 off 0.03075098539630646	false	1.0
klagen	neg 1.0		__DUMMY__ 0.9347198658804605 neg 0.036738646254153566 off 0.0285414878653859	false	1.0
bankrott	neg 1.0		__DUMMY__ 0.9311789777223697 off 0.03608542406048999 neg 0.03273559821714038	false	0.5
trauern	neg 1.0		__DUMMY__ 0.9352317629053833 neg 0.0338748412102795 off 0.03089339588433711	false	1.0
ablehnung	neg 1.0		__DUMMY__ 0.9304231126756206 neg 0.03722831624762023 off 0.03234857107675915	false	1.0
stur	neg 1.0		__DUMMY__ 0.9304295580936744 neg 0.03488021289674131 off 0.034690229009584135	false	1.0
aufruhr	neg 1.0		__DUMMY__ 0.9330040721444729 neg 0.034147567198982355 off 0.03284836065654466	false	1.0
melancholie	neg 1.0		__DUMMY__ 0.9346434701544079 neg 0.03415388186890492 off 0.03120264797668733	false	1.0
ist			__DUMMY__ 0.9313207243383681 off 0.03478287316047447 neg 0.033896402501157365	false	0.0
torheit	neg 1.0		__DUMMY__ 0.9301569321683603 neg 0.03554842352766455 off 0.03429464430397513	false	1.0
dreckskind	off 1.0		__DUMMY__ 0.9253332831122872 off 0.04182648980147591 neg 0.0328402270862368	false	1.0
umtauschen	neg 1.0		__DUMMY__ 0.9329896725297601 neg 0.034436378127290654 off 0.03257394934294926	false	1.0
zum			__DUMMY__ 0.9409409247749227 neg 0.032808361305233104 off 0.026250713919844047	false	0.0
zersetzen	neg 1.0		__DUMMY__ 0.9323894068517188 neg 0.0376138288917173 off 0.02999676425656395	false	1.0
zur			__DUMMY__ 0.9381052723239905 neg 0.035792987334036866 off 0.026101740341972626	false	0.0
frust	neg 1.0		__DUMMY__ 0.9332425924006081 neg 0.03430644643345338 off 0.03245096116593848	false	1.0
unerbittlichkeit	neg 1.0		__DUMMY__ 0.9329193609455892 neg 0.037003636856866466 off 0.030077002197544254	false	1.0
zwei			__DUMMY__ 0.9387910591854159 neg 0.03334415613912743 off 0.02786478467545655	false	0.0
unkorrekt	neg 1.0		__DUMMY__ 0.9251891519817201 off 0.039312158094357855 neg 0.03549868992392208	false	0.5
hexe	off 1.0		__DUMMY__ 0.9298112459504644 off 0.037232829090858725 neg 0.032955924958676934	false	1.0
lasch	neg 1.0		__DUMMY__ 0.9282488735523703 off 0.036389668183340954 neg 0.035361458264288693	false	0.5
rivale	neg 1.0		__DUMMY__ 0.9299277255869945 off 0.038899091750696634 neg 0.031173182662308847	false	0.5
mutlos	off 1.0	off 1.0	off 0.4983145088633141 __DUMMY__ 0.467280946190913 neg 0.03440454494577287	false	1.0
wirr	off 1.0		__DUMMY__ 0.9253820451465626 off 0.03939398323550551 neg 0.03522397161793187	false	1.0
jahr			__DUMMY__ 0.9376930112451223 neg 0.03319117440427233 off 0.029115814350605413	false	0.0
wird			__DUMMY__ 0.9334684273673515 neg 0.03535299360501158 off 0.031178579027636967	false	0.0
strafbar	neg 1.0		__DUMMY__ 0.9322407328650171 neg 0.03659734383087976 off 0.031161923304103105	false	1.0
erosion	neg 1.0		__DUMMY__ 0.9336781492940558 off 0.03371456740712636 neg 0.03260728329881781	false	0.5
eingehen	neg 1.0		__DUMMY__ 0.9311632572938571 neg 0.03703688532073954 off 0.03179985738540345	false	1.0
faul	off 1.0		__DUMMY__ 0.9320106955120622 off 0.0361022068254738 neg 0.0318870976624641	false	1.0
provisorium	neg 1.0		__DUMMY__ 0.9392812909195535 neg 0.03637274566751191 off 0.024345963412934706	false	1.0
schmerzen	neg 1.0		__DUMMY__ 0.9332181901497942 neg 0.033907062094349606 off 0.03287474775585616	false	1.0
schrumpfen	neg 1.0		__DUMMY__ 0.934763396223749 neg 0.03872562721170799 off 0.026510976564543005	false	1.0
geistlos	off 1.0		__DUMMY__ 0.9265552378721125 neg 0.03767145328248539 off 0.03577330884540218	false	0.5
fehlkauf	neg 1.0		__DUMMY__ 0.93132277171079 off 0.03473955110321568 neg 0.033937677185994275	false	0.5
frustrierend	neg 1.0		__DUMMY__ 0.9319175164045201 off 0.036383441263191055 neg 0.031699042332288686	false	0.5
unzufrieden	neg 1.0		__DUMMY__ 0.9312389713717554 neg 0.036583230282828186 off 0.032177798345416446	false	1.0
verzweifeln	neg 1.0		__DUMMY__ 0.9324359794374724 neg 0.03433017762558855 off 0.03323384293693911	false	1.0
verzweifelt	neg 1.0		__DUMMY__ 0.9310179088798608 off 0.034721521744791484 neg 0.03426056937534769	false	0.5
misstrauensantrag	neg 1.0		__DUMMY__ 0.9301823921507425 off 0.03497169785019995 neg 0.03484590999905755	false	0.5
abfallen	neg 1.0		__DUMMY__ 0.9342678251701492 off 0.03398744597999111 neg 0.031744728849859766	false	0.5
fucker	off 1.0		__DUMMY__ 0.9280159201553713 off 0.03883384432269921 neg 0.03315023552192956	false	1.0
ungezogen	neg 1.0		__DUMMY__ 0.9261929701356434 off 0.04390560062284986 neg 0.02990142924150682	false	0.5
irrsinnig	neg 1.0	neg 1.0	neg 0.5020107336515006 __DUMMY__ 0.4666232297522157 off 0.031366036596283564	false	1.0
unfassbar	neg 1.0		__DUMMY__ 0.9289508232553252 off 0.037625053299800586 neg 0.033424123444874256	false	0.5
hart	neg 1.0		__DUMMY__ 0.9311990216720161 off 0.03572627729269188 neg 0.03307470103529202	false	0.5
widerlich	off 1.0		__DUMMY__ 0.9278236185977708 off 0.038352587657550424 neg 0.033823793744678726	false	1.0
fatal	neg 1.0		__DUMMY__ 0.9311057715845256 off 0.03501715322159401 neg 0.0338770751938804	false	0.5
bruch	neg 1.0		__DUMMY__ 0.933713148322015 neg 0.03754141120576484 off 0.028745440472220215	false	1.0
aushungern	neg 1.0		__DUMMY__ 0.9303426428744256 neg 0.036540786746756405 off 0.03311657037881802	false	1.0
anspannung	neg 1.0	neg 1.0	neg 0.49893932028580734 __DUMMY__ 0.4768147171715232 off 0.02424596254266944	false	1.0
von			__DUMMY__ 0.9375416794118933 neg 0.03378899889709273 off 0.028669321691014046	false	0.0
kraftlos	neg 1.0		__DUMMY__ 0.9356962114309991 neg 0.0324982616951831 off 0.031805526873817797	false	1.0
vom			__DUMMY__ 0.9406369079106551 neg 0.0346800649410984 off 0.024683027148246436	false	0.0
grenzdebil	off 1.0		__DUMMY__ 0.9293172744527648 off 0.038282245500931775 neg 0.032400480046303415	false	1.0
vor			__DUMMY__ 0.9354917377609366 neg 0.03512437190878993 off 0.029383890330273367	false	0.0
unterwerfen	neg 1.0		__DUMMY__ 0.9335437903809205 neg 0.03555563819096283 off 0.030900571428116686	false	1.0
versenkung	neg 1.0		__DUMMY__ 0.9332382602856665 neg 0.03595089771799189 off 0.03081084199634156	false	1.0
entziehen	neg 1.0		__DUMMY__ 0.9343493692055406 neg 0.03665704050680609 off 0.02899359028765333	false	1.0
finanzkrise	neg 1.0		__DUMMY__ 0.9300387278659079 neg 0.03715658235498126 off 0.03280468977911087	false	1.0
schimpfend	neg 1.0		__DUMMY__ 0.9345693196760951 off 0.03366013147403308 neg 0.031770548849871856	false	0.5
profan	neg 1.0		__DUMMY__ 0.9308353262995628 off 0.03554845482273587 neg 0.03361621887770128	false	0.5
korruption	neg 1.0	neg 1.0	neg 0.5041264843515553 __DUMMY__ 0.46701631912989217 off 0.028857196518552553	false	1.0
â			__DUMMY__ 0.934547061148415 neg 0.03459244347045032 off 0.0308604953811347	false	0.0
schmutzig	neg 1.0		__DUMMY__ 0.9307225806644932 off 0.03782447692354381 neg 0.031452942411963045	false	0.5
sexy	neg 1.0		__DUMMY__ 0.9310524485939285 off 0.03603033939776113 neg 0.03291721200831025	false	0.5
abraten	neg 1.0		__DUMMY__ 0.931700590010627 off 0.034738750614063445 neg 0.03356065937530964	false	0.5
schwarz	neg 1.0		__DUMMY__ 0.930911823995534 neg 0.03454610632924093 off 0.0345420696752251	false	1.0
fotze	off 1.0		__DUMMY__ 0.9334962755357381 neg 0.03579199639772703 off 0.030711728066534858	false	0.5
verwirren	neg 1.0		__DUMMY__ 0.9308489753190682 off 0.03577974348867696 neg 0.03337128119225487	false	0.5
zahnlos	off 1.0		__DUMMY__ 0.9314429558231226 neg 0.03635378458960955 off 0.03220325958726778	false	0.5
verheeren	neg 1.0		__DUMMY__ 0.9276920745080854 off 0.04487389853659799 neg 0.027434026955316583	false	0.5
hippie	neg 1.0		__DUMMY__ 0.9307791668559866 off 0.03574605909531175 neg 0.03347477404870172	false	0.5
rammen	neg 1.0		__DUMMY__ 0.9316682320900711 neg 0.034815328419692794 off 0.033516439490236104	false	1.0
unlauter	neg 1.0		__DUMMY__ 0.9269312394239019 neg 0.03909219060230579 off 0.03397656997379232	false	1.0
unheilvoll	neg 1.0		__DUMMY__ 0.934341995408652 off 0.03479418985536427 neg 0.030863814735983704	false	0.5
niedrig	neg 1.0		__DUMMY__ 0.9351255172025695 neg 0.03499950070493997 off 0.02987498209249045	false	1.0
explosion	neg 1.0		__DUMMY__ 0.930380520080106 off 0.03522387294587963 neg 0.03439560697401446	false	0.5
weichei	off 1.0		__DUMMY__ 0.9265361274632491 off 0.04174887638171683 neg 0.03171499615503406	false	1.0
minusmensch	off 1.0		__DUMMY__ 0.9213714349405548 off 0.04511659789512017 neg 0.03351196716432498	false	1.0
farblos	neg 1.0		__DUMMY__ 0.9383585392128593 off 0.03203596319653593 neg 0.02960549759060479	false	0.5
unwissend	neg 1.0	neg 1.0	neg 0.5009800138885223 __DUMMY__ 0.4649346981766769 off 0.034085287934800895	false	1.0
traurig	neg 1.0		__DUMMY__ 0.9290981143107302 off 0.039660335025444374 neg 0.031241550663825533	false	0.5
senkung	neg 1.0		__DUMMY__ 0.9284070870018815 neg 0.03621724839196244 off 0.03537566460615611	false	1.0
ungleich	neg 1.0	neg 1.0	neg 0.5047306016230533 __DUMMY__ 0.46731281027004795 off 0.027956588106898918	false	1.0
heikel	neg 1.0		__DUMMY__ 0.9326536570128184 neg 0.037270484625868794 off 0.030075858361312807	false	1.0
drosselung	neg 1.0		__DUMMY__ 0.9306593096050363 off 0.03773637174285019 neg 0.03160431865211352	false	0.5
falsch	neg 1.0		__DUMMY__ 0.9308133189996459 off 0.036523417173962264 neg 0.03266326382639184	false	0.5
unzufriedenheit	neg 1.0		__DUMMY__ 0.9333065428477721 neg 0.036938677118443015 off 0.029754780033784792	false	1.0
kurz	neg 1.0		__DUMMY__ 0.9347292832000683 neg 0.03324613627842806 off 0.03202458052150364	false	1.0
unsinnig	neg 1.0		__DUMMY__ 0.9303478437095034 neg 0.03712727363197086 off 0.03252488265852571	false	1.0
penner	off 1.0	off 1.0	off 0.509506777273341 __DUMMY__ 0.4622033554264724 neg 0.02828986730018657	false	1.0
seicht	neg 1.0		__DUMMY__ 0.9233149568133158 off 0.04419197654381874 neg 0.03249306664286548	false	0.5
dummheit	off 1.0	off 1.0	off 0.5025100231328979 __DUMMY__ 0.46567262669633924 neg 0.03181735017076277	false	1.0
unerfreulich	neg 1.0		__DUMMY__ 0.9345344494278471 neg 0.036243659709591584 off 0.029221890862561207	false	1.0
motherfucker	off 1.0	off 1.0	off 0.5054410618670089 __DUMMY__ 0.4639081734064212 neg 0.03065076472656992	false	1.0
pikiert	neg 1.0		__DUMMY__ 0.9280220424208415 off 0.03756462633871795 neg 0.03441333124044046	false	0.5
wrack	neg 1.0		__DUMMY__ 0.9376364939581501 neg 0.03230066701581676 off 0.03006283902603312	false	1.0
gangster	neg 1.0		__DUMMY__ 0.9314325651111126 off 0.0353786187035931 neg 0.03318881618529424	false	0.5
krank	neg 1.0		__DUMMY__ 0.930786248234285 off 0.038203956954367166 neg 0.03100979481134783	false	0.5
reich	neg 1.0		__DUMMY__ 0.929350372663466 off 0.0365194629627698 neg 0.03413016437376423	false	0.5
gnadenlos	neg 1.0		__DUMMY__ 0.9318373966826158 off 0.03428242531636073 neg 0.03388017800102352	false	0.5
niedergeschlagen	neg 1.0		__DUMMY__ 0.934968138279642 neg 0.03262573864826679 off 0.03240612307209121	false	1.0
terrorisieren	off 1.0	off 1.0	off 0.49851368141056035 __DUMMY__ 0.46996181020557826 neg 0.03152450838386134	false	1.0
sinnlosigkeit	neg 1.0		__DUMMY__ 0.9319132992624404 neg 0.03587654096674547 off 0.03221015977081415	false	1.0
behindern	neg 1.0		__DUMMY__ 0.9313774095220115 neg 0.0358729983431104 off 0.032749592134878075	false	1.0
undemokratisch	neg 1.0		__DUMMY__ 0.9289632682683016 neg 0.03658995605837373 off 0.03444677567332473	false	1.0
wirtschaftskrise	neg 1.0		__DUMMY__ 0.9316948037092376 neg 0.03708400574506667 off 0.031221190545695707	false	1.0
neid	neg 1.0		__DUMMY__ 0.9330815043722157 off 0.03672808756203504 neg 0.030190408065749224	false	0.5
rutschen	neg 1.0	neg 1.0	neg 0.49947500877626544 __DUMMY__ 0.47525111880318804 off 0.025273872420546534	false	1.0
rezession	neg 1.0		__DUMMY__ 0.9260712009230813 off 0.040537279996874676 neg 0.03339151908004407	false	0.5
fehlgeburt	neg 1.0		__DUMMY__ 0.9343039230979331 off 0.03470821702037045 neg 0.030987859881696486	false	0.5
charakterschwach	off 1.0		__DUMMY__ 0.9294231471420384 off 0.03817801213978508 neg 0.03239884071817653	false	1.0
isolation	neg 1.0		__DUMMY__ 0.9315542598219392 off 0.036242203817696286 neg 0.0322035363603645	false	0.5
ablenkung	neg 1.0		__DUMMY__ 0.9325763221862591 neg 0.03374420779473008 off 0.03367947001901085	false	1.0
pech	neg 1.0		__DUMMY__ 0.9314406648223438 off 0.035808707136324884 neg 0.03275062804133126	false	0.5
vermeidung	neg 1.0		__DUMMY__ 0.927672978579983 off 0.03805978121440835 neg 0.03426724020560865	false	0.5
dominieren	neg 1.0		__DUMMY__ 0.9359356178892543 neg 0.03317166327399423 off 0.03089271883675154	false	1.0
schwindlig	neg 1.0		__DUMMY__ 0.9352597566903077 off 0.034692918507732186 neg 0.03004732480196013	false	0.5
lutscher	neg 1.0		__DUMMY__ 0.9234811220817325 off 0.044447122457306 neg 0.03207175546096149	false	0.5
pflicht	neg 1.0		__DUMMY__ 0.9326665151720526 neg 0.037183959345871716 off 0.030149525482075716	false	1.0
faschist	off 1.0		__DUMMY__ 0.9281827283697068 off 0.03602274710937793 neg 0.03579452452091532	false	1.0
verschleudern	neg 1.0		__DUMMY__ 0.9287154365030504 neg 0.040581782226243604 off 0.030702781270705973	false	1.0
wenn			__DUMMY__ 0.9304489863914518 off 0.03672395466453897 neg 0.03282705894400929	false	0.0
ehebruch	neg 1.0		__DUMMY__ 0.9329201209511004 neg 0.035674963873519754 off 0.031404915175379765	false	1.0
spott	off 1.0		__DUMMY__ 0.9316891075596994 neg 0.03724649480262348 off 0.031064397637677224	false	0.5
trostlosigkeit	neg 1.0		__DUMMY__ 0.9355985548936645 neg 0.03533375550481836 off 0.029067689601517104	false	1.0
lutschen	neg 1.0		__DUMMY__ 0.9299672868448584 off 0.03530828597748492 neg 0.03472442717765674	false	0.5
undiszipliniert	neg 1.0		__DUMMY__ 0.9300461282088489 off 0.03897556812818855 neg 0.030978303662962527	false	0.5
kopfschmerz	neg 1.0		__DUMMY__ 0.9350082711146033 neg 0.033147413051357745 off 0.031844315834038954	false	1.0
unvorhergesehen	neg 1.0		__DUMMY__ 0.9374394500094198 neg 0.03236375660202654 off 0.030196793388553675	false	1.0
desinteressiert	neg 1.0		__DUMMY__ 0.9282798440473807 off 0.03900510451993534 neg 0.03271505143268393	false	0.5
armselig	off 1.0		__DUMMY__ 0.926049167121316 off 0.03987782788406538 neg 0.034073004994618614	false	1.0
desaster	neg 1.0		__DUMMY__ 0.9338319093093244 neg 0.03778480775024433 off 0.028383282940431305	false	1.0
tod	neg 1.0		__DUMMY__ 0.9374455237864663 neg 0.03174194571954518 off 0.03081253049398848	false	1.0
herzlos	neg 1.0		__DUMMY__ 0.9275205106625972 off 0.04008980114740389 neg 0.032389688189998996	false	0.5
unwissenheit	neg 1.0		__DUMMY__ 0.9300527792437134 neg 0.037836262633999855 off 0.032110958122286766	false	1.0
widersinnig	neg 1.0	neg 1.0	neg 0.5054454599475969 __DUMMY__ 0.46488325888565984 off 0.02967128116674327	false	1.0
bedenklich	neg 1.0		__DUMMY__ 0.9319044631282805 neg 0.036929028326604635 off 0.03116650854511492	false	1.0
beanstanden	neg 1.0		__DUMMY__ 0.9336261631140642 neg 0.03675650672205408 off 0.02961733016388167	false	1.0
panisch	neg 1.0	neg 1.0	neg 0.4967431912540851 __DUMMY__ 0.47129179092461704 off 0.03196501782129784	false	1.0
debil	off 1.0		__DUMMY__ 0.9372625381564059 neg 0.03718760331752098 off 0.02554985852607306	false	0.5
abstrich	neg 1.0		__DUMMY__ 0.9333461885521195 neg 0.036442523506995415 off 0.030211287940885134	false	1.0
primitiv	neg 1.0		__DUMMY__ 0.9279729829897805 off 0.03869347151827847 neg 0.03333354549194104	false	0.5
abschaum	off 1.0	off 1.0	off 0.5040009114861156 __DUMMY__ 0.465380468320721 neg 0.030618620193163464	false	1.0
provozieren	neg 1.0		__DUMMY__ 0.930911018238523 neg 0.03492916144200575 off 0.0341598203194713	false	1.0
tot	neg 1.0		__DUMMY__ 0.9335001834361437 neg 0.0363108584893825 off 0.03018895807447378	false	1.0
instabil	neg 1.0		__DUMMY__ 0.9259922488333399 off 0.0385195206347483 neg 0.03548823053191181	false	0.5
schwuchtel	off 1.0		__DUMMY__ 0.9210975292402217 off 0.04810398571338949 neg 0.030798485046388754	false	1.0
zerren	neg 1.0		__DUMMY__ 0.9347694839436902 off 0.03262369612025336 neg 0.0326068199360565	false	0.5
kinderficker	off 1.0		__DUMMY__ 0.9243375850956096 off 0.04175277731459876 neg 0.03390963758979162	false	1.0
gefahr	neg 1.0		__DUMMY__ 0.9342942973085018 neg 0.035847580657034375 off 0.029858122034463756	false	1.0
rabiat	neg 1.0		__DUMMY__ 0.9308844092339368 neg 0.03543479813186646 off 0.033680792634196745	false	1.0
verlangsamung	neg 1.0		__DUMMY__ 0.9262978519247564 off 0.0430187522587942 neg 0.03068339581644933	false	0.5
ausgestorben	neg 1.0		__DUMMY__ 0.9339366415045468 off 0.033066291084295645 neg 0.032997067411157564	false	0.5
anklagen	neg 1.0		__DUMMY__ 0.9318665575520027 neg 0.035676131898887374 off 0.03245731054910996	false	1.0
trott	neg 1.0		__DUMMY__ 0.9331596954756644 neg 0.03393815560333603 off 0.03290214892099962	false	1.0
verminderung	neg 1.0		__DUMMY__ 0.9281303416626098 off 0.038595945037485216 neg 0.03327371329990506	false	0.5
nach			__DUMMY__ 0.9415741762747967 neg 0.0318011712066655 off 0.026624652518537854	false	0.0
rost	neg 1.0		__DUMMY__ 0.9281560649450729 off 0.04179802561427322 neg 0.030045909440653898	false	0.5
destruktiv	neg 1.0		__DUMMY__ 0.9296328124720153 neg 0.03694268689147491 off 0.033424500636509716	false	1.0
unzumutbarkeit	neg 1.0		__DUMMY__ 0.9316258739964219 off 0.03675078457175821 neg 0.03162334143181986	false	0.5
labil	off 1.0	off 1.0	off 0.5039740448523229 __DUMMY__ 0.46528938793224456 neg 0.030736567215432532	false	1.0
ziemlich	neg 1.0		__DUMMY__ 0.9304782940630858 off 0.037841965616685604 neg 0.03167974032022858	false	0.5
lachnummer	off 1.0		__DUMMY__ 0.9306419128229646 neg 0.03565996702454065 off 0.03369812015249469	false	0.5
oder			__DUMMY__ 0.9336305790487903 off 0.033439846441142326 neg 0.032929574510067235	false	0.0
verfall	neg 1.0		__DUMMY__ 0.9355834547091042 neg 0.03792084975531178 off 0.026495695535583987	false	1.0
ausgrenzung	neg 1.0		__DUMMY__ 0.9294786074157229 neg 0.03556321318675494 off 0.0349581793975222	false	1.0
unordnung	neg 1.0		__DUMMY__ 0.9323131661234015 off 0.03728261614126613 neg 0.030404217735332334	false	0.5
fehlverhalten	neg 1.0		__DUMMY__ 0.9329210444809484 neg 0.036696474670286104 off 0.030382480848765533	false	1.0
eine			__DUMMY__ 0.934156799954441 neg 0.03627741633666157 off 0.029565783708897404	false	0.0
nille	neg 1.0		__DUMMY__ 0.9327108244261166 neg 0.03453753910279045 off 0.0327516364710929	false	1.0
qual	neg 1.0		__DUMMY__ 0.9330137254995224 neg 0.034180462759438535 off 0.03280581174103914	false	1.0
verschwenden	neg 1.0		__DUMMY__ 0.9320903778840557 neg 0.03654613084508017 off 0.031363491270864095	false	1.0
riesig	neg 1.0	neg 1.0	neg 0.4992556455072203 __DUMMY__ 0.47275568920740985 off 0.02798866528536981	false	1.0
verurteilen	neg 1.0		__DUMMY__ 0.932048112445631 neg 0.035764441045878295 off 0.0321874465084907	false	1.0
klischee	neg 1.0	neg 1.0	neg 0.5019956852920462 __DUMMY__ 0.4648627771916038 off 0.033141537516350024	false	1.0
diktatorisch	neg 1.0		__DUMMY__ 0.9280470904259439 neg 0.037014607662362586 off 0.0349383019116935	false	1.0
vorhersehbar	neg 1.0	neg 1.0	neg 0.5015717552320569 __DUMMY__ 0.4657001179406824 off 0.032728126827260784	false	1.0
sowie			__DUMMY__ 0.926623558740448 off 0.04156106034386448 neg 0.03181538091568752	false	0.0
stornieren	neg 1.0		__DUMMY__ 0.9373486396688794 off 0.03372746916141168 neg 0.02892389116970887	false	0.5
besteuerung	neg 1.0		__DUMMY__ 0.928504836460423 neg 0.037706950428892425 off 0.0337882131106846	false	1.0
ungeschminkt	neg 1.0		__DUMMY__ 0.9283080899180649 off 0.03769927086293363 neg 0.0339926392190015	false	0.5
kritisch	neg 1.0		__DUMMY__ 0.932036952169132 neg 0.036849764608343494 off 0.031113283222524567	false	1.0
schlamperei	off 1.0		__DUMMY__ 0.9320689350959916 neg 0.03759034812773116 off 0.030340716776277234	false	0.5
sucht	neg 1.0	neg 1.0	neg 0.4990395102316254 __DUMMY__ 0.47102809888158237 off 0.02993239088679219	false	1.0
egoistisch	off 1.0		__DUMMY__ 0.9272345616623259 off 0.041884301683246916 neg 0.03088113665442725	false	1.0
ausbeuter	off 1.0		__DUMMY__ 0.9317335280342228 neg 0.03797367475759952 off 0.030292797208177638	false	0.5
arschgeburt	off 1.0		__DUMMY__ 0.9202307767312885 off 0.0484096546012506 neg 0.031359568667460966	false	1.0
schubs	neg 1.0	neg 1.0	neg 0.4998692129021447 __DUMMY__ 0.4717135159650561 off 0.028417271132799224	false	1.0
unsolide	neg 1.0		__DUMMY__ 0.9248555718839647 neg 0.039892668112917855 off 0.035251760003117416	false	1.0
beschwerde	neg 1.0		__DUMMY__ 0.9319918356900155 neg 0.03761804841307759 off 0.03039011589690686	false	1.0
stocken	neg 1.0		__DUMMY__ 0.93313998908503 neg 0.03605611882932724 off 0.030803892085642718	false	1.0
isolieren	neg 1.0		__DUMMY__ 0.9317324409344614 neg 0.03663259593471885 off 0.03163496313081983	false	1.0
unheilbar	neg 1.0		__DUMMY__ 0.9343899895630725 off 0.03399672674745102 neg 0.03161328368947644	false	0.5
pisser	off 1.0		__DUMMY__ 0.9293541327762411 off 0.03882452786879787 neg 0.03182133935496099	false	1.0
löschen	neg 1.0		__DUMMY__ 0.9323443338712861 neg 0.03430852327881726 off 0.03334714284989661	false	1.0
durchfallen	neg 1.0		__DUMMY__ 0.9305240796532428 neg 0.03745556671469209 off 0.03202035363206509	false	1.0
wichser	off 1.0		__DUMMY__ 0.9248707390001041 off 0.04540615650918754 neg 0.029723104490708377	false	1.0
terror	neg 1.0		__DUMMY__ 0.9329627272303747 off 0.035190993766160625 neg 0.03184627900346469	false	0.5
krass	neg 1.0		__DUMMY__ 0.9275782356244686 off 0.040094356715832176 neg 0.03232740765969917	false	0.5
revolte	neg 1.0		__DUMMY__ 0.9290671097076535 neg 0.03560002411268343 off 0.03533286617966307	false	1.0
besorgt	neg 1.0		__DUMMY__ 0.9359055001018564 neg 0.03220142330578148 off 0.0318930765923621	false	1.0
nachlassen	neg 1.0		__DUMMY__ 0.9341569903182008 neg 0.03564598907617629 off 0.03019702060562295	false	1.0
alt	neg 1.0		__DUMMY__ 0.9340680492204055 neg 0.03540864786121384 off 0.03052330291838061	false	1.0
hundesohn	off 1.0		__DUMMY__ 0.9234334403125134 off 0.04468990939546055 neg 0.03187665029202606	false	1.0
als			__DUMMY__ 0.9346537686354002 neg 0.03323860765456442 off 0.032107623710035456	false	0.0
abschreckung	neg 1.0		__DUMMY__ 0.9345432077820958 neg 0.03619845477404597 off 0.029258337443858293	false	1.0
unqualifiziert	neg 1.0		__DUMMY__ 0.9268958412885111 neg 0.036821504160989026 off 0.03628265455049989	false	1.0
abgewichst	off 1.0		__DUMMY__ 0.9334998893838612 neg 0.03436732905013868 off 0.03213278156600013	false	0.5
schwer	neg 1.0		__DUMMY__ 0.932477514228115 neg 0.03404680525285098 off 0.03347568051903413	false	1.0
bedeutungslosigkeit	neg 1.0		__DUMMY__ 0.9333070738366449 neg 0.0367669243691676 off 0.029926001794187425	false	1.0
kapitulation	neg 1.0		__DUMMY__ 0.9308701440214288 neg 0.038083809000726394 off 0.031046046977844768	false	1.0
unscharf	neg 1.0		__DUMMY__ 0.931218991340001 off 0.03462668373956904 neg 0.034154324920429996	false	0.5
schwinden	neg 1.0		__DUMMY__ 0.9334227048649175 neg 0.03684727105584042 off 0.02973002407924212	false	1.0
versklavung	neg 1.0		__DUMMY__ 0.9282656165077233 neg 0.037191248720623384 off 0.034543134771653335	false	1.0
schlecht	neg 1.0		__DUMMY__ 0.930723010338832 off 0.03798830126597097 neg 0.031288688395197106	false	0.5
verhasst	neg 1.0		__DUMMY__ 0.9310595395468781 neg 0.03449839606271215 off 0.03444206439040965	false	1.0
beschweren	neg 1.0		__DUMMY__ 0.9312496841932568 off 0.03495040512190908 neg 0.03379991068483408	false	0.5
scheiden	neg 1.0		__DUMMY__ 0.9372178164488608 off 0.03320252520317143 neg 0.029579658347967778	false	0.5
frustriert	neg 1.0		__DUMMY__ 0.9327806951646975 neg 0.03446857223274053 off 0.03275073260256189	false	1.0
schimmelig	neg 1.0		__DUMMY__ 0.9349563679698771 neg 0.03520532686406434 off 0.02983830516605857	false	1.0
fisch	neg 1.0		__DUMMY__ 0.9394110231605329 neg 0.03178551121936132 off 0.028803465620105714	false	1.0
schmuggel	neg 1.0		__DUMMY__ 0.9379463847542574 neg 0.03241506248158759 off 0.029638552764154998	false	1.0
auffallen	neg 1.0		__DUMMY__ 0.9312625950125255 off 0.03538295022788534 neg 0.0333544547595892	false	0.5
konkurrenz	neg 1.0	neg 1.0	neg 0.5034356361389432 __DUMMY__ 0.47006711038831334 off 0.02649725347274335	false	1.0
teufelskreis	neg 1.0		__DUMMY__ 0.9318915145665645 neg 0.03490902670970147 off 0.03319945872373398	false	1.0
aufschreien	neg 1.0		__DUMMY__ 0.9302819808936698 off 0.035359769617414556 neg 0.03435824948891567	false	0.5
schuldner	neg 1.0		__DUMMY__ 0.9343270795937945 neg 0.035773612541290224 off 0.029899307864915414	false	1.0
missgeburt	off 1.0	off 1.0	off 0.5078248005578204 __DUMMY__ 0.46344018460051517 neg 0.028735014841664307	false	1.0
arbeitslos	neg 1.0		__DUMMY__ 0.930588032496468 neg 0.03713846683988842 off 0.032273500663643526	false	1.0
befallen	neg 1.0		__DUMMY__ 0.9326391314130961 neg 0.034982123761813866 off 0.03237874482509003	false	1.0
miesepetrig	off 1.0	off 1.0	off 0.5041895956934505 __DUMMY__ 0.466915390789358 neg 0.028895013517191637	false	1.0
alarmieren	neg 1.0		__DUMMY__ 0.9284111046525261 off 0.03714984804020039 neg 0.03443904730727356	false	0.5
ungeduscht	off 1.0		__DUMMY__ 0.9318965007815939 off 0.03550361512892906 neg 0.03259988408947709	false	1.0
knappheit	neg 1.0		__DUMMY__ 0.9308735216557729 neg 0.03827857786811796 off 0.030847900476109174	false	1.0
schlange	neg 1.0		__DUMMY__ 0.9341985543926161 off 0.03463992783905019 neg 0.031161517768333685	false	0.5
harsch	neg 1.0		__DUMMY__ 0.9293363278691651 off 0.04078760126371137 neg 0.029876070867123523	false	0.5
lang	neg 1.0		__DUMMY__ 0.9326368840261253 neg 0.03370005282392535 off 0.03366306314994929	false	1.0
ziellos	neg 1.0		__DUMMY__ 0.9345695902585324 neg 0.033766642897959845 off 0.03166376684350779	false	1.0
selbstverliebt	neg 1.0		__DUMMY__ 0.921623544901665 off 0.0462503250904298 neg 0.0321261300079051	false	0.5
beseitigen	neg 1.0	neg 1.0	neg 0.4989100005292675 __DUMMY__ 0.4713713378718364 off 0.029718661598896065	false	1.0
dumm	off 1.0		__DUMMY__ 0.9257264730546723 off 0.0425768461101373 neg 0.0316966808351904	false	1.0
arbeitsloser	neg 1.0		__DUMMY__ 0.9331057812965888 neg 0.035226424958438196 off 0.031667793744972965	false	1.0
blitzen	neg 1.0		__DUMMY__ 0.9311267628331081 off 0.03585318049791355 neg 0.03302005666897836	false	0.5
hilflos	neg 1.0		__DUMMY__ 0.9331791279454477 neg 0.03450490601901361 off 0.032315966035538754	false	1.0
eklig	off 1.0		__DUMMY__ 0.9256750351781723 off 0.042951179497176244 neg 0.03137378532465136	false	1.0
begriff			__DUMMY__ 0.9312333918760465 neg 0.03602137421344084 off 0.03274523391051265	false	0.0
hungersnot	neg 1.0		__DUMMY__ 0.9341902922872941 neg 0.033539697629053636 off 0.03227001008365229	false	1.0
ungesetzlich	neg 1.0		__DUMMY__ 0.9247597778244068 neg 0.039566112229633105 off 0.03567410994596019	false	1.0
verschwendung	neg 1.0		__DUMMY__ 0.9334182605210882 neg 0.03605817587644491 off 0.030523563602466906	false	1.0
schmerzvoll	neg 1.0		__DUMMY__ 0.9318259874832917 off 0.03483468616481811 neg 0.03333932635189017	false	0.5
vorzeitig	neg 1.0		__DUMMY__ 0.9329674136031154 off 0.03568156364525336 neg 0.03135102275163113	false	0.5
unvollkommenheit	neg 1.0		__DUMMY__ 0.9385758779489948 off 0.03140018523600194 neg 0.030023936815003243	false	0.5
intervenieren	neg 1.0		__DUMMY__ 0.9316024973394686 neg 0.03787561556908596 off 0.03052188709144538	false	1.0
banause	off 1.0		__DUMMY__ 0.923045457821956 off 0.04452878203128715 neg 0.0324257601467568	false	1.0
rebell	neg 1.0		__DUMMY__ 0.9362554379677247 neg 0.036152807469774624 off 0.02759175456250059	false	1.0
unlogisch	neg 1.0		__DUMMY__ 0.9280607384304624 off 0.03982947431291946 neg 0.03210978725661816	false	0.5
leiden	neg 1.0		__DUMMY__ 0.939615907595714 neg 0.03089824677276959 off 0.02948584563151647	false	1.0
abschaffung	neg 1.0		__DUMMY__ 0.9291160873958305 neg 0.03692314466495224 off 0.03396076793921721	false	1.0
sturz	neg 1.0		__DUMMY__ 0.933231265630305 neg 0.03339018995842271 off 0.03337854441127233	false	1.0
verkleinerung	neg 1.0		__DUMMY__ 0.9269327729701928 neg 0.0371966431552416 off 0.03587058387456551	false	1.0
schmarotzer	off 1.0		__DUMMY__ 0.9305231859998565 neg 0.03728930704861331 off 0.03218750695153017	false	0.5
bestrafung	neg 1.0		__DUMMY__ 0.9312314477626135 off 0.03469017520362949 neg 0.034078377033756976	false	0.5
achtlos	neg 1.0		__DUMMY__ 0.9335571350958458 off 0.033328084376538614 neg 0.033114780527615545	false	0.5
ungeheuer	neg 1.0		__DUMMY__ 0.931875488650608 off 0.035674977190532836 neg 0.03244953415885921	false	0.5
