unsolidarisch	neg 1.0		__DUMMY__ 0.8832882223657142 neg 0.06199204655242868 off 0.0547197310818571	false	1.0
nachteilig	neg 1.0		__DUMMY__ 0.8898198069620313 neg 0.059313530160785506 off 0.050866662877183194	false	1.0
skeptisch	neg 1.0		__DUMMY__ 0.8907059379403387 neg 0.058997961065905935 off 0.05029610099375533	false	1.0
schrecklich	neg 1.0		__DUMMY__ 0.8848584278519699 off 0.06311405075775695 neg 0.052027521390273106	false	0.5
schlapp	neg 1.0		__DUMMY__ 0.8881146497025317 off 0.05875561631560763 neg 0.053129733981860564	false	0.5
abfall	neg 1.0		__DUMMY__ 0.8924407896284291 neg 0.05971217925084309 off 0.047847031120727856	false	1.0
widerspenstig	neg 1.0		__DUMMY__ 0.8902751429045609 neg 0.05537542373198816 off 0.05434943336345092	false	1.0
abrupt	neg 1.0		__DUMMY__ 0.8941021313244044 neg 0.055597050238232075 off 0.05030081843736349	false	1.0
unwirksam	neg 1.0		__DUMMY__ 0.8849670209255863 neg 0.060714973843064096 off 0.05431800523134966	false	1.0
angreifen	neg 1.0	neg 1.0	neg 0.5147533299354619 __DUMMY__ 0.4468754730155091 off 0.03837119704902905	false	1.0
inkonsistent	neg 1.0		__DUMMY__ 0.8903000953854849 off 0.05504067153266751 neg 0.054659233081847475	false	0.5
abrutschen	neg 1.0		__DUMMY__ 0.8923075198843566 neg 0.05951010417739222 off 0.04818237593825111	false	1.0
unsicher	neg 1.0		__DUMMY__ 0.8901381940339829 neg 0.05513665053104757 off 0.05472515543496964	false	1.0
bauernkind	off 1.0	off 1.0	off 0.5174564615424864 __DUMMY__ 0.43960699417271343 neg 0.04293654428480025	false	1.0
angreifer	neg 1.0		__DUMMY__ 0.890176923165222 off 0.05576760639182422 neg 0.05405547044295377	false	0.5
trennen	neg 1.0		__DUMMY__ 0.8952416005723499 neg 0.053918098553506565 off 0.05084030087414354	false	1.0
schmutz	neg 1.0		__DUMMY__ 0.8946560180597459 off 0.0556994663060383 neg 0.04964451563421573	false	0.5
inkonsistenz	neg 1.0		__DUMMY__ 0.8834427214776859 off 0.058403688703862755 neg 0.05815358981845136	false	0.5
erschreckend	neg 1.0		__DUMMY__ 0.8884095991836966 neg 0.057791156545919126 off 0.053799244270384336	false	1.0
ertrinken	neg 1.0		__DUMMY__ 0.8933222853443719 neg 0.05513381544506437 off 0.05154389921056385	false	1.0
pickelface	off 1.0		__DUMMY__ 0.8900612220820926 neg 0.05717843054176589 off 0.05276034737614157	false	0.5
seiner			__DUMMY__ 0.8926026282399574 neg 0.056756951412171755 off 0.05064042034787087	false	0.0
lauch	neg 1.0		__DUMMY__ 0.8912670790357565 neg 0.06071751205025201 off 0.04801540891399143	false	1.0
unwichtig	neg 1.0		__DUMMY__ 0.8860563447182142 off 0.05894137938949755 neg 0.055002275892288274	false	0.5
steuerhinterziehung	neg 1.0		__DUMMY__ 0.887099854560602 neg 0.05973415261253913 off 0.053165992826858834	false	1.0
schock	neg 1.0		__DUMMY__ 0.8930476440664763 off 0.05377909594181779 neg 0.053173259991705954	false	0.5
beule	neg 1.0		__DUMMY__ 0.888461338708482 off 0.05892879134884049 neg 0.0526098699426775	false	0.5
vergelten	neg 1.0		__DUMMY__ 0.8890153343386255 off 0.061970518555553605 neg 0.04901414710582094	false	0.5
verdorbenheit	neg 1.0		__DUMMY__ 0.8908335045361637 neg 0.05545965315431392 off 0.053706842309522294	false	1.0
trauma	neg 1.0		__DUMMY__ 0.8890341863722413 off 0.05549634560835958 neg 0.05546946801939922	false	0.5
sinnlos	neg 1.0		__DUMMY__ 0.8896459309474539 off 0.05675843482893939 neg 0.05359563422360673	false	0.5
fettsack	off 1.0	off 1.0	off 0.5187502895604511 __DUMMY__ 0.44144289588733376 neg 0.03980681455221509	false	1.0
feige	off 1.0	off 1.0	off 0.5152655246173489 __DUMMY__ 0.442518153032761 neg 0.04221632234989005	false	1.0
abdanken	neg 1.0		__DUMMY__ 0.8874577743783355 neg 0.05843340397230066 off 0.054108821649363925	false	1.0
wichtigtuer	off 1.0	off 1.0	off 0.5132080051297351 __DUMMY__ 0.4440222535367101 neg 0.04276974133355482	false	1.0
misslingen	neg 1.0		__DUMMY__ 0.895425994831618 off 0.05515829287292703 neg 0.049415712295454974	false	0.5
untreu	off 1.0		__DUMMY__ 0.8851817681930508 off 0.0600011634543269 neg 0.05481706835262227	false	1.0
missmutig	neg 1.0		__DUMMY__ 0.8869076358852892 off 0.05883701032021765 neg 0.05425535379449309	false	0.5
hurenbock	off 1.0		__DUMMY__ 0.8909304986478955 off 0.05547051041528399 neg 0.05359899093682046	false	1.0
betrunken	neg 1.0		__DUMMY__ 0.8882753318790653 off 0.06104677001991504 neg 0.050677898101019636	false	0.5
korrupt	off 1.0		__DUMMY__ 0.8856086007791489 neg 0.06167918306857957 off 0.052712216152271466	false	0.5
unmut	neg 1.0		__DUMMY__ 0.8917747955932928 neg 0.060106996410442155 off 0.04811820799626516	false	1.0
hackfresse	off 1.0		__DUMMY__ 0.881439931640111 off 0.06615411418544097 neg 0.05240595417444798	false	1.0
aufblasen	neg 1.0		__DUMMY__ 0.8909298388617205 off 0.05567058296385264 neg 0.05339957817442696	false	0.5
gewaltsam	neg 1.0		__DUMMY__ 0.8906025667812432 neg 0.055597432682052216 off 0.05380000053670468	false	1.0
unbeliebtheit	neg 1.0		__DUMMY__ 0.8799973868263158 neg 0.06141713031834083 off 0.05858548285534337	false	1.0
sturheit	neg 1.0		__DUMMY__ 0.8882233372296381 neg 0.057875955278117494 off 0.05390070749224443	false	1.0
kuh	neg 1.0		__DUMMY__ 0.8868381934138156 neg 0.05858756561885997 off 0.054574240967324376	false	1.0
erschrecken	neg 1.0		__DUMMY__ 0.8883571294638721 off 0.0582669191425535 neg 0.053375951393574296	false	0.5
opfer	neg 1.0		__DUMMY__ 0.892364860822543 neg 0.05589326947023136 off 0.05174186970722562	false	1.0
sinken	neg 1.0		__DUMMY__ 0.8925461614636947 neg 0.059026996350342614 off 0.04842684218596261	false	1.0
stinktier	neg 1.0		__DUMMY__ 0.8825879925317577 off 0.06350367984051919 neg 0.05390832762772315	false	0.5
tucke	off 1.0		__DUMMY__ 0.87771122027035 off 0.06644139997683193 neg 0.05584737975281811	false	1.0
ein			__DUMMY__ 0.8904777822009725 off 0.05498324507495672 neg 0.05453897272407085	false	0.0
abstieg	neg 1.0		__DUMMY__ 0.8941909939430387 neg 0.05494967573597453 off 0.050859330320986766	false	1.0
missverstehen	neg 1.0		__DUMMY__ 0.88676132098477 off 0.057041103196195105 neg 0.05619757581903493	false	0.5
ergebnislos	neg 1.0		__DUMMY__ 0.8905837875138255 neg 0.05861906921370972 off 0.05079714327246482	false	1.0
unter			__DUMMY__ 0.8989075548878007 neg 0.05710450846138048 off 0.043987936650818696	false	0.0
manipulieren	neg 1.0		__DUMMY__ 0.8907855293432397 neg 0.058802374881894146 off 0.050412095774866106	false	1.0
unbewiesen	neg 1.0		__DUMMY__ 0.8822478124639378 neg 0.06275423794720389 off 0.054997949588858314	false	1.0
verschleppen	neg 1.0		__DUMMY__ 0.8907004906843972 neg 0.05698812524036909 off 0.05231138407523381	false	1.0
weib	off 1.0		__DUMMY__ 0.8812929618708744 off 0.0661140436281324 neg 0.05259299450099324	false	1.0
opposition	neg 1.0		__DUMMY__ 0.8862969230564156 neg 0.057771868793468746 off 0.055931208150115645	false	1.0
verkehrswidrig	neg 1.0	neg 1.0	neg 0.5037311457625064 __DUMMY__ 0.44944356771051436 off 0.04682528652697922	false	1.0
inkorrekt	neg 1.0		__DUMMY__ 0.8822641461846168 off 0.061250150740378394 neg 0.056485703075004806	false	0.5
vermeiden	neg 1.0		__DUMMY__ 0.8953147955393388 neg 0.05874010229772271 off 0.045945102162938505	false	1.0
abweichung	neg 1.0		__DUMMY__ 0.8899884895223693 neg 0.05889624073197515 off 0.05111526974565545	false	1.0
alkoholisiert	neg 1.0		__DUMMY__ 0.8981031332825361 neg 0.05222146877935478 off 0.04967539793810906	false	1.0
scheiss	off 1.0	off 1.0	off 0.5148765268156434 __DUMMY__ 0.44472304707709615 neg 0.040400426107260516	false	1.0
herausforderung	neg 1.0	neg 1.0	neg 0.5082420015089929 __DUMMY__ 0.45362648792701804 off 0.03813151056398905	false	1.0
pervers	off 1.0		__DUMMY__ 0.8799655989694888 off 0.06895092474005542 neg 0.051083476290455766	false	1.0
wackelig	neg 1.0		__DUMMY__ 0.8946800015725247 neg 0.053207314426968084 off 0.052112684000507205	false	1.0
verwickeln	neg 1.0		__DUMMY__ 0.8865961799227833 off 0.05697942518153442 neg 0.05642439489568237	false	0.5
vorwand	neg 1.0		__DUMMY__ 0.8918407817458841 neg 0.0584615074542097 off 0.0496977107999062	false	1.0
muschi	off 1.0		__DUMMY__ 0.8899114201784307 neg 0.05686834447239463 off 0.05322023534917468	false	0.5
entmutigung	neg 1.0		__DUMMY__ 0.8854826649570361 neg 0.0584122763187536 off 0.0561050587242103	false	1.0
unangemessen	neg 1.0		__DUMMY__ 0.8882724347622816 neg 0.058619927530249236 off 0.0531076377074692	false	1.0
unstetig	neg 1.0		__DUMMY__ 0.8914703380726342 off 0.055066926476840555 neg 0.05346273545052523	false	0.5
entmutigen	neg 1.0		__DUMMY__ 0.8887736365487675 off 0.055834379087544794 neg 0.05539198436368766	false	0.5
schwanz	neg 1.0		__DUMMY__ 0.8922207867383164 neg 0.05753998407472387 off 0.05023922918695973	false	1.0
verbot	neg 1.0		__DUMMY__ 0.8878276762539622 neg 0.05973899330954174 off 0.05243333043649606	false	1.0
leid	neg 1.0		__DUMMY__ 0.8850844247536239 off 0.06404609527678792 neg 0.05086947996958812	false	0.5
archaisch	neg 1.0		__DUMMY__ 0.8905207020178464 neg 0.056657739566604796 off 0.05282155841554886	false	1.0
gegen			__DUMMY__ 0.8936579995372855 neg 0.05712923215292199 off 0.0492127683097925	false	0.0
scheidung	neg 1.0		__DUMMY__ 0.8800761914943398 off 0.07223615717764091 neg 0.04768765132801929	false	0.5
einschlag	neg 1.0	neg 1.0	neg 0.5085328083955959 __DUMMY__ 0.44468067203382644 off 0.04678651957057768	false	1.0
m			__DUMMY__ 0.8919490795959635 neg 0.05556074466131894 off 0.052490175742717575	false	0.0
abgestanden	neg 1.0		__DUMMY__ 0.8911456958378855 off 0.05452753513753028 neg 0.05432676902458419	false	0.5
schmierig	off 1.0		__DUMMY__ 0.8851814326580452 off 0.06361975381303006 neg 0.0511988135289247	false	1.0
unpraktisch	neg 1.0		__DUMMY__ 0.8915258698299412 off 0.0551684080016675 neg 0.053305722168391405	false	0.5
wixxer	off 1.0		__DUMMY__ 0.8791129957821411 off 0.06874297059352658 neg 0.052144033624332384	false	1.0
bezeichnet			__DUMMY__ 0.8885264086529527 neg 0.05713211267809913 off 0.05434147866894805	false	0.0
jammerlappen	off 1.0		__DUMMY__ 0.886451703028615 off 0.05907925876706388 neg 0.054469038204321224	false	1.0
farce	neg 1.0		__DUMMY__ 0.8863716629118904 neg 0.0605496039196423 off 0.05307873316846734	false	1.0
zwecklos	neg 1.0		__DUMMY__ 0.8886553264911773 neg 0.0583180164941369 off 0.053026657014685875	false	1.0
turbulent	neg 1.0		__DUMMY__ 0.8861969144193288 off 0.05929959804677002 neg 0.05450348753390125	false	0.5
invasion	neg 1.0		__DUMMY__ 0.8891178712283937 off 0.05676569265928449 neg 0.054116436112321704	false	0.5
schuld	neg 1.0		__DUMMY__ 0.8884118362727608 neg 0.05605410590345628 off 0.05553405782378292	false	1.0
risiko	neg 1.0		__DUMMY__ 0.8917257503029078 off 0.054787697640194574 neg 0.053486552056897604	false	0.5
finster	neg 1.0		__DUMMY__ 0.8904142194145485 off 0.0549127233135363 neg 0.054673057271915335	false	0.5
geisteskrank	off 1.0		__DUMMY__ 0.8841767251608581 off 0.06067865941934149 neg 0.05514461541980038	false	1.0
zusammenbrechen	neg 1.0		__DUMMY__ 0.8911290046187722 neg 0.055458173616344246 off 0.05341282176488353	false	1.0
ausbeute	neg 1.0		__DUMMY__ 0.8951376738447345 neg 0.05487739976881329 off 0.04998492638645214	false	1.0
hinterhalt	neg 1.0		__DUMMY__ 0.8931427045153865 neg 0.05422484435612708 off 0.05263245112848643	false	1.0
kritik	neg 1.0		__DUMMY__ 0.8871692326844418 neg 0.05986524578125104 off 0.052965521534307156	false	1.0
einschrumpfen	neg 1.0		__DUMMY__ 0.8846606799888661 neg 0.05804970537467 off 0.057289614636463926	false	1.0
riskant	neg 1.0		__DUMMY__ 0.8899888399773281 neg 0.058496605969441395 off 0.05151455405323044	false	1.0
frustrieren	neg 1.0		__DUMMY__ 0.8905844097290962 neg 0.05777787493061491 off 0.05163771534028876	false	1.0
groll	neg 1.0		__DUMMY__ 0.8903053898252037 neg 0.056907594320911775 off 0.0527870158538846	false	1.0
gibt			__DUMMY__ 0.8896292381955675 neg 0.057218940741653374 off 0.05315182106277907	false	0.0
qualvoll	neg 1.0		__DUMMY__ 0.8898597141920822 off 0.057505141500492 neg 0.05263514430742588	false	0.5
wackeln	neg 1.0	neg 1.0	neg 0.5097045169008212 __DUMMY__ 0.44852732664131806 off 0.04176815645786081	false	1.0
klagen	neg 1.0		__DUMMY__ 0.8922811198519126 neg 0.05917953572821097 off 0.04853934441987642	false	1.0
bankrott	neg 1.0		__DUMMY__ 0.8881691915446365 off 0.05789990187996607 neg 0.05393090657539749	false	0.5
trauern	neg 1.0		__DUMMY__ 0.892926076312903 neg 0.05561648438658256 off 0.05145743930051446	false	1.0
ablehnung	neg 1.0		__DUMMY__ 0.8872719590338738 neg 0.05966916882645668 off 0.05305887213966942	false	1.0
stur	neg 1.0		__DUMMY__ 0.8873252537134813 neg 0.05663188944817301 off 0.05604285683834581	false	1.0
aufruhr	neg 1.0		__DUMMY__ 0.890319800455938 neg 0.05588320687914572 off 0.053796992664916436	false	1.0
melancholie	neg 1.0		__DUMMY__ 0.8922056935337226 neg 0.055782426628714896 off 0.05201187983756259	false	1.0
ist			__DUMMY__ 0.8883843198433521 off 0.05620753378392768 neg 0.05540814637272029	false	0.0
torheit	neg 1.0		__DUMMY__ 0.8869839190482539 neg 0.05753529977552293 off 0.05548078117622318	false	1.0
dreckskind	off 1.0		__DUMMY__ 0.8812855839438583 off 0.0647824417881109 neg 0.05393197426803091	false	1.0
umtauschen	neg 1.0		__DUMMY__ 0.8902489391501849 neg 0.05603283243758657 off 0.05371822841222862	false	1.0
zum			__DUMMY__ 0.8995901555842534 neg 0.054406513533473165 off 0.0460033308822734	false	0.0
zersetzen	neg 1.0		__DUMMY__ 0.8896123800546659 neg 0.06009674844896384 off 0.05029087149637018	false	1.0
zur			__DUMMY__ 0.8962718733186217 neg 0.058063806952641336 off 0.04566431972873702	false	0.0
frust	neg 1.0		__DUMMY__ 0.8906789194016321 neg 0.056010475176137914 off 0.0533106054222299	false	1.0
unerbittlichkeit	neg 1.0		__DUMMY__ 0.8902069926447829 neg 0.05939191710700888 off 0.050401090248208255	false	1.0
zwei			__DUMMY__ 0.8971415491689138 neg 0.05493444831584323 off 0.04792400251524299	false	0.0
unkorrekt	neg 1.0		__DUMMY__ 0.8811615056044135 off 0.06160864050461211 neg 0.05722985389097438	false	0.5
hexe	off 1.0		__DUMMY__ 0.8865182352133949 off 0.05930759117523064 neg 0.05417417361137447	false	1.0
lasch	neg 1.0		__DUMMY__ 0.8847641837874408 off 0.058066837043077475 neg 0.05716897916948162	false	0.5
rivale	neg 1.0		__DUMMY__ 0.8866478933815632 off 0.061289205241219835 neg 0.052062901377216884	false	0.5
mutlos	off 1.0	off 1.0	off 0.5091028228689795 __DUMMY__ 0.4451603991458345 neg 0.045736777985185946	false	1.0
wirr	off 1.0		__DUMMY__ 0.8814481744607937 off 0.06174293138062765 neg 0.056808894158578586	false	1.0
jahr			__DUMMY__ 0.8958144707318529 neg 0.05474536640764482 off 0.049440162860502145	false	0.0
wird			__DUMMY__ 0.890905175091616 neg 0.05727320964653858 off 0.05182161526184543	false	0.0
strafbar	neg 1.0		__DUMMY__ 0.8894000324576861 neg 0.05892451919424611 off 0.0516754483480678	false	1.0
erosion	neg 1.0		__DUMMY__ 0.8910784216744995 off 0.05500716591780822 neg 0.05391441240769235	false	0.5
eingehen	neg 1.0		__DUMMY__ 0.888249188050984 neg 0.05931042057684234 off 0.05244039137217363	false	1.0
faul	off 1.0		__DUMMY__ 0.8890465696371518 off 0.058016774561156635 neg 0.05293665580169166	false	1.0
provisorium	neg 1.0		__DUMMY__ 0.8976707047103737 neg 0.05868965418357986 off 0.04363964110604634	false	1.0
schmerzen	neg 1.0		__DUMMY__ 0.8905100387549008 neg 0.055399698116560085 off 0.05409026312853912	false	1.0
schrumpfen	neg 1.0		__DUMMY__ 0.8924160775969182 neg 0.0615181317392973 off 0.04606579066378444	false	1.0
geistlos	off 1.0		__DUMMY__ 0.8828207377143628 neg 0.05998305590162502 off 0.057196206384012245	false	0.5
fehlkauf	neg 1.0		__DUMMY__ 0.8882953821090229 off 0.056174460132442344 neg 0.05553015775853481	false	0.5
frustrierend	neg 1.0		__DUMMY__ 0.8890353373217229 off 0.05819181896548304 neg 0.052772843712794046	false	0.5
unzufrieden	neg 1.0		__DUMMY__ 0.8883294114387827 neg 0.058754338635489685 off 0.05291624992572761	false	1.0
verzweifeln	neg 1.0		__DUMMY__ 0.8897050241157413 neg 0.056009344712755205 off 0.054285631171503645	false	1.0
verzweifelt	neg 1.0		__DUMMY__ 0.8880526410227872 off 0.056099381310547675 neg 0.05584797766666516	false	0.5
misstrauensantrag	neg 1.0		__DUMMY__ 0.8870105936277229 neg 0.05650563554675797 off 0.05648377082551909	false	1.0
abfallen	neg 1.0		__DUMMY__ 0.8917213936547979 off 0.05543650651810679 neg 0.052842099827095375	false	0.5
fucker	off 1.0		__DUMMY__ 0.8845249151193131 off 0.061071710674061974 neg 0.05440337420662492	false	1.0
ungezogen	neg 1.0		__DUMMY__ 0.8822560620394121 off 0.067393145517326 neg 0.050350792443261905	false	0.5
irrsinnig	neg 1.0	neg 1.0	neg 0.513175067556803 __DUMMY__ 0.4445522027266897 off 0.04227272971650726	false	1.0
unfassbar	neg 1.0		__DUMMY__ 0.8855857718780612 off 0.05966944327930656 neg 0.05474478484263224	false	0.5
hart	neg 1.0		__DUMMY__ 0.8880787045742536 off 0.057474809205228815 neg 0.05444648622051761	false	0.5
widerlich	off 1.0		__DUMMY__ 0.884218914132611 off 0.06053740484073822 neg 0.05524368102665082	false	1.0
fatal	neg 1.0		__DUMMY__ 0.8880855891792514 off 0.05648940664111508 neg 0.05542500417963341	false	0.5
bruch	neg 1.0		__DUMMY__ 0.8911998025130724 neg 0.0600769244519434 off 0.04872327303498425	false	1.0
aushungern	neg 1.0		__DUMMY__ 0.8872337149241829 neg 0.05882106244238474 off 0.05394522263343229	false	1.0
anspannung	neg 1.0	neg 1.0	neg 0.5103798258962349 __DUMMY__ 0.45442706895749924 off 0.035193105146265946	false	1.0
von			__DUMMY__ 0.895642690289976 neg 0.05549620224879541 off 0.048861107461228674	false	0.0
kraftlos	neg 1.0		__DUMMY__ 0.8934521891196082 neg 0.0538723584425193 off 0.05267545243787251	false	1.0
vom			__DUMMY__ 0.8992687515395275 neg 0.05663154266424054 off 0.044099705796231965	false	0.0
grenzdebil	off 1.0		__DUMMY__ 0.8859654665869514 off 0.0605163751991978 neg 0.05351815821385077	false	1.0
vor			__DUMMY__ 0.8932978021104014 neg 0.05707822131221916 off 0.04962397657737935	false	0.0
unterwerfen	neg 1.0		__DUMMY__ 0.8908967248175784 neg 0.05766894803783195 off 0.051434327144589606	false	1.0
versenkung	neg 1.0		__DUMMY__ 0.8906785516631046 neg 0.05806338359155883 off 0.051258064745336486	false	1.0
entziehen	neg 1.0		__DUMMY__ 0.8918837988893178 neg 0.05901994216047998 off 0.049096258950202205	false	1.0
finanzkrise	neg 1.0		__DUMMY__ 0.8868284789039647 neg 0.059460270023832584 off 0.05371125107220281	false	1.0
schimpfend	neg 1.0		__DUMMY__ 0.8920671815366311 off 0.05507221725475391 neg 0.05286060120861496	false	0.5
profan	neg 1.0		__DUMMY__ 0.8877846228107317 off 0.057165506135021686 neg 0.05504987105424673	false	0.5
korruption	neg 1.0	neg 1.0	neg 0.5154695118836347 __DUMMY__ 0.44486862876310934 off 0.03966185935325608	false	1.0
â			__DUMMY__ 0.8920812794263722 neg 0.05638273807188206 off 0.051535982501745826	false	0.0
schmutzig	neg 1.0		__DUMMY__ 0.8876163671038355 off 0.05999019723630014 neg 0.0523934356598643	false	0.5
sexy	neg 1.0		__DUMMY__ 0.8880233642189342 off 0.05775807946430096 neg 0.05421855631676473	false	0.5
abraten	neg 1.0		__DUMMY__ 0.8887754373354042 off 0.05621678073318561 neg 0.055007781931410205	false	0.5
schwarz	neg 1.0		__DUMMY__ 0.8878636717017814 neg 0.05621949691491005 off 0.05591683138330865	false	1.0
fotze	off 1.0		__DUMMY__ 0.8908591370816635 neg 0.057867868788101906 off 0.05127299413023451	false	0.5
verwirren	neg 1.0		__DUMMY__ 0.8878016064644393 off 0.057427893284021814 neg 0.05477050025153886	false	0.5
zahnlos	off 1.0		__DUMMY__ 0.8885212854608263 neg 0.05851913554060915 off 0.05295957899856464	false	0.5
verheeren	neg 1.0		__DUMMY__ 0.884065724214357 off 0.06845924122297914 neg 0.047475034562663804	false	0.5
hippie	neg 1.0		__DUMMY__ 0.8877205844046608 off 0.05737729280737727 neg 0.054902122787961916	false	0.5
rammen	neg 1.0		__DUMMY__ 0.8887000418598459 neg 0.056468100989245235 off 0.05483185715090889	false	1.0
unlauter	neg 1.0		__DUMMY__ 0.8832398241935671 neg 0.061688844243391126 off 0.05507133156304185	false	1.0
unheilvoll	neg 1.0		__DUMMY__ 0.8917761516477501 off 0.056413664754919615 neg 0.05181018359733017	false	0.5
niedrig	neg 1.0		__DUMMY__ 0.8927255314856434 neg 0.05696261265212647 off 0.05031185586223004	false	1.0
explosion	neg 1.0		__DUMMY__ 0.8872185506351319 off 0.05677149760693811 neg 0.05600995175792996	false	0.5
weichei	off 1.0		__DUMMY__ 0.8826853475323255 off 0.06477037338474781 neg 0.0525442790829267	false	1.0
minusmensch	off 1.0		__DUMMY__ 0.8768124618706089 off 0.06850178108168663 neg 0.05468575704770435	false	1.0
farblos	neg 1.0		__DUMMY__ 0.8963444609461527 off 0.05317253360888739 neg 0.05048300544495994	false	0.5
unwissend	neg 1.0	neg 1.0	neg 0.5120739850597181 __DUMMY__ 0.4428512989116844 off 0.04507471602859746	false	1.0
traurig	neg 1.0		__DUMMY__ 0.8856970135551533 off 0.06221038706524854 neg 0.05209259937959812	false	0.5
senkung	neg 1.0		__DUMMY__ 0.8849305672479435 neg 0.05814934186802512 off 0.0569200908840315	false	1.0
ungleich	neg 1.0	neg 1.0	neg 0.516050483451788 __DUMMY__ 0.4451853862906862 off 0.03876413025752576	false	1.0
heikel	neg 1.0		__DUMMY__ 0.8899130490085064 neg 0.05967247546535465 off 0.05041447552613886	false	1.0
drosselung	neg 1.0		__DUMMY__ 0.8875125595723121 off 0.05990991734374421 neg 0.052577523083943666	false	0.5
falsch	neg 1.0		__DUMMY__ 0.8876962131434724 off 0.058377917992828314 neg 0.05392586886369923	false	0.5
unzufriedenheit	neg 1.0		__DUMMY__ 0.8906906011428743 neg 0.05932360360682879 off 0.04998579525029685	false	1.0
kurz	neg 1.0		__DUMMY__ 0.8923408292687489 neg 0.054689077497494146 off 0.052970093233756926	false	1.0
unsinnig	neg 1.0		__DUMMY__ 0.8872393153199377 neg 0.059409718622590806 off 0.05335096605747146	false	1.0
penner	off 1.0	off 1.0	off 0.5205800182834638 __DUMMY__ 0.44018930140659995 neg 0.03923068030993623	false	1.0
seicht	neg 1.0		__DUMMY__ 0.8789775046083385 off 0.06755766191972776 neg 0.05346483347193376	false	0.5
dummheit	off 1.0	off 1.0	off 0.513433871392101 __DUMMY__ 0.44358394780217436 neg 0.04298218080572463	false	1.0
unerfreulich	neg 1.0		__DUMMY__ 0.8921097102537887 neg 0.05844292062919576 off 0.049447369117015576	false	1.0
motherfucker	off 1.0	off 1.0	off 0.5163689300550572 __DUMMY__ 0.4419091420390112 neg 0.041721927905931544	false	1.0
pikiert	neg 1.0		__DUMMY__ 0.884462270869618 off 0.05957153700077828 neg 0.05596619212960367	false	0.5
wrack	neg 1.0		__DUMMY__ 0.8956177161461265 neg 0.053714800341674224 off 0.05066748351219927	false	1.0
gangster	neg 1.0		__DUMMY__ 0.8884552486311501 off 0.05697517003620065 neg 0.05456958133264912	false	0.5
krank	neg 1.0		__DUMMY__ 0.887638529341199 off 0.06052294490161491 neg 0.051838525757186	false	0.5
reich	neg 1.0		__DUMMY__ 0.8860753191822891 off 0.05828922246308678 neg 0.05563545835462422	false	0.5
gnadenlos	neg 1.0		__DUMMY__ 0.8889910112430476 off 0.055557331357253936 neg 0.05545165739969853	false	0.5
niedergeschlagen	neg 1.0		__DUMMY__ 0.8926287220280885 neg 0.05398482197726035 off 0.05338645599465109	false	1.0
terrorisieren	off 1.0	off 1.0	off 0.5093606678236737 __DUMMY__ 0.4477648397120739 neg 0.04287449246425232	false	1.0
sinnlosigkeit	neg 1.0		__DUMMY__ 0.8890833790549343 neg 0.057914272288759935 off 0.05300234865630587	false	1.0
behindern	neg 1.0		__DUMMY__ 0.8883998691680725 neg 0.05782149486660695 off 0.05377863596532059	false	1.0
undemokratisch	neg 1.0		__DUMMY__ 0.8855707991313826 neg 0.058831240856373895 off 0.05559796001224346	false	1.0
wirtschaftskrise	neg 1.0		__DUMMY__ 0.8887738710154708 neg 0.0594556392633584 off 0.05177048972117086	false	1.0
neid	neg 1.0		__DUMMY__ 0.8903114851945866 off 0.05873017739132242 neg 0.050958337414090976	false	0.5
rutschen	neg 1.0	neg 1.0	neg 0.5108146347076398 __DUMMY__ 0.4529077398677618 off 0.03627762542459856	false	1.0
rezession	neg 1.0		__DUMMY__ 0.882250037081298 off 0.06309524948153225 neg 0.054654713437169745	false	0.5
fehlgeburt	neg 1.0		__DUMMY__ 0.8917780111108009 off 0.05622122153305027 neg 0.05200076735614878	false	0.5
charakterschwach	off 1.0		__DUMMY__ 0.8860785750156045 off 0.060314501224001664 neg 0.05360692376039376	false	1.0
isolation	neg 1.0		__DUMMY__ 0.8885878064915866 off 0.05806168319070184 neg 0.053350510317711645	false	0.5
ablenkung	neg 1.0		__DUMMY__ 0.8898441893734302 neg 0.05526576132045562 off 0.054890049306114144	false	1.0
pech	neg 1.0		__DUMMY__ 0.8884026233905459 off 0.05765356975527739 neg 0.053943806854176636	false	0.5
vermeidung	neg 1.0		__DUMMY__ 0.8841178607135599 off 0.060207326499332345 neg 0.05567481278710771	false	0.5
dominieren	neg 1.0		__DUMMY__ 0.8937200766977917 neg 0.054770444487134425 off 0.05150947881507378	false	1.0
schwindlig	neg 1.0		__DUMMY__ 0.8927814134644179 off 0.05641011874961815 neg 0.05080846778596401	false	0.5
lutscher	neg 1.0		__DUMMY__ 0.8791254093675049 off 0.06795512064399065 neg 0.05291946998850437	false	0.5
pflicht	neg 1.0		__DUMMY__ 0.890001426184482 neg 0.0595759511326622 off 0.0504226226828558	false	1.0
faschist	off 1.0		__DUMMY__ 0.8846559944492968 neg 0.05781820549042501 off 0.05752580006027827	false	0.5
verschleudern	neg 1.0		__DUMMY__ 0.8853724724525207 neg 0.06357809395666747 off 0.05104943359081188	false	1.0
wenn			__DUMMY__ 0.8873284614804259 off 0.058594698094416545 neg 0.054076840425157646	false	0.0
ehebruch	neg 1.0		__DUMMY__ 0.8901987813074342 neg 0.057797837693661744 off 0.05200338099890395	false	1.0
spott	off 1.0		__DUMMY__ 0.8887719612548927 neg 0.05968439202895857 off 0.051543646716148674	false	0.5
trostlosigkeit	neg 1.0		__DUMMY__ 0.8933432385085501 neg 0.05741926468351211 off 0.04923749680793773	false	1.0
lutschen	neg 1.0		__DUMMY__ 0.8867274608491144 off 0.056835619376095374 neg 0.05643691977479032	false	0.5
undiszipliniert	neg 1.0		__DUMMY__ 0.8867795462783082 off 0.06140786084568358 neg 0.05181259287600813	false	0.5
kopfschmerz	neg 1.0		__DUMMY__ 0.8926099738940445 neg 0.054539819060957215 off 0.052850207044998335	false	1.0
unvorhergesehen	neg 1.0		__DUMMY__ 0.8954482062106048 neg 0.05369705902035511 off 0.05085473476904003	false	1.0
desinteressiert	neg 1.0		__DUMMY__ 0.8847427978035967 off 0.06137098500779121 neg 0.0538862171886121	false	0.5
armselig	off 1.0		__DUMMY__ 0.882167106644658 off 0.06234017549965413 neg 0.05549271785568785	false	1.0
desaster	neg 1.0		__DUMMY__ 0.8913115185881534 neg 0.06039646467659648 off 0.048292016735250055	false	1.0
tod	neg 1.0		__DUMMY__ 0.8954273983469836 neg 0.05305110932144552 off 0.05152149233157089	false	1.0
herzlos	neg 1.0		__DUMMY__ 0.8838730265013223 off 0.06268106216506214 neg 0.05344591133361567	false	0.5
unwissenheit	neg 1.0		__DUMMY__ 0.8868846230089317 neg 0.060296475757084626 off 0.05281890123398368	false	1.0
widersinnig	neg 1.0	neg 1.0	neg 0.516753937322057 __DUMMY__ 0.4428250173294357 off 0.040421045348507365	false	1.0
bedenklich	neg 1.0		__DUMMY__ 0.889044690452958 neg 0.059231431128148014 off 0.051723878418894066	false	1.0
beanstanden	neg 1.0		__DUMMY__ 0.891059593367734 neg 0.05912222475626426 off 0.04981818187600163	false	1.0
panisch	neg 1.0	neg 1.0	neg 0.5079277541533551 __DUMMY__ 0.4489896333903701 off 0.04308261245627483	false	1.0
debil	off 1.0		__DUMMY__ 0.8952658868944596 neg 0.059668209839937494 off 0.04506590326560289	false	0.5
abstrich	neg 1.0		__DUMMY__ 0.8905822766906181 neg 0.05843145797919992 off 0.050986265330182086	false	1.0
primitiv	neg 1.0		__DUMMY__ 0.884384894494449 off 0.06094898037327381 neg 0.054666125132277116	false	0.5
abschaum	off 1.0	off 1.0	off 0.5149396463603209 __DUMMY__ 0.4432687977837361 neg 0.04179155585594304	false	1.0
provozieren	neg 1.0		__DUMMY__ 0.8878686693033997 neg 0.05673171151145696 off 0.05539961918514335	false	1.0
tot	neg 1.0		__DUMMY__ 0.8908201682077582 neg 0.05842541860387761 off 0.050754413188364114	false	1.0
instabil	neg 1.0		__DUMMY__ 0.8821886588720526 off 0.06064940251574492 neg 0.05716193861220259	false	0.5
schwuchtel	off 1.0		__DUMMY__ 0.8764041116866194 off 0.07225978323502173 neg 0.05133610507835901	false	1.0
zerren	neg 1.0		__DUMMY__ 0.8923960045494591 neg 0.05399871177305142 off 0.053605283677489596	false	1.0
kinderficker	off 1.0		__DUMMY__ 0.8801421169867055 off 0.06455846794742295 neg 0.055299415065871604	false	1.0
gefahr	neg 1.0		__DUMMY__ 0.8918496536634887 neg 0.0580467830497326 off 0.050103563286778785	false	1.0
rabiat	neg 1.0		__DUMMY__ 0.8879260010962345 neg 0.05728387508953646 off 0.05479012381422904	false	1.0
verlangsamung	neg 1.0		__DUMMY__ 0.8824621788772451 off 0.06611739894614205 neg 0.051420422176612766	false	0.5
ausgestorben	neg 1.0		__DUMMY__ 0.8914134051856514 neg 0.05443524950064028 off 0.05415134531370827	false	1.0
anklagen	neg 1.0		__DUMMY__ 0.8889835502498495 neg 0.05775806039608174 off 0.05325838935406868	false	1.0
trott	neg 1.0		__DUMMY__ 0.8904701394844414 neg 0.055531597033149575 off 0.05399826348240899	false	1.0
verminderung	neg 1.0		__DUMMY__ 0.8846160863001337 off 0.060897861162751935 neg 0.05448605253711444	false	0.5
nach			__DUMMY__ 0.9003222848478281 neg 0.05321325123081903 off 0.04646446392135282	false	0.0
rost	neg 1.0		__DUMMY__ 0.8845304741299745 off 0.06477891638798579 neg 0.05069060948203967	false	0.5
destruktiv	neg 1.0		__DUMMY__ 0.8863716392685705 neg 0.05918950698363217 off 0.05443885374779732	false	1.0
unzumutbarkeit	neg 1.0		__DUMMY__ 0.888619388843046 off 0.0586874066955345 neg 0.05269320446141953	false	0.5
labil	off 1.0	off 1.0	off 0.5148874271884518 __DUMMY__ 0.4432428770969827 neg 0.04186969571456551	false	1.0
ziemlich	neg 1.0		__DUMMY__ 0.8873348161238149 off 0.05999092387479369 neg 0.052674260001391346	false	0.5
lachnummer	off 1.0		__DUMMY__ 0.8875856233650328 neg 0.05767562670171521 off 0.054738749933252034	false	0.5
oder			__DUMMY__ 0.8910313520094314 off 0.05469366690174665 neg 0.05427498108882196	false	0.0
verfall	neg 1.0		__DUMMY__ 0.8933168142124613 neg 0.060584778149646176 off 0.046098407637892545	false	1.0
ausgrenzung	neg 1.0		__DUMMY__ 0.8861550498844698 neg 0.05759415227495161 off 0.05625079784057866	false	1.0
unordnung	neg 1.0		__DUMMY__ 0.8893929910102358 off 0.059357414680977674 neg 0.05124959430878647	false	0.5
fehlverhalten	neg 1.0		__DUMMY__ 0.8902166706090213 neg 0.0590605441452982 off 0.05072278524568051	false	1.0
eine			__DUMMY__ 0.8917386882930771 neg 0.058410759256079206 off 0.04985055245084378	false	0.0
nille	neg 1.0		__DUMMY__ 0.8899749430789137 neg 0.0563328779560254 off 0.05369217896506084	false	1.0
qual	neg 1.0		__DUMMY__ 0.8902997221339543 neg 0.055837391223643076 off 0.05386288664240255	false	1.0
verschwenden	neg 1.0		__DUMMY__ 0.8893048479850209 neg 0.058687122176882836 off 0.052008029838096416	false	1.0
riesig	neg 1.0	neg 1.0	neg 0.5106128098265869 __DUMMY__ 0.45037016714548467 off 0.03901702302792849	false	1.0
verurteilen	neg 1.0		__DUMMY__ 0.8891711270685576 neg 0.05790252597471656 off 0.05292634695672585	false	1.0
klischee	neg 1.0	neg 1.0	neg 0.5131132650782159 __DUMMY__ 0.44282851722428734 off 0.044058217697496814	false	1.0
diktatorisch	neg 1.0		__DUMMY__ 0.8845107216829526 neg 0.05933546589055468 off 0.05615381242649275	false	1.0
vorhersehbar	neg 1.0	neg 1.0	neg 0.5127431266442659 __DUMMY__ 0.4436260509503656 off 0.04363082240536846	false	1.0
sowie			__DUMMY__ 0.8828382601680167 off 0.06442654190585258 neg 0.05273519792613064	false	0.0
stornieren	neg 1.0		__DUMMY__ 0.8952963750442139 off 0.05508890283640485 neg 0.04961472211938127	false	0.5
besteuerung	neg 1.0		__DUMMY__ 0.8850312069816503 neg 0.059985568789751954 off 0.05498322422859773	false	1.0
ungeschminkt	neg 1.0		__DUMMY__ 0.884720698815343 off 0.05989415534280572 neg 0.05538514584185121	false	0.5
kritisch	neg 1.0		__DUMMY__ 0.8891926924904544 neg 0.05918753326820442 off 0.05161977424134111	false	1.0
schlamperei	off 1.0		__DUMMY__ 0.8892238146498658 neg 0.060120451438703704 off 0.0506557339114305	false	0.5
sucht	neg 1.0	neg 1.0	neg 0.5103088433738593 __DUMMY__ 0.4486570553506666 off 0.04103410127547407	false	1.0
egoistisch	off 1.0		__DUMMY__ 0.8835054553497547 off 0.0648712051282308 neg 0.05162333952201451	false	1.0
ausbeuter	off 1.0		__DUMMY__ 0.8888271562556106 neg 0.06058287449623228 off 0.05058996924815714	false	0.5
arschgeburt	off 1.0		__DUMMY__ 0.8754451814949628 off 0.0725309855758317 neg 0.052023832929205545	false	1.0
schubs	neg 1.0	neg 1.0	neg 0.5111121438418932 __DUMMY__ 0.449354566620183 off 0.03953328953792382	false	1.0
unsolide	neg 1.0		__DUMMY__ 0.8808856788822272 neg 0.06262832983352347 off 0.05648599128424935	false	1.0
beschwerde	neg 1.0		__DUMMY__ 0.8891378238540372 neg 0.06011833650528614 off 0.05074383964067665	false	1.0
stocken	neg 1.0		__DUMMY__ 0.8905141145101669 neg 0.05821186138203831 off 0.051274024107794754	false	1.0
isolieren	neg 1.0		__DUMMY__ 0.8888284069502344 neg 0.05890720888360959 off 0.05226438416615607	false	1.0
unheilbar	neg 1.0		__DUMMY__ 0.8919218424192034 off 0.05524296010895056 neg 0.05283519747184614	false	0.5
pisser	off 1.0		__DUMMY__ 0.885971878456625 off 0.061139698597095456 neg 0.05288842294627958	false	1.0
löschen	neg 1.0		__DUMMY__ 0.8895296394829473 neg 0.055985966194856525 off 0.05448439432219616	false	1.0
durchfallen	neg 1.0		__DUMMY__ 0.8874727624410268 neg 0.05980277406129554 off 0.05272446349767758	false	1.0
wichser	off 1.0		__DUMMY__ 0.8807579302760759 off 0.0691361183241586 neg 0.05010595139976549	false	1.0
terror	neg 1.0		__DUMMY__ 0.8902194162659348 off 0.05684288014857857 neg 0.052937703585486676	false	0.5
krass	neg 1.0		__DUMMY__ 0.8838588352451852 off 0.0628104914577663 neg 0.05333067329704853	false	0.5
revolte	neg 1.0		__DUMMY__ 0.8857466189578382 neg 0.057540119210386584 off 0.05671326183177511	false	1.0
besorgt	neg 1.0		__DUMMY__ 0.8937067225230227 neg 0.05354451313552378 off 0.052748764341453584	false	1.0
nachlassen	neg 1.0		__DUMMY__ 0.8916598840357396 neg 0.05766348240665242 off 0.05067663355760786	false	1.0
alt	neg 1.0		__DUMMY__ 0.8914143472160947 neg 0.05733890702858792 off 0.0512467457553174	false	1.0
hundesohn	off 1.0		__DUMMY__ 0.8791615607549491 off 0.0680378148631798 neg 0.052800624381871046	false	1.0
als			__DUMMY__ 0.8922460577416562 neg 0.054771130428803924 off 0.052982811829539844	false	0.0
abschreckung	neg 1.0		__DUMMY__ 0.8920702477661023 neg 0.058536443132121536 off 0.049393309101776035	false	1.0
unqualifiziert	neg 1.0		__DUMMY__ 0.8831927475925708 neg 0.058947944292003056 off 0.05785930811542616	false	1.0
abgewichst	off 1.0		__DUMMY__ 0.8908623547427603 neg 0.05612194410954535 off 0.05301570114769428	false	0.5
schwer	neg 1.0		__DUMMY__ 0.8897677352575777 neg 0.05563013988508929 off 0.054602124857332894	false	1.0
bedeutungslosigkeit	neg 1.0		__DUMMY__ 0.890665436177547 neg 0.05914182683261098 off 0.05019273698984194	false	1.0
kapitulation	neg 1.0		__DUMMY__ 0.8878211975898719 neg 0.06069276674369471 off 0.05148603566643336	false	1.0
unscharf	neg 1.0		__DUMMY__ 0.8881054733701542 off 0.0562493360249371 neg 0.055645190604908724	false	0.5
schwinden	neg 1.0		__DUMMY__ 0.8908348462753872 neg 0.059197246471390026 off 0.04996790725322286	false	1.0
versklavung	neg 1.0		__DUMMY__ 0.8848126288789065 neg 0.059474309250252363 off 0.05571306187084104	false	1.0
schlecht	neg 1.0		__DUMMY__ 0.8876307303791536 off 0.06014642304748584 neg 0.05222284657336048	false	0.5
verhasst	neg 1.0		__DUMMY__ 0.8880311950461003 neg 0.05622121482051799 off 0.05574759013338171	false	1.0
beschweren	neg 1.0		__DUMMY__ 0.888287784774099 off 0.05639773920202399 neg 0.05531447602387701	false	0.5
scheiden	neg 1.0		__DUMMY__ 0.895099815288255 off 0.05452072107609997 neg 0.05037946363564515	false	0.5
frustriert	neg 1.0		__DUMMY__ 0.8900948776048282 neg 0.05619967798404745 off 0.053705444411124306	false	1.0
schimmelig	neg 1.0		__DUMMY__ 0.8924112428534805 neg 0.05708716225803936 off 0.050501594888480064	false	1.0
fisch	neg 1.0		__DUMMY__ 0.8975127362312681 neg 0.053157248896141575 off 0.0493300148725902	false	1.0
schmuggel	neg 1.0		__DUMMY__ 0.8961122931861696 neg 0.05392626633517433 off 0.04996144047865617	false	1.0
auffallen	neg 1.0		__DUMMY__ 0.8882879686644495 off 0.056952623972582515 neg 0.05475940736296806	false	0.5
konkurrenz	neg 1.0	neg 1.0	neg 0.5147947242922286 __DUMMY__ 0.4479417854825843 off 0.03726349022518708	false	1.0
teufelskreis	neg 1.0		__DUMMY__ 0.8890721660911733 neg 0.056716990524722725 off 0.054210843384103966	false	1.0
aufschreien	neg 1.0		__DUMMY__ 0.8871094491428198 off 0.05690157845833226 neg 0.05598897239884802	false	0.5
schuldner	neg 1.0		__DUMMY__ 0.8917869948662297 neg 0.05800386526952719 off 0.05020913986424311	false	1.0
missgeburt	off 1.0	off 1.0	off 0.5188767551684795 __DUMMY__ 0.44132940863029113 neg 0.039793836201229275	false	1.0
arbeitslos	neg 1.0		__DUMMY__ 0.8875740856693781 neg 0.05941467895884629 off 0.053011235371775545	false	1.0
befallen	neg 1.0		__DUMMY__ 0.8899080548057325 neg 0.05688201497644697 off 0.053209930217820486	false	1.0
miesepetrig	off 1.0	off 1.0	off 0.5153144497348853 __DUMMY__ 0.444717391552278 neg 0.03996815871283669	false	1.0
alarmieren	neg 1.0		__DUMMY__ 0.8850195216036935 off 0.058903308738514494 neg 0.05607716965779205	false	0.5
ungeduscht	off 1.0		__DUMMY__ 0.8888516419320112 off 0.05737658599469394 neg 0.0537717720732948	false	1.0
knappheit	neg 1.0		__DUMMY__ 0.8878098399954629 neg 0.06087105040505886 off 0.051319109599478205	false	1.0
schlange	neg 1.0		__DUMMY__ 0.8917176491996233 off 0.05613550023136172 neg 0.05214685056901509	false	0.5
harsch	neg 1.0		__DUMMY__ 0.8860927360631116 off 0.06353063704254913 neg 0.05037662689433935	false	0.5
lang	neg 1.0		__DUMMY__ 0.8898696377086918 neg 0.055245768983294086 off 0.05488459330801413	false	1.0
ziellos	neg 1.0		__DUMMY__ 0.8922167429615817 neg 0.05536471113854918 off 0.052418545899869086	false	1.0
selbstverliebt	neg 1.0		__DUMMY__ 0.8770254629541818 off 0.07004364889972842 neg 0.05293088814608975	false	0.5
beseitigen	neg 1.0	neg 1.0	neg 0.5102435249376396 __DUMMY__ 0.44906435450090443 off 0.04069212056145591	false	1.0
dumm	off 1.0		__DUMMY__ 0.8817498957252964 off 0.06570974665356924 neg 0.052540357621134466	false	1.0
arbeitsloser	neg 1.0		__DUMMY__ 0.8904807342477419 neg 0.05723880432323036 off 0.05228046142902765	false	1.0
blitzen	neg 1.0		__DUMMY__ 0.8880686424162912 off 0.0575187753318634 neg 0.05441258225184537	false	0.5
hilflos	neg 1.0		__DUMMY__ 0.89052383395545 neg 0.05625527209466201 off 0.05322089394988801	false	1.0
eklig	off 1.0		__DUMMY__ 0.8816918803019377 off 0.06619661973779345 neg 0.052111499960268926	false	1.0
begriff			__DUMMY__ 0.8882254757047386 neg 0.058109596930089 off 0.053664927365172366	false	0.0
hungersnot	neg 1.0		__DUMMY__ 0.8916605334836823 neg 0.055229030160376294 off 0.053110436355941315	false	1.0
ungesetzlich	neg 1.0		__DUMMY__ 0.8807926535597511 neg 0.06231120505217427 off 0.0568961413880747	false	1.0
verschwendung	neg 1.0		__DUMMY__ 0.8908131942788683 neg 0.05819893277498893 off 0.05098787294614278	false	1.0
schmerzvoll	neg 1.0		__DUMMY__ 0.8889520277359414 off 0.05629742851729354 neg 0.054750543746765155	false	0.5
vorzeitig	neg 1.0		__DUMMY__ 0.8902370551546551 off 0.057349661772936024 neg 0.05241328307240878	false	0.5
unvollkommenheit	neg 1.0		__DUMMY__ 0.8966793063150491 off 0.052278259742098154 neg 0.051042433942852725	false	0.5
intervenieren	neg 1.0		__DUMMY__ 0.8886611238561044 neg 0.06047748571678407 off 0.050861390427111575	false	1.0
banause	off 1.0		__DUMMY__ 0.8786556990214406 off 0.06804818990896723 neg 0.05329611106959217	false	1.0
rebell	neg 1.0		__DUMMY__ 0.8940223741915545 neg 0.05838292300742341 off 0.047594702801021974	false	1.0
unlogisch	neg 1.0		__DUMMY__ 0.8844816268830414 off 0.06238185193034819 neg 0.05313652118661044	false	0.5
leiden	neg 1.0		__DUMMY__ 0.8978957115153305 neg 0.05206612860285487 off 0.05003815988181452	false	1.0
abschaffung	neg 1.0		__DUMMY__ 0.8857426374599844 neg 0.059159218900822014 off 0.055098143639193665	false	1.0
sturz	neg 1.0		__DUMMY__ 0.8906195052656675 neg 0.05489024613005514 off 0.054490248604277446	false	1.0
verkleinerung	neg 1.0		__DUMMY__ 0.8832628597767593 neg 0.059365868326523775 off 0.05737127189671685	false	1.0
schmarotzer	off 1.0		__DUMMY__ 0.887433387394247 neg 0.059655414205694056 off 0.05291119840005892	false	0.5
bestrafung	neg 1.0		__DUMMY__ 0.8882418876126845 off 0.056035295843008696 neg 0.055722816544306865	false	0.5
achtlos	neg 1.0		__DUMMY__ 0.8909964267678684 neg 0.05453345947233197 off 0.054470113759799633	false	1.0
ungeheuer	neg 1.0		__DUMMY__ 0.8890150574590905 off 0.057328282997819086 neg 0.0536566595430904	false	0.5
