unsolidarisch	neg 1.0		neg 0.34366463162811484 __DUMMY__ 0.33267776632292395 off 0.3236576020489613	false	1.0
nachteilig	neg 1.0		neg 0.34270461394189794 __DUMMY__ 0.33612934607625855 off 0.3211660399818434	false	1.0
skeptisch	neg 1.0		neg 0.3426169278686264 __DUMMY__ 0.3367184546812524 off 0.3206646174501212	false	1.0
schrecklich	neg 1.0		off 0.3371236118119161 __DUMMY__ 0.33345987585640857 neg 0.32941651233167524	false	0.5
schlapp	neg 1.0		__DUMMY__ 0.3351420584367359 off 0.33254604022691636 neg 0.3323119013363478	false	0.5
abfall	neg 1.0		neg 0.34437943860613435 __DUMMY__ 0.33765890132422277 off 0.3179616600696429	false	1.0
widerspenstig	neg 1.0		neg 0.33672682297633305 __DUMMY__ 0.3363442030717826 off 0.32692897395188425	false	1.0
abrupt	neg 1.0		neg 0.3390173518258295 __DUMMY__ 0.338369387570248 off 0.3226132606039226	false	1.0
unwirksam	neg 1.0		neg 0.34213789148652013 __DUMMY__ 0.33350213072858187 off 0.3243599777848981	false	1.0
angreifen	neg 1.0	neg 1.0	neg 0.6593531245280446 off 0.1774009213487239 __DUMMY__ 0.16324595412323153	false	1.0
inkonsistent	neg 1.0		__DUMMY__ 0.33624104858174725 neg 0.335869541013687 off 0.32788941040456576	false	1.0
abrutschen	neg 1.0		neg 0.343971741063717 __DUMMY__ 0.33763753444263295 off 0.3183907244936501	false	1.0
unsicher	neg 1.0		neg 0.33657637331530393 __DUMMY__ 0.33642760425455626 off 0.3269960224301398	false	1.0
bauernkind	off 1.0	off 1.0	off 0.6552024508715947 neg 0.18458165456812606 __DUMMY__ 0.16021589456027918	false	1.0
angreifer	neg 1.0		__DUMMY__ 0.33630945638345 neg 0.33529315545807936 off 0.32839738815847064	false	1.0
trennen	neg 1.0		__DUMMY__ 0.3391517633191814 neg 0.3372212030745549 off 0.32362703360626377	false	1.0
schmutz	neg 1.0		__DUMMY__ 0.33846524205925577 neg 0.33097481056743316 off 0.3305599473733112	false	1.0
inkonsistenz	neg 1.0		neg 0.33797681941820656 __DUMMY__ 0.3326744650751183 off 0.32934871550667527	false	1.0
erschreckend	neg 1.0		neg 0.3397027276828817 __DUMMY__ 0.3355104825869562 off 0.3247867897301621	false	1.0
ertrinken	neg 1.0		__DUMMY__ 0.33814048739934977 neg 0.3380953132467165 off 0.3237641993539337	false	1.0
pickelface	off 1.0		neg 0.339617368107746 __DUMMY__ 0.3362324577400692 off 0.3241501741521848	false	0.5
seiner			neg 0.34019129930221564 __DUMMY__ 0.3377562616280406 off 0.32205243906974373	false	0.0
lauch	neg 1.0		neg 0.3451231623911452 __DUMMY__ 0.3369392387654507 off 0.31793759884340406	false	1.0
unwichtig	neg 1.0		neg 0.3344447150361531 __DUMMY__ 0.334152420998085 off 0.33140286396576185	false	1.0
steuerhinterziehung	neg 1.0		neg 0.34220900571021073 __DUMMY__ 0.33466502239403656 off 0.3231259718957526	false	1.0
schock	neg 1.0		__DUMMY__ 0.3379568786962297 neg 0.3350553540725621 off 0.3269877672312082	false	1.0
beule	neg 1.0		__DUMMY__ 0.33524047906255067 off 0.3330190099247025 neg 0.33174051101274676	false	0.5
vergelten	neg 1.0		off 0.33678012636479754 __DUMMY__ 0.33551625851797295 neg 0.3277036151172294	false	0.5
verdorbenheit	neg 1.0		neg 0.3370158095471491 __DUMMY__ 0.3366246189407601 off 0.3263595715120907	false	1.0
trauma	neg 1.0		neg 0.3364827113063971 __DUMMY__ 0.3358180785498945 off 0.32769921014370845	false	1.0
sinnlos	neg 1.0		__DUMMY__ 0.33610728054364 neg 0.3341565240280691 off 0.32973619542829097	false	1.0
fettsack	off 1.0	off 1.0	off 0.6570078141640205 neg 0.18204320114684946 __DUMMY__ 0.16094898468913005	false	1.0
feige	off 1.0	off 1.0	off 0.6534111681534743 neg 0.18512054837667574 __DUMMY__ 0.16146828346984987	false	1.0
abdanken	neg 1.0		neg 0.34066349494383397 __DUMMY__ 0.3348904900986467 off 0.32444601495751935	false	1.0
wichtigtuer	off 1.0	off 1.0	off 0.651695616373174 neg 0.18623843151663777 __DUMMY__ 0.16206595211018832	false	1.0
misslingen	neg 1.0		__DUMMY__ 0.3389300319037829 neg 0.3310380466072792 off 0.3300319214889379	false	1.0
untreu	off 1.0		__DUMMY__ 0.33371340477346734 neg 0.33362536798177406 off 0.33266122724475855	false	0.5
missmutig	neg 1.0		__DUMMY__ 0.33459607449702 neg 0.33359234579259256 off 0.3318115797103876	false	1.0
hurenbock	off 1.0		__DUMMY__ 0.3365768656436244 neg 0.33469470698757586 off 0.32872842736879976	false	0.5
betrunken	neg 1.0		off 0.33578721440047643 __DUMMY__ 0.33523051278704447 neg 0.32898227281247916	false	0.5
korrupt	off 1.0		neg 0.344354864415204 __DUMMY__ 0.33391560949730303 off 0.32172952608749283	false	0.5
unmut	neg 1.0		neg 0.34487102965837513 __DUMMY__ 0.33727709251754906 off 0.31785187782407587	false	1.0
hackfresse	off 1.0		off 0.3401090945131355 __DUMMY__ 0.3315769898689638 neg 0.32831391561790074	false	1.0
aufblasen	neg 1.0		__DUMMY__ 0.336754849789352 neg 0.3342436614549724 off 0.32900148875567564	false	1.0
gewaltsam	neg 1.0		neg 0.3376590643426772 __DUMMY__ 0.33654503582143375 off 0.32579589983588897	false	1.0
unbeliebtheit	neg 1.0		neg 0.3410393003049404 __DUMMY__ 0.3308307995010373 off 0.3281299001940224	false	1.0
sturheit	neg 1.0		neg 0.34000393568334075 __DUMMY__ 0.33535849212591423 off 0.3246375721907451	false	1.0
kuh	neg 1.0		neg 0.33966531369372976 __DUMMY__ 0.33431005577692113 off 0.32602463052934916	false	1.0
erschrecken	neg 1.0		__DUMMY__ 0.335411583453136 neg 0.3330278424054375 off 0.3315605741414267	false	1.0
opfer	neg 1.0		neg 0.3390361694962754 __DUMMY__ 0.33756516729713043 off 0.3233986632065943	false	1.0
sinken	neg 1.0		neg 0.34355491020747675 __DUMMY__ 0.3376087871175684 off 0.3188363026749549	false	1.0
stinktier	neg 1.0		off 0.33675365567144183 __DUMMY__ 0.33212981985145845 neg 0.33111652447709966	false	0.5
tucke	off 1.0		off 0.33911911511530574 neg 0.3313939975514876 __DUMMY__ 0.32948688733320664	false	1.0
ein			__DUMMY__ 0.3364758178074136 neg 0.33561317440732324 off 0.32791100778526316	false	0.0
abstieg	neg 1.0		neg 0.33863872299300934 __DUMMY__ 0.33844737716658985 off 0.32291389984040086	false	1.0
missverstehen	neg 1.0		neg 0.3366190358629038 __DUMMY__ 0.3345446504277993 off 0.3288363137092969	false	1.0
ergebnislos	neg 1.0		neg 0.3421174267765787 __DUMMY__ 0.33659432229057673 off 0.32128825093284447	false	1.0
unter			neg 0.3435720143023741 __DUMMY__ 0.3411036851100893 off 0.3153243005875366	false	0.0
manipulieren	neg 1.0		neg 0.34255203926648503 __DUMMY__ 0.33670483583892624 off 0.32074312489458867	false	1.0
unbewiesen	neg 1.0		neg 0.3442993603008119 __DUMMY__ 0.33213114223044055 off 0.3235694974687475	false	1.0
verschleppen	neg 1.0		neg 0.3400162762522712 __DUMMY__ 0.33659363036322787 off 0.32339009338450087	false	1.0
weib	off 1.0		off 0.33994474683691833 __DUMMY__ 0.33145179447524153 neg 0.32860345868784013	false	1.0
opposition	neg 1.0		neg 0.33837801926011485 __DUMMY__ 0.33424408676010475 off 0.3273778939797804	false	1.0
verkehrswidrig	neg 1.0	neg 1.0	neg 0.6485026428296152 off 0.18746990961776563 __DUMMY__ 0.16402744755261903	false	1.0
inkorrekt	neg 1.0		neg 0.3350858343544658 off 0.3328868217456639 __DUMMY__ 0.3320273438998703	false	1.0
vermeiden	neg 1.0		neg 0.34427950880959984 __DUMMY__ 0.3390691090868103 off 0.31665138210358984	false	1.0
abweichung	neg 1.0		neg 0.3422625888651722 __DUMMY__ 0.3361652477437514 off 0.3215721633910764	false	1.0
alkoholisiert	neg 1.0		__DUMMY__ 0.34032365973189427 neg 0.33596542074227354 off 0.32371091952583214	false	1.0
scheiss	off 1.0	off 1.0	off 0.6541781977330058 neg 0.18361053329561128 __DUMMY__ 0.162211268971383	false	1.0
herausforderung	neg 1.0	neg 1.0	neg 0.6549281219314468 off 0.17930008279456155 __DUMMY__ 0.1657717952739917	false	1.0
pervers	off 1.0		off 0.3434595409970445 __DUMMY__ 0.3307288289584652 neg 0.3258116300444902	false	1.0
wackelig	neg 1.0		__DUMMY__ 0.3387469898602046 neg 0.3356874168386393 off 0.32556559330115614	false	1.0
verwickeln	neg 1.0		neg 0.33687825447704633 __DUMMY__ 0.3344825891374143 off 0.32863915638553953	false	1.0
vorwand	neg 1.0		neg 0.3424664874960123 __DUMMY__ 0.33729704711623265 off 0.3202364653877551	false	1.0
muschi	off 1.0		neg 0.3391284780103584 __DUMMY__ 0.3362081359593873 off 0.32466338603025424	false	0.5
entmutigung	neg 1.0		neg 0.3396474079647412 __DUMMY__ 0.3337725333047685 off 0.32658005873049023	false	1.0
unangemessen	neg 1.0		neg 0.34104240660368584 __DUMMY__ 0.3353705204485422 off 0.32358707294777206	false	1.0
unstetig	neg 1.0		__DUMMY__ 0.33679319788640205 neg 0.33476858254361364 off 0.3284382195699843	false	1.0
entmutigen	neg 1.0		neg 0.3363660178903291 __DUMMY__ 0.3356094301895824 off 0.32802455192008856	false	1.0
schwanz	neg 1.0		neg 0.34103776436894445 __DUMMY__ 0.33734854856519964 off 0.32161368706585586	false	1.0
verbot	neg 1.0		neg 0.34266786007256406 __DUMMY__ 0.3350805894391067 off 0.32225155048832915	false	1.0
leid	neg 1.0		off 0.33866102838785234 __DUMMY__ 0.3334981066171995 neg 0.32784086499494836	false	0.5
archaisch	neg 1.0		neg 0.33908791141757505 __DUMMY__ 0.3365421278345473 off 0.32436996074787766	false	1.0
gegen			neg 0.3416193568078532 __DUMMY__ 0.33828929885452297 off 0.3200913443376237	false	0.0
scheidung	neg 1.0		off 0.34775002146573086 __DUMMY__ 0.33075656490923944 neg 0.32149341362502964	false	0.5
einschlag	neg 1.0	neg 1.0	neg 0.6520093014628289 off 0.18576136141376462 __DUMMY__ 0.16222933712340645	false	1.0
m			neg 0.33790641135699695 __DUMMY__ 0.3373818753371935 off 0.3247117133058095	false	0.0
abgestanden	neg 1.0		__DUMMY__ 0.3366242797822767 neg 0.33538274276044816 off 0.32799297745727507	false	1.0
schmierig	off 1.0		off 0.33804838673805576 __DUMMY__ 0.33357732077178087 neg 0.32837429249016326	false	1.0
unpraktisch	neg 1.0		__DUMMY__ 0.3370078602336933 neg 0.3342846162028683 off 0.3287075235634384	false	1.0
wixxer	off 1.0		off 0.3428048418519419 __DUMMY__ 0.3302716465934873 neg 0.32692351155457067	false	1.0
bezeichnet			neg 0.338901253342909 __DUMMY__ 0.3355040043822253 off 0.32559474227486573	false	0.0
jammerlappen	off 1.0		__DUMMY__ 0.3343903542172159 neg 0.33381687716680203 off 0.3317927686159819	false	0.5
farce	neg 1.0		neg 0.34308282476485585 __DUMMY__ 0.3342809761647053 off 0.3226361990704388	false	1.0
zwecklos	neg 1.0		neg 0.34064664074873574 __DUMMY__ 0.33562942863630435 off 0.32372393061495996	false	1.0
turbulent	neg 1.0		__DUMMY__ 0.3339617871087391 neg 0.33393418632813315 off 0.33210402656312776	false	1.0
invasion	neg 1.0		__DUMMY__ 0.33582387188438495 neg 0.33458627881983727 off 0.3295898492957778	false	1.0
schuld	neg 1.0		neg 0.33717602259289814 __DUMMY__ 0.3354794736256114 off 0.3273445037814905	false	1.0
risiko	neg 1.0		__DUMMY__ 0.33699751452402615 neg 0.3353160857883939 off 0.32768639968757995	false	1.0
finster	neg 1.0		__DUMMY__ 0.3363602738299466 neg 0.33548444706453906 off 0.32815527910551434	false	1.0
geisteskrank	off 1.0		neg 0.3338679419650737 __DUMMY__ 0.33311748436799865 off 0.3330145736669277	false	0.5
zusammenbrechen	neg 1.0		neg 0.3375395473408296 __DUMMY__ 0.33698414711257263 off 0.32547630554659784	false	1.0
ausbeute	neg 1.0		__DUMMY__ 0.33883669444550996 neg 0.3383635594956568 off 0.32279974605883316	false	1.0
hinterhalt	neg 1.0		__DUMMY__ 0.33778053315876816 neg 0.33672713290805045 off 0.32549233393318133	false	1.0
kritik	neg 1.0		neg 0.3425140404946463 __DUMMY__ 0.3347123589760459 off 0.32277360052930787	false	1.0
einschrumpfen	neg 1.0		neg 0.3382230548793441 __DUMMY__ 0.33335504101590985 off 0.3284219041047461	false	1.0
riskant	neg 1.0		neg 0.3414759186425343 __DUMMY__ 0.3363915565382454 off 0.3221325248192203	false	1.0
frustrieren	neg 1.0		neg 0.34073709303965316 __DUMMY__ 0.3366661678206994 off 0.3225967391396474	false	1.0
groll	neg 1.0		neg 0.33954427399045917 __DUMMY__ 0.3364525503867261 off 0.3240031756228147	false	1.0
gibt			neg 0.339403210108479 __DUMMY__ 0.33621313695193 off 0.32438365293959104	false	0.0
qualvoll	neg 1.0		__DUMMY__ 0.33618453764859624 neg 0.33264657292431127 off 0.33116888942709244	false	1.0
wackeln	neg 1.0	neg 1.0	neg 0.654427367672544 off 0.18173282041055347 __DUMMY__ 0.1638398119169027	false	1.0
klagen	neg 1.0		neg 0.34386426995994585 __DUMMY__ 0.33747719475157223 off 0.31865853528848204	false	1.0
bankrott	neg 1.0		__DUMMY__ 0.3352863176034429 neg 0.3335885642948266 off 0.33112511810173056	false	1.0
trauern	neg 1.0		neg 0.33886349508203906 __DUMMY__ 0.33783312288268563 off 0.3233033820352753	false	1.0
ablehnung	neg 1.0		neg 0.34234141702670623 __DUMMY__ 0.33477286982668925 off 0.32288571314660464	false	1.0
stur	neg 1.0		neg 0.3374542308077568 __DUMMY__ 0.3348964845852806 off 0.3276492846069627	false	1.0
aufruhr	neg 1.0		neg 0.33805170068702134 __DUMMY__ 0.3363939368927244 off 0.32555436242025443	false	1.0
melancholie	neg 1.0		neg 0.338161942447289 __DUMMY__ 0.3373937005035123 off 0.3244443570491986	false	1.0
ist			neg 0.3360312762838294 __DUMMY__ 0.33547982997591486 off 0.32848889374025575	false	0.0
torheit	neg 1.0		neg 0.3389571729577373 __DUMMY__ 0.33459923320893015 off 0.3264435938333325	false	1.0
dreckskind	off 1.0		off 0.33796873255734405 __DUMMY__ 0.3314621159393379 neg 0.33056915150331806	false	1.0
umtauschen	neg 1.0		neg 0.3374236860324918 __DUMMY__ 0.3363215230726649 off 0.32625479089484344	false	1.0
zum			__DUMMY__ 0.3414087927313985 neg 0.3399062270784026 off 0.3186849801901988	false	0.0
zersetzen	neg 1.0		neg 0.343712791068624 __DUMMY__ 0.336115916584452 off 0.32017129234692404	false	1.0
zur			neg 0.343937857408535 __DUMMY__ 0.33964907954887485 off 0.31641306304259004	false	0.0
frust	neg 1.0		neg 0.3381662650306157 __DUMMY__ 0.33676736173727934 off 0.3250663732321049	false	1.0
unerbittlichkeit	neg 1.0		neg 0.3430464924172873 __DUMMY__ 0.3364026393021394 off 0.3205508682805733	false	1.0
zwei			__DUMMY__ 0.3401695154289363 neg 0.3393843374870009 off 0.3204461470840628	false	0.0
unkorrekt	neg 1.0		neg 0.33549341966753493 off 0.3330970744646272 __DUMMY__ 0.33140950586783774	false	1.0
hexe	off 1.0		__DUMMY__ 0.33423157801803804 neg 0.3332169586966988 off 0.3325514632852632	false	0.5
lasch	neg 1.0		neg 0.33710577473975273 __DUMMY__ 0.3334595680270377 off 0.32943465723320964	false	1.0
rivale	neg 1.0		off 0.3352213176327956 __DUMMY__ 0.33431792040466163 neg 0.3304607619625428	false	0.5
mutlos	off 1.0	off 1.0	off 0.6475735112382655 neg 0.18989746532533053 __DUMMY__ 0.16252902343640402	false	1.0
wirr	off 1.0		neg 0.3347960030848055 off 0.3336144762459287 __DUMMY__ 0.3315895206692659	false	0.5
jahr			__DUMMY__ 0.33934700334164436 neg 0.3385799267212899 off 0.32207306993706564	false	0.0
wird			neg 0.33995330487369746 __DUMMY__ 0.336865447341201 off 0.3231812477851014	false	0.0
strafbar	neg 1.0		neg 0.3421579104217183 __DUMMY__ 0.33594569365564597 off 0.32189639592263586	false	1.0
erosion	neg 1.0		__DUMMY__ 0.3368807491641583 neg 0.33511000298295707 off 0.3280092478528846	false	1.0
eingehen	neg 1.0		neg 0.34186872682452946 __DUMMY__ 0.33546179664912185 off 0.32266947652634853	false	1.0
faul	off 1.0		__DUMMY__ 0.33564603432850565 neg 0.332515826278135 off 0.3318381393933594	false	0.5
provisorium	neg 1.0		neg 0.34508741710994184 __DUMMY__ 0.34043477444097425 off 0.3144778084490839	false	1.0
schmerzen	neg 1.0		neg 0.3366560350065778 __DUMMY__ 0.33645994002323537 off 0.32688402497018676	false	1.0
schrumpfen	neg 1.0		neg 0.34706779061058257 __DUMMY__ 0.3376095553145156 off 0.3153226540749018	false	1.0
geistlos	off 1.0		neg 0.3404529077223698 __DUMMY__ 0.33241680209749636 off 0.32713029018013384	false	0.5
fehlkauf	neg 1.0		neg 0.3363321801118985 __DUMMY__ 0.33533559208780306 off 0.3283322278002984	false	1.0
frustrierend	neg 1.0		__DUMMY__ 0.33576646977218216 neg 0.3326153211275928 off 0.33161820910022494	false	1.0
unzufrieden	neg 1.0		neg 0.3410852663975087 __DUMMY__ 0.33550069036169805 off 0.3234140432407934	false	1.0
verzweifeln	neg 1.0		neg 0.3376541851701395 __DUMMY__ 0.3362200907578739 off 0.3261257240719866	false	1.0
verzweifelt	neg 1.0		neg 0.33655062104516903 __DUMMY__ 0.3353316135820954 off 0.3281177653727357	false	1.0
misstrauensantrag	neg 1.0		neg 0.3368557493637772 __DUMMY__ 0.3346365151170665 off 0.32850773551915635	false	1.0
abfallen	neg 1.0		__DUMMY__ 0.3371393559507532 neg 0.33368720300969273 off 0.3291734410395541	false	1.0
fucker	off 1.0		off 0.33374649581989857 __DUMMY__ 0.33341604203296854 neg 0.33283746214713283	false	1.0
ungezogen	neg 1.0		off 0.34227423926287304 __DUMMY__ 0.33194861672435544 neg 0.32577714401277147	false	0.5
irrsinnig	neg 1.0	neg 1.0	neg 0.6567509982470522 off 0.18093200552678199 __DUMMY__ 0.16231699622616577	false	1.0
unfassbar	neg 1.0		__DUMMY__ 0.3339171587823123 neg 0.33372293561604927 off 0.33235990560163853	false	1.0
hart	neg 1.0		__DUMMY__ 0.33498790184110483 neg 0.334593915707854 off 0.33041818245104104	false	1.0
widerlich	off 1.0		neg 0.33390480694729513 __DUMMY__ 0.3331386683292022 off 0.33295652472350257	false	0.5
fatal	neg 1.0		neg 0.3360216693970559 __DUMMY__ 0.33531204149859856 off 0.3286662891043454	false	1.0
bruch	neg 1.0		neg 0.344607648117053 __DUMMY__ 0.3369265768460673 off 0.3184657750368797	false	1.0
aushungern	neg 1.0		neg 0.34117851139261574 __DUMMY__ 0.33477764109730945 off 0.32404384751007476	false	1.0
anspannung	neg 1.0	neg 1.0	neg 0.6573163655098837 off 0.176528249923932 __DUMMY__ 0.1661553845661843	false	1.0
von			neg 0.33969604771555423 __DUMMY__ 0.33921741193756916 off 0.32108654034687667	false	0.0
kraftlos	neg 1.0		__DUMMY__ 0.33814075582672104 neg 0.3362731649274662 off 0.3255860792458129	false	1.0
vom			neg 0.34281152804805026 __DUMMY__ 0.34126582150159446 off 0.31592265045035517	false	0.0
grenzdebil	off 1.0		__DUMMY__ 0.33408089388395773 off 0.33380042265627713 neg 0.3321186834597652	false	1.0
vor			neg 0.34090451398108335 __DUMMY__ 0.33817845343242525 off 0.3209170325864914	false	0.0
unterwerfen	neg 1.0		neg 0.3409476366246096 __DUMMY__ 0.3367277965734655 off 0.3223245668019249	false	1.0
versenkung	neg 1.0		neg 0.34128237920640564 __DUMMY__ 0.3367602863812793 off 0.32195733441231494	false	1.0
entziehen	neg 1.0		neg 0.3433046689506022 __DUMMY__ 0.33733976120409676 off 0.31935556984530106	false	1.0
finanzkrise	neg 1.0		neg 0.3414781102629609 __DUMMY__ 0.3344983895706809 off 0.3240235001663583	false	1.0
schimpfend	neg 1.0		__DUMMY__ 0.3372228982365585 neg 0.3338456544275569 off 0.32893144733588453	false	1.0
profan	neg 1.0		neg 0.33521080108211004 __DUMMY__ 0.3350985699367305 off 0.32969062898115936	false	1.0
korruption	neg 1.0	neg 1.0	neg 0.6595497710395511 off 0.17807559409233278 __DUMMY__ 0.1623746348681161	false	1.0
â			neg 0.3391351607259635 __DUMMY__ 0.33744374102583863 off 0.323421098248198	false	0.0
schmutzig	neg 1.0		__DUMMY__ 0.33496662988080866 off 0.3337890105115167 neg 0.3312443596076746	false	0.5
sexy	neg 1.0		__DUMMY__ 0.33526978414597747 neg 0.33415107878109146 off 0.3305791370729311	false	1.0
abraten	neg 1.0		__DUMMY__ 0.3356031447329827 neg 0.3355881975969772 off 0.32880865767004	false	1.0
schwarz	neg 1.0		neg 0.33701182817663694 __DUMMY__ 0.3351833220101258 off 0.32780484981323715	false	1.0
fotze	off 1.0		neg 0.3409424392315782 __DUMMY__ 0.33670597466192814 off 0.32235158610649367	false	0.5
verwirren	neg 1.0		__DUMMY__ 0.33513628966793885 neg 0.33487623316716836 off 0.3299874771648927	false	1.0
zahnlos	off 1.0		neg 0.3409227207062769 __DUMMY__ 0.3355592392429236 off 0.32351804005079954	false	0.5
verheeren	neg 1.0		off 0.344173001077384 __DUMMY__ 0.3329162672607896 neg 0.32291073166182627	false	0.5
hippie	neg 1.0		__DUMMY__ 0.33512926815743216 neg 0.3350452190809132 off 0.32982551276165456	false	1.0
rammen	neg 1.0		neg 0.33741962313592044 __DUMMY__ 0.33538961147411755 off 0.3271907653899621	false	1.0
unlauter	neg 1.0		neg 0.3429206137924047 __DUMMY__ 0.33257731426895815 off 0.3245020719386371	false	1.0
unheilvoll	neg 1.0		__DUMMY__ 0.3370782858046493 neg 0.33239228845076646 off 0.3305294257445843	false	1.0
niedrig	neg 1.0		neg 0.3405435281411464 __DUMMY__ 0.33755952182361304 off 0.3218969500352405	false	1.0
explosion	neg 1.0		neg 0.3363540714263675 __DUMMY__ 0.33478499928228805 off 0.32886092929134453	false	1.0
weichei	off 1.0		off 0.33874806124512796 __DUMMY__ 0.3322404854849476 neg 0.3290114532699245	false	1.0
minusmensch	off 1.0		off 0.34086817981489453 neg 0.32997361710006706 __DUMMY__ 0.32915820308503846	false	1.0
farblos	neg 1.0		__DUMMY__ 0.33931172054965686 neg 0.33283884656540613 off 0.3278494328849371	false	1.0
unwissend	neg 1.0	neg 1.0	neg 0.6549605713439987 off 0.18343845101993578 __DUMMY__ 0.1616009776360656	false	1.0
traurig	neg 1.0		off 0.3361501581415741 __DUMMY__ 0.3339128575510778 neg 0.3299369843073482	false	0.5
senkung	neg 1.0		neg 0.33832489293258156 __DUMMY__ 0.33348199836864884 off 0.3281931086987698	false	1.0
ungleich	neg 1.0	neg 1.0	neg 0.6601736515868412 off 0.1772936020727902 __DUMMY__ 0.1625327463403687	false	1.0
heikel	neg 1.0		neg 0.34317866567808225 __DUMMY__ 0.3362829700988231 off 0.3205383642230948	false	1.0
drosselung	neg 1.0		__DUMMY__ 0.3347914968890143 off 0.33371681874593856 neg 0.331491684365047	false	0.5
falsch	neg 1.0		__DUMMY__ 0.3350080009304296 neg 0.3336276878443269 off 0.33136431122524346	false	1.0
unzufriedenheit	neg 1.0		neg 0.34319732907795425 __DUMMY__ 0.3367068643902288 off 0.3200958065318169	false	1.0
kurz	neg 1.0		__DUMMY__ 0.33756704075988886 neg 0.33670835136754007 off 0.3257246078725712	false	1.0
unsinnig	neg 1.0		neg 0.3415284313209316 __DUMMY__ 0.33485419950539064 off 0.3236173691736779	false	1.0
penner	off 1.0	off 1.0	off 0.6584636968572863 neg 0.18100160976619187 __DUMMY__ 0.16053469337652176	false	1.0
seicht	neg 1.0		off 0.3407804391978806 __DUMMY__ 0.33027571142161066 neg 0.3289438493805088	false	0.5
dummheit	off 1.0	off 1.0	off 0.6518274717772438 neg 0.18626940432496006 __DUMMY__ 0.16190312389779615	false	1.0
unerfreulich	neg 1.0		neg 0.3423236128502774 __DUMMY__ 0.3374423538168187 off 0.3202340333329039	false	1.0
motherfucker	off 1.0	off 1.0	off 0.6543787599500225 neg 0.18434807071476153 __DUMMY__ 0.16127316933521596	false	1.0
pikiert	neg 1.0		neg 0.3350640365527941 __DUMMY__ 0.3332722911325444 off 0.3316636723146615	false	1.0
wrack	neg 1.0		__DUMMY__ 0.3390447133045897 neg 0.3371167323458793 off 0.323838554349531	false	1.0
gangster	neg 1.0		__DUMMY__ 0.33549497126285105 neg 0.33486744420151254 off 0.32963758453563635	false	1.0
krank	neg 1.0		__DUMMY__ 0.33490660433376307 off 0.33473542181189586 neg 0.33035797385434107	false	0.5
reich	neg 1.0		neg 0.3354338917818697 __DUMMY__ 0.33395601559260196 off 0.33061009262552843	false	1.0
gnadenlos	neg 1.0		neg 0.33654480671061676 __DUMMY__ 0.3358262000919648 off 0.32762899319741845	false	1.0
niedergeschlagen	neg 1.0		__DUMMY__ 0.33770103125846007 neg 0.33604540698176644 off 0.32625356175977355	false	1.0
terrorisieren	off 1.0	off 1.0	off 0.6486646020291491 neg 0.18778083407205814 __DUMMY__ 0.16355456389879275	false	1.0
sinnlosigkeit	neg 1.0		neg 0.3402081239290886 __DUMMY__ 0.3358661131756745 off 0.3239257628952369	false	1.0
behindern	neg 1.0		neg 0.3394254374334656 __DUMMY__ 0.3354582295873511 off 0.3251163329791833	false	1.0
undemokratisch	neg 1.0		neg 0.34032235206270894 __DUMMY__ 0.3338343716904502 off 0.325843276246841	false	1.0
wirtschaftskrise	neg 1.0		neg 0.3425050298279137 __DUMMY__ 0.3355680380652329 off 0.32192693210685347	false	1.0
neid	neg 1.0		__DUMMY__ 0.3363364779840145 off 0.33314754181857786 neg 0.3305159801974077	false	0.5
rutschen	neg 1.0	neg 1.0	neg 0.6570694261924472 off 0.17736627948095665 __DUMMY__ 0.1655642943265961	false	1.0
rezession	neg 1.0		off 0.3356920759024573 neg 0.33225126863437704 __DUMMY__ 0.3320566554631656	false	0.5
fehlgeburt	neg 1.0		__DUMMY__ 0.33697455044657215 neg 0.33294789539081043 off 0.33007755416261747	false	1.0
charakterschwach	off 1.0		__DUMMY__ 0.33410032464736517 off 0.3332734469152986 neg 0.33262622843733614	false	1.0
isolation	neg 1.0		__DUMMY__ 0.33550710765860803 neg 0.33312456953223873 off 0.3313683228091532	false	1.0
ablenkung	neg 1.0		neg 0.33651410361232686 __DUMMY__ 0.33625701784252837 off 0.3272288785451448	false	1.0
pech	neg 1.0		__DUMMY__ 0.33525765982238703 neg 0.33362149037144617 off 0.33112084980616663	false	1.0
vermeidung	neg 1.0		neg 0.33421502298899597 __DUMMY__ 0.33309000679821665 off 0.3326949702127874	false	1.0
dominieren	neg 1.0		__DUMMY__ 0.3381708774182763 neg 0.3379704627839267 off 0.3238586597977971	false	1.0
schwindlig	neg 1.0		__DUMMY__ 0.3375948805383063 off 0.33120944433462896 neg 0.33119567512706477	false	0.5
lutscher	neg 1.0		off 0.34164942083312755 __DUMMY__ 0.3302909626202065 neg 0.3280596165466657	false	0.5
pflicht	neg 1.0		neg 0.34320396773944944 __DUMMY__ 0.3363984953619964 off 0.3203975368985542	false	1.0
faschist	off 1.0		neg 0.33841143267555945 __DUMMY__ 0.3333232565438177 off 0.32826531078062293	false	0.5
verschleudern	neg 1.0		neg 0.34672239299259483 __DUMMY__ 0.33378245696375086 off 0.31949515004365436	false	1.0
wenn			__DUMMY__ 0.3348694106796283 neg 0.33360114399189683 off 0.331529445328475	false	0.0
ehebruch	neg 1.0		neg 0.34087500431890194 __DUMMY__ 0.3363567999035086 off 0.32276819577758953	false	1.0
spott	off 1.0		neg 0.34292436349306227 __DUMMY__ 0.3356236229524601 off 0.32145201355447756	false	0.5
trostlosigkeit	neg 1.0		neg 0.3416466487122279 __DUMMY__ 0.338052135622382 off 0.32030121566539027	false	1.0
lutschen	neg 1.0		neg 0.33692828397795427 __DUMMY__ 0.3344230207849173 off 0.3286486952371285	false	1.0
undiszipliniert	neg 1.0		off 0.3354895420700263 __DUMMY__ 0.33444350809026674 neg 0.3300669498397069	false	0.5
kopfschmerz	neg 1.0		__DUMMY__ 0.3375513386528922 neg 0.3364661042001684 off 0.32598255714693947	false	1.0
unvorhergesehen	neg 1.0		__DUMMY__ 0.3390922000591785 neg 0.3367073925491805 off 0.324200407391641	false	1.0
desinteressiert	neg 1.0		off 0.3344598572205092 __DUMMY__ 0.3334086755299779 neg 0.33213146724951287	false	0.5
armselig	off 1.0		off 0.33460941953464046 neg 0.3333389760648182 __DUMMY__ 0.33205160440054143	false	1.0
desaster	neg 1.0		neg 0.3451168614761474 __DUMMY__ 0.33702598745833046 off 0.3178571510655222	false	1.0
tod	neg 1.0		__DUMMY__ 0.3389669850877327 neg 0.3362070427043711 off 0.32482597220789616	false	1.0
herzlos	neg 1.0		off 0.3359944830224728 __DUMMY__ 0.33295253582302303 neg 0.33105298115450416	false	0.5
unwissenheit	neg 1.0		neg 0.3427457123005964 __DUMMY__ 0.33463900052130124 off 0.32261528717810223	false	1.0
widersinnig	neg 1.0	neg 1.0	neg 0.66021568883357 off 0.17818591281050195 __DUMMY__ 0.1615983983559281	false	1.0
bedenklich	neg 1.0		neg 0.34214792319754267 __DUMMY__ 0.3358287086040921 off 0.3220233681983651	false	1.0
beanstanden	neg 1.0		neg 0.343114593432863 __DUMMY__ 0.33688922154469575 off 0.3199961850224413	false	1.0
panisch	neg 1.0	neg 1.0	neg 0.6526622644153872 off 0.18336404756757468 __DUMMY__ 0.16397368801703815	false	1.0
debil	off 1.0		neg 0.34551318006982307 __DUMMY__ 0.3390566025247956 off 0.31543021740538135	false	0.5
abstrich	neg 1.0		neg 0.3408251884242601 __DUMMY__ 0.3362273401277027 off 0.3229474714480372	false	1.0
primitiv	neg 1.0		off 0.3335695739453016 __DUMMY__ 0.33322197707777457 neg 0.33320844897692375	false	0.5
abschaum	off 1.0	off 1.0	off 0.6532539061733497 neg 0.18499203414897378 __DUMMY__ 0.1617540596776765	false	1.0
provozieren	neg 1.0		neg 0.3379197040748595 __DUMMY__ 0.3351778639198325 off 0.3269024320053079	false	1.0
tot	neg 1.0		neg 0.3414760022227477 __DUMMY__ 0.3364635121753146 off 0.32206048560193756	false	1.0
instabil	neg 1.0		neg 0.33571966080168764 off 0.3323087734285802 __DUMMY__ 0.33197156576973225	false	1.0
schwuchtel	off 1.0		off 0.3463450368019697 __DUMMY__ 0.32888621607995305 neg 0.32476874711807724	false	1.0
zerren	neg 1.0		__DUMMY__ 0.3376315130717016 neg 0.336067696455019 off 0.3263007904732796	false	1.0
kinderficker	off 1.0		off 0.33678488851542154 neg 0.3323532707373746 __DUMMY__ 0.33086184074720376	false	1.0
gefahr	neg 1.0		neg 0.342033150919274 __DUMMY__ 0.33727812651738887 off 0.32068872256333714	false	1.0
rabiat	neg 1.0		neg 0.33862896305970397 __DUMMY__ 0.335258411276869 off 0.32611262566342714	false	1.0
verlangsamung	neg 1.0		off 0.34002294093952035 __DUMMY__ 0.33206565079923117 neg 0.3279114082612485	false	0.5
ausgestorben	neg 1.0		__DUMMY__ 0.3370779945440058 neg 0.3361804320932929 off 0.3267415733627014	false	1.0
anklagen	neg 1.0		neg 0.3402483297840954 __DUMMY__ 0.33568227737681156 off 0.3240693928390932	false	1.0
trott	neg 1.0		neg 0.33714711268562625 __DUMMY__ 0.3365868417498401 off 0.3262660455645337	false	1.0
verminderung	neg 1.0		off 0.33393409724854256 __DUMMY__ 0.33332879461333687 neg 0.33273710813812046	false	0.5
nach			__DUMMY__ 0.3418382141155885 neg 0.3385809731044232 off 0.3195808127799883	false	0.0
rost	neg 1.0		off 0.33923235748135155 __DUMMY__ 0.3330584588804457 neg 0.3277091836382028	false	0.5
destruktiv	neg 1.0		neg 0.3408852924347084 __DUMMY__ 0.3343369044187193 off 0.32477780314657223	false	1.0
unzumutbarkeit	neg 1.0		__DUMMY__ 0.33535689358326387 neg 0.3323569124121683 off 0.3322861940045678	false	1.0
labil	off 1.0	off 1.0	off 0.6531987016973532 neg 0.18500691989341211 __DUMMY__ 0.1617943784092347	false	1.0
ziemlich	neg 1.0		__DUMMY__ 0.3348233517220928 off 0.3336174654841597 neg 0.33155918279374746	false	0.5
lachnummer	off 1.0		neg 0.33939158499843924 __DUMMY__ 0.3350404314411216 off 0.3255679835604392	false	0.5
oder			__DUMMY__ 0.3368366724271257 neg 0.33549748780937094 off 0.3276658397635034	false	0.0
verfall	neg 1.0		neg 0.3461579692863401 __DUMMY__ 0.3380819483473197 off 0.3157600823663402	false	1.0
ausgrenzung	neg 1.0		neg 0.3388079357089124 __DUMMY__ 0.3341320517696782 off 0.32706001252140937	false	1.0
unordnung	neg 1.0		__DUMMY__ 0.33565093899609866 off 0.3335826374782458 neg 0.3307664235256555	false	0.5
fehlverhalten	neg 1.0		neg 0.342728965450795 __DUMMY__ 0.33642573031303924 off 0.32084530423616564	false	1.0
eine			neg 0.3419694241720226 __DUMMY__ 0.33732468650486325 off 0.3207058893231143	false	0.0
nille	neg 1.0		neg 0.33843773932516014 __DUMMY__ 0.33628414792602035 off 0.3252781127488194	false	1.0
qual	neg 1.0		neg 0.33755697357523295 __DUMMY__ 0.3364956385470885 off 0.3259473878776785	false	1.0
verschwenden	neg 1.0		neg 0.34125363021686667 __DUMMY__ 0.3359857760107309 off 0.32276059377240235	false	1.0
riesig	neg 1.0	neg 1.0	neg 0.6561554732862648 off 0.17938446211114054 __DUMMY__ 0.16446006460259452	false	1.0
verurteilen	neg 1.0		neg 0.3405982419089298 __DUMMY__ 0.335816114700035 off 0.32358564339103524	false	1.0
klischee	neg 1.0	neg 1.0	neg 0.6560965370091981 off 0.18227397980514698 __DUMMY__ 0.1616294831856548	false	1.0
diktatorisch	neg 1.0		neg 0.3406217822205439 __DUMMY__ 0.3332629928367452 off 0.32611522494271084	false	1.0
vorhersehbar	neg 1.0	neg 1.0	neg 0.656066543473201 off 0.18200504146427676 __DUMMY__ 0.16192841506252229	false	1.0
sowie			off 0.33797694555088936 __DUMMY__ 0.3323636889321032 neg 0.3296593655170074	false	0.0
stornieren	neg 1.0		__DUMMY__ 0.3389219981817479 neg 0.33119819069125295 off 0.3298798111269992	false	1.0
besteuerung	neg 1.0		neg 0.3410308831586605 __DUMMY__ 0.3335257458670382 off 0.32544337097430137	false	1.0
ungeschminkt	neg 1.0		neg 0.3340223998555309 __DUMMY__ 0.33327922632132256 off 0.3326983738231465	false	1.0
kritisch	neg 1.0		neg 0.342323340648035 __DUMMY__ 0.3358881690530334 off 0.3217884902989316	false	1.0
schlamperei	off 1.0		neg 0.343800238295013 __DUMMY__ 0.33582941038160324 off 0.3203703513233837	false	0.5
sucht	neg 1.0	neg 1.0	neg 0.655133780887447 off 0.18112439920001813 __DUMMY__ 0.1637418199125348	false	1.0
egoistisch	off 1.0		off 0.338953032172951 __DUMMY__ 0.33269144994505495 neg 0.3283555178819941	false	1.0
ausbeuter	off 1.0		neg 0.3442609035044737 __DUMMY__ 0.3356631608102712 off 0.32007593568525516	false	0.5
arschgeburt	off 1.0		off 0.3461132747132534 __DUMMY__ 0.32840376653310527 neg 0.3254829587536413	false	1.0
schubs	neg 1.0	neg 1.0	neg 0.656070350762859 off 0.17986596233196028 __DUMMY__ 0.16406368690518058	false	1.0
unsolide	neg 1.0		neg 0.3433686935865838 __DUMMY__ 0.331352155378274 off 0.32527915103514216	false	1.0
beschwerde	neg 1.0		neg 0.3436454933821647 __DUMMY__ 0.3357738801103533 off 0.32058062650748204	false	1.0
stocken	neg 1.0		neg 0.34147252003934336 __DUMMY__ 0.3365576052406341 off 0.3219698747200226	false	1.0
isolieren	neg 1.0		neg 0.3417663314560292 __DUMMY__ 0.33557752471658003 off 0.32265614382739083	false	1.0
unheilbar	neg 1.0		__DUMMY__ 0.3372717238152452 neg 0.3344067250586339 off 0.32832155112612077	false	1.0
pisser	off 1.0		off 0.334520872905711 __DUMMY__ 0.3339598723046297 neg 0.33151925478965943	false	1.0
löschen	neg 1.0		neg 0.33748618236773437 __DUMMY__ 0.3360664225716344 off 0.32644739506063125	false	1.0
durchfallen	neg 1.0		neg 0.34218805835704696 __DUMMY__ 0.3349950335800734 off 0.32281690806287977	false	1.0
wichser	off 1.0		off 0.34396993761317995 __DUMMY__ 0.3312118273602954 neg 0.3248182350265246	false	1.0
terror	neg 1.0		__DUMMY__ 0.3363595764655203 neg 0.3332065352213816 off 0.330433888313098	false	1.0
krass	neg 1.0		off 0.3365200865834708 __DUMMY__ 0.3328060201430733 neg 0.33067389327345587	false	0.5
revolte	neg 1.0		neg 0.3383489160006104 __DUMMY__ 0.33395783051025657 off 0.32769325348913303	false	1.0
besorgt	neg 1.0		__DUMMY__ 0.33825339810407357 neg 0.3360586635677623 off 0.325687938328164	false	1.0
nachlassen	neg 1.0		neg 0.3409037141979525 __DUMMY__ 0.33710652137933267 off 0.32198976442271476	false	1.0
alt	neg 1.0		neg 0.3400804887273317 __DUMMY__ 0.336791752424004 off 0.3231277588486644	false	1.0
hundesohn	off 1.0		off 0.3411597368845094 __DUMMY__ 0.3303921520925672 neg 0.3284481110229233	false	1.0
als			__DUMMY__ 0.3375023211371116 neg 0.33711494472170345 off 0.32538273414118507	false	0.0
abschreckung	neg 1.0		neg 0.3429201211463326 __DUMMY__ 0.33736365646820327 off 0.3197162223854642	false	1.0
unqualifiziert	neg 1.0		neg 0.3390613937913544 __DUMMY__ 0.3326179913981992 off 0.3283206148104464	false	1.0
abgewichst	off 1.0		neg 0.33840078956074726 __DUMMY__ 0.3367436848714981 off 0.3248555255677547	false	0.5
schwer	neg 1.0		neg 0.3370439438974447 __DUMMY__ 0.3362593553329967 off 0.32669670076955853	false	1.0
bedeutungslosigkeit	neg 1.0		neg 0.3429889702934183 __DUMMY__ 0.3366706000588224 off 0.32034042964775933	false	1.0
kapitulation	neg 1.0		neg 0.3439814195251712 __DUMMY__ 0.3350907860445749 off 0.32092779443025404	false	1.0
unscharf	neg 1.0		neg 0.33586682748707775 __DUMMY__ 0.33504919109574616 off 0.3290839814171762	false	1.0
schwinden	neg 1.0		neg 0.34305511834398117 __DUMMY__ 0.3367212635840465 off 0.3202236180719723	false	1.0
versklavung	neg 1.0		neg 0.3407321087457624 __DUMMY__ 0.3334656560498098 off 0.3258022352044278	false	1.0
schlecht	neg 1.0		__DUMMY__ 0.33500133192078574 off 0.33387489944982957 neg 0.3311237686293848	false	0.5
verhasst	neg 1.0		neg 0.33730053812390115 __DUMMY__ 0.3352411388178798 off 0.32745832305821904	false	1.0
beschweren	neg 1.0		neg 0.3359309205479271 __DUMMY__ 0.33541533837308024 off 0.3286537410789926	false	1.0
scheiden	neg 1.0		__DUMMY__ 0.3387497872088645 neg 0.33205450404297404 off 0.32919570874816145	false	1.0
frustriert	neg 1.0		neg 0.33813090479824376 __DUMMY__ 0.33642181966550105 off 0.3254472755362552	false	1.0
schimmelig	neg 1.0		neg 0.3400274406324256 __DUMMY__ 0.33729367372407165 off 0.3226788856435027	false	1.0
fisch	neg 1.0		__DUMMY__ 0.3398825787589957 neg 0.33704592231805325 off 0.32307149892295123	false	1.0
schmuggel	neg 1.0		__DUMMY__ 0.3394618926752599 neg 0.33802389818626144 off 0.32251420913847856	false	1.0
auffallen	neg 1.0		__DUMMY__ 0.3353915308027753 neg 0.3350793213569017 off 0.329529147840323	false	1.0
konkurrenz	neg 1.0	neg 1.0	neg 0.6598379394141115 off 0.17649921943287433 __DUMMY__ 0.16366284115301408	false	1.0
teufelskreis	neg 1.0		neg 0.3384507442450234 __DUMMY__ 0.3358700937150783 off 0.3256791620398983	false	1.0
aufschreien	neg 1.0		neg 0.33638110156038586 __DUMMY__ 0.3347355157915156 off 0.3288833826480985	false	1.0
schuldner	neg 1.0		neg 0.34197957083983854 __DUMMY__ 0.33713715206257766 off 0.3208832770975837	false	1.0
missgeburt	off 1.0	off 1.0	off 0.6569397287207829 neg 0.182151471415838 __DUMMY__ 0.16090879986337908	false	1.0
arbeitslos	neg 1.0		neg 0.34169844545577116 __DUMMY__ 0.3350940057140485 off 0.32320754883018016	false	1.0
befallen	neg 1.0		neg 0.33929770198207526 __DUMMY__ 0.33612555706434677 off 0.32457674095357797	false	1.0
miesepetrig	off 1.0	off 1.0	off 0.654470211521658 neg 0.18325358567318423 __DUMMY__ 0.16227620280515784	false	1.0
alarmieren	neg 1.0		neg 0.3358800063961764 __DUMMY__ 0.3335897584414443 off 0.33053023516237934	false	1.0
ungeduscht	off 1.0		__DUMMY__ 0.3354492381607039 neg 0.3334657034530343 off 0.3310850583862619	false	0.5
knappheit	neg 1.0		neg 0.34400770667172903 __DUMMY__ 0.3350198759298561 off 0.32097241739841476	false	1.0
schlange	neg 1.0		__DUMMY__ 0.33720926666374884 neg 0.3328550497210258 off 0.32993568361522535	false	1.0
harsch	neg 1.0		off 0.33820209902991905 __DUMMY__ 0.33414302908764915 neg 0.32765487188243175	false	0.5
lang	neg 1.0		neg 0.3365540877287475 __DUMMY__ 0.3362615040784097 off 0.32718440819284267	false	1.0
ziellos	neg 1.0		neg 0.3378506893709747 __DUMMY__ 0.33756473981264234 off 0.3245845708163831	false	1.0
selbstverliebt	neg 1.0		off 0.34356364197978295 __DUMMY__ 0.3292543528094348 neg 0.3271820052107822	false	0.5
beseitigen	neg 1.0	neg 1.0	neg 0.6553980813910327 off 0.1806273946177625 __DUMMY__ 0.16397452399120474	false	1.0
dumm	off 1.0		off 0.33950202862821366 __DUMMY__ 0.33176270646784917 neg 0.32873526490393706	false	1.0
arbeitsloser	neg 1.0		neg 0.34021103656770607 __DUMMY__ 0.33657395966925696 off 0.3232150037630371	false	1.0
blitzen	neg 1.0		__DUMMY__ 0.33522137752372266 neg 0.3346613777564402 off 0.3301172447198372	false	1.0
hilflos	neg 1.0		neg 0.33836813657749987 __DUMMY__ 0.33661753514272197 off 0.32501432827977805	false	1.0
eklig	off 1.0		off 0.3403014542310721 __DUMMY__ 0.3317072674959596 neg 0.3279912782729684	false	1.0
begriff			neg 0.3401619524884374 __DUMMY__ 0.33532806428001577 off 0.3245099832315469	false	0.0
hungersnot	neg 1.0		neg 0.3378725801841798 __DUMMY__ 0.3370552731572977 off 0.3250721466585226	false	1.0
ungesetzlich	neg 1.0		neg 0.34316533714928893 __DUMMY__ 0.33137142287060084 off 0.32546323998011034	false	1.0
verschwendung	neg 1.0		neg 0.34143488845311504 __DUMMY__ 0.33678712532501015 off 0.3217779862218749	false	1.0
schmerzvoll	neg 1.0		__DUMMY__ 0.3357627494849808 neg 0.3353541039967324 off 0.328883146518287	false	1.0
vorzeitig	neg 1.0		__DUMMY__ 0.3362713921733055 neg 0.3328248093308571 off 0.33090379849583745	false	1.0
unvollkommenheit	neg 1.0		__DUMMY__ 0.3396386818103601 neg 0.3339925771935492 off 0.32636874099609087	false	1.0
intervenieren	neg 1.0		neg 0.3440870778715463 __DUMMY__ 0.3355466837028318 off 0.3203662384256219	false	1.0
banause	off 1.0		off 0.3416526983405958 __DUMMY__ 0.33007241806336923 neg 0.32827488359603496	false	1.0
rebell	neg 1.0		neg 0.3430686719840177 __DUMMY__ 0.3382833506499507 off 0.3186479773660315	false	1.0
unlogisch	neg 1.0		off 0.33583192076418744 __DUMMY__ 0.3332473813009409 neg 0.3309206979348717	false	0.5
leiden	neg 1.0		__DUMMY__ 0.3403403107640373 neg 0.3357270023190302 off 0.3239326869169326	false	1.0
abschaffung	neg 1.0		neg 0.3405655907695926 __DUMMY__ 0.33391972261976294 off 0.3255146866106444	false	1.0
sturz	neg 1.0		neg 0.33657234098492367 __DUMMY__ 0.3365481152198722 off 0.32687954379520406	false	1.0
verkleinerung	neg 1.0		neg 0.3396153543920541 __DUMMY__ 0.3325937314894036 off 0.32779091411854233	false	1.0
schmarotzer	off 1.0		neg 0.3421170449448866 __DUMMY__ 0.3349411249704299 off 0.3229418300846836	false	0.5
bestrafung	neg 1.0		neg 0.3367395856016443 __DUMMY__ 0.3353382352648938 off 0.3279221791334619	false	1.0
achtlos	neg 1.0		__DUMMY__ 0.3368710571251995 neg 0.33603839192069995 off 0.3270905509541006	false	1.0
ungeheuer	neg 1.0		__DUMMY__ 0.33569091652348315 neg 0.33384620900777234 off 0.33046287446874456	false	1.0
unaufrichtig	neg 1.0		neg 0.33873357133140986 __DUMMY__ 0.33364269934119317 off 0.32762372932739714	false	1.0
groggy	neg 1.0		neg 0.3354956710427557 __DUMMY__ 0.3350897604574717 off 0.3294145684997727	false	1.0
verletzlich	neg 1.0		off 0.3347281950191267 __DUMMY__ 0.3340980669047547 neg 0.33117373807611866	false	0.5
ablehnen	neg 1.0		neg 0.34177756039623813 __DUMMY__ 0.33577031897673776 off 0.3224521206270241	false	1.0
