unsolidarisch	neg 1.0		neg 0.47821141058952366 off 0.45260825851974906 __DUMMY__ 0.06918033089072724	false	1.0
nachteilig	neg 1.0		neg 0.478644379580689 off 0.45143105854036925 __DUMMY__ 0.06992456187894182	false	1.0
skeptisch	neg 1.0		neg 0.4788013074157338 off 0.45114131334764324 __DUMMY__ 0.07005737923662304	false	1.0
schrecklich	neg 1.0		off 0.4670665583749828 neg 0.4635842605201789 __DUMMY__ 0.06934918110483825	false	0.5
schlapp	neg 1.0		neg 0.4672806108791515 off 0.4630095384547127 __DUMMY__ 0.06970985066613582	false	1.0
abfall	neg 1.0		neg 0.4810272918805543 off 0.4487155631641892 __DUMMY__ 0.07025714495525662	false	1.0
widerspenstig	neg 1.0		neg 0.47242309437469987 off 0.45760716388948874 __DUMMY__ 0.06996974173581132	false	1.0
abrupt	neg 1.0		neg 0.4756963323126812 off 0.453904066140688 __DUMMY__ 0.0703996015466309	false	1.0
unwirksam	neg 1.0		neg 0.47689369800161696 off 0.4537516227456828 __DUMMY__ 0.06935467925270007	false	1.0
angreifen	neg 1.0	neg 1.0	neg 0.725504151943922 off 0.24091912086786574 __DUMMY__ 0.03357672718821225	false	1.0
inkonsistent	neg 1.0		neg 0.47150549762264765 off 0.4585527798342141 __DUMMY__ 0.06994172254313831	false	1.0
abrutschen	neg 1.0		neg 0.480586779314812 off 0.44915687850878844 __DUMMY__ 0.07025634217639971	false	1.0
unsicher	neg 1.0		neg 0.47234615848008 off 0.4576599450014724 __DUMMY__ 0.06999389651844776	false	1.0
bauernkind	off 1.0	off 1.0	off 0.7176639066613324 neg 0.24939719237317765 __DUMMY__ 0.03293890096548996	false	1.0
angreifer	neg 1.0		neg 0.47099291808339355 off 0.45904847311293084 __DUMMY__ 0.06995860880367574	false	1.0
trennen	neg 1.0		neg 0.4741739910943718 off 0.4552457306717166 __DUMMY__ 0.07058027823391158	false	1.0
schmutz	neg 1.0		neg 0.4673786782886381 off 0.4622067267864639 __DUMMY__ 0.07041459492489792	false	1.0
inkonsistenz	neg 1.0		neg 0.47224039032622783 off 0.4585833385755282 __DUMMY__ 0.06917627109824388	false	1.0
erschreckend	neg 1.0		neg 0.47523650256092437 off 0.4549661761786476 __DUMMY__ 0.06979732126042798	false	1.0
ertrinken	neg 1.0		neg 0.4746625620427909 off 0.4549755187792247 __DUMMY__ 0.07036191917798437	false	1.0
pickelface	off 1.0		neg 0.47545172332763347 off 0.45460187039985883 __DUMMY__ 0.06994640627250782	false	0.5
seiner			neg 0.47670051524546 off 0.4530182038678297 __DUMMY__ 0.07028128088671039	false	0.0
lauch	neg 1.0		neg 0.48147316039428856 off 0.4484266196848857 __DUMMY__ 0.07010021992082557	false	1.0
unwichtig	neg 1.0		neg 0.4691521207289921 off 0.4613468716541538 __DUMMY__ 0.06950100761685411	false	1.0
steuerhinterziehung	neg 1.0		neg 0.47753375675470855 off 0.45285976437430336 __DUMMY__ 0.06960647887098803	false	1.0
schock	neg 1.0		neg 0.47140007550434143 off 0.4582792963993078 __DUMMY__ 0.0703206280963509	false	1.0
beule	neg 1.0		neg 0.4667252006724895 off 0.4635469217648178 __DUMMY__ 0.06972787756269272	false	1.0
vergelten	neg 1.0		off 0.4674560177382397 neg 0.46276314617533276 __DUMMY__ 0.06978083608642745	false	0.5
verdorbenheit	neg 1.0		neg 0.4728288931499489 off 0.45714111091446796 __DUMMY__ 0.07002999593558316	false	1.0
trauma	neg 1.0		neg 0.47198178781673295 off 0.45815335627597575 __DUMMY__ 0.06986485590729118	false	1.0
sinnlos	neg 1.0		neg 0.4696879274779126 off 0.46038755834064704 __DUMMY__ 0.0699245141814403	false	1.0
fettsack	off 1.0	off 1.0	off 0.7197491235710006 neg 0.2471580741922355 __DUMMY__ 0.033092802236763884	false	1.0
feige	off 1.0	off 1.0	off 0.7162955335313527 neg 0.2505000784038611 __DUMMY__ 0.03320438806478617	false	1.0
abdanken	neg 1.0		neg 0.4760445402733589 off 0.4542999541458449 __DUMMY__ 0.06965550558079633	false	1.0
wichtigtuer	off 1.0	off 1.0	off 0.7147968431254058 neg 0.25187375033746695 __DUMMY__ 0.033329406537127175	false	1.0
misslingen	neg 1.0		neg 0.4676488192107276 off 0.46183086063794226 __DUMMY__ 0.07052032015133002	false	1.0
untreu	off 1.0		neg 0.4680921127040367 off 0.4625016623413293 __DUMMY__ 0.0694062249546339	false	0.5
missmutig	neg 1.0		neg 0.46842484625457437 off 0.46198191577263975 __DUMMY__ 0.0695932379727858	false	1.0
hurenbock	off 1.0		neg 0.470430567885129 off 0.4595589480589395 __DUMMY__ 0.07001048405593165	false	0.5
betrunken	neg 1.0		off 0.4664060507505292 neg 0.4638644569603836 __DUMMY__ 0.06972949228908733	false	0.5
korrupt	off 1.0		neg 0.4794633765037219 off 0.45108853868004783 __DUMMY__ 0.06944808481623026	false	0.5
unmut	neg 1.0		neg 0.48141191472002487 off 0.4484112700343696 __DUMMY__ 0.07017681524560561	false	1.0
hackfresse	off 1.0		off 0.4694305732587125 neg 0.4616288283538082 __DUMMY__ 0.06894059838747925	false	1.0
aufblasen	neg 1.0		neg 0.4700162765865398 off 0.4599226449811615 __DUMMY__ 0.0700610784322987	false	1.0
gewaltsam	neg 1.0		neg 0.47355377154315365 off 0.4564360657071042 __DUMMY__ 0.07001016274974217	false	1.0
unbeliebtheit	neg 1.0		neg 0.47465069575585833 off 0.45657582561267024 __DUMMY__ 0.06877347863147146	false	1.0
sturheit	neg 1.0		neg 0.47552468188025715 off 0.45471360006665573 __DUMMY__ 0.06976171805308708	false	1.0
kuh	neg 1.0		neg 0.4746086250244776 off 0.4558700043392815 __DUMMY__ 0.06952137063624092	false	1.0
erschrecken	neg 1.0		neg 0.4681849560076006 off 0.46204192329080607 __DUMMY__ 0.0697731207015933	false	1.0
opfer	neg 1.0		neg 0.4754421554357783 off 0.4543199567169787 __DUMMY__ 0.07023788784724293	false	1.0
sinken	neg 1.0		neg 0.4801577851538441 off 0.44960097755220024 __DUMMY__ 0.07024123729395558	false	1.0
stinktier	neg 1.0		off 0.466145011401955 neg 0.4647990467253465 __DUMMY__ 0.06905594187269835	false	0.5
tucke	off 1.0		off 0.4675824424205516 neg 0.46393575680075877 __DUMMY__ 0.0684818007786896	false	1.0
ein			neg 0.47131817654746955 off 0.4586861524401697 __DUMMY__ 0.06999567101236075	false	0.0
abstieg	neg 1.0		neg 0.4754125263280377 off 0.4541676148772769 __DUMMY__ 0.07041985879468543	false	1.0
missverstehen	neg 1.0		neg 0.4716053171347725 off 0.4588087036637458 __DUMMY__ 0.06958597920148171	false	1.0
ergebnislos	neg 1.0		neg 0.4782425775925602 off 0.4517330288044671 __DUMMY__ 0.07002439360297281	false	1.0
unter			neg 0.4816308081186878 off 0.4473678374521684 __DUMMY__ 0.07100135442914385	false	0.0
manipulieren	neg 1.0		neg 0.4787519951313215 off 0.45119743843714355 __DUMMY__ 0.07005056643153496	false	1.0
unbewiesen	neg 1.0		neg 0.4786464442185817 off 0.45229239182960107 __DUMMY__ 0.06906116395181727	false	1.0
verschleppen	neg 1.0		neg 0.47607605267139935 off 0.45390177953865196 __DUMMY__ 0.07002216778994856	false	1.0
weib	off 1.0		off 0.4691997087849586 neg 0.46188993836273123 __DUMMY__ 0.06891035285231023	false	1.0
opposition	neg 1.0		neg 0.47326724230781575 off 0.4572159397328145 __DUMMY__ 0.06951681795936968	false	1.0
verkehrswidrig	neg 1.0	neg 1.0	neg 0.7148638625434277 off 0.2514032662633994 __DUMMY__ 0.033732871193172906	false	1.0
inkorrekt	neg 1.0		neg 0.4689600808743908 off 0.4620038270102225 __DUMMY__ 0.06903609211538675	false	1.0
vermeiden	neg 1.0		neg 0.4815063048156653 off 0.44793471552638153 __DUMMY__ 0.07055897965795307	false	1.0
abweichung	neg 1.0		neg 0.4782082065858101 off 0.4518631108840162 __DUMMY__ 0.0699286825301738	false	1.0
alkoholisiert	neg 1.0		neg 0.4733244173394167 off 0.45585948048377456 __DUMMY__ 0.0708161021768087	false	1.0
scheiss	off 1.0	off 1.0	off 0.71741750412905 neg 0.2492265388776146 __DUMMY__ 0.03335595699333549	false	1.0
herausforderung	neg 1.0	neg 1.0	neg 0.7220895359160393 off 0.24381035204841872 __DUMMY__ 0.034100112035542	false	1.0
pervers	off 1.0		off 0.4725739146067795 neg 0.45867171110729454 __DUMMY__ 0.068754374285926	false	1.0
wackelig	neg 1.0		neg 0.4723593439444291 off 0.4571502511759906 __DUMMY__ 0.07049040487958019	false	1.0
verwickeln	neg 1.0		neg 0.4718521593778378 off 0.4585751018848139 __DUMMY__ 0.06957273873734851	false	1.0
vorwand	neg 1.0		neg 0.47890187805222606 off 0.45091683218838924 __DUMMY__ 0.0701812897593847	false	1.0
muschi	off 1.0		neg 0.47493756955409017 off 0.4551193298739964 __DUMMY__ 0.06994310057191344	false	0.5
entmutigung	neg 1.0		neg 0.47449869639534387 off 0.45608920071538606 __DUMMY__ 0.06941210288927002	false	1.0
unangemessen	neg 1.0		neg 0.4766027953098361 off 0.4536323720030816 __DUMMY__ 0.06976483268708222	false	1.0
unstetig	neg 1.0		neg 0.4705985199212608 off 0.45934624382986544 __DUMMY__ 0.07005523624887382	false	1.0
entmutigen	neg 1.0		neg 0.4717865724651797 off 0.4583998595561582 __DUMMY__ 0.06981356797866209	false	1.0
schwanz	neg 1.0		neg 0.4773869157023694 off 0.4524272183448915 __DUMMY__ 0.07018586595273918	false	1.0
verbot	neg 1.0		neg 0.47820605825094914 off 0.45209590573804076 __DUMMY__ 0.06969803601101013	false	1.0
leid	neg 1.0		off 0.46869276996517173 neg 0.4619524995463489 __DUMMY__ 0.06935473048847918	false	0.5
archaisch	neg 1.0		neg 0.47503248656212727 off 0.4549521243499022 __DUMMY__ 0.07001538908797056	false	1.0
gegen			neg 0.4784734256423941 off 0.4511338038806169 __DUMMY__ 0.07039277047698898	false	0.0
scheidung	neg 1.0		off 0.4769936899163119 neg 0.4542553019221428 __DUMMY__ 0.06875100816154538	false	0.5
einschlag	neg 1.0	neg 1.0	neg 0.7176757369933203 off 0.24896428431320847 __DUMMY__ 0.03335997869347123	false	1.0
m			neg 0.4741177367000765 off 0.45567946791398745 __DUMMY__ 0.0702027953859359	false	0.0
abgestanden	neg 1.0		neg 0.4710964322109186 off 0.4588811683229028 __DUMMY__ 0.07002239946617858	false	1.0
schmierig	off 1.0		off 0.46808305991373567 neg 0.46254430586642603 __DUMMY__ 0.06937263421983825	false	1.0
unpraktisch	neg 1.0		neg 0.47014777021798054 off 0.4597379768300664 __DUMMY__ 0.07011425295195307	false	1.0
wixxer	off 1.0		off 0.4717089474903178 neg 0.45963569043471614 __DUMMY__ 0.06865536207496604	false	1.0
bezeichnet			neg 0.47440965063803703 off 0.4557964617210233 __DUMMY__ 0.06979388764093966	false	0.0
jammerlappen	off 1.0		neg 0.4685923582675847 off 0.4618545808350322 __DUMMY__ 0.06955306089738318	false	0.5
farce	neg 1.0		neg 0.47828878343680425 off 0.452186448818975 __DUMMY__ 0.06952476774422077	false	1.0
zwecklos	neg 1.0		neg 0.4762814585403168 off 0.45389637675900196 __DUMMY__ 0.06982216470068134	false	1.0
turbulent	neg 1.0		neg 0.4685504996964276 off 0.46200762438372606 __DUMMY__ 0.06944187591984632	false	1.0
invasion	neg 1.0		neg 0.4700061410769282 off 0.4601298581335639 __DUMMY__ 0.06986400078950794	false	1.0
schuld	neg 1.0		neg 0.47258266799433635 off 0.4576272017446154 __DUMMY__ 0.0697901302610483	false	1.0
risiko	neg 1.0		neg 0.47131461934629226 off 0.4585813797564484 __DUMMY__ 0.07010400089725925	false	1.0
finster	neg 1.0		neg 0.4710868094633942 off 0.4589430370760873 __DUMMY__ 0.06997015346051845	false	1.0
geisteskrank	off 1.0		neg 0.46812690063105544 off 0.46259637738329507 __DUMMY__ 0.06927672198564952	false	0.5
zusammenbrechen	neg 1.0		neg 0.4735930520334868 off 0.45629165526781035 __DUMMY__ 0.07011529269870292	false	1.0
ausbeute	neg 1.0		neg 0.4751929347943172 off 0.45430625565866567 __DUMMY__ 0.0705008095470171	false	1.0
hinterhalt	neg 1.0		neg 0.47307639055400397 off 0.4566530809705145 __DUMMY__ 0.07027052847548151	false	1.0
kritik	neg 1.0		neg 0.4778846940870981 off 0.4524969422729249 __DUMMY__ 0.06961836363997702	false	1.0
einschrumpfen	neg 1.0		neg 0.4727611538935016 off 0.4579132835710989 __DUMMY__ 0.06932556253539948	false	1.0
riskant	neg 1.0		neg 0.4774634174559271 off 0.45254841386765077 __DUMMY__ 0.069988168676422	false	1.0
frustrieren	neg 1.0		neg 0.4768093241847041 off 0.45314449767855897 __DUMMY__ 0.07004617813673701	false	1.0
groll	neg 1.0		neg 0.4755016258694894 off 0.4545007346628218 __DUMMY__ 0.06999763946768886	false	1.0
gibt			neg 0.47521667833366366 off 0.4548340460057232 __DUMMY__ 0.06994927566061321	false	0.0
qualvoll	neg 1.0		neg 0.4681119036882802 off 0.46195178576906454 __DUMMY__ 0.06993631054265527	false	1.0
wackeln	neg 1.0	neg 1.0	neg 0.7207554422802401 off 0.2455454845698097 __DUMMY__ 0.033699073149950166	false	1.0
klagen	neg 1.0		neg 0.48045651802780737 off 0.4493262172941244 __DUMMY__ 0.07021726467806819	false	1.0
bankrott	neg 1.0		neg 0.4686948705606345 off 0.4615602739118555 __DUMMY__ 0.06974485552750996	false	1.0
trauern	neg 1.0		neg 0.47536891774371426 off 0.454339041111553 __DUMMY__ 0.07029204114473264	false	1.0
ablehnung	neg 1.0		neg 0.47773911855011836 off 0.4526286124094025 __DUMMY__ 0.06963226904047914	false	1.0
stur	neg 1.0		neg 0.4726192319037423 off 0.45771724575291783 __DUMMY__ 0.06966352234333978	false	1.0
aufruhr	neg 1.0		neg 0.4739143141533568 off 0.45610667388646153 __DUMMY__ 0.06997901196018168	false	1.0
melancholie	neg 1.0		neg 0.4743566791017379 off 0.4554479388473442 __DUMMY__ 0.07019538205091795	false	1.0
ist			neg 0.47135869980928985 off 0.45885179390412395 __DUMMY__ 0.06978950628658614	false	0.0
torheit	neg 1.0		neg 0.47411148187372804 off 0.4562964245649487 __DUMMY__ 0.0695920935613232	false	1.0
dreckskind	off 1.0		off 0.46713456490252425 neg 0.4639520509427212 __DUMMY__ 0.06891338415475445	false	1.0
umtauschen	neg 1.0		neg 0.4731038986931177 off 0.4569321582851248 __DUMMY__ 0.06996394302175762	false	1.0
zum			neg 0.4779189591519432 off 0.451017596305681 __DUMMY__ 0.07106344454237577	false	0.0
zersetzen	neg 1.0		neg 0.47969262896964826 off 0.4503814087278004 __DUMMY__ 0.06992596230255127	false	1.0
zur			neg 0.48142707767548726 off 0.44788707146930096 __DUMMY__ 0.07068585085521188	false	0.0
frust	neg 1.0		neg 0.4741624839107025 off 0.45576901838114825 __DUMMY__ 0.07006849770814925	false	1.0
unerbittlichkeit	neg 1.0		neg 0.47912872053233746 off 0.4508845321065087 __DUMMY__ 0.0699867473611537	false	1.0
zwei			neg 0.4768338900529382 off 0.45236784024320187 __DUMMY__ 0.07079826970385986	false	0.0
unkorrekt	neg 1.0		neg 0.4691013000092062 off 0.46199832983338823 __DUMMY__ 0.06890037015740563	false	1.0
hexe	off 1.0		neg 0.4678606489443806 off 0.462631701328151 __DUMMY__ 0.06950764972746833	false	0.5
lasch	neg 1.0		neg 0.4716568842467312 off 0.45899349597445316 __DUMMY__ 0.06934961977881553	false	1.0
rivale	neg 1.0		off 0.4654152135256287 neg 0.46505674970222083 __DUMMY__ 0.06952803677215037	false	0.5
mutlos	off 1.0	off 1.0	off 0.7108027422108044 neg 0.2557711978316745 __DUMMY__ 0.03342605995752114	false	1.0
wirr	off 1.0		neg 0.46841928725334336 off 0.46264298349274996 __DUMMY__ 0.06893772925390663	false	0.5
jahr			neg 0.4756540778823892 off 0.4537308581373851 __DUMMY__ 0.07061506398022586	false	0.0
wird			neg 0.4760465387967617 off 0.4538633561609171 __DUMMY__ 0.07009010504232127	false	0.0
strafbar	neg 1.0		neg 0.47803049011478493 off 0.4520823295654923 __DUMMY__ 0.06988718031972256	false	1.0
erosion	neg 1.0		neg 0.4709855534110316 off 0.4589226765541502 __DUMMY__ 0.07009177003481806	false	1.0
eingehen	neg 1.0		neg 0.47748449088893635 off 0.4527286949335861 __DUMMY__ 0.06978681417747751	false	1.0
faul	off 1.0		neg 0.4677137156029469 off 0.46246688330692926 __DUMMY__ 0.0698194010901239	false	0.5
provisorium	neg 1.0		neg 0.4828999383313373 off 0.4462435136256147 __DUMMY__ 0.070856548043048	false	1.0
schmerzen	neg 1.0		neg 0.47236545838898686 off 0.45764051514331144 __DUMMY__ 0.06999402646770166	false	1.0
schrumpfen	neg 1.0		neg 0.48382337583156687 off 0.4459311934237264 __DUMMY__ 0.07024543074470671	false	1.0
geistlos	off 1.0		neg 0.47473762142145814 off 0.4561396447322881 __DUMMY__ 0.06912273384625374	false	0.5
fehlkauf	neg 1.0		neg 0.47163343367507715 off 0.45861014997575467 __DUMMY__ 0.06975641634916835	false	1.0
frustrierend	neg 1.0		neg 0.46792470350040516 off 0.46222605062616967 __DUMMY__ 0.06984924587342518	false	1.0
unzufrieden	neg 1.0		neg 0.4766808068612383 off 0.45352384031593673 __DUMMY__ 0.06979535282282491	false	1.0
verzweifeln	neg 1.0		neg 0.47338724601471843 off 0.45666228436834366 __DUMMY__ 0.06995046961693803	false	1.0
verzweifelt	neg 1.0		neg 0.4718458300372257 off 0.45839567556213084 __DUMMY__ 0.06975849440064358	false	1.0
misstrauensantrag	neg 1.0		neg 0.471841076592933 off 0.4585565954572196 __DUMMY__ 0.06960232794984743	false	1.0
abfallen	neg 1.0		neg 0.46957820764217595 off 0.46027817351744044 __DUMMY__ 0.07014361884038363	false	1.0
fucker	off 1.0		neg 0.46716388595897207 off 0.4634911421232391 __DUMMY__ 0.0693449719177889	false	0.5
ungezogen	neg 1.0		off 0.47183839581077075 neg 0.45914388979597676 __DUMMY__ 0.06901771439325256	false	0.5
irrsinnig	neg 1.0	neg 1.0	neg 0.7224803139926409 off 0.24413714797387395 __DUMMY__ 0.03338253803348507	false	1.0
unfassbar	neg 1.0		neg 0.4682813383939278 off 0.4622691202402193 __DUMMY__ 0.06944954136585278	false	1.0
hart	neg 1.0		neg 0.4696536450518825 off 0.4606781739203738 __DUMMY__ 0.06966818102774379	false	1.0
widerlich	off 1.0		neg 0.4681545475094721 off 0.46256429321759607 __DUMMY__ 0.06928115927293187	false	0.5
fatal	neg 1.0		neg 0.4712939022452607 off 0.4589505328632182 __DUMMY__ 0.06975556489152106	false	1.0
bruch	neg 1.0		neg 0.4809951957791996 off 0.4489096039890245 __DUMMY__ 0.0700952002317759	false	1.0
aushungern	neg 1.0		neg 0.4765425202955449 off 0.45382551207571514 __DUMMY__ 0.0696319676287399	false	1.0
anspannung	neg 1.0	neg 1.0	neg 0.724636721478934 off 0.24118147301619866 __DUMMY__ 0.03418180550486729	false	1.0
von			neg 0.4767796999545318 off 0.45263639021923946 __DUMMY__ 0.07058390982622866	false	0.0
kraftlos	neg 1.0		neg 0.47274703750792524 off 0.4568915495274758 __DUMMY__ 0.07036141296459907	false	1.0
vom			neg 0.48086928229181525 off 0.4480978336222527 __DUMMY__ 0.07103288408593214	false	0.0
grenzdebil	off 1.0		neg 0.46667216394609873 off 0.46384313345141964 __DUMMY__ 0.06948470260248162	false	0.5
vor			neg 0.47761365240635095 off 0.4520126247437457 __DUMMY__ 0.07037372284990331	false	0.0
unterwerfen	neg 1.0		neg 0.47708377364927246 off 0.45286044077737286 __DUMMY__ 0.07005578557335473	false	1.0
versenkung	neg 1.0		neg 0.4774340336670862 off 0.45249992182379906 __DUMMY__ 0.07006604450911477	false	1.0
entziehen	neg 1.0		neg 0.4797969272938762 off 0.45001177197542613 __DUMMY__ 0.07019130073069767	false	1.0
finanzkrise	neg 1.0		neg 0.4766687742754043 off 0.45376105692282104 __DUMMY__ 0.06957016880177459	false	1.0
schimpfend	neg 1.0		neg 0.4697718084640452 off 0.4600740220009199 __DUMMY__ 0.07015416953503481	false	1.0
profan	neg 1.0		neg 0.47033529531507184 off 0.4599600252280904 __DUMMY__ 0.06970467945683767	false	1.0
korruption	neg 1.0	neg 1.0	neg 0.7253601878797501 off 0.2412473724781437 __DUMMY__ 0.033392439642106336	false	1.0
â			neg 0.47542275269082696 off 0.45436145363677327 __DUMMY__ 0.07021579367239988	false	0.0
schmutzig	neg 1.0		neg 0.46613052773815894 off 0.464194221603853 __DUMMY__ 0.06967525065798814	false	1.0
sexy	neg 1.0		neg 0.46930882702752497 off 0.4609453292112288 __DUMMY__ 0.06974584376124619	false	1.0
abraten	neg 1.0		neg 0.4709375091680886 off 0.45924993327547997 __DUMMY__ 0.0698125575564316	false	1.0
schwarz	neg 1.0		neg 0.472264642478818 off 0.4580085669718633 __DUMMY__ 0.06972679054931873	false	1.0
fotze	off 1.0		neg 0.47702971771419633 off 0.45292018237251785 __DUMMY__ 0.07005009991328578	false	0.5
verwirren	neg 1.0		neg 0.47001241447105824 off 0.46027268633159857 __DUMMY__ 0.0697148991973431	false	1.0
zahnlos	off 1.0		neg 0.4765469563058496 off 0.4536457983241952 __DUMMY__ 0.06980724536995525	false	0.5
verheeren	neg 1.0		off 0.47414997699571265 neg 0.4566271220081977 __DUMMY__ 0.06922290099608958	false	0.5
hippie	neg 1.0		neg 0.47019064664881594 off 0.4600931228747849 __DUMMY__ 0.0697162304763992	false	1.0
rammen	neg 1.0		neg 0.4727158504011949 off 0.45752848751596786 __DUMMY__ 0.0697556620828371	false	1.0
unlauter	neg 1.0		neg 0.47734680030130516 off 0.45349934096911326 __DUMMY__ 0.06915385872958157	false	1.0
unheilvoll	neg 1.0		neg 0.4682245866122114 off 0.461649972397646 __DUMMY__ 0.07012544099014266	false	1.0
niedrig	neg 1.0		neg 0.4769710096778942 off 0.4528039835941472 __DUMMY__ 0.0702250067279586	false	1.0
explosion	neg 1.0		neg 0.47139850830665914 off 0.45896309248045275 __DUMMY__ 0.06963839921288827	false	1.0
weichei	off 1.0		off 0.46829255679112775 neg 0.4626238462642166 __DUMMY__ 0.06908359694465571	false	1.0
minusmensch	off 1.0		off 0.46916308144106195 neg 0.4624221333929231 __DUMMY__ 0.06841478516601482	false	1.0
farblos	neg 1.0		neg 0.4696611206716371 off 0.45974105630841355 __DUMMY__ 0.07059782301994941	false	1.0
unwissend	neg 1.0	neg 1.0	neg 0.7203747210645335 off 0.2463931579557097 __DUMMY__ 0.033232120979756766	false	1.0
traurig	neg 1.0		off 0.4662280951516655 neg 0.4643245292796972 __DUMMY__ 0.06944737556863717	false	0.5
senkung	neg 1.0		neg 0.4728931111656978 off 0.45775609240929804 __DUMMY__ 0.06935079642500422	false	1.0
ungleich	neg 1.0	neg 1.0	neg 0.7260409757375319 off 0.24053234222870723 __DUMMY__ 0.0334266820337609	false	1.0
heikel	neg 1.0		neg 0.47919642381898053 off 0.4508406635239143 __DUMMY__ 0.0699629126571052	false	1.0
drosselung	neg 1.0		neg 0.46631622884322443 off 0.46405339348975805 __DUMMY__ 0.0696303776670174	false	1.0
falsch	neg 1.0		neg 0.46865541189685356 off 0.4616591102127691 __DUMMY__ 0.06968547789037748	false	1.0
unzufriedenheit	neg 1.0		neg 0.4794200116547663 off 0.45052604228097354 __DUMMY__ 0.07005394606426009	false	1.0
kurz	neg 1.0		neg 0.4729262737686405 off 0.45683534638327106 __DUMMY__ 0.07023837984808827	false	1.0
unsinnig	neg 1.0		neg 0.47686739967563496 off 0.4534784776712355 __DUMMY__ 0.06965412265312966	false	1.0
penner	off 1.0	off 1.0	off 0.7210502391706937 neg 0.24594122063764734 __DUMMY__ 0.0330085401916591	false	1.0
seicht	neg 1.0		off 0.46956636976223376 neg 0.46177515547593 __DUMMY__ 0.06865847476183631	false	0.5
dummheit	off 1.0	off 1.0	off 0.7148716703898386 neg 0.251832799108212 __DUMMY__ 0.033295530501949507	false	1.0
unerfreulich	neg 1.0		neg 0.47877755968682506 off 0.45101088928613603 __DUMMY__ 0.07021155102703892	false	1.0
motherfucker	off 1.0	off 1.0	off 0.7171980920549976 neg 0.24963744699535895 __DUMMY__ 0.03316446094964349	false	1.0
pikiert	neg 1.0		neg 0.4694219925872031 off 0.46126849736477027 __DUMMY__ 0.06930951004802677	false	1.0
wrack	neg 1.0		neg 0.474009517172148 off 0.4554478548831227 __DUMMY__ 0.07054262794472924	false	1.0
gangster	neg 1.0		neg 0.47015257144847034 off 0.46005283470203595 __DUMMY__ 0.06979459384949371	false	1.0
krank	neg 1.0		off 0.46517696530437097 neg 0.4651631893346054 __DUMMY__ 0.06965984536102367	false	0.5
reich	neg 1.0		neg 0.4701047086152979 off 0.46045540029311777 __DUMMY__ 0.06943989109158438	false	1.0
gnadenlos	neg 1.0		neg 0.4720673089902227 off 0.45806712753652845 __DUMMY__ 0.06986556347324888	false	1.0
niedergeschlagen	neg 1.0		neg 0.4723258052602885 off 0.45740910617999253 __DUMMY__ 0.07026508855971889	false	1.0
terrorisieren	off 1.0	off 1.0	off 0.7123005942297932 neg 0.2540591659685858 __DUMMY__ 0.03364023980162099	false	1.0
sinnlosigkeit	neg 1.0		neg 0.47591624279557865 off 0.4542105839457934 __DUMMY__ 0.069873173258628	false	1.0
behindern	neg 1.0		neg 0.47487568780942135 off 0.45533874040323663 __DUMMY__ 0.06978557178734213	false	1.0
undemokratisch	neg 1.0		neg 0.4752323973401541 off 0.4553398333636692 __DUMMY__ 0.06942776929617676	false	1.0
wirtschaftskrise	neg 1.0		neg 0.4782130681413682 off 0.4519848969113319 __DUMMY__ 0.06980203494729978	false	1.0
neid	neg 1.0		neg 0.4659604169659874 off 0.46407127109745827 __DUMMY__ 0.06996831193655435	false	1.0
rutschen	neg 1.0	neg 1.0	neg 0.7241192516745333 off 0.2418218854020273 __DUMMY__ 0.034058862923439404	false	1.0
rezession	neg 1.0		neg 0.46598785506615537 off 0.4649704946004877 __DUMMY__ 0.06904165033335702	false	1.0
fehlgeburt	neg 1.0		neg 0.4688001212397076 off 0.4611074132458299 __DUMMY__ 0.07009246551446262	false	1.0
charakterschwach	off 1.0		neg 0.4672583141962646 off 0.46325538059400917 __DUMMY__ 0.0694863052097263	false	0.5
isolation	neg 1.0		neg 0.4683299266530941 off 0.4618767708591152 __DUMMY__ 0.06979330248779075	false	1.0
ablenkung	neg 1.0		neg 0.47219173421694255 off 0.45785122357180924 __DUMMY__ 0.0699570422112482	false	1.0
pech	neg 1.0		neg 0.4686960241799872 off 0.46157288624634185 __DUMMY__ 0.0697310895736709	false	1.0
vermeidung	neg 1.0		neg 0.4684190045336586 off 0.46231400783297427 __DUMMY__ 0.06926698763336704	false	1.0
dominieren	neg 1.0		neg 0.47456830688959895 off 0.4550718368095437 __DUMMY__ 0.07035985630085735	false	1.0
schwindlig	neg 1.0		neg 0.46715856488237506 off 0.46260237737913174 __DUMMY__ 0.07023905773849327	false	1.0
lutscher	neg 1.0		off 0.47050889044803823 neg 0.4608313878295912 __DUMMY__ 0.06865972172237042	false	0.5
pflicht	neg 1.0		neg 0.47929394737203485 off 0.45071736459581707 __DUMMY__ 0.06998868803214807	false	1.0
faschist	off 1.0		neg 0.47302097426394 off 0.45766295582184363 __DUMMY__ 0.0693160699142163	false	0.5
verschleudern	neg 1.0		neg 0.48183789561555035 off 0.44874674447635693 __DUMMY__ 0.06941535990809278	false	1.0
wenn			neg 0.4685608412784065 off 0.46178244971870286 __DUMMY__ 0.06965670900289075	false	0.0
ehebruch	neg 1.0		neg 0.47686280544564524 off 0.4531629661797137 __DUMMY__ 0.06997422837464115	false	1.0
spott	off 1.0		neg 0.478690076137112 off 0.45149205090832195 __DUMMY__ 0.06981787295456612	false	0.5
trostlosigkeit	neg 1.0		neg 0.4783617773345443 off 0.4512986059550807 __DUMMY__ 0.07033961671037495	false	1.0
lutschen	neg 1.0		neg 0.4718709620116269 off 0.4585756746009174 __DUMMY__ 0.06955336338745559	false	1.0
undiszipliniert	neg 1.0		off 0.4657538702742878 neg 0.46468664447235364 __DUMMY__ 0.06955948525335871	false	0.5
kopfschmerz	neg 1.0		neg 0.4726368538492123 off 0.45713687012354887 __DUMMY__ 0.07022627602723876	false	1.0
unvorhergesehen	neg 1.0		neg 0.4735606120850322 off 0.4558795294879124 __DUMMY__ 0.07055985842705535	false	1.0
desinteressiert	neg 1.0		neg 0.4664090907470276 off 0.4642517906812228 __DUMMY__ 0.06933911857174951	false	1.0
armselig	off 1.0		neg 0.4671107535440345 off 0.4638427406073122 __DUMMY__ 0.06904650584865339	false	0.5
desaster	neg 1.0		neg 0.4815686546508849 off 0.448310131309926 __DUMMY__ 0.07012121403918924	false	1.0
tod	neg 1.0		neg 0.47304930868930684 off 0.45642472115627714 __DUMMY__ 0.07052597015441608	false	1.0
herzlos	neg 1.0		off 0.465673055635291 neg 0.4650863924145564 __DUMMY__ 0.06924055195015254	false	0.5
unwissenheit	neg 1.0		neg 0.4780618691773699 off 0.45233178865634904 __DUMMY__ 0.069606342166281	false	1.0
widersinnig	neg 1.0	neg 1.0	neg 0.7257163168291777 off 0.24105247779630476 __DUMMY__ 0.033231205374517514	false	1.0
bedenklich	neg 1.0		neg 0.477931339601403 off 0.452203212955425 __DUMMY__ 0.06986544744317208	false	1.0
beanstanden	neg 1.0		neg 0.4794147975929465 off 0.45049287733453 __DUMMY__ 0.07009232507252355	false	1.0
panisch	neg 1.0	neg 1.0	neg 0.7190222472654921 off 0.2472516373435811 __DUMMY__ 0.03372611539092676	false	1.0
debil	off 1.0		neg 0.48277927213386024 off 0.4466652196111262 __DUMMY__ 0.07055550825501343	false	0.5
abstrich	neg 1.0		neg 0.47657386758089565 off 0.45349827285578675 __DUMMY__ 0.06992785956331764	false	1.0
primitiv	neg 1.0		neg 0.46747242330794747 off 0.46322841267213105 __DUMMY__ 0.06929916401992164	false	1.0
abschaum	off 1.0	off 1.0	off 0.7162400996880258 neg 0.2504960543170931 __DUMMY__ 0.03326384599488112	false	1.0
provozieren	neg 1.0		neg 0.4732340528629275 off 0.4570414624142732 __DUMMY__ 0.06972448472279923	false	1.0
tot	neg 1.0		neg 0.4774361075551275 off 0.4525802395706577 __DUMMY__ 0.06998365287421492	false	1.0
instabil	neg 1.0		neg 0.4695522912010958 off 0.46143032112508947 __DUMMY__ 0.06901738767381478	false	1.0
schwuchtel	off 1.0		off 0.47479615452017093 neg 0.4568465536250488 __DUMMY__ 0.06835729185478022	false	1.0
zerren	neg 1.0		neg 0.4723365333845334 off 0.4574090671527878 __DUMMY__ 0.07025439946267874	false	1.0
kinderficker	off 1.0		neg 0.46561211982491774 off 0.46560431840835176 __DUMMY__ 0.06878356176673045	false	0.5
gefahr	neg 1.0		neg 0.47846596311131273 off 0.45136103368945335 __DUMMY__ 0.0701730031992339	false	1.0
rabiat	neg 1.0		neg 0.47399419658706443 off 0.45626530315602837 __DUMMY__ 0.06974050025690726	false	1.0
verlangsamung	neg 1.0		off 0.4694688701463486 neg 0.4614924417758091 __DUMMY__ 0.06903868807784226	false	0.5
ausgestorben	neg 1.0		neg 0.4722101264032566 off 0.45765630211698416 __DUMMY__ 0.07013357147975924	false	1.0
anklagen	neg 1.0		neg 0.4759216962344816 off 0.4542519151706867 __DUMMY__ 0.06982638859483159	false	1.0
trott	neg 1.0		neg 0.4729855496739311 off 0.45698342221202887 __DUMMY__ 0.07003102811404001	false	1.0
verminderung	neg 1.0		neg 0.4669773216364612 off 0.46370426458767816 __DUMMY__ 0.06931841377586062	false	1.0
nach			neg 0.47672865163507916 off 0.45211201856368055 __DUMMY__ 0.07115932980124026	false	0.0
rost	neg 1.0		off 0.46906908797355956 neg 0.46168113668866195 __DUMMY__ 0.06924977533777862	false	0.5
destruktiv	neg 1.0		neg 0.4759879022230533 off 0.4544716047367664 __DUMMY__ 0.06954049304018033	false	1.0
unzumutbarkeit	neg 1.0		neg 0.46748204189720916 off 0.4627666159072534 __DUMMY__ 0.06975134219553746	false	1.0
labil	off 1.0	off 1.0	off 0.7162057213058971 neg 0.2505209391543917 __DUMMY__ 0.03327333953971114	false	1.0
ziemlich	neg 1.0		neg 0.4664048805504524 off 0.4639504522298483 __DUMMY__ 0.0696446672196993	false	1.0
lachnummer	off 1.0		neg 0.4747479524913955 off 0.4555579911411369 __DUMMY__ 0.0696940563674677	false	0.5
oder			neg 0.47135210412888234 off 0.4585675731280419 __DUMMY__ 0.07008032274307574	false	0.0
verfall	neg 1.0		neg 0.4830764130698606 off 0.44657376834977236 __DUMMY__ 0.07034981858036712	false	1.0
ausgrenzung	neg 1.0		neg 0.4737775527516611 off 0.45673060580347924 __DUMMY__ 0.06949184144485965	false	1.0
unordnung	neg 1.0		neg 0.46596399670138633 off 0.46422884677027115 __DUMMY__ 0.06980715652834253	false	1.0
fehlverhalten	neg 1.0		neg 0.47883043628061606 off 0.4511769522110197 __DUMMY__ 0.0699926115083642	false	1.0
eine			neg 0.47834312168867854 off 0.45146858398505696 __DUMMY__ 0.07018829432626456	false	0.0
nille	neg 1.0		neg 0.47425875621331787 off 0.4557801085465546 __DUMMY__ 0.06996113524012755	false	1.0
qual	neg 1.0		neg 0.4733817601549757 off 0.45660688815902056 __DUMMY__ 0.07001135168600361	false	1.0
verschwenden	neg 1.0		neg 0.4770311733940605 off 0.45307059968497043 __DUMMY__ 0.06989822692096898	false	1.0
riesig	neg 1.0	neg 1.0	neg 0.7227672051491755 off 0.2434074913792355 __DUMMY__ 0.033825303471588866	false	1.0
verurteilen	neg 1.0		neg 0.476352458790686 off 0.4537885756346309 __DUMMY__ 0.06985896557468313	false	1.0
klischee	neg 1.0	neg 1.0	neg 0.7215397331359381 off 0.24522143143446448 __DUMMY__ 0.03323883542959741	false	1.0
diktatorisch	neg 1.0		neg 0.4753134579976139 off 0.45538280728726066 __DUMMY__ 0.06930373471512558	false	1.0
vorhersehbar	neg 1.0	neg 1.0	neg 0.7216432897037097 off 0.2450558349077115 __DUMMY__ 0.03330087538857872	false	1.0
sowie			off 0.4674898826164881 neg 0.4633996951750074 __DUMMY__ 0.06911042220850458	false	0.0
stornieren	neg 1.0		neg 0.4678050191230592 off 0.461675847419382 __DUMMY__ 0.07051913345755882	false	1.0
besteuerung	neg 1.0		neg 0.47573539918691243 off 0.4549044019206245 __DUMMY__ 0.06936019889246305	false	1.0
ungeschminkt	neg 1.0		neg 0.46828419637746765 off 0.4624101576140148 __DUMMY__ 0.06930564600851745	false	1.0
kritisch	neg 1.0		neg 0.47816361222822895 off 0.45195928056075024 __DUMMY__ 0.06987710721102086	false	1.0
schlamperei	off 1.0		neg 0.47969436497965495 off 0.45044650110631507 __DUMMY__ 0.06985913391402988	false	0.5
sucht	neg 1.0	neg 1.0	neg 0.7214249438528266 off 0.24490136220624628 __DUMMY__ 0.03367369394092701	false	1.0
egoistisch	off 1.0		off 0.4686436921005701 neg 0.46217493482284405 __DUMMY__ 0.06918137307658578	false	1.0
ausbeuter	off 1.0		neg 0.48010279936302797 off 0.4500702047212697 __DUMMY__ 0.0698269959157023	false	0.5
arschgeburt	off 1.0		off 0.47433279804483935 neg 0.45741465527037917 __DUMMY__ 0.06825254668478141	false	1.0
schubs	neg 1.0	neg 1.0	neg 0.7224809069097838 off 0.24377615650062323 __DUMMY__ 0.03374293658959287	false	1.0
unsolide	neg 1.0		neg 0.47732784674322787 off 0.45378385620760836 __DUMMY__ 0.06888829704916367	false	1.0
beschwerde	neg 1.0		neg 0.47949212974527056 off 0.45066158182746724 __DUMMY__ 0.0698462884272621	false	1.0
stocken	neg 1.0		neg 0.47754945277738714 off 0.4524339247545927 __DUMMY__ 0.07001662246802008	false	1.0
isolieren	neg 1.0		neg 0.4774485074032063 off 0.45274953094642545 __DUMMY__ 0.0698019616503683	false	1.0
unheilbar	neg 1.0		neg 0.4704834277409816 off 0.4593459987125042 __DUMMY__ 0.07017057354651403	false	1.0
pisser	off 1.0		neg 0.4660390021719081 off 0.4645096227212836 __DUMMY__ 0.06945137510680831	false	0.5
löschen	neg 1.0		neg 0.47313719071302435 off 0.4569459457815032 __DUMMY__ 0.06991686350547253	false	1.0
durchfallen	neg 1.0		neg 0.4776134160213718 off 0.45270252392064414 __DUMMY__ 0.06968406005798407	false	1.0
wichser	off 1.0		off 0.4732904809986403 neg 0.4578484187787726 __DUMMY__ 0.06886110022258703	false	1.0
terror	neg 1.0		neg 0.4687620588435474 off 0.4612617293583127 __DUMMY__ 0.06997621179814002	false	1.0
krass	neg 1.0		off 0.4662042881780311 neg 0.46459249247090767 __DUMMY__ 0.06920321935106129	false	0.5
revolte	neg 1.0		neg 0.4732013355839073 off 0.45734513835583807 __DUMMY__ 0.06945352606025457	false	1.0
besorgt	neg 1.0		neg 0.47259183377305386 off 0.45702497934448844 __DUMMY__ 0.07038318688245764	false	1.0
nachlassen	neg 1.0		neg 0.4771388786775734 off 0.45272871197187037 __DUMMY__ 0.07013240935055633	false	1.0
alt	neg 1.0		neg 0.4761038252319596 off 0.45383709413408047 __DUMMY__ 0.07005908063395996	false	1.0
hundesohn	off 1.0		off 0.4699530709990471 neg 0.46136460794388795 __DUMMY__ 0.06868232105706495	false	1.0
als			neg 0.4733723880605641 off 0.45640395423010527 __DUMMY__ 0.07022365770933073	false	0.0
abschreckung	neg 1.0		neg 0.4794360202384288 off 0.4503710158777736 __DUMMY__ 0.0701929638837976	false	1.0
unqualifiziert	neg 1.0		neg 0.4733586350673972 off 0.45747363838660093 __DUMMY__ 0.06916772654600198	false	1.0
abgewichst	off 1.0		neg 0.47439146531477594 off 0.45554750807001915 __DUMMY__ 0.07006102661520476	false	0.5
schwer	neg 1.0		neg 0.4727544663384867 off 0.4572869944436553 __DUMMY__ 0.06995853921785793	false	1.0
bedeutungslosigkeit	neg 1.0		neg 0.479195425420431 off 0.45075873091005453 __DUMMY__ 0.07004584366951447	false	1.0
kapitulation	neg 1.0		neg 0.47957310846084455 off 0.4507258874383008 __DUMMY__ 0.06970100410085475	false	1.0
unscharf	neg 1.0		neg 0.470938410196697 off 0.4593768745493387 __DUMMY__ 0.06968471525396436	false	1.0
schwinden	neg 1.0		neg 0.4792706606770941 off 0.45067753970266133 __DUMMY__ 0.07005179962024467	false	1.0
versklavung	neg 1.0		neg 0.47548336190834617 off 0.45516870838786294 __DUMMY__ 0.06934792970379097	false	1.0
schlecht	neg 1.0		neg 0.46603829993292883 off 0.464277786657542 __DUMMY__ 0.06968391340952916	false	1.0
verhasst	neg 1.0		neg 0.47262038574896226 off 0.45764267367144074 __DUMMY__ 0.06973694057959709	false	1.0
beschweren	neg 1.0		neg 0.4712380379277479 off 0.45898658016876254 __DUMMY__ 0.06977538190348957	false	1.0
scheiden	neg 1.0		neg 0.4686001454818745 off 0.460920526769807 __DUMMY__ 0.07047932774831854	false	1.0
frustriert	neg 1.0		neg 0.4739727271082972 off 0.45603312587078665 __DUMMY__ 0.06999414702091623	false	1.0
schimmelig	neg 1.0		neg 0.47623642848977116 off 0.4535962803740748 __DUMMY__ 0.07016729113615394	false	1.0
fisch	neg 1.0		neg 0.4742575240415599 off 0.4550223066925974 __DUMMY__ 0.0707201692658426	false	1.0
schmuggel	neg 1.0		neg 0.4751960185633666 off 0.454167678475455 __DUMMY__ 0.07063630296117832	false	1.0
auffallen	neg 1.0		neg 0.4703304890999988 off 0.4599001856929189 __DUMMY__ 0.06976932520708233	false	1.0
konkurrenz	neg 1.0	neg 1.0	neg 0.726173410704789 off 0.240163853772708 __DUMMY__ 0.03366273552250308	false	1.0
teufelskreis	neg 1.0		neg 0.47408102769468785 off 0.4560450006180569 __DUMMY__ 0.06987397168725512	false	1.0
aufschreien	neg 1.0		neg 0.4714227020955383 off 0.4589493859630904 __DUMMY__ 0.06962791194137141	false	1.0
schuldner	neg 1.0		neg 0.47834905810196904 off 0.45151055669557333 __DUMMY__ 0.07014038520245763	false	1.0
missgeburt	off 1.0	off 1.0	off 0.719641341223689 neg 0.24727479611122546 __DUMMY__ 0.03308386266508564	false	1.0
arbeitslos	neg 1.0		neg 0.47715066187139854 off 0.45314210609621086 __DUMMY__ 0.06970723203239049	false	1.0
befallen	neg 1.0		neg 0.4750979568804943 off 0.45498546086799435 __DUMMY__ 0.06991658225151134	false	1.0
miesepetrig	off 1.0	off 1.0	off 0.7177188003300348 neg 0.24890985625823941 __DUMMY__ 0.033371343411725846	false	1.0
alarmieren	neg 1.0		neg 0.47046826459495783 off 0.4601581841894302 __DUMMY__ 0.06937355121561183	false	1.0
ungeduscht	off 1.0		neg 0.46859439699521505 off 0.4616319684403975 __DUMMY__ 0.06977363456438758	false	0.5
knappheit	neg 1.0		neg 0.4795323391925111 off 0.4507858919903453 __DUMMY__ 0.06968176881714366	false	1.0
schlange	neg 1.0		neg 0.46876955687761807 off 0.4610708026203072 __DUMMY__ 0.0701596405020748	false	1.0
harsch	neg 1.0		off 0.4684631404855635 neg 0.4620450423728282 __DUMMY__ 0.06949181714160835	false	0.5
lang	neg 1.0		neg 0.47224433554618256 off 0.45779566585831527 __DUMMY__ 0.06995999859550218	false	1.0
ziellos	neg 1.0		neg 0.4741540025175625 off 0.45560693279263337 __DUMMY__ 0.07023906468980416	false	1.0
selbstverliebt	neg 1.0		off 0.47206631614438466 neg 0.4594948030749967 __DUMMY__ 0.06843888078061872	false	0.5
beseitigen	neg 1.0	neg 1.0	neg 0.7218166950592889 off 0.24445885136429374 __DUMMY__ 0.03372445357641738	false	1.0
dumm	off 1.0		off 0.46885839458889 neg 0.462159902761279 __DUMMY__ 0.06898170264983101	false	1.0
arbeitsloser	neg 1.0		neg 0.47626583606623635 off 0.4537119106777049 __DUMMY__ 0.07002225325605867	false	1.0
blitzen	neg 1.0		neg 0.46984957634781926 off 0.46041818015603886 __DUMMY__ 0.06973224349614197	false	1.0
hilflos	neg 1.0		neg 0.474295428726922 off 0.45566871819787585 __DUMMY__ 0.07003585307520205	false	1.0
eklig	off 1.0		off 0.46968742840623995 neg 0.4613446408615715 __DUMMY__ 0.06896793073218845	false	1.0
begriff			neg 0.47564753889502304 off 0.4545975548288213 __DUMMY__ 0.06975490627615549	false	0.0
hungersnot	neg 1.0		neg 0.4740246212599802 off 0.4558555617241894 __DUMMY__ 0.0701198170158304	false	1.0
ungesetzlich	neg 1.0		neg 0.47717039647858217 off 0.4539330508968903 __DUMMY__ 0.06889655262452762	false	1.0
verschwendung	neg 1.0		neg 0.47758619537151853 off 0.45234092931711223 __DUMMY__ 0.07007287531136916	false	1.0
schmerzvoll	neg 1.0		neg 0.4707719173508089 off 0.45937789780097477 __DUMMY__ 0.06985018484821637	false	1.0
vorzeitig	neg 1.0		neg 0.46837858225041434 off 0.46167239976119895 __DUMMY__ 0.06994901798838668	false	1.0
unvollkommenheit	neg 1.0		neg 0.4710366195894232 off 0.4582886478089643 __DUMMY__ 0.07067473260161251	false	1.0
intervenieren	neg 1.0		neg 0.4798789539038909 off 0.4503204770927719 __DUMMY__ 0.06980056900333727	false	1.0
banause	off 1.0		off 0.4704384514835472 neg 0.4609486993538345 __DUMMY__ 0.06861284916261824	false	1.0
rebell	neg 1.0		neg 0.47989548476612737 off 0.44971981939939326 __DUMMY__ 0.07038469583447941	false	1.0
unlogisch	neg 1.0		off 0.46562166832769075 neg 0.4650752947739752 __DUMMY__ 0.06930303689833411	false	0.5
leiden	neg 1.0		neg 0.4730979363014814 off 0.45607249995276805 __DUMMY__ 0.07082956374575067	false	1.0
abschaffung	neg 1.0		neg 0.475475635045552 off 0.4550781916485736 __DUMMY__ 0.06944617330587434	false	1.0
sturz	neg 1.0		neg 0.4724097582107767 off 0.45758049680967317 __DUMMY__ 0.0700097449795502	false	1.0
verkleinerung	neg 1.0		neg 0.4739118009079462 off 0.45693170044142684 __DUMMY__ 0.06915649865062701	false	1.0
schmarotzer	off 1.0		neg 0.47753942193652393 off 0.45278847741524203 __DUMMY__ 0.06967210064823388	false	0.5
bestrafung	neg 1.0		neg 0.4720844159670289 off 0.4581595442420552 __DUMMY__ 0.06975603979091585	false	1.0
achtlos	neg 1.0		neg 0.47196174621262743 off 0.45794951313375126 __DUMMY__ 0.07008874065362118	false	1.0
ungeheuer	neg 1.0		neg 0.46917064218562166 off 0.4610030570434832 __DUMMY__ 0.06982630077089508	false	1.0
unaufrichtig	neg 1.0		neg 0.47345719481811316 off 0.4571581162706664 __DUMMY__ 0.06938468891122053	false	1.0
groggy	neg 1.0		neg 0.4706901425898692 off 0.4596042013753178 __DUMMY__ 0.06970565603481306	false	1.0
