unsolidarisch	neg 1.0		__DUMMY__ 0.4731785254240045 neg 0.27191494164994073 off 0.25490653292605475	false	1.0
nachteilig	neg 1.0		__DUMMY__ 0.4779495189764409 neg 0.2702717400956579 off 0.25177874092790137	false	1.0
skeptisch	neg 1.0		__DUMMY__ 0.47873869984564366 neg 0.27007341560849857 off 0.2511878845458579	false	1.0
schrecklich	neg 1.0		__DUMMY__ 0.474260640134487 off 0.26771822351974445 neg 0.2580211363457687	false	0.5
schlapp	neg 1.0		__DUMMY__ 0.4765945778001652 off 0.2629172572659355 neg 0.2604881649338991	false	0.5
abfall	neg 1.0		__DUMMY__ 0.4800485483624095 neg 0.2715832717645391 off 0.2483681798730514	false	1.0
widerspenstig	neg 1.0		__DUMMY__ 0.47825158605567775 neg 0.26448988756367164 off 0.2572585263806507	false	1.0
abrupt	neg 1.0		__DUMMY__ 0.48107514633213605 neg 0.26624919087307625 off 0.2526756627947877	false	1.0
unwirksam	neg 1.0		__DUMMY__ 0.47433255402084207 neg 0.27030668949353914 off 0.25536075648561884	false	1.0
angreifen	neg 1.0	neg 1.0	neg 0.6233730730593012 __DUMMY__ 0.233795072561653 off 0.14283185437904586	false	1.0
inkonsistent	neg 1.0		__DUMMY__ 0.4781339177885582 neg 0.2636575041799089 off 0.25820857803153274	false	1.0
abrutschen	neg 1.0		__DUMMY__ 0.4800036356451244 neg 0.27120388745292495 off 0.24879247690195067	false	1.0
unsicher	neg 1.0		__DUMMY__ 0.4783391186671403 neg 0.26430757378582653 off 0.2573533075470333	false	1.0
bauernkind	off 1.0	off 1.0	off 0.6211553982508604 __DUMMY__ 0.2295267324029676 neg 0.149317869346172	false	1.0
angreifer	neg 1.0		__DUMMY__ 0.478215976007444 neg 0.26304949660557614 off 0.2587345273869797	false	1.0
trennen	neg 1.0		__DUMMY__ 0.48210719298067367 neg 0.2643516494448585 off 0.25354115757446793	false	1.0
schmutz	neg 1.0		__DUMMY__ 0.48123514708683784 off 0.26035480480898027 neg 0.2584100481041819	false	0.5
inkonsistenz	neg 1.0		__DUMMY__ 0.4731890232079041 neg 0.26642830912763493 off 0.2603826676644611	false	1.0
erschreckend	neg 1.0		__DUMMY__ 0.4770673358200155 neg 0.26751851351002676 off 0.2554141506699578	false	1.0
ertrinken	neg 1.0		__DUMMY__ 0.48071034204317653 neg 0.26540870061642746 off 0.2538809573403962	false	1.0
pickelface	off 1.0		__DUMMY__ 0.47809436911845127 neg 0.2672716828353906 off 0.2546339480461582	false	0.5
seiner			__DUMMY__ 0.4801714671278232 neg 0.2675128717220885 off 0.25231566115008824	false	0.0
lauch	neg 1.0		__DUMMY__ 0.4790637247479296 neg 0.2724693361434103 off 0.24846693910866008	false	1.0
unwichtig	neg 1.0		__DUMMY__ 0.4752067905857081 neg 0.26272635746521655 off 0.2620668519490753	false	1.0
steuerhinterziehung	neg 1.0		__DUMMY__ 0.47593484911391754 neg 0.2700806484664438 off 0.2539845024196385	false	1.0
schock	neg 1.0		__DUMMY__ 0.4804640229947821 neg 0.26251108220134306 off 0.25702489480387497	false	1.0
beule	neg 1.0		__DUMMY__ 0.47674516331628575 off 0.26334605651477727 neg 0.2599087801689369	false	0.5
vergelten	neg 1.0		__DUMMY__ 0.47715026671963645 off 0.26700817597341886 neg 0.25584155730694463	false	0.5
verdorbenheit	neg 1.0		__DUMMY__ 0.4786405209994741 neg 0.26471953822604954 off 0.2566399407744763	false	1.0
trauma	neg 1.0		__DUMMY__ 0.4774890592929079 neg 0.26435547799895753 off 0.2581554627081347	false	1.0
sinnlos	neg 1.0		__DUMMY__ 0.47789967667846794 neg 0.2620304215599243 off 0.2600699017616077	false	1.0
fettsack	off 1.0	off 1.0	off 0.6228155532621957 __DUMMY__ 0.2305620862560389 neg 0.14662236048176525	false	1.0
feige	off 1.0	off 1.0	off 0.6191619826476783 __DUMMY__ 0.23128240331757935 neg 0.14955561403474232	false	1.0
abdanken	neg 1.0		__DUMMY__ 0.47624365570600197 neg 0.268519271607457 off 0.2552370726865411	false	1.0
wichtigtuer	off 1.0	off 1.0	off 0.617335589977116 __DUMMY__ 0.23212837067552197 neg 0.15053603934736207	false	1.0
misslingen	neg 1.0		__DUMMY__ 0.48185579507571263 off 0.2597672250834298 neg 0.25837697984085756	false	0.5
untreu	off 1.0		__DUMMY__ 0.47459955251714675 off 0.2633605919116955 neg 0.26203985557115766	false	1.0
missmutig	neg 1.0		__DUMMY__ 0.4758325288932057 off 0.2623478601277321 neg 0.2618196109790623	false	0.5
hurenbock	off 1.0		__DUMMY__ 0.4786110904446317 neg 0.26243757324120176 off 0.2589513363141667	false	0.5
betrunken	neg 1.0		__DUMMY__ 0.47671468233080166 off 0.26605168425503806 neg 0.2572336334141602	false	0.5
korrupt	off 1.0		__DUMMY__ 0.4748860681266213 neg 0.2723166442855817 off 0.2527972875877969	false	0.5
unmut	neg 1.0		__DUMMY__ 0.4795147209754601 neg 0.27211981192748985 off 0.24836546709704996	false	1.0
hackfresse	off 1.0		__DUMMY__ 0.47167005710572846 off 0.27097617019866366 neg 0.2573537726956079	false	1.0
aufblasen	neg 1.0		__DUMMY__ 0.47880687744256867 neg 0.26199735235770294 off 0.25919577019972845	false	1.0
gewaltsam	neg 1.0		__DUMMY__ 0.47853849567321044 neg 0.2652960472937862 off 0.25616545703300336	false	1.0
unbeliebtheit	neg 1.0		__DUMMY__ 0.47066036373220227 neg 0.2697781337796056 off 0.2595615024881921	false	1.0
sturheit	neg 1.0		__DUMMY__ 0.47686929060129046 neg 0.26781107610260985 off 0.25531963329609975	false	1.0
kuh	neg 1.0		__DUMMY__ 0.475482767963948 neg 0.2677607698061842 off 0.25675646222986787	false	1.0
erschrecken	neg 1.0		__DUMMY__ 0.47694354001183825 off 0.2619521213960489 neg 0.26110433859211296	false	0.5
opfer	neg 1.0		__DUMMY__ 0.47991751757790535 neg 0.2664120665063954 off 0.2536704159156992	false	1.0
sinken	neg 1.0		__DUMMY__ 0.48000138137898335 neg 0.27077816861700843 off 0.24922045000400814	false	1.0
stinktier	neg 1.0		__DUMMY__ 0.4724499982148377 off 0.26761574362895485 neg 0.25993425815620746	false	0.5
tucke	off 1.0		__DUMMY__ 0.4688144485540241 off 0.2704061310579264 neg 0.2607794203880496	false	1.0
ein			__DUMMY__ 0.4784413422556077 neg 0.26337982125288123 off 0.258178836491511	false	0.0
abstieg	neg 1.0		__DUMMY__ 0.481169503957001 neg 0.26581836748375437 off 0.2530121285592446	false	1.0
missverstehen	neg 1.0		__DUMMY__ 0.47574680689578847 neg 0.26473592418883524 off 0.25951726891537613	false	1.0
ergebnislos	neg 1.0		__DUMMY__ 0.4785915383664308 neg 0.26959583796582465 off 0.25181262366774465	false	1.0
unter			__DUMMY__ 0.4848039776564296 neg 0.2700822252373073 off 0.2451137971062633	false	0.0
manipulieren	neg 1.0		__DUMMY__ 0.4787357543794298 neg 0.26999014449078546 off 0.2512741011297848	false	1.0
unbewiesen	neg 1.0		__DUMMY__ 0.47242750170821396 neg 0.2726404402065598 off 0.2549320580852263	false	1.0
verschleppen	neg 1.0		__DUMMY__ 0.4786003009488569 neg 0.2675402307882523 off 0.2538594682628908	false	1.0
weib	off 1.0		__DUMMY__ 0.4715103986111103 off 0.27084284814060944 neg 0.25764675324828024	false	1.0
opposition	neg 1.0		__DUMMY__ 0.475349004980433 neg 0.2665262883950334 off 0.2581247066245337	false	1.0
verkehrswidrig	neg 1.0	neg 1.0	neg 0.6124181097667333 __DUMMY__ 0.23493805407697774 off 0.15264383615628901	false	1.0
inkorrekt	neg 1.0		__DUMMY__ 0.4722977407851769 off 0.2639430361244389 neg 0.2637592230903842	false	0.5
vermeiden	neg 1.0		__DUMMY__ 0.48200978257308746 neg 0.2711916661969921 off 0.24679855122992037	false	1.0
abweichung	neg 1.0		__DUMMY__ 0.4780140495638068 neg 0.2698232201831136 off 0.2521627302530795	false	1.0
alkoholisiert	neg 1.0		__DUMMY__ 0.48379976115672424 neg 0.26288141414700195 off 0.25331882469627376	false	1.0
scheiss	off 1.0	off 1.0	off 0.6197203722826166 __DUMMY__ 0.2323536631089359 neg 0.14792596460844742	false	1.0
herausforderung	neg 1.0	neg 1.0	neg 0.61840825207621 __DUMMY__ 0.2373950898809249 off 0.14419665804286513	false	1.0
pervers	off 1.0		__DUMMY__ 0.47051218063434025 off 0.27439091768238033 neg 0.25509690168327936	false	1.0
wackelig	neg 1.0		__DUMMY__ 0.4815609505305447 neg 0.262976566767562 off 0.2554624827018933	false	1.0
verwickeln	neg 1.0		__DUMMY__ 0.4756595764895515 neg 0.2649987658043876 off 0.25934165770606094	false	1.0
vorwand	neg 1.0		__DUMMY__ 0.4795422438449876 neg 0.2697948924359396 off 0.25066286371907276	false	1.0
muschi	off 1.0		__DUMMY__ 0.47805182838839216 neg 0.26680306737421144 off 0.2551451042373964	false	0.5
entmutigung	neg 1.0		__DUMMY__ 0.47470949793666073 neg 0.26777658375384056 off 0.2575139183094989	false	1.0
unangemessen	neg 1.0		__DUMMY__ 0.4768845602733262 neg 0.2688212911731302 off 0.2542941485535436	false	1.0
unstetig	neg 1.0		__DUMMY__ 0.4789193598369852 neg 0.26245977607580895 off 0.2586208640872059	false	1.0
entmutigen	neg 1.0		__DUMMY__ 0.47722570962110383 neg 0.2642659307821328 off 0.2585083595967635	false	1.0
schwanz	neg 1.0		__DUMMY__ 0.4796423005471541 neg 0.2684207198631482 off 0.2519369795896977	false	1.0
verbot	neg 1.0		__DUMMY__ 0.47650112692109364 neg 0.2704280291962891 off 0.25307084388261725	false	1.0
leid	neg 1.0		__DUMMY__ 0.4743260676507587 off 0.26918840376635356 neg 0.2564855285828878	false	0.5
archaisch	neg 1.0		__DUMMY__ 0.47851203593214764 neg 0.2666962500893029 off 0.2547917139785494	false	1.0
gegen			__DUMMY__ 0.48092145328295605 neg 0.26873709363441645 off 0.2503414530826274	false	0.0
scheidung	neg 1.0		__DUMMY__ 0.47058513951352476 off 0.2785714089784818 neg 0.2508434515079935	false	0.5
einschlag	neg 1.0	neg 1.0	neg 0.6162901971739417 __DUMMY__ 0.23237707584581227 off 0.15133272698024605	false	1.0
m			__DUMMY__ 0.4796471069881515 neg 0.2654111286569098 off 0.2549417643549387	false	0.0
abgestanden	neg 1.0		__DUMMY__ 0.47867298782975687 neg 0.2631445278012885 off 0.25818248436895463	false	1.0
schmierig	off 1.0		__DUMMY__ 0.4744316186641639 off 0.26858304900133867 neg 0.25698533233449755	false	1.0
unpraktisch	neg 1.0		__DUMMY__ 0.47916381802884755 neg 0.2619928734760547 off 0.2588433084950977	false	1.0
wixxer	off 1.0		__DUMMY__ 0.4698820207060485 off 0.27384687955522496 neg 0.25627109973872636	false	1.0
bezeichnet			__DUMMY__ 0.4770681215816959 neg 0.26673186934313836 off 0.2562000090751657	false	0.0
jammerlappen	off 1.0		__DUMMY__ 0.47553194352345124 off 0.26239457007304934 neg 0.26207348640349953	false	1.0
farce	neg 1.0		__DUMMY__ 0.47540001944346366 neg 0.27100553532027716 off 0.253594445236259	false	1.0
zwecklos	neg 1.0		__DUMMY__ 0.4772350072483441 neg 0.26839884522710833 off 0.2543661475245476	false	1.0
turbulent	neg 1.0		__DUMMY__ 0.47501744960100956 off 0.26274928861518865 neg 0.2622332617838017	false	0.5
invasion	neg 1.0		__DUMMY__ 0.4775059950665926 neg 0.2625144555203638 off 0.2599795494130438	false	1.0
schuld	neg 1.0		__DUMMY__ 0.4770274554001548 neg 0.26508129198102454 off 0.25789125261882073	false	1.0
risiko	neg 1.0		__DUMMY__ 0.479182404362249 neg 0.26291418420927054 off 0.2579034114284805	false	1.0
finster	neg 1.0		__DUMMY__ 0.47828685322857695 neg 0.2633104641370112 off 0.2584026826344119	false	1.0
geisteskrank	off 1.0		__DUMMY__ 0.473781775250971 off 0.26384286698863746 neg 0.2623753577603916	false	1.0
zusammenbrechen	neg 1.0		__DUMMY__ 0.47910222393436874 neg 0.2651200783353836 off 0.25577769773024767	false	1.0
ausbeute	neg 1.0		__DUMMY__ 0.4817224089057723 neg 0.26552986711556864 off 0.252747723978659	false	1.0
hinterhalt	neg 1.0		__DUMMY__ 0.4802717580166371 neg 0.264140191347981 off 0.25558805063538176	false	1.0
kritik	neg 1.0		__DUMMY__ 0.4759938622583302 neg 0.2703599151165972 off 0.2536462226250727	false	1.0
einschrumpfen	neg 1.0		__DUMMY__ 0.4741193733383529 neg 0.26654344885273723 off 0.25933717780890986	false	1.0
riskant	neg 1.0		__DUMMY__ 0.47828040000555644 neg 0.2690473195423648 off 0.2526722804520787	false	1.0
frustrieren	neg 1.0		__DUMMY__ 0.47866574762249253 neg 0.2682711273656601 off 0.25306312501184736	false	1.0
groll	neg 1.0		__DUMMY__ 0.47838171632847243 neg 0.2671386148425935 off 0.254479668828934	false	1.0
gibt			__DUMMY__ 0.47803487727866123 neg 0.2670843504272192 off 0.2548807722941196	false	0.0
qualvoll	neg 1.0		__DUMMY__ 0.4780251521743204 off 0.2614072478180976 neg 0.2605676000075819	false	0.5
wackeln	neg 1.0	neg 1.0	neg 0.6183628895406381 __DUMMY__ 0.2346451570936637 off 0.14699195336569815	false	1.0
klagen	neg 1.0		__DUMMY__ 0.47980343475781995 neg 0.2710906392576765 off 0.24910592598450357	false	1.0
bankrott	neg 1.0		__DUMMY__ 0.47677586042392356 neg 0.261686688245334 off 0.2615374513307425	false	1.0
trauern	neg 1.0		__DUMMY__ 0.48030190584585536 neg 0.26618661668769894 off 0.2535114774664456	false	1.0
ablehnung	neg 1.0		__DUMMY__ 0.4760741980403124 neg 0.27017521812946727 off 0.25375058383022026	false	1.0
stur	neg 1.0		__DUMMY__ 0.47622515767203705 neg 0.26547743350032094 off 0.25829740882764224	false	1.0
aufruhr	neg 1.0		__DUMMY__ 0.47832458694654356 neg 0.2656998556982782 off 0.2559755573551782	false	1.0
melancholie	neg 1.0		__DUMMY__ 0.4797035455866666 neg 0.26566126704356036 off 0.2546351873697731	false	1.0
ist			__DUMMY__ 0.4770299339878431 neg 0.2639926181009112 off 0.25897744791124566	false	0.0
torheit	neg 1.0		__DUMMY__ 0.4758447618299027 neg 0.2669481583460511 off 0.2572070798240462	false	1.0
dreckskind	off 1.0		__DUMMY__ 0.4715212462998435 off 0.2689346985293052 neg 0.2595440551708514	false	1.0
umtauschen	neg 1.0		__DUMMY__ 0.47822382770356275 neg 0.2651927117564665 off 0.2565834605399708	false	1.0
zum			__DUMMY__ 0.48524096480393475 neg 0.26647404123467494 off 0.2482849939613902	false	0.0
zersetzen	neg 1.0		__DUMMY__ 0.4779120815855358 neg 0.2712572232152749 off 0.2508306951991893	false	1.0
zur			__DUMMY__ 0.48280223556835755 neg 0.27072025848930487 off 0.24647750594233753	false	0.0
frust	neg 1.0		__DUMMY__ 0.4788019774468124 neg 0.26576789757472025 off 0.2554301249784674	false	1.0
unerbittlichkeit	neg 1.0		__DUMMY__ 0.47831311715162994 neg 0.27054279803598275 off 0.25114408481238737	false	1.0
zwei			__DUMMY__ 0.4835186995449646 neg 0.266246724896575 off 0.2502345755584604	false	0.0
unkorrekt	neg 1.0		__DUMMY__ 0.471453976340592 neg 0.26429594221197006 off 0.2642500814474379	false	1.0
hexe	off 1.0		__DUMMY__ 0.4753595464034804 off 0.26310747559822356 neg 0.261532977998296	false	1.0
lasch	neg 1.0		__DUMMY__ 0.4742565503058034 neg 0.2654310421983558 off 0.26031240749584095	false	1.0
rivale	neg 1.0		__DUMMY__ 0.4754719522873257 off 0.26570227805239705 neg 0.2588257696602773	false	0.5
mutlos	off 1.0	off 1.0	off 0.6131567300541558 __DUMMY__ 0.23278427502014234 neg 0.15405899492570185	false	1.0
wirr	off 1.0		__DUMMY__ 0.47170700888262507 off 0.2646909335777091 neg 0.26360205753966587	false	1.0
jahr			__DUMMY__ 0.48240711844801 neg 0.26562641651329677 off 0.25196646503869324	false	0.0
wird			__DUMMY__ 0.47893671802654325 neg 0.26749227040751045 off 0.25357101156594625	false	0.0
strafbar	neg 1.0		__DUMMY__ 0.47768631715199167 neg 0.2697621591094501 off 0.2525515237385584	false	1.0
erosion	neg 1.0		__DUMMY__ 0.4789665242833961 neg 0.26280734565508834 off 0.2582261300615155	false	1.0
eingehen	neg 1.0		__DUMMY__ 0.47699875247931495 neg 0.26961984777702036 off 0.2533813997436645	false	1.0
faul	off 1.0		__DUMMY__ 0.4772876330517286 off 0.26213697507704403 neg 0.26057539187122736	false	1.0
provisorium	neg 1.0		__DUMMY__ 0.4838819967105573 neg 0.271709516716592 off 0.24440848657285075	false	1.0
schmerzen	neg 1.0		__DUMMY__ 0.4784142958629577 neg 0.26441810252338255 off 0.25716760161365976	false	1.0
schrumpfen	neg 1.0		__DUMMY__ 0.4799854892594381 neg 0.2741853384439176 off 0.24582917229664422	false	1.0
geistlos	off 1.0		__DUMMY__ 0.4728230640729398 neg 0.2688681203469411 off 0.2583088155801191	false	0.5
fehlkauf	neg 1.0		__DUMMY__ 0.4768412293667555 neg 0.2642952097461295 off 0.2588635608871149	false	1.0
frustrierend	neg 1.0		__DUMMY__ 0.4774356227039588 off 0.2619489820971934 neg 0.2606153951988478	false	0.5
unzufrieden	neg 1.0		__DUMMY__ 0.4770520929087297 neg 0.26885536201423554 off 0.2540925450770349	false	1.0
verzweifeln	neg 1.0		__DUMMY__ 0.47804679527228894 neg 0.2653941522121561 off 0.2565590525155549	false	1.0
verzweifelt	neg 1.0		__DUMMY__ 0.4768206817763155 neg 0.26452319468736335 off 0.2586561235363212	false	1.0
misstrauensantrag	neg 1.0		__DUMMY__ 0.4758876898129829 neg 0.26497398226007157 off 0.25913832792694563	false	1.0
abfallen	neg 1.0		__DUMMY__ 0.47934091851082605 neg 0.26139001099995085 off 0.25926907048922326	false	1.0
fucker	off 1.0		__DUMMY__ 0.4741764990175168 off 0.2644916130481256 neg 0.26133188793435763	false	1.0
ungezogen	neg 1.0		__DUMMY__ 0.4721967317168015 off 0.2729922170196795 neg 0.254811051263519	false	0.5
irrsinnig	neg 1.0	neg 1.0	neg 0.621002188595176 __DUMMY__ 0.23247990151709771 off 0.14651790988772614	false	1.0
unfassbar	neg 1.0		__DUMMY__ 0.4748837400421321 off 0.26302709080212133 neg 0.26208916915574654	false	0.5
hart	neg 1.0		__DUMMY__ 0.4764165963683772 neg 0.2626759358778513 off 0.2609074677537715	false	1.0
widerlich	off 1.0		__DUMMY__ 0.4738115840574908 off 0.2637686696643882 neg 0.26241974627812087	false	1.0
fatal	neg 1.0		__DUMMY__ 0.47679039093146675 neg 0.2640111827676571 off 0.25919842630087625	false	1.0
bruch	neg 1.0		__DUMMY__ 0.47905349722030083 neg 0.2719249423629663 off 0.24902156041673293	false	1.0
aushungern	neg 1.0		__DUMMY__ 0.4760846337217978 neg 0.26903710192925673 off 0.25487826434894534	false	1.0
anspannung	neg 1.0	neg 1.0	neg 0.620715568084974 __DUMMY__ 0.23793006418487442 off 0.14135436773015156	false	1.0
von			__DUMMY__ 0.4822408645326858 neg 0.2667178684955536 off 0.2510412669717605	false	0.0
kraftlos	neg 1.0		__DUMMY__ 0.4807152388992708 neg 0.26365274492462554 off 0.25563201617610365	false	1.0
vom			__DUMMY__ 0.4850414037821992 neg 0.26933142645111513 off 0.24562716976668567	false	0.0
grenzdebil	off 1.0		__DUMMY__ 0.47511194675464885 off 0.2643840887041493 neg 0.26050396454120167	false	1.0
vor			__DUMMY__ 0.48074803222270446 neg 0.2681231967811362 off 0.2511287709961593	false	0.0
unterwerfen	neg 1.0		__DUMMY__ 0.4787678419917716 neg 0.26843508870443544 off 0.25279706930379314	false	1.0
versenkung	neg 1.0		__DUMMY__ 0.4787957222024724 neg 0.26876812083186574 off 0.2524361569656619	false	1.0
entziehen	neg 1.0		__DUMMY__ 0.47959769965854565 neg 0.2705969284626835 off 0.24980537187877075	false	1.0
finanzkrise	neg 1.0		__DUMMY__ 0.47570674356013576 neg 0.2694294752642018 off 0.25486378117566244	false	1.0
schimpfend	neg 1.0		__DUMMY__ 0.4794866617032506 neg 0.26151786125563337 off 0.25899547704111614	false	1.0
profan	neg 1.0		__DUMMY__ 0.47651464440404984 neg 0.2632784512667214 off 0.2602069043292288	false	1.0
korruption	neg 1.0	neg 1.0	neg 0.6237419482139738 __DUMMY__ 0.2325722144680923 off 0.14368583731793394	false	1.0
â			__DUMMY__ 0.47973412718662684 neg 0.2665888959838863 off 0.25367697682948703	false	0.0
schmutzig	neg 1.0		__DUMMY__ 0.4763373610720345 off 0.2641903859037203 neg 0.25947225302424515	false	0.5
sexy	neg 1.0		__DUMMY__ 0.4767345224131381 neg 0.26221909734831716 off 0.2610463802385447	false	1.0
abraten	neg 1.0		__DUMMY__ 0.4772160638702249 neg 0.2635385587481303 off 0.25924537738164466	false	1.0
schwarz	neg 1.0		__DUMMY__ 0.476616524179391 neg 0.26500057090055007 off 0.25838290492005894	false	1.0
fotze	off 1.0		__DUMMY__ 0.4787413165833425 neg 0.26846035461330925 off 0.2527983288033482	false	0.5
verwirren	neg 1.0		__DUMMY__ 0.4765582690959823 neg 0.26294323665398517 off 0.2604984942500326	false	1.0
zahnlos	off 1.0		__DUMMY__ 0.4771371823521378 neg 0.2686763678874921 off 0.2541864497603701	false	0.5
verheeren	neg 1.0		__DUMMY__ 0.47354628222542944 off 0.27467164202581 neg 0.25178207574876055	false	0.5
hippie	neg 1.0		__DUMMY__ 0.4765371276264035 neg 0.26310993511026587 off 0.26035293726333075	false	1.0
rammen	neg 1.0		__DUMMY__ 0.4769660774043826 neg 0.26536630496968294 off 0.2576676176259344	false	1.0
unlauter	neg 1.0		__DUMMY__ 0.4730596880528614 neg 0.27123894079145267 off 0.2557013711556858	false	1.0
unheilvoll	neg 1.0		__DUMMY__ 0.47927769497068745 off 0.26059738158070145 neg 0.2601249234486112	false	0.5
niedrig	neg 1.0		__DUMMY__ 0.47995862018436974 neg 0.2678795415547263 off 0.252161838260904	false	1.0
explosion	neg 1.0		__DUMMY__ 0.4760769975575566 neg 0.26445126290766646 off 0.259471739534777	false	1.0
weichei	off 1.0		__DUMMY__ 0.4725872317526442 off 0.2695153330755116 neg 0.2578974351718441	false	1.0
minusmensch	off 1.0		__DUMMY__ 0.46834097447654083 off 0.2722503429350399 neg 0.2594086825884192	false	1.0
farblos	neg 1.0		__DUMMY__ 0.4824043632326256 neg 0.26004972370987534 off 0.2575459130574991	false	1.0
unwissend	neg 1.0	neg 1.0	neg 0.6193811568269205 __DUMMY__ 0.23147032949794213 off 0.14914851367513748	false	1.0
traurig	neg 1.0		__DUMMY__ 0.4748845485774013 off 0.26668937007774507 neg 0.2584260813448536	false	0.5
senkung	neg 1.0		__DUMMY__ 0.4743031357796251 neg 0.2666304552067261 off 0.25906640901364886	false	1.0
ungleich	neg 1.0	neg 1.0	neg 0.6243396892663504 __DUMMY__ 0.23279039017773495 off 0.14286992055591452	false	1.0
heikel	neg 1.0		__DUMMY__ 0.4781393790442684 neg 0.27071288646661723 off 0.2511477344891143	false	1.0
drosselung	neg 1.0		__DUMMY__ 0.47612515703669 off 0.2641396462007995 neg 0.2597351967625106	false	0.5
falsch	neg 1.0		__DUMMY__ 0.4763898720980389 off 0.2618518739114461 neg 0.26175825399051494	false	0.5
unzufriedenheit	neg 1.0		__DUMMY__ 0.47872614200480473 neg 0.27062388533679577 off 0.2506499726583995	false	1.0
kurz	neg 1.0		__DUMMY__ 0.4799193283733083 neg 0.2642188008057154 off 0.2558618708209763	false	1.0
unsinnig	neg 1.0		__DUMMY__ 0.4761675980687182 neg 0.26941893936146266 off 0.2544134625698191	false	1.0
penner	off 1.0	off 1.0	off 0.6243569158796852 __DUMMY__ 0.22996346090264067 neg 0.14567962321767403	false	1.0
seicht	neg 1.0		__DUMMY__ 0.4698768419652742 off 0.27191330680367715 neg 0.2582098512310485	false	0.5
dummheit	off 1.0	off 1.0	off 0.6174966440523191 __DUMMY__ 0.23189679176009512 neg 0.15060656418758583	false	1.0
unerfreulich	neg 1.0		__DUMMY__ 0.4797468402273528 neg 0.2696492559366903 off 0.2506039038359568	false	1.0
motherfucker	off 1.0	off 1.0	off 0.6201639144135348 __DUMMY__ 0.2310010972002824 neg 0.14883498838618278	false	1.0
pikiert	neg 1.0		__DUMMY__ 0.47399774358996455 neg 0.26351197459664805 off 0.26249028181338746	false	1.0
wrack	neg 1.0		__DUMMY__ 0.4820224710792889 neg 0.26425357059887505 off 0.25372395832183603	false	1.0
gangster	neg 1.0		__DUMMY__ 0.4770451976312742 neg 0.2628643214388787 off 0.26009048092984693	false	1.0
krank	neg 1.0		__DUMMY__ 0.47626579907052785 off 0.26510020407575124 neg 0.258633996853721	false	0.5
reich	neg 1.0		__DUMMY__ 0.47501003055667324 neg 0.2636913846859579 off 0.2612985847573687	false	1.0
gnadenlos	neg 1.0		__DUMMY__ 0.4775028499794485 neg 0.2644008191694184 off 0.2580963308511331	false	1.0
niedergeschlagen	neg 1.0		__DUMMY__ 0.4801129629043782 neg 0.2635218595232795 off 0.25636517757234234	false	1.0
terrorisieren	off 1.0	off 1.0	off 0.6140315094126072 __DUMMY__ 0.23423750913884198 neg 0.15173098144855085	false	1.0
sinnlosigkeit	neg 1.0		__DUMMY__ 0.47756188977973923 neg 0.26792974134226955 off 0.2545083688779912	false	1.0
behindern	neg 1.0		__DUMMY__ 0.47699860075331824 neg 0.2672935990547624 off 0.2557078001919194	false	1.0
undemokratisch	neg 1.0		__DUMMY__ 0.47478606459000805 neg 0.26841807011825486 off 0.25679586529173704	false	1.0
wirtschaftskrise	neg 1.0		__DUMMY__ 0.4771793277921703 neg 0.27018546054620374 off 0.25263521166162606	false	1.0
neid	neg 1.0		__DUMMY__ 0.47824105230174513 off 0.26329317361225946 neg 0.2584657740859954	false	0.5
rutschen	neg 1.0	neg 1.0	neg 0.620618589405626 __DUMMY__ 0.2370902377809464 off 0.1422911728134276	false	1.0
rezession	neg 1.0		__DUMMY__ 0.4723397580834984 off 0.26663307286428867 neg 0.2610271690522129	false	0.5
fehlgeburt	neg 1.0		__DUMMY__ 0.47917606837391385 neg 0.2606399666193877 off 0.2601839650066985	false	1.0
charakterschwach	off 1.0		__DUMMY__ 0.475149499933502 off 0.26389689937157723 neg 0.2609536006949207	false	1.0
isolation	neg 1.0		__DUMMY__ 0.47707805414891646 off 0.2617475935182651 neg 0.26117435233281844	false	0.5
ablenkung	neg 1.0		__DUMMY__ 0.4781041516204945 neg 0.264294942881362 off 0.25760090549814346	false	1.0
pech	neg 1.0		__DUMMY__ 0.4767688797853231 neg 0.261725182879776 off 0.26150593733490085	false	1.0
vermeidung	neg 1.0		__DUMMY__ 0.473757383096556 off 0.2634913835329843 neg 0.26275123337045964	false	0.5
dominieren	neg 1.0		__DUMMY__ 0.48078968836971725 neg 0.26524961919065454 off 0.25396069243962816	false	1.0
schwindlig	neg 1.0		__DUMMY__ 0.47998435192166744 off 0.2611307528100122 neg 0.2588848952683204	false	0.5
lutscher	neg 1.0		__DUMMY__ 0.46990756088864033 off 0.27272679465724525 neg 0.2573656444541143	false	0.5
pflicht	neg 1.0		__DUMMY__ 0.4782934466810617 neg 0.27070009064554956 off 0.25100646267338883	false	1.0
faschist	off 1.0		__DUMMY__ 0.4740858785887148 neg 0.2666754374563218 off 0.25923868395496336	false	0.5
verschleudern	neg 1.0		__DUMMY__ 0.4747167113768028 neg 0.2746570444710168 off 0.2506262441521804	false	1.0
wenn			__DUMMY__ 0.47619229697447507 off 0.26203761845567997 neg 0.261770084569845	false	0.0
ehebruch	neg 1.0		__DUMMY__ 0.47826067917391335 neg 0.2684331168661607 off 0.2533062039599259	false	1.0
spott	off 1.0		__DUMMY__ 0.4772402690609592 neg 0.2705753878052981 off 0.2521843431337427	false	0.5
trostlosigkeit	neg 1.0		__DUMMY__ 0.4806034510847738 neg 0.26883684960085186 off 0.25055969931437444	false	1.0
lutschen	neg 1.0		__DUMMY__ 0.475605358694211 neg 0.2650537624672535 off 0.2593408788385355	false	1.0
undiszipliniert	neg 1.0		__DUMMY__ 0.47562782448924334 off 0.26593827528617553 neg 0.2584339002245811	false	0.5
kopfschmerz	neg 1.0		__DUMMY__ 0.4799345932388279 neg 0.26399248106483486 off 0.25607292569633733	false	1.0
unvorhergesehen	neg 1.0		__DUMMY__ 0.48205812234160755 neg 0.26388838432025324 off 0.2540534933381393	false	1.0
desinteressiert	neg 1.0		__DUMMY__ 0.47418599855032256 off 0.26516194290315553 neg 0.260652058546522	false	0.5
armselig	off 1.0		__DUMMY__ 0.4723099914521375 off 0.2655923477629258 neg 0.26209766078493674	false	1.0
desaster	neg 1.0		__DUMMY__ 0.47917307103671536 neg 0.2724041713188903 off 0.24842275764439442	false	1.0
tod	neg 1.0		__DUMMY__ 0.48191388231807764 neg 0.2633751093823326 off 0.25471100829958976	false	1.0
herzlos	neg 1.0		__DUMMY__ 0.47355613135202385 off 0.26673617569029584 neg 0.25970769295768026	false	0.5
unwissenheit	neg 1.0		__DUMMY__ 0.47587605787592563 neg 0.2706298160867422 off 0.2534941260373321	false	1.0
widersinnig	neg 1.0	neg 1.0	neg 0.6245722814545086 __DUMMY__ 0.23146786582233297 off 0.14395985272315853	false	1.0
bedenklich	neg 1.0		__DUMMY__ 0.4775095791761442 neg 0.2698105906708595 off 0.25267983015299633	false	1.0
beanstanden	neg 1.0		__DUMMY__ 0.47898202637043547 neg 0.27050073396748325 off 0.25051723966208117	false	1.0
panisch	neg 1.0	neg 1.0	neg 0.6165832662270041 __DUMMY__ 0.2348401168165539 off 0.14857661695644211	false	1.0
debil	off 1.0		__DUMMY__ 0.4819948186004456 neg 0.27239388372564033 off 0.24561129767391404	false	0.5
abstrich	neg 1.0		__DUMMY__ 0.4781599513824179 neg 0.2685043596118075 off 0.25333568900577447	false	1.0
primitiv	neg 1.0		__DUMMY__ 0.47392674473177304 off 0.26435138378583983 neg 0.26172187148238724	false	0.5
abschaum	off 1.0	off 1.0	off 0.6189523032443319 __DUMMY__ 0.2316885838861886 neg 0.1493591128694795	false	1.0
provozieren	neg 1.0		__DUMMY__ 0.4766132527803492 neg 0.2658618568294682 off 0.2575248903901826	false	1.0
tot	neg 1.0		__DUMMY__ 0.4784649548611282 neg 0.2690357978340041 off 0.2524992473048677	false	1.0
instabil	neg 1.0		__DUMMY__ 0.4722451737582866 neg 0.26440527174277106 off 0.26334955449894243	false	1.0
schwuchtel	off 1.0		__DUMMY__ 0.46796295476622424 off 0.27758717311549047 neg 0.25444987211828524	false	1.0
zerren	neg 1.0		__DUMMY__ 0.4799995703958129 neg 0.2635536834614488 off 0.25644674614273827	false	1.0
kinderficker	off 1.0		__DUMMY__ 0.4706926852342094 off 0.26794565793670866 neg 0.261361656829082	false	1.0
gefahr	neg 1.0		__DUMMY__ 0.47953200522969236 neg 0.2693562240687647 off 0.25111177070154284	false	1.0
rabiat	neg 1.0		__DUMMY__ 0.4767275915995638 neg 0.2665396029670121 off 0.2567328054334241	false	1.0
verlangsamung	neg 1.0		__DUMMY__ 0.47237347857243583 off 0.2708307182205348 neg 0.25679580320702927	false	0.5
ausgestorben	neg 1.0		__DUMMY__ 0.4792409857832866 neg 0.2637840705720177 off 0.25697494364469575	false	1.0
anklagen	neg 1.0		__DUMMY__ 0.47733814057686114 neg 0.26796649013493395 off 0.25469536928820485	false	1.0
trott	neg 1.0		__DUMMY__ 0.4785498704494277 neg 0.2648464657421024 off 0.25660366380847	false	1.0
verminderung	neg 1.0		__DUMMY__ 0.47408856423313867 off 0.2646412672023359 neg 0.2612701685645254	false	0.5
nach			__DUMMY__ 0.4858212342736425 neg 0.26509878787861224 off 0.2490799778477453	false	0.0
rost	neg 1.0		__DUMMY__ 0.47376008911077017 off 0.269842001208501 neg 0.2563979096807289	false	0.5
destruktiv	neg 1.0		__DUMMY__ 0.4754621641881129 neg 0.26889498255840527 off 0.2556428532534818	false	1.0
unzumutbarkeit	neg 1.0		__DUMMY__ 0.47691074841225956 off 0.262654743808294 neg 0.26043450777944643	false	0.5
labil	off 1.0	off 1.0	off 0.6188878141768149 __DUMMY__ 0.23173970712283465 neg 0.1493724787003505	false	1.0
ziemlich	neg 1.0		__DUMMY__ 0.47613798527294043 off 0.2640585693996481 neg 0.2598034453274115	false	0.5
lachnummer	off 1.0		__DUMMY__ 0.4764256621415749 neg 0.26728961950065067 off 0.2562847183577745	false	0.5
oder			__DUMMY__ 0.47891323572398425 neg 0.2632012996777471 off 0.25788546459826867	false	0.0
verfall	neg 1.0		__DUMMY__ 0.4806295529825541 neg 0.27320686481966533 off 0.2461635821977804	false	1.0
ausgrenzung	neg 1.0		__DUMMY__ 0.47519836125969045 neg 0.2668893668610528 off 0.25791227187925664	false	1.0
unordnung	neg 1.0		__DUMMY__ 0.4773484821437603 off 0.2638433615262778 neg 0.25880815632996185	false	0.5
fehlverhalten	neg 1.0		__DUMMY__ 0.47834120716644457 neg 0.27021614908254327 off 0.25144264375101216	false	1.0
eine			__DUMMY__ 0.47957378068170176 neg 0.2693462866704481 off 0.2510799326478501	false	0.0
nille	neg 1.0		__DUMMY__ 0.47814945581879453 neg 0.2661148851363159 off 0.25573565904488943	false	1.0
qual	neg 1.0		__DUMMY__ 0.4784238788054543 neg 0.26525755312277294 off 0.2563185680717728	false	1.0
verschwenden	neg 1.0		__DUMMY__ 0.47772988474048367 neg 0.26893330046376396 off 0.25333681479575226	false	1.0
riesig	neg 1.0	neg 1.0	neg 0.6199278848988962 __DUMMY__ 0.2355405668937137 off 0.14453154820739025	false	1.0
verurteilen	neg 1.0		__DUMMY__ 0.477508506567296 neg 0.2682768043263427 off 0.25421468910636125	false	1.0
klischee	neg 1.0	neg 1.0	neg 0.6205000707611936 __DUMMY__ 0.2315064271957772 off 0.14799350204302922	false	1.0
diktatorisch	neg 1.0		__DUMMY__ 0.47399964831084085 neg 0.2688204741738568 off 0.25717987751530236	false	1.0
vorhersehbar	neg 1.0	neg 1.0	neg 0.6203961154246707 __DUMMY__ 0.23193212151960058 off 0.1476717630557289	false	1.0
sowie			__DUMMY__ 0.4727550787266318 off 0.2687780271399818 neg 0.2584668941333865	false	0.0
stornieren	neg 1.0		__DUMMY__ 0.48184054903789386 off 0.2596189818751817 neg 0.2585404690869245	false	0.5
besteuerung	neg 1.0		__DUMMY__ 0.47436404682337674 neg 0.2692397852454967 off 0.2563961679311265	false	1.0
ungeschminkt	neg 1.0		__DUMMY__ 0.4740312924434345 off 0.26343957619050584 neg 0.26252913136605965	false	0.5
kritisch	neg 1.0		__DUMMY__ 0.47759658944421285 neg 0.26994917091840137 off 0.2524542396373859	false	1.0
schlamperei	off 1.0		__DUMMY__ 0.4775370909192293 neg 0.2713719089964504 off 0.2510910000843204	false	0.5
sucht	neg 1.0	neg 1.0	neg 0.6190780107398547 __DUMMY__ 0.23453060350080462 off 0.14639138575934063	false	1.0
egoistisch	off 1.0		__DUMMY__ 0.47320799397322016 off 0.26965440175140193 neg 0.25713760427537774	false	1.0
ausbeuter	off 1.0		__DUMMY__ 0.477292417991885 neg 0.2718605446378418 off 0.25084703737027325	false	0.5
arschgeburt	off 1.0		__DUMMY__ 0.4672977599100873 off 0.27747809439276955 neg 0.25522414569714313	false	1.0
schubs	neg 1.0	neg 1.0	neg 0.6199577657077334 __DUMMY__ 0.23497720901417418 off 0.1450650252780923	false	1.0
unsolide	neg 1.0		__DUMMY__ 0.47137044737168043 neg 0.27190875136053394 off 0.25672080126778557	false	1.0
beschwerde	neg 1.0		__DUMMY__ 0.47746384335975944 neg 0.27124420886168576 off 0.25129194777855474	false	1.0
stocken	neg 1.0		__DUMMY__ 0.47854026275017253 neg 0.2689827144841765 off 0.25247702276565104	false	1.0
isolieren	neg 1.0		__DUMMY__ 0.4772007216572893 neg 0.26946328487323423 off 0.25333599346947633	false	1.0
unheilbar	neg 1.0		__DUMMY__ 0.4795285522092487 neg 0.26198920364303074 off 0.25848224414772075	false	1.0
pisser	off 1.0		__DUMMY__ 0.4749750816513016 off 0.2651177687203562 neg 0.2599071496283423	false	1.0
löschen	neg 1.0		__DUMMY__ 0.47783832814034494 neg 0.26526928318912063 off 0.2568923886705344	false	1.0
durchfallen	neg 1.0		__DUMMY__ 0.4763631598932694 neg 0.2700283755762428 off 0.2536084645304879	false	1.0
wichser	off 1.0		__DUMMY__ 0.4711682051344374 off 0.27480000044159264 neg 0.25403179442397006	false	1.0
terror	neg 1.0		__DUMMY__ 0.4782599722447203 neg 0.26108109153066766 off 0.26065893622461206	false	1.0
krass	neg 1.0		__DUMMY__ 0.47337922124630444 off 0.2672348070831396 neg 0.2593859716705559	false	0.5
revolte	neg 1.0		__DUMMY__ 0.47495872055611565 neg 0.26649798235827055 off 0.2585432970856137	false	1.0
besorgt	neg 1.0		__DUMMY__ 0.4808806863626809 neg 0.2634028968565905 off 0.25571641678072865	false	1.0
nachlassen	neg 1.0		__DUMMY__ 0.4793102492935454 neg 0.2683449233128274 off 0.2523448273936272	false	1.0
alt	neg 1.0		__DUMMY__ 0.47890147816593354 neg 0.2676333000376516 off 0.25346522179641484	false	1.0
hundesohn	off 1.0		__DUMMY__ 0.4700416155115452 off 0.2722940022050642 neg 0.25766438228339056	false	1.0
als			__DUMMY__ 0.47983311354031394 neg 0.26459095243671527 off 0.25557593402297085	false	0.0
abschreckung	neg 1.0		__DUMMY__ 0.4796459105298191 neg 0.2701925009479503 off 0.2501615885222307	false	1.0
unqualifiziert	neg 1.0		__DUMMY__ 0.4730952232463121 neg 0.2674893489644401 off 0.2594154277892478	false	1.0
abgewichst	off 1.0		__DUMMY__ 0.4787821388437583 neg 0.2659986550992162 off 0.25521920605702564	false	0.5
schwer	neg 1.0		__DUMMY__ 0.47810226339515416 neg 0.26480346476547884 off 0.25709427183936695	false	1.0
bedeutungslosigkeit	neg 1.0		__DUMMY__ 0.47867784851947215 neg 0.27042346782572735 off 0.25089868365480056	false	1.0
kapitulation	neg 1.0		__DUMMY__ 0.47651196341370744 neg 0.271704068651677 off 0.25178396793461566	false	1.0
unscharf	neg 1.0		__DUMMY__ 0.47648771457368255 neg 0.26394809110949374 off 0.2595641943168236	false	1.0
schwinden	neg 1.0		__DUMMY__ 0.4787670824148037 neg 0.27047901573715133 off 0.25075390184804497	false	1.0
versklavung	neg 1.0		__DUMMY__ 0.4742764704031974 neg 0.2689071363337544 off 0.2568163932630482	false	1.0
schlecht	neg 1.0		__DUMMY__ 0.4763800997540143 off 0.26428246932422067 neg 0.259337430921765	false	0.5
verhasst	neg 1.0		__DUMMY__ 0.47670578036047667 neg 0.2652432408432575 off 0.258050978796266	false	1.0
beschweren	neg 1.0		__DUMMY__ 0.47694204956300973 neg 0.2639008536745896 off 0.2591570967624007	false	1.0
scheiden	neg 1.0		__DUMMY__ 0.4816145144452027 neg 0.2594182540848099 off 0.25896723146998746	false	1.0
frustriert	neg 1.0		__DUMMY__ 0.4783251467963134 neg 0.26581118106490426 off 0.2558636721387825	false	1.0
schimmelig	neg 1.0		__DUMMY__ 0.4795962542683794 neg 0.2674919711956403 off 0.2529117745359801	false	1.0
fisch	neg 1.0		__DUMMY__ 0.4831977674235277 neg 0.2640223771296612 off 0.25277985544681103	false	1.0
schmuggel	neg 1.0		__DUMMY__ 0.4825800965108685 neg 0.26500789360374405 off 0.25241200988538753	false	1.0
auffallen	neg 1.0		__DUMMY__ 0.47691332205173514 neg 0.2630859460877587 off 0.26000073186050626	false	1.0
konkurrenz	neg 1.0	neg 1.0	neg 0.6237554280659137 __DUMMY__ 0.2343900832520428 off 0.14185448868204348	false	1.0
teufelskreis	neg 1.0		__DUMMY__ 0.47756724727949923 neg 0.26623021776210565 off 0.256202534958395	false	1.0
aufschreien	neg 1.0		__DUMMY__ 0.47600759626582395 neg 0.2644767787867987 off 0.2595156249473774	false	1.0
schuldner	neg 1.0		__DUMMY__ 0.47934903531412454 neg 0.2693298768752274 off 0.2513210878106482	false	1.0
missgeburt	off 1.0	off 1.0	off 0.6227724593638151 __DUMMY__ 0.23050709079984966 neg 0.14672044983633534	false	1.0
arbeitslos	neg 1.0		__DUMMY__ 0.4764917589198251 neg 0.26953283050903093 off 0.253975410571144	false	1.0
befallen	neg 1.0		__DUMMY__ 0.4779717467441001 neg 0.2669568882663748 off 0.255071364989525	false	1.0
miesepetrig	off 1.0	off 1.0	off 0.6200149450948383 __DUMMY__ 0.23243626874675954 neg 0.1475487861584022	false	1.0
alarmieren	neg 1.0		__DUMMY__ 0.4744515464967492 neg 0.2641865750563294 off 0.26136187844692144	false	1.0
ungeduscht	off 1.0		__DUMMY__ 0.47703097495886687 neg 0.2615487843245378 off 0.26142024071659525	false	0.5
knappheit	neg 1.0		__DUMMY__ 0.47643044906216764 neg 0.27176344600821234 off 0.25180610492962	false	1.0
schlange	neg 1.0		__DUMMY__ 0.47943153416315626 neg 0.26055182167875107 off 0.26001664415809267	false	1.0
harsch	neg 1.0		__DUMMY__ 0.47522057498472503 off 0.2686213268397878 neg 0.2561580981754872	false	0.5
lang	neg 1.0		__DUMMY__ 0.47810359203640707 neg 0.26432960196104394 off 0.25756680600254905	false	1.0
ziellos	neg 1.0		__DUMMY__ 0.47990959696165864 neg 0.26530251160191454 off 0.2547878914364267	false	1.0
selbstverliebt	neg 1.0		__DUMMY__ 0.46846244945344545 off 0.2748085253502091 neg 0.2567290251963454	false	0.5
beseitigen	neg 1.0	neg 1.0	neg 0.6192728327567886 __DUMMY__ 0.2348494615322869 off 0.1458777057109245	false	1.0
dumm	off 1.0		__DUMMY__ 0.47192216115962554 off 0.27036250628685804 neg 0.2577153325535165	false	1.0
arbeitsloser	neg 1.0		__DUMMY__ 0.4785540665126201 neg 0.26774449147011703 off 0.2537014420172629	false	1.0
blitzen	neg 1.0		__DUMMY__ 0.4766815340706084 neg 0.26269774876529256 off 0.2606207171640989	false	1.0
hilflos	neg 1.0		__DUMMY__ 0.4785985712190316 neg 0.2660034049718028 off 0.25539802380916565	false	1.0
eklig	off 1.0		__DUMMY__ 0.47185298143345644 off 0.27113254707376666 neg 0.25701447149277684	false	1.0
begriff			__DUMMY__ 0.47682929360119786 neg 0.2679894704280334 off 0.25518123597076886	false	0.0
hungersnot	neg 1.0		__DUMMY__ 0.4792468474809004 neg 0.265370894140402 off 0.25538225837869744	false	1.0
ungesetzlich	neg 1.0		__DUMMY__ 0.4713799023964367 neg 0.2716831068852729 off 0.2569369907182904	false	1.0
verschwendung	neg 1.0		__DUMMY__ 0.4788307375621432 neg 0.2689234960146142 off 0.25224576642324253	false	1.0
schmerzvoll	neg 1.0		__DUMMY__ 0.47742278860074383 neg 0.26327645057310456 off 0.2593007608261515	false	1.0
vorzeitig	neg 1.0		__DUMMY__ 0.4781708534010846 off 0.2611483100035628 neg 0.26068083659535257	false	0.5
unvollkommenheit	neg 1.0		__DUMMY__ 0.4828278974096353 neg 0.26108609535398586 off 0.25608600723637887	false	1.0
intervenieren	neg 1.0		__DUMMY__ 0.477137159065798 neg 0.27170984145405624 off 0.2511529994801456	false	1.0
banause	off 1.0		__DUMMY__ 0.4696034974428727 off 0.272765234575718 neg 0.2576312679814092	false	1.0
rebell	neg 1.0		__DUMMY__ 0.4809448421285019 neg 0.2701878872889353 off 0.24886727058256286	false	1.0
unlogisch	neg 1.0		__DUMMY__ 0.47396855755500045 off 0.2665179439871224 neg 0.259513498457877	false	0.5
leiden	neg 1.0		__DUMMY__ 0.48378287778910867 neg 0.2626533237776155 off 0.2535637984332758	false	1.0
abschaffung	neg 1.0		__DUMMY__ 0.47490428143571445 neg 0.26866728826654823 off 0.25642843029773743	false	1.0
sturz	neg 1.0		__DUMMY__ 0.4785468283241074 neg 0.2642496359028064 off 0.257203535773086	false	1.0
verkleinerung	neg 1.0		__DUMMY__ 0.47308545395712565 neg 0.26803054352339706 off 0.2588840025194773	false	1.0
schmarotzer	off 1.0		__DUMMY__ 0.47629102758873365 neg 0.2699544577009958 off 0.2537545147102706	false	0.5
bestrafung	neg 1.0		__DUMMY__ 0.476847059687107 neg 0.2646710490422294 off 0.25848189127066357	false	1.0
achtlos	neg 1.0		__DUMMY__ 0.4789552249134145 neg 0.2636989370109013 off 0.25734583807568406	false	1.0
ungeheuer	neg 1.0		__DUMMY__ 0.4773573217482132 neg 0.26181620863316923 off 0.2608264696186175	false	1.0
unaufrichtig	neg 1.0		__DUMMY__ 0.47452751270703736 neg 0.2669434992081079 off 0.2585289880848548	false	1.0
groggy	neg 1.0		__DUMMY__ 0.47648984570577246 neg 0.2635196036471609 off 0.25999055064706666	false	1.0
verletzlich	neg 1.0		__DUMMY__ 0.47514884843418287 off 0.26527210649271293 neg 0.2595790450731042	false	0.5
ablehnen	neg 1.0		__DUMMY__ 0.477441464623608 neg 0.26943309296012585 off 0.2531254424162663	false	1.0
