unsolidarisch	neg 1.0		neg 0.49193648076702345 off 0.46576273395078777 __DUMMY__ 0.042300785282188794	false	1.0
nachteilig	neg 1.0		neg 0.49251719757664936 off 0.4647256233364938 __DUMMY__ 0.042757179086856764	false	1.0
skeptisch	neg 1.0		neg 0.49270117934184965 off 0.4644598790060993 __DUMMY__ 0.042838941652051064	false	1.0
schrecklich	neg 1.0		off 0.4803113954825803 neg 0.47728424867456637 __DUMMY__ 0.04240435584285343	false	0.5
schlapp	neg 1.0		neg 0.4810623176425152 off 0.4763122602058915 __DUMMY__ 0.042625422151593234	false	1.0
abfall	neg 1.0		neg 0.4949737985032372 off 0.46206493920642566 __DUMMY__ 0.0429612622903372	false	1.0
widerspenstig	neg 1.0		neg 0.4862768936593642 off 0.47093828242429675 __DUMMY__ 0.04278482391633908	false	1.0
abrupt	neg 1.0		neg 0.4896493959919893 off 0.46730257578992973 __DUMMY__ 0.043048028218081014	false	1.0
unwirksam	neg 1.0		neg 0.4906426933490326 off 0.4669497888685269 __DUMMY__ 0.042407517782440486	false	1.0
angreifen	neg 1.0	neg 1.0	neg 0.732171270033292 off 0.24731863628338102 __DUMMY__ 0.020510093683327013	false	1.0
inkonsistent	neg 1.0		neg 0.4853521712343519 off 0.4718805007208599 __DUMMY__ 0.042767328044788236	false	1.0
abrutschen	neg 1.0		neg 0.49453112996471693 off 0.4625078867941186 __DUMMY__ 0.042960983241164465	false	1.0
unsicher	neg 1.0		neg 0.4862083485550298 off 0.47099168755106263 __DUMMY__ 0.04279996389390755	false	1.0
bauernkind	off 1.0	off 1.0	off 0.7239519202176783 neg 0.2559283684799329 __DUMMY__ 0.020119711302388956	false	1.0
angreifer	neg 1.0		neg 0.4848462428052076 off 0.4723759797986521 __DUMMY__ 0.042777777396140436	false	1.0
trennen	neg 1.0		neg 0.48815968590946635 off 0.46868082233057656 __DUMMY__ 0.04315949175995712	false	1.0
schmutz	neg 1.0		neg 0.4813084426295702 off 0.4756346221727484 __DUMMY__ 0.043056935197681404	false	1.0
inkonsistenz	neg 1.0		neg 0.4859408373223616 off 0.47176104451069517 __DUMMY__ 0.04229811816694323	false	1.0
erschreckend	neg 1.0		neg 0.4890709835599616 off 0.46824953047019197 __DUMMY__ 0.04267948596984638	false	1.0
ertrinken	neg 1.0		neg 0.4886067923367195 off 0.4683676417160594 __DUMMY__ 0.0430255659472211	false	1.0
pickelface	off 1.0		neg 0.489316524407997 off 0.46791291732292334 __DUMMY__ 0.042770558269079655	false	0.5
seiner			neg 0.49063696204423235 off 0.46638679134487904 __DUMMY__ 0.04297624661088857	false	0.0
lauch	neg 1.0		neg 0.4953877786445099 off 0.46174727112028985 __DUMMY__ 0.04286495023520011	false	1.0
unwichtig	neg 1.0		neg 0.48290425068077986 off 0.4745981538192337 __DUMMY__ 0.04249759549998644	false	1.0
steuerhinterziehung	neg 1.0		neg 0.4913414366257233 off 0.4660965780174226 __DUMMY__ 0.04256198535685427	false	1.0
schock	neg 1.0		neg 0.48532358255883246 off 0.47167626429888515 __DUMMY__ 0.04300015314228242	false	1.0
beule	neg 1.0		neg 0.4805084573670454 off 0.4768552337904435 __DUMMY__ 0.04263630884251114	false	1.0
vergelten	neg 1.0		off 0.4807773203906573 neg 0.47655427486127455 __DUMMY__ 0.0426684047480681	false	0.5
verdorbenheit	neg 1.0		neg 0.4866949185478568 off 0.47048331558565565 __DUMMY__ 0.0428217658664876	false	1.0
trauma	neg 1.0		neg 0.4858162898764245 off 0.47146273153726914 __DUMMY__ 0.04272097858630646	false	1.0
sinnlos	neg 1.0		neg 0.4835271869801469 off 0.4737154011513143 __DUMMY__ 0.04275741186853882	false	1.0
fettsack	off 1.0	off 1.0	off 0.7260660664251022 neg 0.25372004416904986 __DUMMY__ 0.020213889405847934	false	1.0
feige	off 1.0	off 1.0	off 0.7226288412924441 neg 0.2570888562815049 __DUMMY__ 0.02028230242605098	false	1.0
abdanken	neg 1.0		neg 0.4898591771538646 off 0.4675487571705894 __DUMMY__ 0.042592065675546	false	1.0
wichtigtuer	off 1.0	off 1.0	off 0.7211526916056183 neg 0.2584885278668008 __DUMMY__ 0.020358780527580805	false	1.0
misslingen	neg 1.0		neg 0.4816013320626259 off 0.47527658597408023 __DUMMY__ 0.04312208196329394	false	1.0
untreu	off 1.0		neg 0.48182000970934047 off 0.4757405322904517 __DUMMY__ 0.042439458000208	false	0.5
missmutig	neg 1.0		neg 0.4821906183447354 off 0.4752554280381631 __DUMMY__ 0.04255395361710146	false	1.0
hurenbock	off 1.0		neg 0.4842878783363637 off 0.47290284226912377 __DUMMY__ 0.04280927939451263	false	0.5
betrunken	neg 1.0		off 0.4797225965507789 neg 0.47763990341567597 __DUMMY__ 0.042637500033545064	false	0.5
korrupt	off 1.0		neg 0.49324690302578594 off 0.4642880664266588 __DUMMY__ 0.042465030547555294	false	0.5
unmut	neg 1.0		neg 0.49534658287697464 off 0.46174129120441043 __DUMMY__ 0.042912125918614895	false	1.0
hackfresse	off 1.0		off 0.48260654805377773 neg 0.47523979113412335 __DUMMY__ 0.04215366081209883	false	1.0
aufblasen	neg 1.0		neg 0.48388078305951354 off 0.4732782318968493 __DUMMY__ 0.0428409850436371	false	1.0
gewaltsam	neg 1.0		neg 0.48742571357529574 off 0.46976485182396954 __DUMMY__ 0.04280943460073474	false	1.0
unbeliebtheit	neg 1.0		neg 0.4882787209380022 off 0.4696704748089687 __DUMMY__ 0.042050804253029095	false	1.0
sturheit	neg 1.0		neg 0.4893562588174786 off 0.46798624330058564 __DUMMY__ 0.04265749788193571	false	1.0
kuh	neg 1.0		neg 0.488378858454778 off 0.46911180223051907 __DUMMY__ 0.042509339314702965	false	1.0
erschrecken	neg 1.0		neg 0.48198615157344005 off 0.47534935585877675 __DUMMY__ 0.042664492567783215	false	1.0
opfer	neg 1.0		neg 0.48936787427903183 off 0.46768260332905054 __DUMMY__ 0.04294952239191768	false	1.0
sinken	neg 1.0		neg 0.49409902342217166 off 0.46294974562400065 __DUMMY__ 0.04295123095382775	false	1.0
stinktier	neg 1.0		off 0.47933077899395765 neg 0.4784450416449582 __DUMMY__ 0.04222417936108406	false	0.5
tucke	off 1.0		off 0.48066685424226574 neg 0.47746129048954944 __DUMMY__ 0.04187185526818471	false	1.0
ein			neg 0.48517336252766674 off 0.4720260637672843 __DUMMY__ 0.04280057370504915	false	0.0
abstieg	neg 1.0		neg 0.4893752934284748 off 0.46756405981269994 __DUMMY__ 0.04306064675882528	false	1.0
missverstehen	neg 1.0		neg 0.485384523845573 off 0.47206575371425696 __DUMMY__ 0.042549722440170044	false	1.0
ergebnislos	neg 1.0		neg 0.49213510700382956 off 0.4650465329515009 __DUMMY__ 0.04281836004466961	false	1.0
unter			neg 0.4957268811657022 off 0.46085539724915303 __DUMMY__ 0.043417721585144835	false	0.0
manipulieren	neg 1.0		neg 0.49265231294114475 off 0.4645131391843816 __DUMMY__ 0.04283454787447361	false	1.0
unbewiesen	neg 1.0		neg 0.492349588300553 off 0.4654227824200572 __DUMMY__ 0.042227629279389896	false	1.0
verschleppen	neg 1.0		neg 0.48996274585872707 off 0.46722036659954946 __DUMMY__ 0.04281688754172341	false	1.0
weib	off 1.0		off 0.4823683161956917 neg 0.4754967512939864 __DUMMY__ 0.042134932510321896	false	1.0
opposition	neg 1.0		neg 0.48703449854509356 off 0.47045843512678726 __DUMMY__ 0.042507066328119215	false	1.0
verkehrswidrig	neg 1.0	neg 1.0	neg 0.7215529267674118 off 0.2578418349597667 __DUMMY__ 0.020605238272821506	false	1.0
inkorrekt	neg 1.0		neg 0.4826219601419435 off 0.4751659175941952 __DUMMY__ 0.042212122263861396	false	1.0
vermeiden	neg 1.0		neg 0.4955135160683542 off 0.4613402296683626 __DUMMY__ 0.04314625426328333	false	1.0
abweichung	neg 1.0		neg 0.49208110215353934 off 0.4651593929007374 __DUMMY__ 0.04275950494572344	false	1.0
alkoholisiert	neg 1.0		neg 0.48735101498411615 off 0.46934579081234495 __DUMMY__ 0.043303194203538974	false	1.0
scheiss	off 1.0	off 1.0	off 0.7237852378859618 neg 0.2558399344486509 __DUMMY__ 0.020374827665387212	false	1.0
herausforderung	neg 1.0	neg 1.0	neg 0.7288595151349632 off 0.2503104725449167 __DUMMY__ 0.020830012320120172	false	1.0
pervers	off 1.0		off 0.4857244777057095 neg 0.4722362426878063 __DUMMY__ 0.042039279606484306	false	1.0
wackelig	neg 1.0		neg 0.4863171110868853 off 0.47057863828756286 __DUMMY__ 0.043104250625552044	false	1.0
verwickeln	neg 1.0		neg 0.48562980726388516 off 0.4718285878468574 __DUMMY__ 0.042541604889257435	false	1.0
vorwand	neg 1.0		neg 0.4928278768321931 off 0.4642572394101166 __DUMMY__ 0.04291488375769035	false	1.0
muschi	off 1.0		neg 0.4888004608614172 off 0.46843090662884135 __DUMMY__ 0.0427686325097413	false	0.5
entmutigung	neg 1.0		neg 0.488258295963079 off 0.4692990236400625 __DUMMY__ 0.0424426803968586	false	1.0
unangemessen	neg 1.0		neg 0.49043786954133417 off 0.4669026883511221 __DUMMY__ 0.04265944210754357	false	1.0
unstetig	neg 1.0		neg 0.4844652643952458 off 0.4726981078637391 __DUMMY__ 0.04283662774101528	false	1.0
entmutigen	neg 1.0		neg 0.4856113207626864 off 0.47169950840806213 __DUMMY__ 0.0426891708292515	false	1.0
schwanz	neg 1.0		neg 0.49130459661430875 off 0.4657780626155004 __DUMMY__ 0.04291734077019089	false	1.0
verbot	neg 1.0		neg 0.4920358634615444 off 0.4653458967912286 __DUMMY__ 0.04261823974722694	false	1.0
leid	neg 1.0		off 0.481944829496881 neg 0.47564755126973673 __DUMMY__ 0.042407619233382356	false	0.5
archaisch	neg 1.0		neg 0.48890977132622604 off 0.46827725291114525 __DUMMY__ 0.04281297576262869	false	1.0
gegen			neg 0.4924430680268827 off 0.4645125132113343 __DUMMY__ 0.04304441876178297	false	0.0
scheidung	neg 1.0		off 0.4901532139791168 neg 0.46781011542892786 __DUMMY__ 0.042036670591955434	false	0.5
einschlag	neg 1.0	neg 1.0	neg 0.724293571129767 off 0.25532913446051064 __DUMMY__ 0.020377294409722344	false	1.0
m			neg 0.48802614757043367 off 0.46904559613868313 __DUMMY__ 0.0429282562908831	false	0.0
abgestanden	neg 1.0		neg 0.48495240906599363 off 0.4722308883802279 __DUMMY__ 0.04281670255377846	false	1.0
schmierig	off 1.0		off 0.48133622681513705 neg 0.47624513254333917 __DUMMY__ 0.0424186406415237	false	1.0
unpraktisch	neg 1.0		neg 0.48402178609036156 off 0.4731046864073813 __DUMMY__ 0.04287352750225713	false	1.0
wixxer	off 1.0		off 0.48483785497610504 neg 0.47318360802673204 __DUMMY__ 0.041978536997162856	false	1.0
bezeichnet			neg 0.48824157336903895 off 0.4690811504593165 __DUMMY__ 0.042677276171644594	false	0.0
jammerlappen	off 1.0		neg 0.48235247135489706 off 0.475117974510382 __DUMMY__ 0.04252955413472097	false	0.5
farce	neg 1.0		neg 0.49208330835264447 off 0.46540475048837554 __DUMMY__ 0.04251194115898001	false	1.0
zwecklos	neg 1.0		neg 0.4901253520952271 off 0.46717997191015037 __DUMMY__ 0.042694675994622636	false	1.0
turbulent	neg 1.0		neg 0.4822894828156485 off 0.47525018539357095 __DUMMY__ 0.04246033179078056	false	1.0
invasion	neg 1.0		neg 0.4838335985463627 off 0.47344606239477294 __DUMMY__ 0.042720339058864326	false	1.0
schuld	neg 1.0		neg 0.48640608434419463 off 0.4709188615291189 __DUMMY__ 0.04267505412668647	false	1.0
risiko	neg 1.0		neg 0.485198544044031 off 0.4719346619672967 __DUMMY__ 0.042866793988672235	false	1.0
finster	neg 1.0		neg 0.4849320363563473 off 0.4722830535939164 __DUMMY__ 0.0427849100497364	false	1.0
geisteskrank	off 1.0		neg 0.4818319447043855 off 0.4758080582697732 __DUMMY__ 0.04235999702584122	false	0.5
zusammenbrechen	neg 1.0		neg 0.48748436501786085 off 0.4696411513384726 __DUMMY__ 0.04287448364366643	false	1.0
ausbeute	neg 1.0		neg 0.4891628495844185 off 0.46772701128585675 __DUMMY__ 0.04311013912972471	false	1.0
hinterhalt	neg 1.0		neg 0.4869961510510338 off 0.4700350779238996 __DUMMY__ 0.04296877102506653	false	1.0
kritik	neg 1.0		neg 0.49169705875447073 off 0.4657335712055293 __DUMMY__ 0.04256937004000002	false	1.0
einschrumpfen	neg 1.0		neg 0.4864912034433907 off 0.4711189844858811 __DUMMY__ 0.04238981207072831	false	1.0
riskant	neg 1.0		neg 0.49134407295402877 off 0.46585936528444305 __DUMMY__ 0.04279656176152827	false	1.0
frustrieren	neg 1.0		neg 0.49069929925336686 off 0.46646862651797855 __DUMMY__ 0.04283207422865455	false	1.0
groll	neg 1.0		neg 0.48937963778756516 off 0.4678181847240071 __DUMMY__ 0.04280217748842771	false	1.0
gibt			neg 0.4890809996011392 off 0.46814631715377025 __DUMMY__ 0.04277268324509063	false	0.0
qualvoll	neg 1.0		neg 0.4819451539508199 off 0.4752904791016351 __DUMMY__ 0.042764366947545054	false	1.0
wackeln	neg 1.0	neg 1.0	neg 0.7274414663888276 off 0.25197369183409013 __DUMMY__ 0.02058484177708227	false	1.0
klagen	neg 1.0		neg 0.49439675354427215 off 0.46266645824269276 __DUMMY__ 0.04293678821303504	false	1.0
bankrott	neg 1.0		neg 0.4824903442662046 off 0.4748625642274051 __DUMMY__ 0.04264709150639025	false	1.0
trauern	neg 1.0		neg 0.48930458324815085 off 0.46771289264798427 __DUMMY__ 0.04298252410386495	false	1.0
ablehnung	neg 1.0		neg 0.49155450870847067 off 0.4658675447157734 __DUMMY__ 0.04257794657575591	false	1.0
stur	neg 1.0		neg 0.48641691860910896 off 0.4709857199307455 __DUMMY__ 0.04259736146014546	false	1.0
aufruhr	neg 1.0		neg 0.48778255388953085 off 0.46942702953684207 __DUMMY__ 0.04279041657362716	false	1.0
melancholie	neg 1.0		neg 0.4882615430986069 off 0.46881530647244524 __DUMMY__ 0.04292315042894774	false	1.0
ist			neg 0.4851751951867026 off 0.47215017822723726 __DUMMY__ 0.04267462658606018	false	0.0
torheit	neg 1.0		neg 0.48790424368584456 off 0.46954260358758887 __DUMMY__ 0.042553152726566616	false	1.0
dreckskind	off 1.0		off 0.48029591182791626 neg 0.4775672526851493 __DUMMY__ 0.04213683548693445	false	1.0
umtauschen	neg 1.0		neg 0.48695580363293967 off 0.47026297989087745 __DUMMY__ 0.04278121647618297	false	1.0
zum			neg 0.4920130525460632 off 0.464531354811468 __DUMMY__ 0.04345559264246875	false	0.0
zersetzen	neg 1.0		neg 0.4935696254995951 off 0.46367210588632396 __DUMMY__ 0.04275826861408079	false	1.0
zur			neg 0.4954620273999832 off 0.46131382618067657 __DUMMY__ 0.04322414641934016	false	0.0
frust	neg 1.0		neg 0.4880470588892212 off 0.46910716236923855 __DUMMY__ 0.04284577874154015	false	1.0
unerbittlichkeit	neg 1.0		neg 0.49301670633298184 off 0.46418780387526737 __DUMMY__ 0.04279548979175077	false	1.0
zwei			neg 0.4908699873609625 off 0.465836928856575 __DUMMY__ 0.043293083782462626	false	0.0
unkorrekt	neg 1.0		neg 0.48273467096870437 off 0.4751365766055157 __DUMMY__ 0.042128752425779896	false	1.0
hexe	off 1.0		neg 0.48160574937996486 off 0.4758931582029693 __DUMMY__ 0.042501092417065796	false	0.5
lasch	neg 1.0		neg 0.4853893416340719 off 0.4722060160858506 __DUMMY__ 0.042404642280077454	false	1.0
rivale	neg 1.0		neg 0.4787991426819513 off 0.4786871620537701 __DUMMY__ 0.04251369526427871	false	1.0
mutlos	off 1.0	off 1.0	off 0.717172630992129 neg 0.2624094766741435 __DUMMY__ 0.020417892333727403	false	1.0
wirr	off 1.0		neg 0.4820551446980489 off 0.4757932854323232 __DUMMY__ 0.04215156986962788	false	0.5
jahr			neg 0.4896500663648254 off 0.46716951632427123 __DUMMY__ 0.04318041731090341	false	0.0
wird			neg 0.4899401547915928 off 0.4672007834978772 __DUMMY__ 0.042859061710529965	false	0.0
strafbar	neg 1.0		neg 0.49189663850078136 off 0.46536898464281545 __DUMMY__ 0.04273437685640318	false	1.0
erosion	neg 1.0		neg 0.4848606561144627 off 0.4722793390427164 __DUMMY__ 0.04286000484282074	false	1.0
eingehen	neg 1.0		neg 0.4913254361992472 off 0.4660015305765027 __DUMMY__ 0.04267303322425009	false	1.0
faul	off 1.0		neg 0.48151939200232663 off 0.47578795543805413 __DUMMY__ 0.04269265255961931	false	0.5
provisorium	neg 1.0		neg 0.49696911194656135 off 0.45970199807006595 __DUMMY__ 0.04332888998337261	false	1.0
schmerzen	neg 1.0		neg 0.4862211282914331 off 0.4709791927785826 __DUMMY__ 0.042799678929984285	false	1.0
schrumpfen	neg 1.0		neg 0.4977782964387005 off 0.45926767975967125 __DUMMY__ 0.04295402380162826	false	1.0
geistlos	off 1.0		neg 0.4884380482550302 off 0.469296562529359 __DUMMY__ 0.04226538921561094	false	0.5
fehlkauf	neg 1.0		neg 0.48544612521312736 off 0.4718996343059926 __DUMMY__ 0.042654240480880116	false	1.0
frustrierend	neg 1.0		neg 0.4817418463245192 off 0.4755470005418235 __DUMMY__ 0.04271115313365745	false	1.0
unzufrieden	neg 1.0		neg 0.49052042995970674 off 0.4668012907253659 __DUMMY__ 0.042678279314927424	false	1.0
verzweifeln	neg 1.0		neg 0.4872447919973015 off 0.469981802544347 __DUMMY__ 0.04277340545835158	false	1.0
verzweifelt	neg 1.0		neg 0.48565853091112277 off 0.47168581092757966 __DUMMY__ 0.04265565816129763	false	1.0
misstrauensantrag	neg 1.0		neg 0.48562009357056685 off 0.4718203525646935 __DUMMY__ 0.042559553864739606	false	1.0
abfallen	neg 1.0		neg 0.4834559463174009 off 0.4736524648160344 __DUMMY__ 0.04289158886656474	false	1.0
fucker	off 1.0		neg 0.4808780275526654 off 0.4767199197273192 __DUMMY__ 0.04240205272001548	false	0.5
ungezogen	neg 1.0		off 0.4850372945894865 neg 0.4727619173616277 __DUMMY__ 0.0422007880488859	false	0.5
irrsinnig	neg 1.0	neg 1.0	neg 0.7291049955017339 off 0.25050369431031655 __DUMMY__ 0.020391310187949496	false	1.0
unfassbar	neg 1.0		neg 0.4820186257879104 off 0.4755153870297005 __DUMMY__ 0.042465987182389205	false	1.0
hart	neg 1.0		neg 0.483440065271919 off 0.4739605317739289 __DUMMY__ 0.04259940295415211	false	1.0
widerlich	off 1.0		neg 0.48185889366534973 off 0.47577839546163436 __DUMMY__ 0.04236271087301583	false	0.5
fatal	neg 1.0		neg 0.48510482039491987 off 0.47224123236052296 __DUMMY__ 0.042653947244557226	false	1.0
bruch	neg 1.0		neg 0.4949125855065019 off 0.46222568415858173 __DUMMY__ 0.042861730334916456	false	1.0
aushungern	neg 1.0		neg 0.4903549086511487 off 0.46706741441140975 __DUMMY__ 0.04257767693744145	false	1.0
anspannung	neg 1.0	neg 1.0	neg 0.7314232572995548 off 0.24769668551374588 __DUMMY__ 0.020880057186699195	false	1.0
von			neg 0.4907747029038914 off 0.46606416556040264 __DUMMY__ 0.043161131535706054	false	0.0
kraftlos	neg 1.0		neg 0.48668324812303443 off 0.4702915129920388 __DUMMY__ 0.04302523888492684	false	1.0
vom			neg 0.49496585909384916 off 0.46159727997352723 __DUMMY__ 0.04343686093262362	false	0.0
grenzdebil	off 1.0		neg 0.4804104545179505 off 0.4771019952812107 __DUMMY__ 0.04248755020083889	false	0.5
vor			neg 0.49157091513264023 off 0.46539607875920797 __DUMMY__ 0.043033006108151826	false	0.0
unterwerfen	neg 1.0		neg 0.49097900070459355 off 0.46618322622037445 __DUMMY__ 0.04283777307503199	false	1.0
versenkung	neg 1.0		neg 0.4913314850961691 off 0.46582429411202564 __DUMMY__ 0.0428442207918053	false	1.0
entziehen	neg 1.0		neg 0.4937282579490106 off 0.46335067656459666 __DUMMY__ 0.04292106548639256	false	1.0
finanzkrise	neg 1.0		neg 0.49046350814607365 off 0.4669967900999069 __DUMMY__ 0.042539701754019464	false	1.0
schimpfend	neg 1.0		neg 0.4836516384176566 off 0.4734507202380382 __DUMMY__ 0.0428976413443051	false	1.0
profan	neg 1.0		neg 0.4841307624836491 off 0.47324676964227 __DUMMY__ 0.04262246787408074	false	1.0
korruption	neg 1.0	neg 1.0	neg 0.7319916966743181 off 0.24761104665823155 __DUMMY__ 0.020397256667450406	false	1.0
â			neg 0.4893380345836331 off 0.467725756320502 __DUMMY__ 0.0429362090958649	false	0.0
schmutzig	neg 1.0		neg 0.47990456262668973 off 0.47749106382809164 __DUMMY__ 0.042604373545218746	false	1.0
sexy	neg 1.0		neg 0.48310956813375383 off 0.47424247964798383 __DUMMY__ 0.04264795221826244	false	1.0
abraten	neg 1.0		neg 0.4847561528110744 off 0.4725552737440458 __DUMMY__ 0.04268857344487978	false	1.0
schwarz	neg 1.0		neg 0.48607253044553494 off 0.4712912255489601 __DUMMY__ 0.042636244005504975	false	1.0
fotze	off 1.0		neg 0.49092030281969323 off 0.4662454678229253 __DUMMY__ 0.042834229357381404	false	0.5
verwirren	neg 1.0		neg 0.48380968695030424 off 0.4735614615815825 __DUMMY__ 0.04262885146811314	false	1.0
zahnlos	off 1.0		neg 0.49038940443382767 off 0.4669250562749873 __DUMMY__ 0.04268553929118495	false	0.5
verheeren	neg 1.0		off 0.48739092640726484 neg 0.4702826634341698 __DUMMY__ 0.042326410158565315	false	0.5
hippie	neg 1.0		neg 0.4839892703813416 off 0.47338090177844944 __DUMMY__ 0.0426298278402091	false	1.0
rammen	neg 1.0		neg 0.4865256545653671 off 0.4708212622802732 __DUMMY__ 0.04265308315435961	false	1.0
unlauter	neg 1.0		neg 0.49105964158221643 off 0.4666560728862731 __DUMMY__ 0.04228428553151048	false	1.0
unheilvoll	neg 1.0		neg 0.48209589426861965 off 0.47502393882628907 __DUMMY__ 0.042880166905091166	false	1.0
niedrig	neg 1.0		neg 0.4908958055073041 off 0.4661632133002326 __DUMMY__ 0.042940981192463194	false	1.0
explosion	neg 1.0		neg 0.4851847497900652 off 0.4722333456477097 __DUMMY__ 0.042581904562225166	false	1.0
weichei	off 1.0		off 0.4814930011129805 neg 0.47626565035439616 __DUMMY__ 0.042241348532623284	false	1.0
minusmensch	off 1.0		off 0.4822309358663205 neg 0.4759381133433815 __DUMMY__ 0.04183095079029804	false	1.0
farblos	neg 1.0		neg 0.4836336985140752 off 0.47319694975593884 __DUMMY__ 0.043169351729985934	false	1.0
unwissend	neg 1.0	neg 1.0	neg 0.7269673830351543 off 0.2527333506126384 __DUMMY__ 0.02029926635220729	false	1.0
traurig	neg 1.0		off 0.4794882368789238 neg 0.4780471618249895 __DUMMY__ 0.04246460129608679	false	0.5
senkung	neg 1.0		neg 0.4866262343498784 off 0.470968601543584 __DUMMY__ 0.04240516410653761	false	1.0
ungleich	neg 1.0	neg 1.0	neg 0.732678698141329 off 0.24690303657993462 __DUMMY__ 0.020418265278736303	false	1.0
heikel	neg 1.0		neg 0.49307825877866335 off 0.464140759972068 __DUMMY__ 0.04278098124926876	false	1.0
drosselung	neg 1.0		neg 0.4800820361597923 off 0.4773414992182596 __DUMMY__ 0.04257646462194825	false	1.0
falsch	neg 1.0		neg 0.4824420671569979 off 0.4749472102759744 __DUMMY__ 0.04261072256702766	false	1.0
unzufriedenheit	neg 1.0		neg 0.4933228680840985 off 0.4638403500733263 __DUMMY__ 0.04283678184257524	false	1.0
kurz	neg 1.0		neg 0.48683588120699633 off 0.4702142924801287 __DUMMY__ 0.04294982631287486	false	1.0
unsinnig	neg 1.0		neg 0.49067929336373783 off 0.46672912695445984 __DUMMY__ 0.042591579681802286	false	1.0
penner	off 1.0	off 1.0	off 0.7273516968534053 neg 0.2524858382558262 __DUMMY__ 0.020162464890768516	false	1.0
seicht	neg 1.0		off 0.4826857510105594 neg 0.47533368959442196 __DUMMY__ 0.04198055939501872	false	0.5
dummheit	off 1.0	off 1.0	off 0.7212215919595082 neg 0.25844034236622776 __DUMMY__ 0.020338065674264036	false	1.0
unerfreulich	neg 1.0		neg 0.49270603696793763 off 0.464360585573245 __DUMMY__ 0.04293337745881727	false	1.0
motherfucker	off 1.0	off 1.0	off 0.7235247256244954 neg 0.25621735583245664 __DUMMY__ 0.020257918543047898	false	1.0
pikiert	neg 1.0		neg 0.48313653194882744 off 0.4744833998423485 __DUMMY__ 0.04238006820882413	false	1.0
wrack	neg 1.0		neg 0.4879860938347574 off 0.4688782905936571 __DUMMY__ 0.0431356155715856	false	1.0
gangster	neg 1.0		neg 0.48396607047809076 off 0.47335606945636616 __DUMMY__ 0.04267786006554309	false	1.0
krank	neg 1.0		neg 0.47892931015348217 off 0.47847589182077244 __DUMMY__ 0.04259479802574542	false	1.0
reich	neg 1.0		neg 0.48384801789672277 off 0.47369292512967676 __DUMMY__ 0.04245905697360031	false	1.0
gnadenlos	neg 1.0		neg 0.4859036807017274 off 0.47137497637955234 __DUMMY__ 0.042721342918720186	false	1.0
niedergeschlagen	neg 1.0		neg 0.486241550735198 off 0.47079236906678346 __DUMMY__ 0.04296608019801853	false	1.0
terrorisieren	off 1.0	off 1.0	off 0.7187120124448093 neg 0.26073909181213273 __DUMMY__ 0.02054889574305789	false	1.0
sinnlosigkeit	neg 1.0		neg 0.4897683755952221 off 0.4675056717602684 __DUMMY__ 0.042725952644509485	false	1.0
behindern	neg 1.0		neg 0.4887024049756182 off 0.46862533103857035 __DUMMY__ 0.042672263985811566	false	1.0
undemokratisch	neg 1.0		neg 0.4889979804244401 off 0.4685495976906035 __DUMMY__ 0.04245242188495646	false	1.0
wirtschaftskrise	neg 1.0		neg 0.4920611574039407 off 0.4652568885553635 __DUMMY__ 0.04268195404069573	false	1.0
neid	neg 1.0		neg 0.4797931534121659 off 0.47742287894225555 __DUMMY__ 0.04278396764557864	false	1.0
rutschen	neg 1.0	neg 1.0	neg 0.7308787266560589 off 0.24831638655247154 __DUMMY__ 0.0208048867914695	false	1.0
rezession	neg 1.0		neg 0.47963815785602776 off 0.47814636441965475 __DUMMY__ 0.04221547772431758	false	1.0
fehlgeburt	neg 1.0		neg 0.48267007074172147 off 0.47447058626157196 __DUMMY__ 0.042859342996706545	false	1.0
charakterschwach	off 1.0		neg 0.48100302385773935 off 0.47650858661252377 __DUMMY__ 0.042488389529736936	false	0.5
isolation	neg 1.0		neg 0.4821359686277115 off 0.4751871804087625 __DUMMY__ 0.042676850963526025	false	1.0
ablenkung	neg 1.0		neg 0.4860445801298993 off 0.47117805705764926 __DUMMY__ 0.04277736281245152	false	1.0
pech	neg 1.0		neg 0.48248687433736154 off 0.47487488820374246 __DUMMY__ 0.04263823745889614	false	1.0
vermeidung	neg 1.0		neg 0.4821181326028673 off 0.4755280653419264 __DUMMY__ 0.042353802055206224	false	1.0
dominieren	neg 1.0		neg 0.48851362673107285 off 0.468462538530755 __DUMMY__ 0.0430238347381722	false	1.0
schwindlig	neg 1.0		neg 0.4810457916153987 off 0.47600423135152253 __DUMMY__ 0.04294997703307869	false	1.0
lutscher	neg 1.0		off 0.48363425465810966 neg 0.4743845263917092 __DUMMY__ 0.04198121895018129	false	0.5
pflicht	neg 1.0		neg 0.4931831479248739 off 0.46402002989221347 __DUMMY__ 0.042796822182912635	false	1.0
faschist	off 1.0		neg 0.4867564596057573 off 0.4708596991341349 __DUMMY__ 0.04238384126010776	false	0.5
verschleudern	neg 1.0		neg 0.4956197925103381 off 0.4619354803968928 __DUMMY__ 0.042444727092769266	false	1.0
wenn			neg 0.4823407430691694 off 0.475066124227107 __DUMMY__ 0.04259313270372359	false	0.0
ehebruch	neg 1.0		neg 0.4907419794548381 off 0.4664703538210896 __DUMMY__ 0.04278766672407237	false	1.0
spott	off 1.0		neg 0.49254439019868107 off 0.4647637294720211 __DUMMY__ 0.04269188032929789	false	0.5
trostlosigkeit	neg 1.0		neg 0.49231705231236844 off 0.46467122692676277 __DUMMY__ 0.04301172076086883	false	1.0
lutschen	neg 1.0		neg 0.4856440534561027 off 0.4718265779462468 __DUMMY__ 0.04252936859765069	false	1.0
undiszipliniert	neg 1.0		off 0.4790337406292885 neg 0.4784330341732993 __DUMMY__ 0.04253322519741235	false	0.5
kopfschmerz	neg 1.0		neg 0.48654038352529616 off 0.470517689802299 __DUMMY__ 0.04294192667240479	false	1.0
unvorhergesehen	neg 1.0		neg 0.48753559397062246 off 0.46931784364442714 __DUMMY__ 0.04314656238495029	false	1.0
desinteressiert	neg 1.0		neg 0.48011810681210726 off 0.4774836528145061 __DUMMY__ 0.04239824037338661	false	1.0
armselig	off 1.0		neg 0.480765215711615 off 0.4770159876280995 __DUMMY__ 0.042218796660285544	false	0.5
desaster	neg 1.0		neg 0.4954933028394167 off 0.46162875294899164 __DUMMY__ 0.04287794421159157	false	1.0
tod	neg 1.0		neg 0.48702105467546253 off 0.4698535441275442 __DUMMY__ 0.04312540119699326	false	1.0
herzlos	neg 1.0		off 0.4788914540287077 neg 0.4787707642737859 __DUMMY__ 0.042337781697506294	false	0.5
unwissenheit	neg 1.0		neg 0.4918696957605318 off 0.4655681005884099 __DUMMY__ 0.042562203651058374	false	1.0
widersinnig	neg 1.0	neg 1.0	neg 0.732316186131211 off 0.24738513112713273 __DUMMY__ 0.020298682741656277	false	1.0
bedenklich	neg 1.0		neg 0.49178955104015853 off 0.4654892100112378 __DUMMY__ 0.04272123894860374	false	1.0
beanstanden	neg 1.0		neg 0.493325602447503 off 0.4638141327302528 __DUMMY__ 0.04286026482224419	false	1.0
panisch	neg 1.0	neg 1.0	neg 0.7257117498402067 off 0.25368691093988266 __DUMMY__ 0.020601339219910617	false	1.0
debil	off 1.0		neg 0.49678949407742473 off 0.46006642923051216 __DUMMY__ 0.04314407669206309	false	0.5
abstrich	neg 1.0		neg 0.49042720547720003 off 0.4668145731172167 __DUMMY__ 0.04275822140558335	false	1.0
primitiv	neg 1.0		neg 0.4811787627814161 off 0.47644748158330114 __DUMMY__ 0.042373755635282805	false	1.0
abschaum	off 1.0	off 1.0	off 0.7225839562007754 neg 0.2570973847827847 __DUMMY__ 0.02031865901643985	false	1.0
provozieren	neg 1.0		neg 0.4870469056379471 off 0.47031832968398096 __DUMMY__ 0.04263476467807194	false	1.0
tot	neg 1.0		neg 0.4913106276109529 off 0.46589667501622833 __DUMMY__ 0.042792697372818704	false	1.0
instabil	neg 1.0		neg 0.48320856523908134 off 0.47459117336356127 __DUMMY__ 0.04220026139735751	false	1.0
schwuchtel	off 1.0		off 0.4878751002416827 neg 0.470329124373226 __DUMMY__ 0.04179577538509133	false	1.0
zerren	neg 1.0		neg 0.4862516504179891 off 0.4707885827602626 __DUMMY__ 0.042959766821748235	false	1.0
kinderficker	off 1.0		neg 0.47921164756446055 off 0.47873115418567297 __DUMMY__ 0.042057198249866486	false	0.5
gefahr	neg 1.0		neg 0.4923907747770871 off 0.46469966617598407 __DUMMY__ 0.04290955904692879	false	1.0
rabiat	neg 1.0		neg 0.4878116939094199 off 0.4695438122230059 __DUMMY__ 0.042644493867574254	false	1.0
verlangsamung	neg 1.0		off 0.4826577691276299 neg 0.47512883464861727 __DUMMY__ 0.042213396223752704	false	0.5
ausgestorben	neg 1.0		neg 0.4860998568783445 off 0.4710145523121979 __DUMMY__ 0.04288559080945747	false	1.0
anklagen	neg 1.0		neg 0.48976790439746665 off 0.467535223942287 __DUMMY__ 0.04269687166024622	false	1.0
trott	neg 1.0		neg 0.4868554547464252 off 0.47032164087359973 __DUMMY__ 0.04282290437997515	false	1.0
verminderung	neg 1.0		neg 0.4806816202313569 off 0.47693303870922715 __DUMMY__ 0.04238534105941596	false	1.0
nach			neg 0.49083868085435367 off 0.4656467409572919 __DUMMY__ 0.043514578188354386	false	0.0
rost	neg 1.0		off 0.48229875058981087 neg 0.4753585579022836 __DUMMY__ 0.04234269150790543	false	0.5
destruktiv	neg 1.0		neg 0.48977492667572803 off 0.46770328558758123 __DUMMY__ 0.042521787736690755	false	1.0
unzumutbarkeit	neg 1.0		neg 0.4812780160298557 off 0.4760713903074871 __DUMMY__ 0.04265059366265725	false	1.0
labil	off 1.0	off 1.0	off 0.7225518565294872 neg 0.25712362681921563 __DUMMY__ 0.020324516651297166	false	1.0
ziemlich	neg 1.0		neg 0.48017432483487527 off 0.4772400397969105 __DUMMY__ 0.042585635368214164	false	1.0
lachnummer	off 1.0		neg 0.48856305869151845 off 0.46882088675209865 __DUMMY__ 0.04261605455638292	false	0.5
oder			neg 0.4852245438914414 off 0.47192258163676715 __DUMMY__ 0.04285287447179143	false	0.0
verfall	neg 1.0		neg 0.497049804322464 off 0.4599320062316234 __DUMMY__ 0.04301818944591261	false	1.0
ausgrenzung	neg 1.0		neg 0.48755078469039437 off 0.46995750561161587 __DUMMY__ 0.04249170969798979	false	1.0
unordnung	neg 1.0		neg 0.47976715975484 off 0.47754844009956293 __DUMMY__ 0.04268440014559696	false	1.0
fehlverhalten	neg 1.0		neg 0.4927205135419867 off 0.46448035257832837 __DUMMY__ 0.04279913387968493	false	1.0
eine			neg 0.49226420806622534 off 0.46481657034030016 __DUMMY__ 0.04291922159347456	false	0.0
nille	neg 1.0		neg 0.48812371682410105 off 0.46909650414275095 __DUMMY__ 0.04277977903314781	false	1.0
qual	neg 1.0		neg 0.4872497262989349 off 0.4699394361687067 __DUMMY__ 0.042810837532358245	false	1.0
verschwenden	neg 1.0		neg 0.49088993223107874 off 0.46636879597442976 __DUMMY__ 0.042741271794491546	false	1.0
riesig	neg 1.0	neg 1.0	neg 0.7294810276057179 off 0.24985709175831647 __DUMMY__ 0.0206618806359656	false	1.0
verurteilen	neg 1.0		neg 0.4902074820213857 off 0.4670754577237271 __DUMMY__ 0.042717060254887286	false	1.0
klischee	neg 1.0	neg 1.0	neg 0.7281352179583689 off 0.25156137280296736 __DUMMY__ 0.020303409238663802	false	1.0
diktatorisch	neg 1.0		neg 0.48905545627217206 off 0.4685682317406799 __DUMMY__ 0.04237631198714789	false	1.0
vorhersehbar	neg 1.0	neg 1.0	neg 0.7282521490766252 off 0.2514065139058739 __DUMMY__ 0.020341337017501	false	1.0
sowie			off 0.48068861167760896 neg 0.47705358414158533 __DUMMY__ 0.042257804180805554	false	0.0
stornieren	neg 1.0		neg 0.48175720233891217 off 0.47512142573485167 __DUMMY__ 0.04312137192623617	false	1.0
besteuerung	neg 1.0		neg 0.48948034404919205 off 0.46810872545516863 __DUMMY__ 0.04241093049563929	false	1.0
ungeschminkt	neg 1.0		neg 0.4819893861842047 off 0.47563320017525795 __DUMMY__ 0.04237741364053739	false	1.0
kritisch	neg 1.0		neg 0.492026969488964 off 0.46524470555751507 __DUMMY__ 0.04272832495352105	false	1.0
schlamperei	off 1.0		neg 0.49356064275889056 off 0.4637223496357278 __DUMMY__ 0.04271700760538184	false	0.5
sucht	neg 1.0	neg 1.0	neg 0.7281061055825835 off 0.2513248296455506 __DUMMY__ 0.02056906477186601	false	1.0
egoistisch	off 1.0		off 0.4818602096937629 neg 0.47583845388796175 __DUMMY__ 0.04230133641827536	false	1.0
ausbeuter	off 1.0		neg 0.49396398303198835 off 0.46333850910625596 __DUMMY__ 0.04269750786175574	false	0.5
arschgeburt	off 1.0		off 0.48738792486244925 neg 0.470880582418489 __DUMMY__ 0.04173149271906177	false	1.0
schubs	neg 1.0	neg 1.0	neg 0.7291749227446516 off 0.25021355253887734 __DUMMY__ 0.020611524716471038	false	1.0
unsolide	neg 1.0		neg 0.49099033644105855 off 0.46688831889512794 __DUMMY__ 0.042121344663813565	false	1.0
beschwerde	neg 1.0		neg 0.49335366759671134 off 0.46393725113752265 __DUMMY__ 0.04270908126576595	false	1.0
stocken	neg 1.0		neg 0.49143760842678463 off 0.46574878849769874 __DUMMY__ 0.04281360307551662	false	1.0
isolieren	neg 1.0		neg 0.49129405244253055 off 0.4660241591070174 __DUMMY__ 0.04268178845045219	false	1.0
unheilbar	neg 1.0		neg 0.48437799456398506 off 0.47271398742494664 __DUMMY__ 0.0429080180110683	false	1.0
pisser	off 1.0		neg 0.4797720341766406 off 0.47776125093384736 __DUMMY__ 0.042466714889511994	false	0.5
löschen	neg 1.0		neg 0.4869863532585167 off 0.47026086282360907 __DUMMY__ 0.04275278391787436	false	1.0
durchfallen	neg 1.0		neg 0.4914337188182428 off 0.4659563723128925 __DUMMY__ 0.04260990886886462	false	1.0
wichser	off 1.0		off 0.48646300308479007 neg 0.47143213161465547 __DUMMY__ 0.04210486530055449	false	1.0
terror	neg 1.0		neg 0.48260488197102475 off 0.47460615020808977 __DUMMY__ 0.042788967820885565	false	1.0
krass	neg 1.0		off 0.47942085592656297 neg 0.4782645619998214 __DUMMY__ 0.04231458207361562	false	0.5
revolte	neg 1.0		neg 0.48696293737776475 off 0.47056890386780054 __DUMMY__ 0.04246815875443464	false	1.0
besorgt	neg 1.0		neg 0.4865335828475412 off 0.4704279693204703 __DUMMY__ 0.04303844783198859	false	1.0
nachlassen	neg 1.0		neg 0.4910445027979003 off 0.46607102716985116 __DUMMY__ 0.042884470032248594	false	1.0
alt	neg 1.0		neg 0.4899875467272299 off 0.46717322896534735 __DUMMY__ 0.04283922430742264	false	1.0
hundesohn	off 1.0		off 0.4830736113905238 neg 0.47493128479609675 __DUMMY__ 0.041995103813379404	false	1.0
als			neg 0.4872847603982538 off 0.4697744836189802 __DUMMY__ 0.042940755982765935	false	0.0
abschreckung	neg 1.0		neg 0.4933689224650267 off 0.4637091805415469 __DUMMY__ 0.04292189699342634	false	1.0
unqualifiziert	neg 1.0		neg 0.4870622025719063 off 0.4706447225817486 __DUMMY__ 0.04229307484634504	false	1.0
abgewichst	off 1.0		neg 0.48827486893498667 off 0.4688840443104161 __DUMMY__ 0.04284108675459726	false	0.5
schwer	neg 1.0		neg 0.48661034606118975 off 0.4706113248219909 __DUMMY__ 0.04277832911681929	false	1.0
bedeutungslosigkeit	neg 1.0		neg 0.49309656292428805 off 0.4640716352557795 __DUMMY__ 0.04283180181993242	false	1.0
kapitulation	neg 1.0		neg 0.49340763358816164 off 0.46397226437109645 __DUMMY__ 0.04262010204074189	false	1.0
unscharf	neg 1.0		neg 0.48472680358791886 off 0.4726634691931316 __DUMMY__ 0.04260972721894952	false	1.0
schwinden	neg 1.0		neg 0.493171890645786 off 0.4639929393760874 __DUMMY__ 0.04283516997812664	false	1.0
versklavung	neg 1.0		neg 0.4892321762315991 off 0.4683643903575617 __DUMMY__ 0.04240343341083917	false	1.0
schlecht	neg 1.0		neg 0.4798153495150568 off 0.4775749014980563 __DUMMY__ 0.04260974898688692	false	1.0
verhasst	neg 1.0		neg 0.48643404083860375 off 0.470923620829887 __DUMMY__ 0.042642338331509315	false	1.0
beschweren	neg 1.0		neg 0.4850522491339569 off 0.4722817957160881 __DUMMY__ 0.0426659551499551	false	1.0
scheiden	neg 1.0		neg 0.48254499101620424 off 0.4743581895004586 __DUMMY__ 0.04309681948333719	false	1.0
frustriert	neg 1.0		neg 0.48784126158496915 off 0.469358536424449 __DUMMY__ 0.0428002019905817	false	1.0
schimmelig	neg 1.0		neg 0.49014014361660313 off 0.4669542673689234 __DUMMY__ 0.042905589014473534	false	1.0
fisch	neg 1.0		neg 0.4882675802170774 off 0.4684880729833725 __DUMMY__ 0.04324434679955001	false	1.0
schmuggel	neg 1.0		neg 0.4892008155002868 off 0.46760594136744815 __DUMMY__ 0.043193243132265004	false	1.0
auffallen	neg 1.0		neg 0.48413955818152976 off 0.47319824964019896 __DUMMY__ 0.04266219217827122	false	1.0
konkurrenz	neg 1.0	neg 1.0	neg 0.7328589122916037 off 0.24657844724854414 __DUMMY__ 0.020562640459852177	false	1.0
teufelskreis	neg 1.0		neg 0.487926635761149 off 0.4693469278928573 __DUMMY__ 0.04272643634599358	false	1.0
aufschreien	neg 1.0		neg 0.48520836810484985 off 0.47221615018537394 __DUMMY__ 0.04257548170977613	false	1.0
schuldner	neg 1.0		neg 0.4922668017186759 off 0.46484374699384584 __DUMMY__ 0.042889451287478314	false	1.0
missgeburt	off 1.0	off 1.0	off 0.7259545307882721 neg 0.2538370806434345 __DUMMY__ 0.02020838856829348	false	1.0
arbeitslos	neg 1.0		neg 0.49097452750948956 off 0.46640125628432527 __DUMMY__ 0.04262421620618518	false	1.0
befallen	neg 1.0		neg 0.48895756064915735 off 0.4682905650461566 __DUMMY__ 0.04275187430468598	false	1.0
miesepetrig	off 1.0	off 1.0	off 0.7240881669224928 neg 0.2555275022762152 __DUMMY__ 0.020384330801291956	false	1.0
alarmieren	neg 1.0		neg 0.48420425916747123 off 0.4733766660681709 __DUMMY__ 0.042419074764357835	false	1.0
ungeduscht	off 1.0		neg 0.48239170707564505 off 0.474943880506119 __DUMMY__ 0.042664412418235965	false	0.5
knappheit	neg 1.0		neg 0.4933595919522469 off 0.46403231931449007 __DUMMY__ 0.04260808873326294	false	1.0
schlange	neg 1.0		neg 0.48265021306870537 off 0.47444833440710216 __DUMMY__ 0.04290145252419246	false	1.0
harsch	neg 1.0		off 0.48173958802126865 neg 0.4757688685809634 __DUMMY__ 0.04249154339776783	false	0.5
lang	neg 1.0		neg 0.4860987593394626 off 0.4711219448146415 __DUMMY__ 0.04277929584589583	false	1.0
ziellos	neg 1.0		neg 0.4880711440789278 off 0.4689785553115508 __DUMMY__ 0.04295030060952131	false	1.0
selbstverliebt	neg 1.0		off 0.48515330352342895 neg 0.47300076626779747 __DUMMY__ 0.04184593020877364	false	0.5
beseitigen	neg 1.0	neg 1.0	neg 0.7285107704974195 off 0.2508890071487217 __DUMMY__ 0.020600222353858794	false	1.0
dumm	off 1.0		off 0.48203906350638515 neg 0.47578201156348815 __DUMMY__ 0.04217892493012661	false	1.0
arbeitsloser	neg 1.0		neg 0.49015283543652155 off 0.4670299925257076 __DUMMY__ 0.04281717203777098	false	1.0
blitzen	neg 1.0		neg 0.4836518858897227 off 0.4737086718771172 __DUMMY__ 0.042639442233160185	false	1.0
hilflos	neg 1.0		neg 0.48817276554573363 off 0.46900147828239297 __DUMMY__ 0.042825756171873404	false	1.0
eklig	off 1.0		off 0.4828697985876694 neg 0.4749598231634383 __DUMMY__ 0.04217037824889233	false	1.0
begriff			neg 0.4894757224582887 off 0.4678709639898418 __DUMMY__ 0.04265331355186955	false	0.0
hungersnot	neg 1.0		neg 0.4879227625892978 off 0.4692005679067304 __DUMMY__ 0.04287666950397178	false	1.0
ungesetzlich	neg 1.0		neg 0.490837957772272 off 0.4670354090682089 __DUMMY__ 0.042126633159519034	false	1.0
verschwendung	neg 1.0		neg 0.4914840182828411 off 0.4656674992059258 __DUMMY__ 0.04284848251123321	false	1.0
schmerzvoll	neg 1.0		neg 0.48459847021115804 off 0.4726897075939776 __DUMMY__ 0.04271182219486447	false	1.0
vorzeitig	neg 1.0		neg 0.48221893135327626 off 0.47500923762126895 __DUMMY__ 0.04277183102545472	false	1.0
unvollkommenheit	neg 1.0		neg 0.4850322158169744 off 0.47175092568444854 __DUMMY__ 0.04321685849857693	false	1.0
intervenieren	neg 1.0		neg 0.4937346391327683 off 0.46358412970949403 __DUMMY__ 0.042681231157737726	false	1.0
banause	off 1.0		off 0.4835558709789104 neg 0.47449164672061456 __DUMMY__ 0.0419524823004751	false	1.0
rebell	neg 1.0		neg 0.4938610187620584 off 0.4630998670726492 __DUMMY__ 0.0430391141652925	false	1.0
unlogisch	neg 1.0		off 0.47885170840155683 neg 0.47877224946555547 __DUMMY__ 0.04237604213288768	false	0.5
leiden	neg 1.0		neg 0.48712783161615947 off 0.4695601657134843 __DUMMY__ 0.04331200267035636	false	1.0
abschaffung	neg 1.0		neg 0.4892418044193983 off 0.46829448587901745 __DUMMY__ 0.04246370970158425	false	1.0
sturz	neg 1.0		neg 0.4862766410767821 off 0.470914243125075 __DUMMY__ 0.04280911579814285	false	1.0
verkleinerung	neg 1.0		neg 0.4876137437121492 off 0.47010040603569553 __DUMMY__ 0.04228585025215536	false	1.0
schmarotzer	off 1.0		neg 0.4913590185870089 off 0.46603841855589107 __DUMMY__ 0.0426025628571	false	0.5
bestrafung	neg 1.0		neg 0.485900674632225 off 0.47144537995969416 __DUMMY__ 0.0426539454080809	false	1.0
achtlos	neg 1.0		neg 0.48584059801048923 off 0.4713013189390641 __DUMMY__ 0.042858083050446825	false	1.0
ungeheuer	neg 1.0		neg 0.4829869322174879 off 0.4743163636350814 __DUMMY__ 0.04269670414743065	false	1.0
unaufrichtig	neg 1.0		neg 0.4872049239842107 off 0.470369175612327 __DUMMY__ 0.04242590040346227	false	1.0
