unsolidarisch	neg 1.0		neg 0.4782114105895235 off 0.4526082585197492 __DUMMY__ 0.06918033089072724	false	1.0
nachteilig	neg 1.0		neg 0.478644379580689 off 0.45143105854036913 __DUMMY__ 0.06992456187894182	false	1.0
skeptisch	neg 1.0		neg 0.47880130741573346 off 0.45114131334764357 __DUMMY__ 0.07005737923662303	false	1.0
schrecklich	neg 1.0		off 0.46706655837498245 neg 0.46358426052017937 __DUMMY__ 0.06934918110483829	false	0.5
schlapp	neg 1.0		neg 0.4672806108791516 off 0.4630095384547127 __DUMMY__ 0.0697098506661358	false	1.0
abfall	neg 1.0		neg 0.4810272918805548 off 0.44871556316418865 __DUMMY__ 0.07025714495525656	false	1.0
widerspenstig	neg 1.0		neg 0.47242309437469937 off 0.45760716388948924 __DUMMY__ 0.06996974173581141	false	1.0
abrupt	neg 1.0		neg 0.47569633231268105 off 0.4539040661406881 __DUMMY__ 0.07039960154663093	false	1.0
unwirksam	neg 1.0		neg 0.47689369800161613 off 0.45375162274568365 __DUMMY__ 0.06935467925270007	false	1.0
angreifen	neg 1.0	neg 1.0	neg 0.7255041519439223 off 0.2409191208678654 __DUMMY__ 0.03357672718821227	false	1.0
inkonsistent	neg 1.0		neg 0.47150549762264743 off 0.4585527798342141 __DUMMY__ 0.06994172254313834	false	1.0
abrutschen	neg 1.0		neg 0.48058677931481236 off 0.44915687850878805 __DUMMY__ 0.07025634217639971	false	1.0
unsicher	neg 1.0		neg 0.47234615848008016 off 0.4576599450014721 __DUMMY__ 0.06999389651844788	false	1.0
bauernkind	off 1.0	off 1.0	off 0.7176639066613325 neg 0.2493971923731775 __DUMMY__ 0.03293890096548997	false	1.0
angreifer	neg 1.0		neg 0.470992918083393 off 0.4590484731129313 __DUMMY__ 0.0699586088036757	false	1.0
trennen	neg 1.0		neg 0.4741739910943708 off 0.45524573067171753 __DUMMY__ 0.07058027823391162	false	1.0
schmutz	neg 1.0		neg 0.4673786782886384 off 0.46220672678646363 __DUMMY__ 0.07041459492489793	false	1.0
inkonsistenz	neg 1.0		neg 0.47224039032622744 off 0.4585833385755286 __DUMMY__ 0.06917627109824388	false	1.0
erschreckend	neg 1.0		neg 0.4752365025609246 off 0.4549661761786472 __DUMMY__ 0.06979732126042809	false	1.0
ertrinken	neg 1.0		neg 0.4746625620427907 off 0.4549755187792248 __DUMMY__ 0.0703619191779844	false	1.0
pickelface	off 1.0		neg 0.4754517233276339 off 0.4546018703998581 __DUMMY__ 0.06994640627250787	false	0.5
seiner			neg 0.4767005152454594 off 0.4530182038678302 __DUMMY__ 0.07028128088671039	false	0.0
lauch	neg 1.0		neg 0.48147316039428867 off 0.4484266196848857 __DUMMY__ 0.0701002199208256	false	1.0
unwichtig	neg 1.0		neg 0.4691521207289919 off 0.46134687165415394 __DUMMY__ 0.06950100761685424	false	1.0
steuerhinterziehung	neg 1.0		neg 0.4775337567547086 off 0.4528597643743034 __DUMMY__ 0.069606478870988	false	1.0
schock	neg 1.0		neg 0.47140007550434165 off 0.45827929639930753 __DUMMY__ 0.07032062809635084	false	1.0
beule	neg 1.0		neg 0.466725200672489 off 0.4635469217648183 __DUMMY__ 0.06972787756269272	false	1.0
vergelten	neg 1.0		off 0.4674560177382399 neg 0.4627631461753326 __DUMMY__ 0.06978083608642746	false	0.5
verdorbenheit	neg 1.0		neg 0.472828893149949 off 0.4571411109144677 __DUMMY__ 0.07002999593558325	false	1.0
trauma	neg 1.0		neg 0.47198178781673317 off 0.4581533562759758 __DUMMY__ 0.06986485590729112	false	1.0
sinnlos	neg 1.0		neg 0.4696879274779127 off 0.4603875583406471 __DUMMY__ 0.06992451418144036	false	1.0
fettsack	off 1.0	off 1.0	off 0.7197491235710006 neg 0.24715807419223548 __DUMMY__ 0.03309280223676389	false	1.0
feige	off 1.0	off 1.0	off 0.7162955335313523 neg 0.2505000784038614 __DUMMY__ 0.033204388064786185	false	1.0
abdanken	neg 1.0		neg 0.476044540273359 off 0.45429995414584473 __DUMMY__ 0.06965550558079629	false	1.0
wichtigtuer	off 1.0	off 1.0	off 0.7147968431254058 neg 0.25187375033746695 __DUMMY__ 0.03332940653712718	false	1.0
misslingen	neg 1.0		neg 0.467648819210728 off 0.46183086063794204 __DUMMY__ 0.07052032015132996	false	1.0
untreu	off 1.0		neg 0.46809211270403617 off 0.4625016623413298 __DUMMY__ 0.06940622495463401	false	0.5
missmutig	neg 1.0		neg 0.4684248462545739 off 0.46198191577264014 __DUMMY__ 0.0695932379727858	false	1.0
hurenbock	off 1.0		neg 0.47043056788512955 off 0.4595589480589388 __DUMMY__ 0.07001048405593155	false	0.5
betrunken	neg 1.0		off 0.46640605075052965 neg 0.46386445696038303 __DUMMY__ 0.06972949228908726	false	0.5
korrupt	off 1.0		neg 0.4794633765037216 off 0.45108853868004795 __DUMMY__ 0.06944808481623033	false	0.5
unmut	neg 1.0		neg 0.48141191472002515 off 0.44841127003436926 __DUMMY__ 0.07017681524560548	false	1.0
hackfresse	off 1.0		off 0.46943057325871324 neg 0.4616288283538077 __DUMMY__ 0.06894059838747914	false	1.0
aufblasen	neg 1.0		neg 0.4700162765865402 off 0.4599226449811612 __DUMMY__ 0.07006107843229865	false	1.0
gewaltsam	neg 1.0		neg 0.47355377154315337 off 0.4564360657071043 __DUMMY__ 0.07001016274974227	false	1.0
unbeliebtheit	neg 1.0		neg 0.4746506957558589 off 0.4565758256126697 __DUMMY__ 0.06877347863147137	false	1.0
sturheit	neg 1.0		neg 0.4755246818802577 off 0.4547136000666552 __DUMMY__ 0.06976171805308709	false	1.0
kuh	neg 1.0		neg 0.47460862502447787 off 0.4558700043392812 __DUMMY__ 0.06952137063624095	false	1.0
erschrecken	neg 1.0		neg 0.46818495600760074 off 0.4620419232908059 __DUMMY__ 0.06977312070159328	false	1.0
opfer	neg 1.0		neg 0.4754421554357779 off 0.4543199567169791 __DUMMY__ 0.07023788784724298	false	1.0
sinken	neg 1.0		neg 0.48015778515384366 off 0.4496009775522007 __DUMMY__ 0.07024123729395561	false	1.0
stinktier	neg 1.0		off 0.466145011401955 neg 0.4647990467253466 __DUMMY__ 0.06905594187269844	false	0.5
tucke	off 1.0		off 0.46758244242055147 neg 0.4639357568007589 __DUMMY__ 0.0684818007786896	false	1.0
ein			neg 0.47131817654746977 off 0.4586861524401695 __DUMMY__ 0.06999567101236068	false	0.0
abstieg	neg 1.0		neg 0.4754125263280378 off 0.45416761487727686 __DUMMY__ 0.07041985879468539	false	1.0
missverstehen	neg 1.0		neg 0.47160531713477283 off 0.4588087036637454 __DUMMY__ 0.06958597920148182	false	1.0
ergebnislos	neg 1.0		neg 0.47824257759256 off 0.4517330288044673 __DUMMY__ 0.07002439360297284	false	1.0
unter			neg 0.4816308081186876 off 0.4473678374521686 __DUMMY__ 0.07100135442914386	false	0.0
manipulieren	neg 1.0		neg 0.47875199513132094 off 0.4511974384371441 __DUMMY__ 0.07005056643153493	false	1.0
unbewiesen	neg 1.0		neg 0.47864644421858193 off 0.45229239182960074 __DUMMY__ 0.06906116395181729	false	1.0
verschleppen	neg 1.0		neg 0.4760760526713989 off 0.4539017795386527 __DUMMY__ 0.0700221677899485	false	1.0
weib	off 1.0		off 0.46919970878495865 neg 0.4618899383627309 __DUMMY__ 0.06891035285231033	false	1.0
opposition	neg 1.0		neg 0.4732672423078154 off 0.45721593973281505 __DUMMY__ 0.06951681795936962	false	1.0
verkehrswidrig	neg 1.0	neg 1.0	neg 0.7148638625434275 off 0.25140326626339965 __DUMMY__ 0.03373287119317293	false	1.0
inkorrekt	neg 1.0		neg 0.46896008087439106 off 0.46200382701022225 __DUMMY__ 0.06903609211538671	false	1.0
vermeiden	neg 1.0		neg 0.48150630481566487 off 0.44793471552638203 __DUMMY__ 0.07055897965795312	false	1.0
abweichung	neg 1.0		neg 0.47820820658581 off 0.45186311088401626 __DUMMY__ 0.06992868253017374	false	1.0
alkoholisiert	neg 1.0		neg 0.47332441733941677 off 0.4558594804837744 __DUMMY__ 0.07081610217680874	false	1.0
scheiss	off 1.0	off 1.0	off 0.7174175041290501 neg 0.24922653887761442 __DUMMY__ 0.03335595699333548	false	1.0
herausforderung	neg 1.0	neg 1.0	neg 0.7220895359160393 off 0.24381035204841855 __DUMMY__ 0.03410011203554212	false	1.0
pervers	off 1.0		off 0.4725739146067795 neg 0.45867171110729427 __DUMMY__ 0.06875437428592614	false	1.0
wackelig	neg 1.0		neg 0.4723593439444288 off 0.45715025117599095 __DUMMY__ 0.07049040487958014	false	1.0
verwickeln	neg 1.0		neg 0.47185215937783864 off 0.45857510188481276 __DUMMY__ 0.06957273873734847	false	1.0
vorwand	neg 1.0		neg 0.47890187805222584 off 0.4509168321883892 __DUMMY__ 0.07018128975938485	false	1.0
muschi	off 1.0		neg 0.4749375695540905 off 0.45511932987399617 __DUMMY__ 0.06994310057191344	false	0.5
entmutigung	neg 1.0		neg 0.4744986963953435 off 0.4560892007153865 __DUMMY__ 0.06941210288927005	false	1.0
unangemessen	neg 1.0		neg 0.476602795309836 off 0.4536323720030817 __DUMMY__ 0.06976483268708214	false	1.0
unstetig	neg 1.0		neg 0.47059851992126017 off 0.45934624382986594 __DUMMY__ 0.07005523624887386	false	1.0
entmutigen	neg 1.0		neg 0.47178657246517913 off 0.4583998595561588 __DUMMY__ 0.06981356797866205	false	1.0
schwanz	neg 1.0		neg 0.47738691570236913 off 0.4524272183448918 __DUMMY__ 0.07018586595273912	false	1.0
verbot	neg 1.0		neg 0.4782060582509493 off 0.45209590573804054 __DUMMY__ 0.06969803601101017	false	1.0
leid	neg 1.0		off 0.4686927699651714 neg 0.4619524995463495 __DUMMY__ 0.06935473048847911	false	0.5
archaisch	neg 1.0		neg 0.475032486562127 off 0.4549521243499025 __DUMMY__ 0.07001538908797049	false	1.0
gegen			neg 0.47847342564239365 off 0.4511338038806173 __DUMMY__ 0.07039277047698896	false	0.0
scheidung	neg 1.0		off 0.4769936899163118 neg 0.45425530192214286 __DUMMY__ 0.06875100816154525	false	0.5
einschlag	neg 1.0	neg 1.0	neg 0.7176757369933203 off 0.24896428431320838 __DUMMY__ 0.03335997869347126	false	1.0
m			neg 0.4741177367000762 off 0.45567946791398806 __DUMMY__ 0.07020279538593573	false	0.0
abgestanden	neg 1.0		neg 0.4710964322109192 off 0.45888116832290227 __DUMMY__ 0.07002239946617862	false	1.0
schmierig	off 1.0		off 0.4680830599137354 neg 0.46254430586642636 __DUMMY__ 0.06937263421983826	false	1.0
unpraktisch	neg 1.0		neg 0.4701477702179806 off 0.4597379768300662 __DUMMY__ 0.07011425295195318	false	1.0
wixxer	off 1.0		off 0.4717089474903178 neg 0.4596356904347161 __DUMMY__ 0.06865536207496606	false	1.0
bezeichnet			neg 0.4744096506380367 off 0.45579646172102345 __DUMMY__ 0.06979388764093981	false	0.0
jammerlappen	off 1.0		neg 0.4685923582675842 off 0.46185458083503256 __DUMMY__ 0.06955306089738315	false	0.5
farce	neg 1.0		neg 0.47828878343680514 off 0.45218644881897413 __DUMMY__ 0.06952476774422077	false	1.0
zwecklos	neg 1.0		neg 0.47628145854031656 off 0.4538963767590021 __DUMMY__ 0.0698221647006814	false	1.0
turbulent	neg 1.0		neg 0.4685504996964279 off 0.46200762438372583 __DUMMY__ 0.0694418759198464	false	1.0
invasion	neg 1.0		neg 0.4700061410769284 off 0.46012985813356366 __DUMMY__ 0.06986400078950807	false	1.0
schuld	neg 1.0		neg 0.4725826679943363 off 0.4576272017446154 __DUMMY__ 0.06979013026104826	false	1.0
risiko	neg 1.0		neg 0.4713146193462924 off 0.45858137975644825 __DUMMY__ 0.07010400089725922	false	1.0
finster	neg 1.0		neg 0.47108680946339426 off 0.4589430370760874 __DUMMY__ 0.06997015346051834	false	1.0
geisteskrank	off 1.0		neg 0.46812690063105555 off 0.462596377383295 __DUMMY__ 0.06927672198564942	false	0.5
zusammenbrechen	neg 1.0		neg 0.4735930520334866 off 0.45629165526781035 __DUMMY__ 0.07011529269870304	false	1.0
ausbeute	neg 1.0		neg 0.4751929347943176 off 0.45430625565866517 __DUMMY__ 0.07050080954701715	false	1.0
hinterhalt	neg 1.0		neg 0.47307639055400397 off 0.45665308097051455 __DUMMY__ 0.07027052847548147	false	1.0
kritik	neg 1.0		neg 0.4778846940870982 off 0.4524969422729247 __DUMMY__ 0.06961836363997707	false	1.0
einschrumpfen	neg 1.0		neg 0.4727611538935011 off 0.4579132835710994 __DUMMY__ 0.06932556253539957	false	1.0
riskant	neg 1.0		neg 0.4774634174559273 off 0.45254841386765066 __DUMMY__ 0.06998816867642206	false	1.0
frustrieren	neg 1.0		neg 0.47680932418470395 off 0.4531444976785592 __DUMMY__ 0.07004617813673697	false	1.0
groll	neg 1.0		neg 0.4755016258694899 off 0.45450073466282126 __DUMMY__ 0.06999763946768893	false	1.0
gibt			neg 0.4752166783336639 off 0.4548340460057229 __DUMMY__ 0.06994927566061329	false	0.0
qualvoll	neg 1.0		neg 0.4681119036882802 off 0.46195178576906454 __DUMMY__ 0.06993631054265527	false	1.0
wackeln	neg 1.0	neg 1.0	neg 0.7207554422802405 off 0.24554548456980946 __DUMMY__ 0.03369907314995014	false	1.0
klagen	neg 1.0		neg 0.4804565180278081 off 0.4493262172941238 __DUMMY__ 0.07021726467806806	false	1.0
bankrott	neg 1.0		neg 0.4686948705606338 off 0.4615602739118562 __DUMMY__ 0.06974485552750988	false	1.0
trauern	neg 1.0		neg 0.4753689177437145 off 0.4543390411115527 __DUMMY__ 0.07029204114473271	false	1.0
ablehnung	neg 1.0		neg 0.47773911855011847 off 0.4526286124094022 __DUMMY__ 0.06963226904047932	false	1.0
stur	neg 1.0		neg 0.47261923190374244 off 0.45771724575291795 __DUMMY__ 0.06966352234333971	false	1.0
aufruhr	neg 1.0		neg 0.47391431415335644 off 0.456106673886462 __DUMMY__ 0.06997901196018176	false	1.0
melancholie	neg 1.0		neg 0.47435667910173823 off 0.4554479388473438 __DUMMY__ 0.07019538205091788	false	1.0
ist			neg 0.47135869980929024 off 0.4588517939041237 __DUMMY__ 0.06978950628658609	false	0.0
torheit	neg 1.0		neg 0.47411148187372815 off 0.4562964245649487 __DUMMY__ 0.06959209356132326	false	1.0
dreckskind	off 1.0		off 0.46713456490252436 neg 0.46395205094272124 __DUMMY__ 0.06891338415475448	false	1.0
umtauschen	neg 1.0		neg 0.4731038986931175 off 0.45693215828512496 __DUMMY__ 0.06996394302175762	false	1.0
zum			neg 0.47791895915194393 off 0.4510175963056802 __DUMMY__ 0.0710634445423758	false	0.0
zersetzen	neg 1.0		neg 0.4796926289696484 off 0.45038140872780025 __DUMMY__ 0.06992596230255124	false	1.0
zur			neg 0.48142707767548737 off 0.44788707146930057 __DUMMY__ 0.07068585085521197	false	0.0
frust	neg 1.0		neg 0.4741624839107027 off 0.45576901838114803 __DUMMY__ 0.07006849770814923	false	1.0
unerbittlichkeit	neg 1.0		neg 0.4791287205323369 off 0.4508845321065094 __DUMMY__ 0.06998674736115375	false	1.0
zwei			neg 0.47683389005293814 off 0.4523678402432019 __DUMMY__ 0.07079826970385991	false	0.0
unkorrekt	neg 1.0		neg 0.4691013000092064 off 0.46199832983338784 __DUMMY__ 0.06890037015740565	false	1.0
hexe	off 1.0		neg 0.4678606489443809 off 0.46263170132815074 __DUMMY__ 0.0695076497274683	false	0.5
lasch	neg 1.0		neg 0.47165688424673263 off 0.458993495974452 __DUMMY__ 0.0693496197788155	false	1.0
rivale	neg 1.0		off 0.4654152135256284 neg 0.4650567497022212 __DUMMY__ 0.06952803677215032	false	0.5
mutlos	off 1.0	off 1.0	off 0.7108027422108045 neg 0.25577119783167446 __DUMMY__ 0.03342605995752113	false	1.0
wirr	off 1.0		neg 0.4684192872533433 off 0.46264298349274996 __DUMMY__ 0.06893772925390676	false	0.5
jahr			neg 0.47565407788238956 off 0.45373085813738473 __DUMMY__ 0.07061506398022582	false	0.0
wird			neg 0.47604653879676184 off 0.453863356160917 __DUMMY__ 0.07009010504232126	false	0.0
strafbar	neg 1.0		neg 0.47803049011478554 off 0.4520823295654919 __DUMMY__ 0.06988718031972256	false	1.0
erosion	neg 1.0		neg 0.4709855534110317 off 0.4589226765541502 __DUMMY__ 0.0700917700348181	false	1.0
eingehen	neg 1.0		neg 0.4774844908889365 off 0.452728694933586 __DUMMY__ 0.06978681417747754	false	1.0
faul	off 1.0		neg 0.46771371560294617 off 0.4624668833069299 __DUMMY__ 0.0698194010901238	false	0.5
provisorium	neg 1.0		neg 0.48289993833133776 off 0.4462435136256144 __DUMMY__ 0.0708565480430479	false	1.0
schmerzen	neg 1.0		neg 0.47236545838898664 off 0.45764051514331167 __DUMMY__ 0.06999402646770166	false	1.0
schrumpfen	neg 1.0		neg 0.4838233758315668 off 0.4459311934237266 __DUMMY__ 0.0702454307447066	false	1.0
geistlos	off 1.0		neg 0.47473762142145826 off 0.456139644732288 __DUMMY__ 0.0691227338462537	false	0.5
fehlkauf	neg 1.0		neg 0.47163343367507704 off 0.45861014997575483 __DUMMY__ 0.06975641634916811	false	1.0
frustrierend	neg 1.0		neg 0.467924703500405 off 0.46222605062616967 __DUMMY__ 0.06984924587342527	false	1.0
unzufrieden	neg 1.0		neg 0.4766808068612383 off 0.45352384031593684 __DUMMY__ 0.06979535282282495	false	1.0
verzweifeln	neg 1.0		neg 0.47338724601471815 off 0.4566622843683437 __DUMMY__ 0.0699504696169381	false	1.0
verzweifelt	neg 1.0		neg 0.47184583003722563 off 0.45839567556213073 __DUMMY__ 0.06975849440064369	false	1.0
misstrauensantrag	neg 1.0		neg 0.4718410765929331 off 0.45855659545721944 __DUMMY__ 0.0696023279498474	false	1.0
abfallen	neg 1.0		neg 0.46957820764217556 off 0.4602781735174408 __DUMMY__ 0.07014361884038374	false	1.0
fucker	off 1.0		neg 0.46716388595897246 off 0.46349114212323866 __DUMMY__ 0.0693449719177889	false	0.5
ungezogen	neg 1.0		off 0.4718383958107711 neg 0.4591438897959763 __DUMMY__ 0.06901771439325262	false	0.5
irrsinnig	neg 1.0	neg 1.0	neg 0.7224803139926408 off 0.2441371479738742 __DUMMY__ 0.03338253803348504	false	1.0
unfassbar	neg 1.0		neg 0.46828133839392816 off 0.4622691202402191 __DUMMY__ 0.06944954136585267	false	1.0
hart	neg 1.0		neg 0.46965364505188245 off 0.46067817392037397 __DUMMY__ 0.06966818102774366	false	1.0
widerlich	off 1.0		neg 0.46815454750947205 off 0.46256429321759607 __DUMMY__ 0.06928115927293185	false	0.5
fatal	neg 1.0		neg 0.4712939022452611 off 0.458950532863218 __DUMMY__ 0.06975556489152095	false	1.0
bruch	neg 1.0		neg 0.48099519577919975 off 0.4489096039890243 __DUMMY__ 0.07009520023177586	false	1.0
aushungern	neg 1.0		neg 0.47654252029554495 off 0.4538255120757151 __DUMMY__ 0.0696319676287399	false	1.0
anspannung	neg 1.0	neg 1.0	neg 0.7246367214789342 off 0.2411814730161984 __DUMMY__ 0.03418180550486734	false	1.0
von			neg 0.47677969995453173 off 0.4526363902192397 __DUMMY__ 0.07058390982622866	false	0.0
kraftlos	neg 1.0		neg 0.4727470375079253 off 0.4568915495274756 __DUMMY__ 0.07036141296459902	false	1.0
vom			neg 0.4808692822918153 off 0.44809783362225275 __DUMMY__ 0.07103288408593203	false	0.0
grenzdebil	off 1.0		neg 0.4666721639460991 off 0.4638431334514195 __DUMMY__ 0.06948470260248152	false	0.5
vor			neg 0.47761365240635006 off 0.45201262474374654 __DUMMY__ 0.07037372284990323	false	0.0
unterwerfen	neg 1.0		neg 0.4770837736492728 off 0.4528604407773726 __DUMMY__ 0.07005578557335476	false	1.0
versenkung	neg 1.0		neg 0.4774340336670858 off 0.4524999218237994 __DUMMY__ 0.07006604450911483	false	1.0
entziehen	neg 1.0		neg 0.4797969272938763 off 0.450011771975426 __DUMMY__ 0.07019130073069768	false	1.0
finanzkrise	neg 1.0		neg 0.4766687742754045 off 0.4537610569228209 __DUMMY__ 0.06957016880177459	false	1.0
schimpfend	neg 1.0		neg 0.4697718084640455 off 0.46007402200091974 __DUMMY__ 0.07015416953503482	false	1.0
profan	neg 1.0		neg 0.47033529531507184 off 0.45996002522809043 __DUMMY__ 0.06970467945683784	false	1.0
korruption	neg 1.0	neg 1.0	neg 0.7253601878797498 off 0.24124737247814382 __DUMMY__ 0.03339243964210638	false	1.0
â			neg 0.475422752690827 off 0.45436145363677327 __DUMMY__ 0.07021579367239984	false	0.0
schmutzig	neg 1.0		neg 0.46613052773815883 off 0.46419422160385315 __DUMMY__ 0.06967525065798795	false	1.0
sexy	neg 1.0		neg 0.4693088270275251 off 0.46094532921122866 __DUMMY__ 0.06974584376124623	false	1.0
abraten	neg 1.0		neg 0.4709375091680888 off 0.4592499332754796 __DUMMY__ 0.06981255755643166	false	1.0
schwarz	neg 1.0		neg 0.472264642478818 off 0.45800856697186326 __DUMMY__ 0.06972679054931868	false	1.0
fotze	off 1.0		neg 0.47702971771419567 off 0.4529201823725185 __DUMMY__ 0.0700500999132858	false	0.5
verwirren	neg 1.0		neg 0.47001241447105874 off 0.4602726863315981 __DUMMY__ 0.06971489919734314	false	1.0
zahnlos	off 1.0		neg 0.47654695630584926 off 0.45364579832419527 __DUMMY__ 0.06980724536995538	false	0.5
verheeren	neg 1.0		off 0.47414997699571265 neg 0.4566271220081976 __DUMMY__ 0.06922290099608965	false	0.5
hippie	neg 1.0		neg 0.47019064664881544 off 0.46009312287478543 __DUMMY__ 0.06971623047639912	false	1.0
rammen	neg 1.0		neg 0.47271585040119485 off 0.4575284875159679 __DUMMY__ 0.06975566208283711	false	1.0
unlauter	neg 1.0		neg 0.47734680030130544 off 0.4534993409691132 __DUMMY__ 0.06915385872958153	false	1.0
unheilvoll	neg 1.0		neg 0.4682245866122113 off 0.46164997239764616 __DUMMY__ 0.07012544099014256	false	1.0
niedrig	neg 1.0		neg 0.47697100967789374 off 0.45280398359414764 __DUMMY__ 0.07022500672795853	false	1.0
explosion	neg 1.0		neg 0.4713985083066588 off 0.45896309248045297 __DUMMY__ 0.06963839921288813	false	1.0
weichei	off 1.0		off 0.4682925567911277 neg 0.46262384626421665 __DUMMY__ 0.06908359694465571	false	1.0
minusmensch	off 1.0		off 0.4691630814410617 neg 0.4624221333929233 __DUMMY__ 0.0684147851660149	false	1.0
farblos	neg 1.0		neg 0.46966112067163696 off 0.4597410563084137 __DUMMY__ 0.07059782301994938	false	1.0
unwissend	neg 1.0	neg 1.0	neg 0.7203747210645337 off 0.24639315795570954 __DUMMY__ 0.03323212097975673	false	1.0
traurig	neg 1.0		off 0.4662280951516657 neg 0.46432452927969714 __DUMMY__ 0.06944737556863728	false	0.5
senkung	neg 1.0		neg 0.47289311116569777 off 0.45775609240929804 __DUMMY__ 0.06935079642500419	false	1.0
ungleich	neg 1.0	neg 1.0	neg 0.7260409757375319 off 0.24053234222870715 __DUMMY__ 0.03342668203376092	false	1.0
heikel	neg 1.0		neg 0.47919642381898075 off 0.4508406635239141 __DUMMY__ 0.06996291265710523	false	1.0
drosselung	neg 1.0		neg 0.46631622884322405 off 0.46405339348975866 __DUMMY__ 0.06963037766701732	false	1.0
falsch	neg 1.0		neg 0.468655411896853 off 0.46165911021276934 __DUMMY__ 0.0696854778903775	false	1.0
unzufriedenheit	neg 1.0		neg 0.47942001165476655 off 0.45052604228097337 __DUMMY__ 0.07005394606426006	false	1.0
kurz	neg 1.0		neg 0.4729262737686409 off 0.4568353463832708 __DUMMY__ 0.07023837984808837	false	1.0
unsinnig	neg 1.0		neg 0.47686739967563485 off 0.4534784776712354 __DUMMY__ 0.06965412265312969	false	1.0
penner	off 1.0	off 1.0	off 0.7210502391706937 neg 0.24594122063764723 __DUMMY__ 0.0330085401916591	false	1.0
seicht	neg 1.0		off 0.4695663697622333 neg 0.46177515547593023 __DUMMY__ 0.06865847476183641	false	0.5
dummheit	off 1.0	off 1.0	off 0.7148716703898385 neg 0.251832799108212 __DUMMY__ 0.033295530501949507	false	1.0
unerfreulich	neg 1.0		neg 0.47877755968682556 off 0.45101088928613564 __DUMMY__ 0.0702115510270389	false	1.0
motherfucker	off 1.0	off 1.0	off 0.7171980920549976 neg 0.24963744699535886 __DUMMY__ 0.03316446094964343	false	1.0
pikiert	neg 1.0		neg 0.4694219925872035 off 0.46126849736476977 __DUMMY__ 0.06930951004802678	false	1.0
wrack	neg 1.0		neg 0.47400951717214834 off 0.4554478548831224 __DUMMY__ 0.07054262794472935	false	1.0
gangster	neg 1.0		neg 0.4701525714484696 off 0.46005283470203656 __DUMMY__ 0.0697945938494938	false	1.0
krank	neg 1.0		off 0.4651769653043715 neg 0.4651631893346049 __DUMMY__ 0.06965984536102372	false	0.5
reich	neg 1.0		neg 0.470104708615298 off 0.4604554002931177 __DUMMY__ 0.06943989109158431	false	1.0
gnadenlos	neg 1.0		neg 0.47206730899022276 off 0.45806712753652834 __DUMMY__ 0.06986556347324899	false	1.0
niedergeschlagen	neg 1.0		neg 0.4723258052602883 off 0.4574091061799928 __DUMMY__ 0.07026508855971886	false	1.0
terrorisieren	off 1.0	off 1.0	off 0.7123005942297932 neg 0.25405916596858574 __DUMMY__ 0.033640239801620966	false	1.0
sinnlosigkeit	neg 1.0		neg 0.47591624279557815 off 0.45421058394579394 __DUMMY__ 0.06987317325862799	false	1.0
behindern	neg 1.0		neg 0.47487568780942163 off 0.4553387404032362 __DUMMY__ 0.06978557178734208	false	1.0
undemokratisch	neg 1.0		neg 0.47523239734015416 off 0.4553398333636691 __DUMMY__ 0.06942776929617674	false	1.0
wirtschaftskrise	neg 1.0		neg 0.4782130681413691 off 0.45198489691133115 __DUMMY__ 0.06980203494729975	false	1.0
neid	neg 1.0		neg 0.46596041696598706 off 0.4640712710974585 __DUMMY__ 0.06996831193655441	false	1.0
rutschen	neg 1.0	neg 1.0	neg 0.7241192516745333 off 0.24182188540202734 __DUMMY__ 0.03405886292343939	false	1.0
rezession	neg 1.0		neg 0.46598785506615514 off 0.4649704946004877 __DUMMY__ 0.06904165033335706	false	1.0
fehlgeburt	neg 1.0		neg 0.46880012123970777 off 0.4611074132458297 __DUMMY__ 0.07009246551446267	false	1.0
charakterschwach	off 1.0		neg 0.46725831419626446 off 0.4632553805940092 __DUMMY__ 0.0694863052097263	false	0.5
isolation	neg 1.0		neg 0.468329926653094 off 0.4618767708591151 __DUMMY__ 0.06979330248779081	false	1.0
ablenkung	neg 1.0		neg 0.4721917342169423 off 0.4578512235718094 __DUMMY__ 0.0699570422112483	false	1.0
pech	neg 1.0		neg 0.4686960241799873 off 0.4615728862463418 __DUMMY__ 0.06973108957367087	false	1.0
vermeidung	neg 1.0		neg 0.4684190045336596 off 0.4623140078329733 __DUMMY__ 0.06926698763336703	false	1.0
dominieren	neg 1.0		neg 0.4745683068895987 off 0.4550718368095437 __DUMMY__ 0.07035985630085743	false	1.0
schwindlig	neg 1.0		neg 0.467158564882375 off 0.4626023773791318 __DUMMY__ 0.07023905773849322	false	1.0
lutscher	neg 1.0		off 0.47050889044803823 neg 0.46083138782959143 __DUMMY__ 0.06865972172237038	false	0.5
pflicht	neg 1.0		neg 0.4792939473720347 off 0.45071736459581735 __DUMMY__ 0.06998868803214799	false	1.0
faschist	off 1.0		neg 0.47302097426393996 off 0.4576629558218436 __DUMMY__ 0.06931606991421632	false	0.5
verschleudern	neg 1.0		neg 0.4818378956155505 off 0.4487467444763568 __DUMMY__ 0.0694153599080927	false	1.0
wenn			neg 0.46856084127840675 off 0.4617824497187025 __DUMMY__ 0.06965670900289078	false	0.0
ehebruch	neg 1.0		neg 0.47686280544564513 off 0.4531629661797135 __DUMMY__ 0.06997422837464122	false	1.0
spott	off 1.0		neg 0.47869007613711223 off 0.45149205090832156 __DUMMY__ 0.06981787295456623	false	0.5
trostlosigkeit	neg 1.0		neg 0.47836177733454405 off 0.451298605955081 __DUMMY__ 0.07033961671037486	false	1.0
lutschen	neg 1.0		neg 0.4718709620116269 off 0.45857567460091736 __DUMMY__ 0.06955336338745564	false	1.0
undiszipliniert	neg 1.0		off 0.4657538702742875 neg 0.4646866444723539 __DUMMY__ 0.06955948525335862	false	0.5
kopfschmerz	neg 1.0		neg 0.47263685384921206 off 0.45713687012354914 __DUMMY__ 0.07022627602723872	false	1.0
unvorhergesehen	neg 1.0		neg 0.47356061208503214 off 0.45587952948791255 __DUMMY__ 0.07055985842705531	false	1.0
desinteressiert	neg 1.0		neg 0.4664090907470276 off 0.464251790681223 __DUMMY__ 0.06933911857174949	false	1.0
armselig	off 1.0		neg 0.4671107535440351 off 0.4638427406073116 __DUMMY__ 0.06904650584865331	false	0.5
desaster	neg 1.0		neg 0.48156865465088544 off 0.44831013130992536 __DUMMY__ 0.07012121403918914	false	1.0
tod	neg 1.0		neg 0.4730493086893073 off 0.45642472115627675 __DUMMY__ 0.07052597015441603	false	1.0
herzlos	neg 1.0		off 0.46567305563529143 neg 0.4650863924145561 __DUMMY__ 0.06924055195015248	false	0.5
unwissenheit	neg 1.0		neg 0.4780618691773701 off 0.452331788656349 __DUMMY__ 0.06960634216628091	false	1.0
widersinnig	neg 1.0	neg 1.0	neg 0.7257163168291776 off 0.2410524777963049 __DUMMY__ 0.03323120537451754	false	1.0
bedenklich	neg 1.0		neg 0.47793133960140277 off 0.45220321295542504 __DUMMY__ 0.06986544744317212	false	1.0
beanstanden	neg 1.0		neg 0.4794147975929472 off 0.45049287733452936 __DUMMY__ 0.07009232507252344	false	1.0
panisch	neg 1.0	neg 1.0	neg 0.719022247265492 off 0.24725163734358113 __DUMMY__ 0.03372611539092681	false	1.0
debil	off 1.0		neg 0.4827792721338607 off 0.44666521961112576 __DUMMY__ 0.07055550825501349	false	0.5
abstrich	neg 1.0		neg 0.4765738675808952 off 0.45349827285578725 __DUMMY__ 0.06992785956331757	false	1.0
primitiv	neg 1.0		neg 0.4674724233079478 off 0.4632284126721305 __DUMMY__ 0.06929916401992169	false	1.0
abschaum	off 1.0	off 1.0	off 0.7162400996880258 neg 0.250496054317093 __DUMMY__ 0.03326384599488115	false	1.0
provozieren	neg 1.0		neg 0.47323405286292725 off 0.4570414624142734 __DUMMY__ 0.06972448472279935	false	1.0
tot	neg 1.0		neg 0.477436107555128 off 0.4525802395706572 __DUMMY__ 0.06998365287421494	false	1.0
instabil	neg 1.0		neg 0.46955229120109615 off 0.46143032112508914 __DUMMY__ 0.0690173876738148	false	1.0
schwuchtel	off 1.0		off 0.47479615452017065 neg 0.45684655362504906 __DUMMY__ 0.06835729185478019	false	1.0
zerren	neg 1.0		neg 0.4723365333845329 off 0.4574090671527883 __DUMMY__ 0.07025439946267885	false	1.0
kinderficker	off 1.0		neg 0.4656121198249179 off 0.4656043184083516 __DUMMY__ 0.0687835617667305	false	0.5
gefahr	neg 1.0		neg 0.4784659631113127 off 0.45136103368945335 __DUMMY__ 0.07017300319923388	false	1.0
rabiat	neg 1.0		neg 0.4739941965870643 off 0.4562653031560282 __DUMMY__ 0.06974050025690731	false	1.0
verlangsamung	neg 1.0		off 0.4694688701463483 neg 0.4614924417758095 __DUMMY__ 0.06903868807784216	false	0.5
ausgestorben	neg 1.0		neg 0.47221012640325705 off 0.4576563021169838 __DUMMY__ 0.07013357147975922	false	1.0
anklagen	neg 1.0		neg 0.47592169623448105 off 0.4542519151706876 __DUMMY__ 0.06982638859483156	false	1.0
trott	neg 1.0		neg 0.4729855496739313 off 0.45698342221202876 __DUMMY__ 0.07003102811404001	false	1.0
verminderung	neg 1.0		neg 0.4669773216364617 off 0.4637042645876776 __DUMMY__ 0.06931841377586072	false	1.0
nach			neg 0.4767286516350787 off 0.45211201856368105 __DUMMY__ 0.07115932980124025	false	0.0
rost	neg 1.0		off 0.46906908797355945 neg 0.4616811366886618 __DUMMY__ 0.06924977533777868	false	0.5
destruktiv	neg 1.0		neg 0.47598790222305376 off 0.4544716047367659 __DUMMY__ 0.0695404930401803	false	1.0
unzumutbarkeit	neg 1.0		neg 0.46748204189720927 off 0.4627666159072533 __DUMMY__ 0.06975134219553744	false	1.0
labil	off 1.0	off 1.0	off 0.7162057213058975 neg 0.2505209391543912 __DUMMY__ 0.033273339539711094	false	1.0
ziemlich	neg 1.0		neg 0.4664048805504526 off 0.46395045222984804 __DUMMY__ 0.06964466721969936	false	1.0
lachnummer	off 1.0		neg 0.474747952491396 off 0.45555799114113654 __DUMMY__ 0.06969405636746759	false	0.5
oder			neg 0.4713521041288824 off 0.4585675731280418 __DUMMY__ 0.07008032274307592	false	0.0
verfall	neg 1.0		neg 0.48307641306986054 off 0.44657376834977225 __DUMMY__ 0.07034981858036717	false	1.0
ausgrenzung	neg 1.0		neg 0.4737775527516617 off 0.4567306058034787 __DUMMY__ 0.06949184144485972	false	1.0
unordnung	neg 1.0		neg 0.46596399670138633 off 0.4642288467702711 __DUMMY__ 0.0698071565283425	false	1.0
fehlverhalten	neg 1.0		neg 0.47883043628061633 off 0.45117695221101944 __DUMMY__ 0.06999261150836436	false	1.0
eine			neg 0.47834312168867854 off 0.45146858398505685 __DUMMY__ 0.0701882943262646	false	0.0
nille	neg 1.0		neg 0.4742587562133185 off 0.45578010854655393 __DUMMY__ 0.06996113524012759	false	1.0
qual	neg 1.0		neg 0.4733817601549762 off 0.45660688815902034 __DUMMY__ 0.0700113516860035	false	1.0
verschwenden	neg 1.0		neg 0.47703117339406026 off 0.45307059968497065 __DUMMY__ 0.06989822692096893	false	1.0
riesig	neg 1.0	neg 1.0	neg 0.7227672051491758 off 0.24340749137923523 __DUMMY__ 0.03382530347158892	false	1.0
verurteilen	neg 1.0		neg 0.47635245879068605 off 0.45378857563463104 __DUMMY__ 0.06985896557468309	false	1.0
klischee	neg 1.0	neg 1.0	neg 0.7215397331359382 off 0.24522143143446448 __DUMMY__ 0.0332388354295974	false	1.0
diktatorisch	neg 1.0		neg 0.4753134579976142 off 0.45538280728726027 __DUMMY__ 0.06930373471512552	false	1.0
vorhersehbar	neg 1.0	neg 1.0	neg 0.7216432897037096 off 0.2450558349077117 __DUMMY__ 0.03330087538857861	false	1.0
sowie			off 0.467489882616488 neg 0.4633996951750075 __DUMMY__ 0.06911042220850462	false	0.0
stornieren	neg 1.0		neg 0.4678050191230595 off 0.46167584741938156 __DUMMY__ 0.07051913345755888	false	1.0
besteuerung	neg 1.0		neg 0.4757353991869128 off 0.4549044019206242 __DUMMY__ 0.069360198892463	false	1.0
ungeschminkt	neg 1.0		neg 0.4682841963774675 off 0.4624101576140151 __DUMMY__ 0.06930564600851744	false	1.0
kritisch	neg 1.0		neg 0.4781636122282292 off 0.4519592805607499 __DUMMY__ 0.06987710721102075	false	1.0
schlamperei	off 1.0		neg 0.47969436497965473 off 0.45044650110631534 __DUMMY__ 0.06985913391402994	false	0.5
sucht	neg 1.0	neg 1.0	neg 0.7214249438528265 off 0.2449013622062465 __DUMMY__ 0.033673693940926994	false	1.0
egoistisch	off 1.0		off 0.4686436921005699 neg 0.4621749348228443 __DUMMY__ 0.0691813730765858	false	1.0
ausbeuter	off 1.0		neg 0.48010279936302774 off 0.45007020472126985 __DUMMY__ 0.06982699591570232	false	0.5
arschgeburt	off 1.0		off 0.47433279804483997 neg 0.4574146552703786 __DUMMY__ 0.06825254668478146	false	1.0
schubs	neg 1.0	neg 1.0	neg 0.7224809069097843 off 0.24377615650062295 __DUMMY__ 0.033742936589592855	false	1.0
unsolide	neg 1.0		neg 0.4773278467432279 off 0.4537838562076084 __DUMMY__ 0.06888829704916363	false	1.0
beschwerde	neg 1.0		neg 0.4794921297452704 off 0.4506615818274674 __DUMMY__ 0.06984628842726219	false	1.0
stocken	neg 1.0		neg 0.4775494527773869 off 0.452433924754593 __DUMMY__ 0.0700166224680201	false	1.0
isolieren	neg 1.0		neg 0.47744850740320643 off 0.45274953094642506 __DUMMY__ 0.06980196165036838	false	1.0
unheilbar	neg 1.0		neg 0.4704834277409815 off 0.4593459987125044 __DUMMY__ 0.0701705735465141	false	1.0
pisser	off 1.0		neg 0.4660390021719081 off 0.46450962272128365 __DUMMY__ 0.06945137510680838	false	0.5
löschen	neg 1.0		neg 0.4731371907130248 off 0.4569459457815028 __DUMMY__ 0.0699168635054723	false	1.0
durchfallen	neg 1.0		neg 0.47761341602137164 off 0.45270252392064436 __DUMMY__ 0.06968406005798397	false	1.0
wichser	off 1.0		off 0.4732904809986395 neg 0.45784841877877364 __DUMMY__ 0.06886110022258699	false	1.0
terror	neg 1.0		neg 0.4687620588435477 off 0.46126172935831217 __DUMMY__ 0.06997621179814009	false	1.0
krass	neg 1.0		off 0.46620428817803106 neg 0.46459249247090745 __DUMMY__ 0.06920321935106141	false	0.5
revolte	neg 1.0		neg 0.47320133558390765 off 0.4573451383558378 __DUMMY__ 0.06945352606025458	false	1.0
besorgt	neg 1.0		neg 0.4725918337730547 off 0.45702497934448777 __DUMMY__ 0.07038318688245755	false	1.0
nachlassen	neg 1.0		neg 0.47713887867757326 off 0.4527287119718703 __DUMMY__ 0.07013240935055637	false	1.0
alt	neg 1.0		neg 0.4761038252319596 off 0.45383709413408035 __DUMMY__ 0.07005908063395998	false	1.0
hundesohn	off 1.0		off 0.46995307099904676 neg 0.4613646079438884 __DUMMY__ 0.06868232105706493	false	1.0
als			neg 0.47337238806056386 off 0.4564039542301052 __DUMMY__ 0.070223657709331	false	0.0
abschreckung	neg 1.0		neg 0.47943602023842924 off 0.4503710158777731 __DUMMY__ 0.0701929638837976	false	1.0
unqualifiziert	neg 1.0		neg 0.47335863506739717 off 0.45747363838660093 __DUMMY__ 0.06916772654600196	false	1.0
abgewichst	off 1.0		neg 0.4743914653147757 off 0.45554750807001965 __DUMMY__ 0.07006102661520466	false	0.5
schwer	neg 1.0		neg 0.4727544663384868 off 0.4572869944436553 __DUMMY__ 0.06995853921785795	false	1.0
bedeutungslosigkeit	neg 1.0		neg 0.4791954254204307 off 0.45075873091005486 __DUMMY__ 0.07004584366951441	false	1.0
kapitulation	neg 1.0		neg 0.47957310846084383 off 0.45072588743830144 __DUMMY__ 0.06970100410085484	false	1.0
unscharf	neg 1.0		neg 0.4709384101966976 off 0.459376874549338 __DUMMY__ 0.06968471525396443	false	1.0
schwinden	neg 1.0		neg 0.479270660677094 off 0.4506775397026614 __DUMMY__ 0.07005179962024466	false	1.0
versklavung	neg 1.0		neg 0.4754833619083463 off 0.4551687083878628 __DUMMY__ 0.06934792970379094	false	1.0
schlecht	neg 1.0		neg 0.46603829993292867 off 0.4642777866575422 __DUMMY__ 0.06968391340952908	false	1.0
verhasst	neg 1.0		neg 0.4726203857489621 off 0.4576426736714408 __DUMMY__ 0.06973694057959712	false	1.0
beschweren	neg 1.0		neg 0.4712380379277475 off 0.4589865801687629 __DUMMY__ 0.06977538190348956	false	1.0
scheiden	neg 1.0		neg 0.4686001454818743 off 0.46092052676980705 __DUMMY__ 0.07047932774831862	false	1.0
frustriert	neg 1.0		neg 0.47397272710829713 off 0.45603312587078665 __DUMMY__ 0.06999414702091628	false	1.0
schimmelig	neg 1.0		neg 0.4762364284897712 off 0.4535962803740747 __DUMMY__ 0.07016729113615405	false	1.0
fisch	neg 1.0		neg 0.4742575240415601 off 0.45502230669259747 __DUMMY__ 0.07072016926584249	false	1.0
schmuggel	neg 1.0		neg 0.4751960185633671 off 0.4541676784754548 __DUMMY__ 0.07063630296117826	false	1.0
auffallen	neg 1.0		neg 0.470330489099999 off 0.4599001856929186 __DUMMY__ 0.06976932520708237	false	1.0
konkurrenz	neg 1.0	neg 1.0	neg 0.7261734107047889 off 0.240163853772708 __DUMMY__ 0.033662735522503096	false	1.0
teufelskreis	neg 1.0		neg 0.47408102769468763 off 0.45604500061805714 __DUMMY__ 0.06987397168725515	false	1.0
aufschreien	neg 1.0		neg 0.47142270209553744 off 0.4589493859630912 __DUMMY__ 0.06962791194137134	false	1.0
schuldner	neg 1.0		neg 0.47834905810196837 off 0.4515105566955736 __DUMMY__ 0.07014038520245783	false	1.0
missgeburt	off 1.0	off 1.0	off 0.7196413412236887 neg 0.24727479611122558 __DUMMY__ 0.033083862665085645	false	1.0
arbeitslos	neg 1.0		neg 0.477150661871398 off 0.4531421060962114 __DUMMY__ 0.06970723203239056	false	1.0
befallen	neg 1.0		neg 0.4750979568804946 off 0.454985460867994 __DUMMY__ 0.06991658225151137	false	1.0
miesepetrig	off 1.0	off 1.0	off 0.7177188003300345 neg 0.24890985625823964 __DUMMY__ 0.03337134341172581	false	1.0
alarmieren	neg 1.0		neg 0.4704682645949583 off 0.46015818418943 __DUMMY__ 0.06937355121561177	false	1.0
ungeduscht	off 1.0		neg 0.4685943969952149 off 0.4616319684403975 __DUMMY__ 0.0697736345643876	false	0.5
knappheit	neg 1.0		neg 0.4795323391925107 off 0.45078589199034563 __DUMMY__ 0.06968176881714357	false	1.0
schlange	neg 1.0		neg 0.4687695568776184 off 0.46107080262030686 __DUMMY__ 0.07015964050207471	false	1.0
harsch	neg 1.0		off 0.46846314048556287 neg 0.4620450423728288 __DUMMY__ 0.06949181714160836	false	0.5
lang	neg 1.0		neg 0.4722443355461831 off 0.4577956658583148 __DUMMY__ 0.06995999859550207	false	1.0
ziellos	neg 1.0		neg 0.4741540025175624 off 0.4556069327926334 __DUMMY__ 0.07023906468980409	false	1.0
selbstverliebt	neg 1.0		off 0.4720663161443854 neg 0.45949480307499585 __DUMMY__ 0.0684388807806187	false	0.5
beseitigen	neg 1.0	neg 1.0	neg 0.7218166950592889 off 0.24445885136429374 __DUMMY__ 0.03372445357641741	false	1.0
dumm	off 1.0		off 0.46885839458889067 neg 0.4621599027612784 __DUMMY__ 0.068981702649831	false	1.0
arbeitsloser	neg 1.0		neg 0.4762658360662361 off 0.4537119106777052 __DUMMY__ 0.07002225325605875	false	1.0
blitzen	neg 1.0		neg 0.46984957634781965 off 0.4604181801560385 __DUMMY__ 0.06973224349614189	false	1.0
hilflos	neg 1.0		neg 0.47429542872692193 off 0.45566871819787585 __DUMMY__ 0.07003585307520213	false	1.0
eklig	off 1.0		off 0.46968742840624006 neg 0.4613446408615715 __DUMMY__ 0.06896793073218845	false	1.0
begriff			neg 0.47564753889502276 off 0.45459755482882175 __DUMMY__ 0.0697549062761556	false	0.0
hungersnot	neg 1.0		neg 0.4740246212599803 off 0.4558555617241893 __DUMMY__ 0.07011981701583052	false	1.0
ungesetzlich	neg 1.0		neg 0.47717039647858195 off 0.4539330508968905 __DUMMY__ 0.06889655262452767	false	1.0
verschwendung	neg 1.0		neg 0.47758619537151903 off 0.4523409293171115 __DUMMY__ 0.07007287531136931	false	1.0
schmerzvoll	neg 1.0		neg 0.47077191735080853 off 0.45937789780097504 __DUMMY__ 0.06985018484821635	false	1.0
vorzeitig	neg 1.0		neg 0.46837858225041407 off 0.4616723997611992 __DUMMY__ 0.06994901798838676	false	1.0
unvollkommenheit	neg 1.0		neg 0.4710366195894232 off 0.4582886478089644 __DUMMY__ 0.0706747326016124	false	1.0
intervenieren	neg 1.0		neg 0.4798789539038908 off 0.4503204770927718 __DUMMY__ 0.06980056900333738	false	1.0
banause	off 1.0		off 0.47043845148354757 neg 0.46094869935383403 __DUMMY__ 0.06861284916261821	false	1.0
rebell	neg 1.0		neg 0.47989548476612715 off 0.4497198193993934 __DUMMY__ 0.07038469583447952	false	1.0
unlogisch	neg 1.0		off 0.4656216683276906 neg 0.46507529477397525 __DUMMY__ 0.06930303689833404	false	0.5
leiden	neg 1.0		neg 0.47309793630148106 off 0.45607249995276844 __DUMMY__ 0.07082956374575052	false	1.0
abschaffung	neg 1.0		neg 0.47547563504555174 off 0.4550781916485737 __DUMMY__ 0.06944617330587455	false	1.0
sturz	neg 1.0		neg 0.4724097582107762 off 0.4575804968096736 __DUMMY__ 0.07000974497955025	false	1.0
verkleinerung	neg 1.0		neg 0.47391180090794605 off 0.4569317004414269 __DUMMY__ 0.069156498650627	false	1.0
schmarotzer	off 1.0		neg 0.4775394219365248 off 0.45278847741524114 __DUMMY__ 0.06967210064823391	false	0.5
bestrafung	neg 1.0		neg 0.4720844159670294 off 0.4581595442420547 __DUMMY__ 0.06975603979091582	false	1.0
achtlos	neg 1.0		neg 0.4719617462126277 off 0.45794951313375104 __DUMMY__ 0.07008874065362122	false	1.0
ungeheuer	neg 1.0		neg 0.46917064218562177 off 0.46100305704348327 __DUMMY__ 0.06982630077089506	false	1.0
unaufrichtig	neg 1.0		neg 0.4734571948181133 off 0.4571581162706663 __DUMMY__ 0.0693846889112204	false	1.0
groggy	neg 1.0		neg 0.4706901425898678 off 0.45960420137531915 __DUMMY__ 0.06970565603481312	false	1.0
