unsolidarisch	neg 1.0		neg 0.4919364807670235 off 0.46576273395078777 __DUMMY__ 0.04230078528218878	false	1.0
nachteilig	neg 1.0		neg 0.492517197576649 off 0.4647256233364943 __DUMMY__ 0.04275717908685669	false	1.0
skeptisch	neg 1.0		neg 0.49270117934184915 off 0.4644598790060998 __DUMMY__ 0.04283894165205109	false	1.0
schrecklich	neg 1.0		off 0.4803113954825796 neg 0.477284248674567 __DUMMY__ 0.042404355842853354	false	0.5
schlapp	neg 1.0		neg 0.48106231764251506 off 0.4763122602058918 __DUMMY__ 0.04262542215159326	false	1.0
abfall	neg 1.0		neg 0.49497379850323675 off 0.46206493920642605 __DUMMY__ 0.042961262290337116	false	1.0
widerspenstig	neg 1.0		neg 0.48627689365936394 off 0.4709382824242969 __DUMMY__ 0.04278482391633903	false	1.0
abrupt	neg 1.0		neg 0.48964939599198903 off 0.46730257578992984 __DUMMY__ 0.04304802821808102	false	1.0
unwirksam	neg 1.0		neg 0.49064269334903304 off 0.4669497888685264 __DUMMY__ 0.04240751778244051	false	1.0
angreifen	neg 1.0	neg 1.0	neg 0.7321712700332922 off 0.24731863628338083 __DUMMY__ 0.020510093683326996	false	1.0
inkonsistent	neg 1.0		neg 0.48535217123435165 off 0.47188050072086 __DUMMY__ 0.042767328044788264	false	1.0
abrutschen	neg 1.0		neg 0.4945311299647171 off 0.46250788679411836 __DUMMY__ 0.042960983241164465	false	1.0
unsicher	neg 1.0		neg 0.4862083485550303 off 0.4709916875510621 __DUMMY__ 0.042799963893907535	false	1.0
bauernkind	off 1.0	off 1.0	off 0.7239519202176782 neg 0.25592836847993283 __DUMMY__ 0.02011971130238898	false	1.0
angreifer	neg 1.0		neg 0.4848462428052079 off 0.4723759797986517 __DUMMY__ 0.042777777396140436	false	1.0
trennen	neg 1.0		neg 0.4881596859094658 off 0.46868082233057723 __DUMMY__ 0.04315949175995712	false	1.0
schmutz	neg 1.0		neg 0.48130844262957023 off 0.4756346221727485 __DUMMY__ 0.04305693519768143	false	1.0
inkonsistenz	neg 1.0		neg 0.4859408373223619 off 0.4717610445106948 __DUMMY__ 0.042298118166943274	false	1.0
erschreckend	neg 1.0		neg 0.4890709835599616 off 0.46824953047019185 __DUMMY__ 0.042679485969846505	false	1.0
ertrinken	neg 1.0		neg 0.48860679233671916 off 0.46836764171605977 __DUMMY__ 0.04302556594722108	false	1.0
pickelface	off 1.0		neg 0.48931652440799633 off 0.46791291732292406 __DUMMY__ 0.0427705582690796	false	0.5
seiner			neg 0.4906369620442317 off 0.46638679134487976 __DUMMY__ 0.04297624661088861	false	0.0
lauch	neg 1.0		neg 0.4953877786445098 off 0.4617472711202901 __DUMMY__ 0.042864950235200046	false	1.0
unwichtig	neg 1.0		neg 0.4829042506807796 off 0.4745981538192339 __DUMMY__ 0.04249759549998642	false	1.0
steuerhinterziehung	neg 1.0		neg 0.49134143662572327 off 0.4660965780174225 __DUMMY__ 0.042561985356854286	false	1.0
schock	neg 1.0		neg 0.4853235825588325 off 0.471676264298885 __DUMMY__ 0.043000153142282484	false	1.0
beule	neg 1.0		neg 0.48050845736704556 off 0.47685523379044326 __DUMMY__ 0.042636308842511135	false	1.0
vergelten	neg 1.0		off 0.4807773203906572 neg 0.47655427486127455 __DUMMY__ 0.04266840474806814	false	0.5
verdorbenheit	neg 1.0		neg 0.4866949185478572 off 0.47048331558565526 __DUMMY__ 0.042821765866487595	false	1.0
trauma	neg 1.0		neg 0.4858162898764252 off 0.4714627315372683 __DUMMY__ 0.04272097858630642	false	1.0
sinnlos	neg 1.0		neg 0.48352718698014757 off 0.4737154011513135 __DUMMY__ 0.042757411868538896	false	1.0
fettsack	off 1.0	off 1.0	off 0.7260660664251021 neg 0.25372004416905003 __DUMMY__ 0.020213889405847965	false	1.0
feige	off 1.0	off 1.0	off 0.7226288412924442 neg 0.25708885628150485 __DUMMY__ 0.020282302426051012	false	1.0
abdanken	neg 1.0		neg 0.4898591771538646 off 0.46754875717058936 __DUMMY__ 0.042592065675545986	false	1.0
wichtigtuer	off 1.0	off 1.0	off 0.7211526916056185 neg 0.25848852786680077 __DUMMY__ 0.020358780527580802	false	1.0
misslingen	neg 1.0		neg 0.4816013320626259 off 0.47527658597408023 __DUMMY__ 0.043122081963293986	false	1.0
untreu	off 1.0		neg 0.48182000970934 off 0.4757405322904518 __DUMMY__ 0.04243945800020804	false	0.5
missmutig	neg 1.0		neg 0.482190618344735 off 0.47525542803816356 __DUMMY__ 0.04255395361710155	false	1.0
hurenbock	off 1.0		neg 0.484287878336364 off 0.4729028422691234 __DUMMY__ 0.0428092793945126	false	0.5
betrunken	neg 1.0		off 0.4797225965507792 neg 0.4776399034156758 __DUMMY__ 0.04263750003354505	false	0.5
korrupt	off 1.0		neg 0.4932469030257859 off 0.46428806642665876 __DUMMY__ 0.042465030547555266	false	0.5
unmut	neg 1.0		neg 0.4953465828769743 off 0.46174129120441065 __DUMMY__ 0.04291212591861494	false	1.0
hackfresse	off 1.0		off 0.482606548053778 neg 0.4752397911341231 __DUMMY__ 0.042153660812098835	false	1.0
aufblasen	neg 1.0		neg 0.48388078305951365 off 0.47327823189684937 __DUMMY__ 0.04284098504363703	false	1.0
gewaltsam	neg 1.0		neg 0.4874257135752955 off 0.4697648518239696 __DUMMY__ 0.04280943460073481	false	1.0
unbeliebtheit	neg 1.0		neg 0.48827872093800206 off 0.46967047480896884 __DUMMY__ 0.04205080425302909	false	1.0
sturheit	neg 1.0		neg 0.4893562588174792 off 0.4679862433005851 __DUMMY__ 0.04265749788193578	false	1.0
kuh	neg 1.0		neg 0.48837885845477796 off 0.4691118022305191 __DUMMY__ 0.042509339314702944	false	1.0
erschrecken	neg 1.0		neg 0.48198615157343966 off 0.475349355858777 __DUMMY__ 0.04266449256778318	false	1.0
opfer	neg 1.0		neg 0.4893678742790327 off 0.4676826033290497 __DUMMY__ 0.04294952239191759	false	1.0
sinken	neg 1.0		neg 0.49409902342217127 off 0.4629497456240011 __DUMMY__ 0.042951230953827815	false	1.0
stinktier	neg 1.0		off 0.47933077899395743 neg 0.4784450416449586 __DUMMY__ 0.04222417936108409	false	0.5
tucke	off 1.0		off 0.4806668542422659 neg 0.47746129048954933 __DUMMY__ 0.041871855268184724	false	1.0
ein			neg 0.48517336252766663 off 0.4720260637672844 __DUMMY__ 0.042800573705049125	false	0.0
abstieg	neg 1.0		neg 0.489375293428475 off 0.46756405981269966 __DUMMY__ 0.04306064675882526	false	1.0
missverstehen	neg 1.0		neg 0.4853845238455726 off 0.4720657537142573 __DUMMY__ 0.04254972244017002	false	1.0
ergebnislos	neg 1.0		neg 0.4921351070038299 off 0.46504653295150056 __DUMMY__ 0.04281836004466959	false	1.0
unter			neg 0.4957268811657023 off 0.4608553972491529 __DUMMY__ 0.043417721585144856	false	0.0
manipulieren	neg 1.0		neg 0.4926523129411448 off 0.46451313918438153 __DUMMY__ 0.04283454787447354	false	1.0
unbewiesen	neg 1.0		neg 0.49234958830055303 off 0.46542278242005714 __DUMMY__ 0.04222762927938988	false	1.0
verschleppen	neg 1.0		neg 0.48996274585872696 off 0.46722036659954963 __DUMMY__ 0.04281688754172336	false	1.0
weib	off 1.0		off 0.48236831619569187 neg 0.4754967512939863 __DUMMY__ 0.04213493251032193	false	1.0
opposition	neg 1.0		neg 0.4870344985450935 off 0.47045843512678737 __DUMMY__ 0.042507066328119236	false	1.0
verkehrswidrig	neg 1.0	neg 1.0	neg 0.7215529267674117 off 0.2578418349597668 __DUMMY__ 0.020605238272821482	false	1.0
inkorrekt	neg 1.0		neg 0.48262196014194314 off 0.4751659175941954 __DUMMY__ 0.04221212226386141	false	1.0
vermeiden	neg 1.0		neg 0.4955135160683545 off 0.46134022966836236 __DUMMY__ 0.04314625426328329	false	1.0
abweichung	neg 1.0		neg 0.4920811021535392 off 0.46515939290073727 __DUMMY__ 0.04275950494572348	false	1.0
alkoholisiert	neg 1.0		neg 0.4873510149841158 off 0.4693457908123452 __DUMMY__ 0.043303194203538974	false	1.0
scheiss	off 1.0	off 1.0	off 0.723785237885962 neg 0.2558399344486508 __DUMMY__ 0.020374827665387275	false	1.0
herausforderung	neg 1.0	neg 1.0	neg 0.7288595151349629 off 0.2503104725449169 __DUMMY__ 0.020830012320120172	false	1.0
pervers	off 1.0		off 0.48572447770570965 neg 0.47223624268780606 __DUMMY__ 0.04203927960648427	false	1.0
wackelig	neg 1.0		neg 0.4863171110868849 off 0.4705786382875632 __DUMMY__ 0.04310425062555204	false	1.0
verwickeln	neg 1.0		neg 0.48562980726388494 off 0.47182858784685777 __DUMMY__ 0.04254160488925738	false	1.0
vorwand	neg 1.0		neg 0.49282787683219265 off 0.464257239410117 __DUMMY__ 0.04291488375769037	false	1.0
muschi	off 1.0		neg 0.48880046086141743 off 0.4684309066288411 __DUMMY__ 0.04276863250974124	false	0.5
entmutigung	neg 1.0		neg 0.4882582959630786 off 0.46929902364006276 __DUMMY__ 0.04244268039685856	false	1.0
unangemessen	neg 1.0		neg 0.49043786954133384 off 0.4669026883511226 __DUMMY__ 0.04265944210754361	false	1.0
unstetig	neg 1.0		neg 0.4844652643952456 off 0.47269810786373917 __DUMMY__ 0.04283662774101525	false	1.0
entmutigen	neg 1.0		neg 0.4856113207626867 off 0.4716995084080618 __DUMMY__ 0.04268917082925146	false	1.0
schwanz	neg 1.0		neg 0.49130459661430886 off 0.4657780626155003 __DUMMY__ 0.04291734077019088	false	1.0
verbot	neg 1.0		neg 0.4920358634615441 off 0.46534589679122906 __DUMMY__ 0.042618239747226894	false	1.0
leid	neg 1.0		off 0.48194482949688106 neg 0.4756475512697367 __DUMMY__ 0.04240761923338236	false	0.5
archaisch	neg 1.0		neg 0.48890977132622615 off 0.4682772529111451 __DUMMY__ 0.042812975762628755	false	1.0
gegen			neg 0.4924430680268829 off 0.46451251321133413 __DUMMY__ 0.043044418761783006	false	0.0
scheidung	neg 1.0		off 0.4901532139791166 neg 0.467810115428928 __DUMMY__ 0.04203667059195539	false	0.5
einschlag	neg 1.0	neg 1.0	neg 0.7242935711297671 off 0.2553291344605106 __DUMMY__ 0.020377294409722295	false	1.0
m			neg 0.4880261475704338 off 0.46904559613868313 __DUMMY__ 0.04292825629088318	false	0.0
abgestanden	neg 1.0		neg 0.4849524090659941 off 0.47223088838022764 __DUMMY__ 0.0428167025537784	false	1.0
schmierig	off 1.0		off 0.48133622681513705 neg 0.4762451325433392 __DUMMY__ 0.042418640641523675	false	1.0
unpraktisch	neg 1.0		neg 0.4840217860903613 off 0.4731046864073818 __DUMMY__ 0.04287352750225707	false	1.0
wixxer	off 1.0		off 0.4848378549761047 neg 0.4731836080267326 __DUMMY__ 0.04197853699716277	false	1.0
bezeichnet			neg 0.4882415733690392 off 0.4690811504593164 __DUMMY__ 0.04267727617164457	false	0.0
jammerlappen	off 1.0		neg 0.48235247135489656 off 0.4751179745103825 __DUMMY__ 0.04252955413472099	false	0.5
farce	neg 1.0		neg 0.4920833083526447 off 0.46540475048837526 __DUMMY__ 0.04251194115898009	false	1.0
zwecklos	neg 1.0		neg 0.4901253520952271 off 0.46717997191015037 __DUMMY__ 0.04269467599462268	false	1.0
turbulent	neg 1.0		neg 0.4822894828156482 off 0.4752501853935712 __DUMMY__ 0.04246033179078062	false	1.0
invasion	neg 1.0		neg 0.48383359854636343 off 0.47344606239477216 __DUMMY__ 0.04272033905886436	false	1.0
schuld	neg 1.0		neg 0.48640608434419547 off 0.4709188615291181 __DUMMY__ 0.04267505412668648	false	1.0
risiko	neg 1.0		neg 0.4851985440440311 off 0.4719346619672966 __DUMMY__ 0.042866793988672235	false	1.0
finster	neg 1.0		neg 0.48493203635634696 off 0.47228305359391654 __DUMMY__ 0.042784910049736447	false	1.0
geisteskrank	off 1.0		neg 0.48183194470438534 off 0.4758080582697735 __DUMMY__ 0.04235999702584123	false	0.5
zusammenbrechen	neg 1.0		neg 0.4874843650178609 off 0.4696411513384726 __DUMMY__ 0.042874483643666444	false	1.0
ausbeute	neg 1.0		neg 0.48916284958441836 off 0.46772701128585686 __DUMMY__ 0.043110139129724674	false	1.0
hinterhalt	neg 1.0		neg 0.48699615105103367 off 0.4700350779238997 __DUMMY__ 0.04296877102506655	false	1.0
kritik	neg 1.0		neg 0.49169705875447006 off 0.46573357120552994 __DUMMY__ 0.04256937004000003	false	1.0
einschrumpfen	neg 1.0		neg 0.48649120344339114 off 0.47111898448588074 __DUMMY__ 0.04238981207072821	false	1.0
riskant	neg 1.0		neg 0.4913440729540292 off 0.4658593652844425 __DUMMY__ 0.04279656176152824	false	1.0
frustrieren	neg 1.0		neg 0.4906992992533667 off 0.4664686265179787 __DUMMY__ 0.04283207422865455	false	1.0
groll	neg 1.0		neg 0.48937963778756555 off 0.46781818472400666 __DUMMY__ 0.042802177488427705	false	1.0
gibt			neg 0.4890809996011388 off 0.46814631715377053 __DUMMY__ 0.042772683245090634	false	0.0
qualvoll	neg 1.0		neg 0.4819451539508201 off 0.47529047910163497 __DUMMY__ 0.04276436694754503	false	1.0
wackeln	neg 1.0	neg 1.0	neg 0.7274414663888278 off 0.2519736918340899 __DUMMY__ 0.02058484177708226	false	1.0
klagen	neg 1.0		neg 0.4943967535442719 off 0.4626664582426931 __DUMMY__ 0.04293678821303498	false	1.0
bankrott	neg 1.0		neg 0.48249034426620424 off 0.4748625642274055 __DUMMY__ 0.04264709150639029	false	1.0
trauern	neg 1.0		neg 0.48930458324815085 off 0.46771289264798405 __DUMMY__ 0.04298252410386505	false	1.0
ablehnung	neg 1.0		neg 0.491554508708471 off 0.4658675447157732 __DUMMY__ 0.04257794657575583	false	1.0
stur	neg 1.0		neg 0.4864169186091086 off 0.47098571993074595 __DUMMY__ 0.04259736146014546	false	1.0
aufruhr	neg 1.0		neg 0.48778255388953107 off 0.4694270295368418 __DUMMY__ 0.04279041657362717	false	1.0
melancholie	neg 1.0		neg 0.48826154309860686 off 0.4688153064724453 __DUMMY__ 0.042923150428947704	false	1.0
ist			neg 0.48517519518670166 off 0.47215017822723804 __DUMMY__ 0.04267462658606014	false	0.0
torheit	neg 1.0		neg 0.4879042436858443 off 0.4695426035875892 __DUMMY__ 0.04255315272656663	false	1.0
dreckskind	off 1.0		off 0.4802959118279161 neg 0.4775672526851494 __DUMMY__ 0.04213683548693439	false	1.0
umtauschen	neg 1.0		neg 0.48695580363293994 off 0.47026297989087723 __DUMMY__ 0.04278121647618294	false	1.0
zum			neg 0.49201305254606353 off 0.46453135481146784 __DUMMY__ 0.04345559264246874	false	0.0
zersetzen	neg 1.0		neg 0.49356962549959515 off 0.46367210588632396 __DUMMY__ 0.04275826861408082	false	1.0
zur			neg 0.495462027399983 off 0.4613138261806769 __DUMMY__ 0.04322414641934009	false	0.0
frust	neg 1.0		neg 0.48804705888922123 off 0.4691071623692386 __DUMMY__ 0.04284577874154014	false	1.0
unerbittlichkeit	neg 1.0		neg 0.4930167063329816 off 0.4641878038752675 __DUMMY__ 0.04279548979175072	false	1.0
zwei			neg 0.4908699873609614 off 0.46583692885657596 __DUMMY__ 0.04329308378246264	false	0.0
unkorrekt	neg 1.0		neg 0.48273467096870437 off 0.4751365766055157 __DUMMY__ 0.042128752425779875	false	1.0
hexe	off 1.0		neg 0.48160574937996503 off 0.4758931582029691 __DUMMY__ 0.04250109241706574	false	0.5
lasch	neg 1.0		neg 0.48538934163407177 off 0.4722060160858507 __DUMMY__ 0.0424046422800774	false	1.0
rivale	neg 1.0		neg 0.4787991426819508 off 0.4786871620537706 __DUMMY__ 0.04251369526427868	false	1.0
mutlos	off 1.0	off 1.0	off 0.7171726309921292 neg 0.2624094766741433 __DUMMY__ 0.02041789233372741	false	1.0
wirr	off 1.0		neg 0.4820551446980486 off 0.4757932854323235 __DUMMY__ 0.042151569869627814	false	0.5
jahr			neg 0.4896500663648253 off 0.4671695163242713 __DUMMY__ 0.043180417310903454	false	0.0
wird			neg 0.489940154791593 off 0.4672007834978771 __DUMMY__ 0.042859061710529854	false	0.0
strafbar	neg 1.0		neg 0.4918966385007809 off 0.4653689846428157 __DUMMY__ 0.042734376856403286	false	1.0
erosion	neg 1.0		neg 0.48486065611446216 off 0.47227933904271713 __DUMMY__ 0.04286000484282064	false	1.0
eingehen	neg 1.0		neg 0.49132543619924673 off 0.4660015305765031 __DUMMY__ 0.04267303322425007	false	1.0
faul	off 1.0		neg 0.48151939200232663 off 0.47578795543805413 __DUMMY__ 0.0426926525596194	false	0.5
provisorium	neg 1.0		neg 0.4969691119465617 off 0.4597019980700657 __DUMMY__ 0.04332888998337263	false	1.0
schmerzen	neg 1.0		neg 0.48622112829143355 off 0.4709791927785822 __DUMMY__ 0.042799678929984285	false	1.0
schrumpfen	neg 1.0		neg 0.49777829643870053 off 0.45926767975967125 __DUMMY__ 0.04295402380162824	false	1.0
geistlos	off 1.0		neg 0.48843804825503045 off 0.46929656252935864 __DUMMY__ 0.042265389215610856	false	0.5
fehlkauf	neg 1.0		neg 0.4854461252131271 off 0.4718996343059926 __DUMMY__ 0.042654240480880255	false	1.0
frustrierend	neg 1.0		neg 0.4817418463245195 off 0.47554700054182303 __DUMMY__ 0.04271115313365741	false	1.0
unzufrieden	neg 1.0		neg 0.4905204299597068 off 0.46680129072536575 __DUMMY__ 0.04267827931492743	false	1.0
verzweifeln	neg 1.0		neg 0.48724479199730186 off 0.46998180254434657 __DUMMY__ 0.04277340545835149	false	1.0
verzweifelt	neg 1.0		neg 0.48565853091112304 off 0.4716858109275794 __DUMMY__ 0.0426556581612976	false	1.0
misstrauensantrag	neg 1.0		neg 0.48562009357056724 off 0.4718203525646932 __DUMMY__ 0.0425595538647396	false	1.0
abfallen	neg 1.0		neg 0.4834559463174007 off 0.47365246481603446 __DUMMY__ 0.042891588866564835	false	1.0
fucker	off 1.0		neg 0.4808780275526653 off 0.47671991972731903 __DUMMY__ 0.042402052720015536	false	0.5
ungezogen	neg 1.0		off 0.48503729458948647 neg 0.47276191736162776 __DUMMY__ 0.04220078804888589	false	0.5
irrsinnig	neg 1.0	neg 1.0	neg 0.7291049955017338 off 0.25050369431031666 __DUMMY__ 0.02039131018794946	false	1.0
unfassbar	neg 1.0		neg 0.48201862578791066 off 0.47551538702970014 __DUMMY__ 0.04246598718238927	false	1.0
hart	neg 1.0		neg 0.48344006527191885 off 0.473960531773929 __DUMMY__ 0.04259940295415208	false	1.0
widerlich	off 1.0		neg 0.48185889366534973 off 0.47577839546163453 __DUMMY__ 0.042362710873015914	false	0.5
fatal	neg 1.0		neg 0.48510482039491976 off 0.47224123236052296 __DUMMY__ 0.042653947244557226	false	1.0
bruch	neg 1.0		neg 0.4949125855065022 off 0.4622256841585814 __DUMMY__ 0.042861730334916415	false	1.0
aushungern	neg 1.0		neg 0.49035490865114845 off 0.46706741441141003 __DUMMY__ 0.04257767693744143	false	1.0
anspannung	neg 1.0	neg 1.0	neg 0.7314232572995546 off 0.24769668551374616 __DUMMY__ 0.020880057186699184	false	1.0
von			neg 0.49077470290389147 off 0.4660641655604024 __DUMMY__ 0.043161131535706034	false	0.0
kraftlos	neg 1.0		neg 0.4866832481230346 off 0.47029151299203853 __DUMMY__ 0.043025238884926854	false	1.0
vom			neg 0.4949658590938484 off 0.461597279973528 __DUMMY__ 0.04343686093262359	false	0.0
grenzdebil	off 1.0		neg 0.48041045451795 off 0.4771019952812112 __DUMMY__ 0.04248755020083893	false	0.5
vor			neg 0.4915709151326399 off 0.46539607875920824 __DUMMY__ 0.0430330061081518	false	0.0
unterwerfen	neg 1.0		neg 0.4909790007045934 off 0.4661832262203746 __DUMMY__ 0.04283777307503204	false	1.0
versenkung	neg 1.0		neg 0.4913314850961692 off 0.46582429411202564 __DUMMY__ 0.04284422079180523	false	1.0
entziehen	neg 1.0		neg 0.4937282579490107 off 0.4633506765645967 __DUMMY__ 0.0429210654863926	false	1.0
finanzkrise	neg 1.0		neg 0.4904635081460735 off 0.46699679009990713 __DUMMY__ 0.04253970175401944	false	1.0
schimpfend	neg 1.0		neg 0.483651638417657 off 0.47345072023803797 __DUMMY__ 0.042897641344305085	false	1.0
profan	neg 1.0		neg 0.4841307624836492 off 0.4732467696422699 __DUMMY__ 0.04262246787408072	false	1.0
korruption	neg 1.0	neg 1.0	neg 0.7319916966743177 off 0.24761104665823178 __DUMMY__ 0.020397256667450472	false	1.0
â			neg 0.48933803458363256 off 0.46772575632050273 __DUMMY__ 0.04293620909586491	false	0.0
schmutzig	neg 1.0		neg 0.4799045626266888 off 0.4774910638280924 __DUMMY__ 0.042604373545218725	false	1.0
sexy	neg 1.0		neg 0.4831095681337537 off 0.4742424796479839 __DUMMY__ 0.042647952218262404	false	1.0
abraten	neg 1.0		neg 0.48475615281107376 off 0.4725552737440465 __DUMMY__ 0.0426885734448798	false	1.0
schwarz	neg 1.0		neg 0.4860725304455346 off 0.47129122554896047 __DUMMY__ 0.042636244005504975	false	1.0
fotze	off 1.0		neg 0.49092030281969307 off 0.46624546782292553 __DUMMY__ 0.04283422935738141	false	0.5
verwirren	neg 1.0		neg 0.48380968695030396 off 0.47356146158158285 __DUMMY__ 0.0426288514681131	false	1.0
zahnlos	off 1.0		neg 0.4903894044338282 off 0.4669250562749869 __DUMMY__ 0.042685539291184925	false	0.5
verheeren	neg 1.0		off 0.4873909264072651 neg 0.4702826634341696 __DUMMY__ 0.04232641015856533	false	0.5
hippie	neg 1.0		neg 0.4839892703813417 off 0.47338090177844916 __DUMMY__ 0.04262982784020908	false	1.0
rammen	neg 1.0		neg 0.4865256545653665 off 0.47082126228027393 __DUMMY__ 0.0426530831543596	false	1.0
unlauter	neg 1.0		neg 0.4910596415822167 off 0.4666560728862727 __DUMMY__ 0.0422842855315105	false	1.0
unheilvoll	neg 1.0		neg 0.4820958942686199 off 0.4750239388262889 __DUMMY__ 0.04288016690509121	false	1.0
niedrig	neg 1.0		neg 0.4908958055073041 off 0.46616321330023264 __DUMMY__ 0.042940981192463215	false	1.0
explosion	neg 1.0		neg 0.48518474979006526 off 0.47223334564770947 __DUMMY__ 0.04258190456222517	false	1.0
weichei	off 1.0		off 0.481493001112981 neg 0.4762656503543958 __DUMMY__ 0.042241348532623305	false	1.0
minusmensch	off 1.0		off 0.48223093586632065 neg 0.4759381133433812 __DUMMY__ 0.04183095079029799	false	1.0
farblos	neg 1.0		neg 0.4836336985140753 off 0.4731969497559388 __DUMMY__ 0.04316935172998598	false	1.0
unwissend	neg 1.0	neg 1.0	neg 0.7269673830351542 off 0.2527333506126385 __DUMMY__ 0.02029926635220731	false	1.0
traurig	neg 1.0		off 0.47948823687892356 neg 0.47804716182498974 __DUMMY__ 0.04246460129608674	false	0.5
senkung	neg 1.0		neg 0.4866262343498782 off 0.4709686015435841 __DUMMY__ 0.0424051641065376	false	1.0
ungleich	neg 1.0	neg 1.0	neg 0.732678698141329 off 0.24690303657993473 __DUMMY__ 0.020418265278736265	false	1.0
heikel	neg 1.0		neg 0.4930782587786633 off 0.46414075997206783 __DUMMY__ 0.0427809812492688	false	1.0
drosselung	neg 1.0		neg 0.4800820361597924 off 0.47734149921825936 __DUMMY__ 0.042576464621948244	false	1.0
falsch	neg 1.0		neg 0.4824420671569977 off 0.4749472102759747 __DUMMY__ 0.042610722567027505	false	1.0
unzufriedenheit	neg 1.0		neg 0.493322868084098 off 0.46384035007332675 __DUMMY__ 0.042836781842575285	false	1.0
kurz	neg 1.0		neg 0.48683588120699633 off 0.4702142924801288 __DUMMY__ 0.04294982631287494	false	1.0
unsinnig	neg 1.0		neg 0.49067929336373756 off 0.46672912695446017 __DUMMY__ 0.04259157968180233	false	1.0
penner	off 1.0	off 1.0	off 0.7273516968534052 neg 0.25248583825582643 __DUMMY__ 0.02016246489076852	false	1.0
seicht	neg 1.0		off 0.4826857510105599 neg 0.4753336895944214 __DUMMY__ 0.04198055939501864	false	0.5
dummheit	off 1.0	off 1.0	off 0.7212215919595079 neg 0.2584403423662281 __DUMMY__ 0.020338065674264095	false	1.0
unerfreulich	neg 1.0		neg 0.492706036967938 off 0.4643605855732447 __DUMMY__ 0.042933377458817396	false	1.0
motherfucker	off 1.0	off 1.0	off 0.7235247256244954 neg 0.25621735583245664 __DUMMY__ 0.020257918543047853	false	1.0
pikiert	neg 1.0		neg 0.48313653194882733 off 0.47448339984234844 __DUMMY__ 0.04238006820882412	false	1.0
wrack	neg 1.0		neg 0.4879860938347575 off 0.46887829059365677 __DUMMY__ 0.04313561557158563	false	1.0
gangster	neg 1.0		neg 0.4839660704780914 off 0.4733560694563653 __DUMMY__ 0.042677860065543236	false	1.0
krank	neg 1.0		neg 0.47892931015348233 off 0.47847589182077227 __DUMMY__ 0.04259479802574536	false	1.0
reich	neg 1.0		neg 0.4838480178967227 off 0.4736929251296769 __DUMMY__ 0.04245905697360038	false	1.0
gnadenlos	neg 1.0		neg 0.4859036807017264 off 0.4713749763795533 __DUMMY__ 0.04272134291872028	false	1.0
niedergeschlagen	neg 1.0		neg 0.486241550735198 off 0.47079236906678346 __DUMMY__ 0.04296608019801856	false	1.0
terrorisieren	off 1.0	off 1.0	off 0.7187120124448094 neg 0.26073909181213273 __DUMMY__ 0.020548895743057873	false	1.0
sinnlosigkeit	neg 1.0		neg 0.4897683755952216 off 0.4675056717602688 __DUMMY__ 0.042725952644509464	false	1.0
behindern	neg 1.0		neg 0.48870240497561723 off 0.4686253310385711 __DUMMY__ 0.04267226398581161	false	1.0
undemokratisch	neg 1.0		neg 0.4889979804244398 off 0.4685495976906038 __DUMMY__ 0.042452421884956446	false	1.0
wirtschaftskrise	neg 1.0		neg 0.49206115740394085 off 0.4652568885553636 __DUMMY__ 0.04268195404069568	false	1.0
neid	neg 1.0		neg 0.4797931534121655 off 0.4774228789422559 __DUMMY__ 0.04278396764557859	false	1.0
rutschen	neg 1.0	neg 1.0	neg 0.7308787266560589 off 0.24831638655247154 __DUMMY__ 0.02080488679146951	false	1.0
rezession	neg 1.0		neg 0.4796381578560272 off 0.4781463644196552 __DUMMY__ 0.042215477724317586	false	1.0
fehlgeburt	neg 1.0		neg 0.4826700707417216 off 0.474470586261572 __DUMMY__ 0.04285934299670655	false	1.0
charakterschwach	off 1.0		neg 0.4810030238577394 off 0.4765085866125236 __DUMMY__ 0.042488389529736936	false	0.5
isolation	neg 1.0		neg 0.4821359686277117 off 0.4751871804087623 __DUMMY__ 0.04267685096352605	false	1.0
ablenkung	neg 1.0		neg 0.48604458012989943 off 0.4711780570576492 __DUMMY__ 0.04277736281245145	false	1.0
pech	neg 1.0		neg 0.4824868743373615 off 0.47487488820374246 __DUMMY__ 0.04263823745889617	false	1.0
vermeidung	neg 1.0		neg 0.4821181326028679 off 0.4755280653419257 __DUMMY__ 0.04235380205520625	false	1.0
dominieren	neg 1.0		neg 0.48851362673107307 off 0.4684625385307547 __DUMMY__ 0.04302383473817221	false	1.0
schwindlig	neg 1.0		neg 0.4810457916153993 off 0.4760042313515221 __DUMMY__ 0.04294997703307862	false	1.0
lutscher	neg 1.0		off 0.48363425465810916 neg 0.4743845263917095 __DUMMY__ 0.04198121895018125	false	0.5
pflicht	neg 1.0		neg 0.49318314792487356 off 0.4640200298922138 __DUMMY__ 0.042796822182912614	false	1.0
faschist	off 1.0		neg 0.4867564596057575 off 0.4708596991341348 __DUMMY__ 0.042383841260107774	false	0.5
verschleudern	neg 1.0		neg 0.49561979251033744 off 0.4619354803968934 __DUMMY__ 0.04244472709276926	false	1.0
wenn			neg 0.48234074306916996 off 0.47506612422710637 __DUMMY__ 0.04259313270372359	false	0.0
ehebruch	neg 1.0		neg 0.49074197945483794 off 0.46647035382108964 __DUMMY__ 0.04278766672407231	false	1.0
spott	off 1.0		neg 0.4925443901986813 off 0.4647637294720208 __DUMMY__ 0.04269188032929783	false	0.5
trostlosigkeit	neg 1.0		neg 0.4923170523123683 off 0.4646712269267629 __DUMMY__ 0.04301172076086882	false	1.0
lutschen	neg 1.0		neg 0.4856440534561029 off 0.4718265779462465 __DUMMY__ 0.04252936859765067	false	1.0
undiszipliniert	neg 1.0		off 0.4790337406292885 neg 0.4784330341732991 __DUMMY__ 0.04253322519741237	false	0.5
kopfschmerz	neg 1.0		neg 0.48654038352529627 off 0.47051768980229897 __DUMMY__ 0.04294192667240479	false	1.0
unvorhergesehen	neg 1.0		neg 0.4875355939706219 off 0.4693178436444278 __DUMMY__ 0.043146562384950266	false	1.0
desinteressiert	neg 1.0		neg 0.4801181068121068 off 0.47748365281450644 __DUMMY__ 0.04239824037338665	false	1.0
armselig	off 1.0		neg 0.4807652157116141 off 0.47701598762810044 __DUMMY__ 0.04221879666028556	false	0.5
desaster	neg 1.0		neg 0.4954933028394164 off 0.46162875294899214 __DUMMY__ 0.04287794421159152	false	1.0
tod	neg 1.0		neg 0.48702105467546264 off 0.4698535441275441 __DUMMY__ 0.043125401196993235	false	1.0
herzlos	neg 1.0		off 0.47889145402870803 neg 0.4787707642737856 __DUMMY__ 0.04233778169750633	false	0.5
unwissenheit	neg 1.0		neg 0.4918696957605315 off 0.46556810058841 __DUMMY__ 0.0425622036510584	false	1.0
widersinnig	neg 1.0	neg 1.0	neg 0.7323161861312112 off 0.24738513112713248 __DUMMY__ 0.02029868274165633	false	1.0
bedenklich	neg 1.0		neg 0.49178955104015826 off 0.4654892100112379 __DUMMY__ 0.042721238948603815	false	1.0
beanstanden	neg 1.0		neg 0.49332560244750295 off 0.4638141327302528 __DUMMY__ 0.04286026482224414	false	1.0
panisch	neg 1.0	neg 1.0	neg 0.7257117498402067 off 0.25368691093988266 __DUMMY__ 0.020601339219910617	false	1.0
debil	off 1.0		neg 0.4967894940774253 off 0.46006642923051166 __DUMMY__ 0.04314407669206312	false	0.5
abstrich	neg 1.0		neg 0.4904272054772002 off 0.4668145731172163 __DUMMY__ 0.042758221405583344	false	1.0
primitiv	neg 1.0		neg 0.48117876278141586 off 0.4764474815833014 __DUMMY__ 0.042373755635282735	false	1.0
abschaum	off 1.0	off 1.0	off 0.7225839562007754 neg 0.2570973847827847 __DUMMY__ 0.020318659016439814	false	1.0
provozieren	neg 1.0		neg 0.48704690563794706 off 0.4703183296839809 __DUMMY__ 0.04263476467807203	false	1.0
tot	neg 1.0		neg 0.4913106276109527 off 0.4658966750162286 __DUMMY__ 0.04279269737281877	false	1.0
instabil	neg 1.0		neg 0.483208565239081 off 0.4745911733635614 __DUMMY__ 0.04220026139735755	false	1.0
schwuchtel	off 1.0		off 0.4878751002416819 neg 0.4703291243732267 __DUMMY__ 0.04179577538509133	false	1.0
zerren	neg 1.0		neg 0.48625165041798835 off 0.4707885827602633 __DUMMY__ 0.042959766821748305	false	1.0
kinderficker	off 1.0		neg 0.4792116475644607 off 0.47873115418567286 __DUMMY__ 0.04205719824986652	false	0.5
gefahr	neg 1.0		neg 0.49239077477708687 off 0.46469966617598435 __DUMMY__ 0.042909559046928815	false	1.0
rabiat	neg 1.0		neg 0.4878116939094203 off 0.46954381222300534 __DUMMY__ 0.042644493867574185	false	1.0
verlangsamung	neg 1.0		off 0.4826577691276296 neg 0.4751288346486177 __DUMMY__ 0.04221339622375268	false	0.5
ausgestorben	neg 1.0		neg 0.4860998568783452 off 0.4710145523121972 __DUMMY__ 0.042885590809457544	false	1.0
anklagen	neg 1.0		neg 0.4897679043974673 off 0.4675352239422865 __DUMMY__ 0.042696871660246195	false	1.0
trott	neg 1.0		neg 0.48685545474642616 off 0.47032164087359873 __DUMMY__ 0.04282290437997506	false	1.0
verminderung	neg 1.0		neg 0.4806816202313571 off 0.476933038709227 __DUMMY__ 0.04238534105941604	false	1.0
nach			neg 0.49083868085435417 off 0.4656467409572914 __DUMMY__ 0.04351457818835442	false	0.0
rost	neg 1.0		off 0.4822987505898111 neg 0.47535855790228354 __DUMMY__ 0.042342691507905365	false	0.5
destruktiv	neg 1.0		neg 0.4897749266757278 off 0.46770328558758145 __DUMMY__ 0.04252178773669078	false	1.0
unzumutbarkeit	neg 1.0		neg 0.48127801602985565 off 0.4760713903074871 __DUMMY__ 0.0426505936626572	false	1.0
labil	off 1.0	off 1.0	off 0.7225518565294872 neg 0.2571236268192157 __DUMMY__ 0.020324516651297177	false	1.0
ziemlich	neg 1.0		neg 0.48017432483487504 off 0.4772400397969106 __DUMMY__ 0.04258563536821429	false	1.0
lachnummer	off 1.0		neg 0.48856305869151845 off 0.46882088675209865 __DUMMY__ 0.042616054556382905	false	0.5
oder			neg 0.4852245438914413 off 0.4719225816367672 __DUMMY__ 0.042852874471791404	false	0.0
verfall	neg 1.0		neg 0.49704980432246404 off 0.45993200623162345 __DUMMY__ 0.04301818944591251	false	1.0
ausgrenzung	neg 1.0		neg 0.48755078469039426 off 0.46995750561161587 __DUMMY__ 0.04249170969798979	false	1.0
unordnung	neg 1.0		neg 0.47976715975484 off 0.47754844009956293 __DUMMY__ 0.04268440014559693	false	1.0
fehlverhalten	neg 1.0		neg 0.4927205135419863 off 0.4644803525783288 __DUMMY__ 0.04279913387968488	false	1.0
eine			neg 0.4922642080662253 off 0.4648165703403001 __DUMMY__ 0.04291922159347455	false	0.0
nille	neg 1.0		neg 0.48812371682410133 off 0.46909650414275095 __DUMMY__ 0.04277977903314777	false	1.0
qual	neg 1.0		neg 0.4872497262989351 off 0.46993943616870665 __DUMMY__ 0.04281083753235827	false	1.0
verschwenden	neg 1.0		neg 0.49088993223107824 off 0.4663687959744302 __DUMMY__ 0.04274127179449157	false	1.0
riesig	neg 1.0	neg 1.0	neg 0.7294810276057178 off 0.2498570917583166 __DUMMY__ 0.02066188063596559	false	1.0
verurteilen	neg 1.0		neg 0.49020748202138514 off 0.4670754577237276 __DUMMY__ 0.04271706025488728	false	1.0
klischee	neg 1.0	neg 1.0	neg 0.728135217958369 off 0.2515613728029672 __DUMMY__ 0.020303409238663785	false	1.0
diktatorisch	neg 1.0		neg 0.48905545627217195 off 0.46856823174068024 __DUMMY__ 0.042376311987147884	false	1.0
vorhersehbar	neg 1.0	neg 1.0	neg 0.7282521490766249 off 0.251406513905874 __DUMMY__ 0.02034133701750098	false	1.0
sowie			off 0.4806886116776089 neg 0.4770535841415855 __DUMMY__ 0.042257804180805554	false	0.0
stornieren	neg 1.0		neg 0.4817572023389119 off 0.47512142573485183 __DUMMY__ 0.043121371926236184	false	1.0
besteuerung	neg 1.0		neg 0.48948034404919194 off 0.4681087254551689 __DUMMY__ 0.04241093049563928	false	1.0
ungeschminkt	neg 1.0		neg 0.4819893861842053 off 0.4756332001752574 __DUMMY__ 0.042377413640537334	false	1.0
kritisch	neg 1.0		neg 0.4920269694889639 off 0.4652447055575152 __DUMMY__ 0.042728324953521045	false	1.0
schlamperei	off 1.0		neg 0.4935606427588905 off 0.4637223496357277 __DUMMY__ 0.042717007605381836	false	0.5
sucht	neg 1.0	neg 1.0	neg 0.7281061055825837 off 0.25132482964555025 __DUMMY__ 0.020569064771865993	false	1.0
egoistisch	off 1.0		off 0.4818602096937633 neg 0.47583845388796125 __DUMMY__ 0.04230133641827531	false	1.0
ausbeuter	off 1.0		neg 0.49396398303198813 off 0.4633385091062561 __DUMMY__ 0.04269750786175582	false	0.5
arschgeburt	off 1.0		off 0.4873879248624497 neg 0.4708805824184885 __DUMMY__ 0.041731492719061826	false	1.0
schubs	neg 1.0	neg 1.0	neg 0.7291749227446512 off 0.2502135525388777 __DUMMY__ 0.020611524716471073	false	1.0
unsolide	neg 1.0		neg 0.4909903364410584 off 0.466888318895128 __DUMMY__ 0.042121344663813606	false	1.0
beschwerde	neg 1.0		neg 0.49335366759671095 off 0.46393725113752304 __DUMMY__ 0.0427090812657659	false	1.0
stocken	neg 1.0		neg 0.49143760842678424 off 0.4657487884976992 __DUMMY__ 0.0428136030755166	false	1.0
isolieren	neg 1.0		neg 0.49129405244253066 off 0.46602415910701706 __DUMMY__ 0.04268178845045226	false	1.0
unheilbar	neg 1.0		neg 0.48437799456398467 off 0.47271398742494686 __DUMMY__ 0.04290801801106834	false	1.0
pisser	off 1.0		neg 0.47977203417664055 off 0.4777612509338473 __DUMMY__ 0.04246671488951201	false	0.5
löschen	neg 1.0		neg 0.4869863532585169 off 0.47026086282360874 __DUMMY__ 0.04275278391787433	false	1.0
durchfallen	neg 1.0		neg 0.4914337188182435 off 0.46595637231289205 __DUMMY__ 0.04260990886886448	false	1.0
wichser	off 1.0		off 0.48646300308478996 neg 0.47143213161465547 __DUMMY__ 0.0421048653005545	false	1.0
terror	neg 1.0		neg 0.4826048819710245 off 0.47460615020809 __DUMMY__ 0.04278896782088562	false	1.0
krass	neg 1.0		off 0.4794208559265623 neg 0.47826456199982204 __DUMMY__ 0.0423145820736157	false	0.5
revolte	neg 1.0		neg 0.48696293737776497 off 0.47056890386780037 __DUMMY__ 0.04246815875443459	false	1.0
besorgt	neg 1.0		neg 0.4865335828475411 off 0.4704279693204703 __DUMMY__ 0.04303844783198861	false	1.0
nachlassen	neg 1.0		neg 0.49104450279790113 off 0.4660710271698503 __DUMMY__ 0.04288447003224859	false	1.0
alt	neg 1.0		neg 0.48998754672722994 off 0.4671732289653474 __DUMMY__ 0.04283922430742263	false	1.0
hundesohn	off 1.0		off 0.48307361139052385 neg 0.4749312847960968 __DUMMY__ 0.04199510381337934	false	1.0
als			neg 0.48728476039825336 off 0.4697744836189806 __DUMMY__ 0.042940755982766	false	0.0
abschreckung	neg 1.0		neg 0.49336892246502667 off 0.4637091805415471 __DUMMY__ 0.04292189699342628	false	1.0
unqualifiziert	neg 1.0		neg 0.48706220257190597 off 0.4706447225817489 __DUMMY__ 0.04229307484634508	false	1.0
abgewichst	off 1.0		neg 0.48827486893498645 off 0.4688840443104161 __DUMMY__ 0.04284108675459731	false	0.5
schwer	neg 1.0		neg 0.48661034606119014 off 0.4706113248219906 __DUMMY__ 0.042778329116819266	false	1.0
bedeutungslosigkeit	neg 1.0		neg 0.493096562924288 off 0.46407163525577977 __DUMMY__ 0.04283180181993237	false	1.0
kapitulation	neg 1.0		neg 0.49340763358816125 off 0.4639722643710969 __DUMMY__ 0.042620102040741924	false	1.0
unscharf	neg 1.0		neg 0.4847268035879186 off 0.4726634691931319 __DUMMY__ 0.042609727218949546	false	1.0
schwinden	neg 1.0		neg 0.49317189064578637 off 0.463992939376087 __DUMMY__ 0.04283516997812665	false	1.0
versklavung	neg 1.0		neg 0.4892321762315995 off 0.4683643903575615 __DUMMY__ 0.04240343341083911	false	1.0
schlecht	neg 1.0		neg 0.47981534951505694 off 0.47757490149805615 __DUMMY__ 0.04260974898688692	false	1.0
verhasst	neg 1.0		neg 0.4864340408386037 off 0.4709236208298869 __DUMMY__ 0.042642338331509294	false	1.0
beschweren	neg 1.0		neg 0.4850522491339566 off 0.4722817957160882 __DUMMY__ 0.042665955149955186	false	1.0
scheiden	neg 1.0		neg 0.48254499101620413 off 0.4743581895004586 __DUMMY__ 0.04309681948333717	false	1.0
frustriert	neg 1.0		neg 0.4878412615849697 off 0.46935853642444864 __DUMMY__ 0.04280020199058164	false	1.0
schimmelig	neg 1.0		neg 0.49014014361660274 off 0.4669542673689237 __DUMMY__ 0.042905589014473555	false	1.0
fisch	neg 1.0		neg 0.48826758021707733 off 0.4684880729833727 __DUMMY__ 0.04324434679955002	false	1.0
schmuggel	neg 1.0		neg 0.4892008155002866 off 0.4676059413674485 __DUMMY__ 0.043193243132265025	false	1.0
auffallen	neg 1.0		neg 0.4841395581815307 off 0.47319824964019813 __DUMMY__ 0.04266219217827121	false	1.0
konkurrenz	neg 1.0	neg 1.0	neg 0.7328589122916035 off 0.24657844724854427 __DUMMY__ 0.020562640459852195	false	1.0
teufelskreis	neg 1.0		neg 0.48792663576114875 off 0.46934692789285776 __DUMMY__ 0.04272643634599351	false	1.0
aufschreien	neg 1.0		neg 0.4852083681048503 off 0.4722161501853735 __DUMMY__ 0.04257548170977612	false	1.0
schuldner	neg 1.0		neg 0.49226680171867565 off 0.46484374699384606 __DUMMY__ 0.042889451287478286	false	1.0
missgeburt	off 1.0	off 1.0	off 0.7259545307882718 neg 0.25383708064343474 __DUMMY__ 0.0202083885682935	false	1.0
arbeitslos	neg 1.0		neg 0.49097452750948933 off 0.46640125628432555 __DUMMY__ 0.04262421620618526	false	1.0
befallen	neg 1.0		neg 0.4889575606491568 off 0.4682905650461572 __DUMMY__ 0.042751874304686	false	1.0
miesepetrig	off 1.0	off 1.0	off 0.7240881669224928 neg 0.2555275022762152 __DUMMY__ 0.020384330801291962	false	1.0
alarmieren	neg 1.0		neg 0.48420425916747095 off 0.4733766660681712 __DUMMY__ 0.042419074764357835	false	1.0
ungeduscht	off 1.0		neg 0.4823917070756448 off 0.47494388050611935 __DUMMY__ 0.04266441241823593	false	0.5
knappheit	neg 1.0		neg 0.4933595919522468 off 0.46403231931449035 __DUMMY__ 0.04260808873326294	false	1.0
schlange	neg 1.0		neg 0.4826502130687059 off 0.4744483344071016 __DUMMY__ 0.042901452524192446	false	1.0
harsch	neg 1.0		off 0.4817395880212685 neg 0.4757688685809636 __DUMMY__ 0.042491543397767916	false	0.5
lang	neg 1.0		neg 0.4860987593394621 off 0.471121944814642 __DUMMY__ 0.0427792958458958	false	1.0
ziellos	neg 1.0		neg 0.4880711440789267 off 0.46897855531155186 __DUMMY__ 0.042950300609521354	false	1.0
selbstverliebt	neg 1.0		off 0.4851533035234284 neg 0.47300076626779797 __DUMMY__ 0.041845930208773606	false	0.5
beseitigen	neg 1.0	neg 1.0	neg 0.7285107704974196 off 0.2508890071487216 __DUMMY__ 0.0206002223538588	false	1.0
dumm	off 1.0		off 0.4820390635063854 neg 0.47578201156348804 __DUMMY__ 0.04217892493012654	false	1.0
arbeitsloser	neg 1.0		neg 0.49015283543652144 off 0.4670299925257077 __DUMMY__ 0.042817172037770905	false	1.0
blitzen	neg 1.0		neg 0.4836518858897228 off 0.47370867187711707 __DUMMY__ 0.04263944223316024	false	1.0
hilflos	neg 1.0		neg 0.48817276554573413 off 0.46900147828239236 __DUMMY__ 0.04282575617187338	false	1.0
eklig	off 1.0		off 0.4828697985876692 neg 0.4749598231634384 __DUMMY__ 0.04217037824889242	false	1.0
begriff			neg 0.48947572245828935 off 0.46787096398984124 __DUMMY__ 0.04265331355186945	false	0.0
hungersnot	neg 1.0		neg 0.4879227625892983 off 0.46920056790673004 __DUMMY__ 0.0428766695039718	false	1.0
ungesetzlich	neg 1.0		neg 0.4908379577722721 off 0.4670354090682087 __DUMMY__ 0.042126633159519075	false	1.0
verschwendung	neg 1.0		neg 0.4914840182828405 off 0.4656674992059263 __DUMMY__ 0.04284848251123313	false	1.0
schmerzvoll	neg 1.0		neg 0.4845984702111579 off 0.47268970759397744 __DUMMY__ 0.042711822194864545	false	1.0
vorzeitig	neg 1.0		neg 0.4822189313532762 off 0.4750092376212691 __DUMMY__ 0.04277183102545471	false	1.0
unvollkommenheit	neg 1.0		neg 0.4850322158169743 off 0.47175092568444865 __DUMMY__ 0.043216858498576864	false	1.0
intervenieren	neg 1.0		neg 0.4937346391327679 off 0.4635841297094945 __DUMMY__ 0.04268123115773772	false	1.0
banause	off 1.0		off 0.48355587097891023 neg 0.47449164672061456 __DUMMY__ 0.04195248230047513	false	1.0
rebell	neg 1.0		neg 0.4938610187620584 off 0.4630998670726493 __DUMMY__ 0.04303911416529242	false	1.0
unlogisch	neg 1.0		off 0.4788517084015567 neg 0.47877224946555574 __DUMMY__ 0.0423760421328877	false	0.5
leiden	neg 1.0		neg 0.4871278316161591 off 0.46956016571348463 __DUMMY__ 0.04331200267035632	false	1.0
abschaffung	neg 1.0		neg 0.4892418044193979 off 0.4682944858790177 __DUMMY__ 0.04246370970158435	false	1.0
sturz	neg 1.0		neg 0.4862766410767825 off 0.4709142431250746 __DUMMY__ 0.04280911579814286	false	1.0
verkleinerung	neg 1.0		neg 0.4876137437121493 off 0.47010040603569536 __DUMMY__ 0.042285850252155296	false	1.0
schmarotzer	off 1.0		neg 0.49135901858700914 off 0.4660384185558909 __DUMMY__ 0.04260256285709996	false	0.5
bestrafung	neg 1.0		neg 0.48590067463222436 off 0.47144537995969477 __DUMMY__ 0.04265394540808091	false	1.0
achtlos	neg 1.0		neg 0.48584059801048907 off 0.471301318939064 __DUMMY__ 0.04285808305044687	false	1.0
ungeheuer	neg 1.0		neg 0.4829869322174875 off 0.4743163636350819 __DUMMY__ 0.04269670414743064	false	1.0
unaufrichtig	neg 1.0		neg 0.4872049239842106 off 0.4703691756123271 __DUMMY__ 0.042425900403462315	false	1.0
