unsolidarisch	neg 1.0		neg 0.49193648076702357 off 0.4657627339507877 __DUMMY__ 0.04230078528218874	false	1.0
nachteilig	neg 1.0		neg 0.4925171975766491 off 0.4647256233364941 __DUMMY__ 0.042757179086856764	false	1.0
skeptisch	neg 1.0		neg 0.4927011793418497 off 0.46445987900609936 __DUMMY__ 0.042838941652051044	false	1.0
schrecklich	neg 1.0		off 0.48031139548257973 neg 0.47728424867456687 __DUMMY__ 0.04240435584285344	false	0.5
schlapp	neg 1.0		neg 0.48106231764251567 off 0.4763122602058912 __DUMMY__ 0.042625422151593234	false	1.0
abfall	neg 1.0		neg 0.49497379850323703 off 0.46206493920642594 __DUMMY__ 0.042961262290337046	false	1.0
widerspenstig	neg 1.0		neg 0.48627689365936433 off 0.47093828242429653 __DUMMY__ 0.042784823916339074	false	1.0
abrupt	neg 1.0		neg 0.48964939599198887 off 0.46730257578993006 __DUMMY__ 0.043048028218081034	false	1.0
unwirksam	neg 1.0		neg 0.4906426933490329 off 0.4669497888685266 __DUMMY__ 0.04240751778244044	false	1.0
angreifen	neg 1.0	neg 1.0	neg 0.7321712700332916 off 0.24731863628338144 __DUMMY__ 0.020510093683327006	false	1.0
inkonsistent	neg 1.0		neg 0.4853521712343517 off 0.47188050072085996 __DUMMY__ 0.04276732804478829	false	1.0
abrutschen	neg 1.0		neg 0.4945311299647173 off 0.4625078867941182 __DUMMY__ 0.0429609832411645	false	1.0
unsicher	neg 1.0		neg 0.48620834855502937 off 0.4709916875510632 __DUMMY__ 0.04279996389390745	false	1.0
bauernkind	off 1.0	off 1.0	off 0.7239519202176785 neg 0.25592836847993267 __DUMMY__ 0.020119711302388935	false	1.0
angreifer	neg 1.0		neg 0.4848462428052074 off 0.47237597979865203 __DUMMY__ 0.04277777739614046	false	1.0
trennen	neg 1.0		neg 0.48815968590946596 off 0.468680822330577 __DUMMY__ 0.04315949175995709	false	1.0
schmutz	neg 1.0		neg 0.48130844262956995 off 0.47563462217274866 __DUMMY__ 0.0430569351976814	false	1.0
inkonsistenz	neg 1.0		neg 0.4859408373223616 off 0.4717610445106951 __DUMMY__ 0.04229811816694321	false	1.0
erschreckend	neg 1.0		neg 0.48907098355996165 off 0.468249530470192 __DUMMY__ 0.04267948596984634	false	1.0
ertrinken	neg 1.0		neg 0.48860679233671933 off 0.4683676417160596 __DUMMY__ 0.043025565947220984	false	1.0
pickelface	off 1.0		neg 0.48931652440799656 off 0.4679129173229237 __DUMMY__ 0.04277055826907957	false	0.5
seiner			neg 0.49063696204423213 off 0.46638679134487926 __DUMMY__ 0.042976246610888544	false	0.0
lauch	neg 1.0		neg 0.4953877786445103 off 0.4617472711202898 __DUMMY__ 0.04286495023520008	false	1.0
unwichtig	neg 1.0		neg 0.48290425068077975 off 0.4745981538192339 __DUMMY__ 0.042497595499986385	false	1.0
steuerhinterziehung	neg 1.0		neg 0.4913414366257237 off 0.46609657801742194 __DUMMY__ 0.04256198535685429	false	1.0
schock	neg 1.0		neg 0.48532358255883257 off 0.47167626429888504 __DUMMY__ 0.04300015314228244	false	1.0
beule	neg 1.0		neg 0.48050845736704545 off 0.47685523379044337 __DUMMY__ 0.042636308842511204	false	1.0
vergelten	neg 1.0		off 0.4807773203906574 neg 0.47655427486127433 __DUMMY__ 0.042668404748068135	false	0.5
verdorbenheit	neg 1.0		neg 0.48669491854785685 off 0.47048331558565554 __DUMMY__ 0.042821765866487636	false	1.0
trauma	neg 1.0		neg 0.4858162898764244 off 0.4714627315372692 __DUMMY__ 0.042720978586306434	false	1.0
sinnlos	neg 1.0		neg 0.4835271869801476 off 0.47371540115131344 __DUMMY__ 0.04275741186853885	false	1.0
fettsack	off 1.0	off 1.0	off 0.7260660664251021 neg 0.25372004416905003 __DUMMY__ 0.020213889405847965	false	1.0
feige	off 1.0	off 1.0	off 0.7226288412924442 neg 0.25708885628150485 __DUMMY__ 0.020282302426051012	false	1.0
abdanken	neg 1.0		neg 0.4898591771538646 off 0.46754875717058936 __DUMMY__ 0.042592065675545944	false	1.0
wichtigtuer	off 1.0	off 1.0	off 0.7211526916056183 neg 0.25848852786680093 __DUMMY__ 0.020358780527580785	false	1.0
misslingen	neg 1.0		neg 0.48160133206262573 off 0.4752765859740803 __DUMMY__ 0.04312208196329397	false	1.0
untreu	off 1.0		neg 0.4818200097093403 off 0.47574053229045155 __DUMMY__ 0.042439458000208055	false	0.5
missmutig	neg 1.0		neg 0.48219061834473526 off 0.47525542803816334 __DUMMY__ 0.04255395361710148	false	1.0
hurenbock	off 1.0		neg 0.4842878783363637 off 0.47290284226912366 __DUMMY__ 0.042809279394512637	false	0.5
betrunken	neg 1.0		off 0.47972259655077865 neg 0.47763990341567636 __DUMMY__ 0.042637500033545085	false	0.5
korrupt	off 1.0		neg 0.493246903025786 off 0.46428806642665876 __DUMMY__ 0.04246503054755526	false	0.5
unmut	neg 1.0		neg 0.49534658287697453 off 0.46174129120441054 __DUMMY__ 0.04291212591861489	false	1.0
hackfresse	off 1.0		off 0.4826065480537783 neg 0.47523979113412285 __DUMMY__ 0.04215366081209886	false	1.0
aufblasen	neg 1.0		neg 0.4838807830595136 off 0.4732782318968492 __DUMMY__ 0.04284098504363704	false	1.0
gewaltsam	neg 1.0		neg 0.4874257135752963 off 0.469764851823969 __DUMMY__ 0.04280943460073482	false	1.0
unbeliebtheit	neg 1.0		neg 0.48827872093800184 off 0.46967047480896906 __DUMMY__ 0.042050804253029116	false	1.0
sturheit	neg 1.0		neg 0.4893562588174791 off 0.4679862433005852 __DUMMY__ 0.04265749788193578	false	1.0
kuh	neg 1.0		neg 0.488378858454778 off 0.46911180223051907 __DUMMY__ 0.042509339314703	false	1.0
erschrecken	neg 1.0		neg 0.4819861515734401 off 0.4753493558587768 __DUMMY__ 0.04266449256778311	false	1.0
opfer	neg 1.0		neg 0.48936787427903167 off 0.46768260332905065 __DUMMY__ 0.042949522391917655	false	1.0
sinken	neg 1.0		neg 0.49409902342217144 off 0.46294974562400065 __DUMMY__ 0.042951230953827815	false	1.0
stinktier	neg 1.0		off 0.47933077899395765 neg 0.4784450416449582 __DUMMY__ 0.04222417936108405	false	0.5
tucke	off 1.0		off 0.4806668542422655 neg 0.4774612904895499 __DUMMY__ 0.04187185526818464	false	1.0
ein			neg 0.4851733625276665 off 0.4720260637672845 __DUMMY__ 0.042800573705049125	false	0.0
abstieg	neg 1.0		neg 0.4893752934284749 off 0.4675640598126999 __DUMMY__ 0.04306064675882531	false	1.0
missverstehen	neg 1.0		neg 0.4853845238455732 off 0.47206575371425685 __DUMMY__ 0.04254972244016994	false	1.0
ergebnislos	neg 1.0		neg 0.4921351070038296 off 0.46504653295150067 __DUMMY__ 0.04281836004466964	false	1.0
unter			neg 0.49572688116570196 off 0.4608553972491532 __DUMMY__ 0.043417721585144835	false	0.0
manipulieren	neg 1.0		neg 0.49265231294114453 off 0.4645131391843819 __DUMMY__ 0.04283454787447352	false	1.0
unbewiesen	neg 1.0		neg 0.49234958830055303 off 0.46542278242005697 __DUMMY__ 0.042227629279389875	false	1.0
verschleppen	neg 1.0		neg 0.489962745858727 off 0.46722036659954963 __DUMMY__ 0.042816887541723414	false	1.0
weib	off 1.0		off 0.4823683161956914 neg 0.47549675129398666 __DUMMY__ 0.04213493251032197	false	1.0
opposition	neg 1.0		neg 0.4870344985450938 off 0.4704584351267869 __DUMMY__ 0.04250706632811931	false	1.0
verkehrswidrig	neg 1.0	neg 1.0	neg 0.7215529267674118 off 0.25784183495976676 __DUMMY__ 0.020605238272821503	false	1.0
inkorrekt	neg 1.0		neg 0.48262196014194303 off 0.47516591759419563 __DUMMY__ 0.042212122263861375	false	1.0
vermeiden	neg 1.0		neg 0.49551351606835436 off 0.46134022966836236 __DUMMY__ 0.043146254263283314	false	1.0
abweichung	neg 1.0		neg 0.4920811021535395 off 0.465159392900737 __DUMMY__ 0.04275950494572351	false	1.0
alkoholisiert	neg 1.0		neg 0.487351014984116 off 0.469345790812345 __DUMMY__ 0.04330319420353897	false	1.0
scheiss	off 1.0	off 1.0	off 0.723785237885962 neg 0.25583993444865083 __DUMMY__ 0.020374827665387268	false	1.0
herausforderung	neg 1.0	neg 1.0	neg 0.728859515134963 off 0.2503104725449168 __DUMMY__ 0.02083001232012018	false	1.0
pervers	off 1.0		off 0.4857244777057097 neg 0.4722362426878061 __DUMMY__ 0.042039279606484285	false	1.0
wackelig	neg 1.0		neg 0.4863171110868845 off 0.47057863828756336 __DUMMY__ 0.04310425062555209	false	1.0
verwickeln	neg 1.0		neg 0.4856298072638847 off 0.47182858784685794 __DUMMY__ 0.042541604889257456	false	1.0
vorwand	neg 1.0		neg 0.4928278768321929 off 0.4642572394101167 __DUMMY__ 0.04291488375769039	false	1.0
muschi	off 1.0		neg 0.48880046086141715 off 0.4684309066288415 __DUMMY__ 0.04276863250974134	false	0.5
entmutigung	neg 1.0		neg 0.4882582959630787 off 0.4692990236400627 __DUMMY__ 0.042442680396858605	false	1.0
unangemessen	neg 1.0		neg 0.49043786954133395 off 0.4669026883511224 __DUMMY__ 0.042659442107543646	false	1.0
unstetig	neg 1.0		neg 0.4844652643952453 off 0.4726981078637396 __DUMMY__ 0.042836627741015265	false	1.0
entmutigen	neg 1.0		neg 0.48561132076268637 off 0.4716995084080622 __DUMMY__ 0.04268917082925147	false	1.0
schwanz	neg 1.0		neg 0.49130459661430853 off 0.46577806261550064 __DUMMY__ 0.04291734077019094	false	1.0
verbot	neg 1.0		neg 0.4920358634615446 off 0.46534589679122856 __DUMMY__ 0.042618239747226894	false	1.0
leid	neg 1.0		off 0.48194482949688094 neg 0.47564755126973657 __DUMMY__ 0.04240761923338241	false	0.5
archaisch	neg 1.0		neg 0.48890977132622604 off 0.46827725291114514 __DUMMY__ 0.042812975762628734	false	1.0
gegen			neg 0.49244306802688265 off 0.46451251321133435 __DUMMY__ 0.043044418761783054	false	0.0
scheidung	neg 1.0		off 0.4901532139791168 neg 0.46781011542892775 __DUMMY__ 0.0420366705919554	false	0.5
einschlag	neg 1.0	neg 1.0	neg 0.7242935711297672 off 0.25532913446051037 __DUMMY__ 0.020377294409722354	false	1.0
m			neg 0.4880261475704331 off 0.4690455961386837 __DUMMY__ 0.042928256290883225	false	0.0
abgestanden	neg 1.0		neg 0.48495240906599363 off 0.4722308883802279 __DUMMY__ 0.04281670255377842	false	1.0
schmierig	off 1.0		off 0.48133622681513705 neg 0.47624513254333917 __DUMMY__ 0.042418640641523696	false	1.0
unpraktisch	neg 1.0		neg 0.48402178609036167 off 0.4731046864073813 __DUMMY__ 0.04287352750225708	false	1.0
wixxer	off 1.0		off 0.4848378549761051 neg 0.47318360802673193 __DUMMY__ 0.04197853699716286	false	1.0
bezeichnet			neg 0.4882415733690393 off 0.4690811504593162 __DUMMY__ 0.042677276171644615	false	0.0
jammerlappen	off 1.0		neg 0.4823524713548968 off 0.4751179745103821 __DUMMY__ 0.042529554134720954	false	0.5
farce	neg 1.0		neg 0.49208330835264447 off 0.4654047504883756 __DUMMY__ 0.042511941158980014	false	1.0
zwecklos	neg 1.0		neg 0.49012535209522756 off 0.46717997191014976 __DUMMY__ 0.042694675994622615	false	1.0
turbulent	neg 1.0		neg 0.4822894828156483 off 0.47525018539357117 __DUMMY__ 0.042460331790780605	false	1.0
invasion	neg 1.0		neg 0.4838335985463628 off 0.4734460623947728 __DUMMY__ 0.04272033905886436	false	1.0
schuld	neg 1.0		neg 0.48640608434419463 off 0.47091886152911877 __DUMMY__ 0.04267505412668643	false	1.0
risiko	neg 1.0		neg 0.4851985440440311 off 0.47193466196729666 __DUMMY__ 0.04286679398867225	false	1.0
finster	neg 1.0		neg 0.48493203635634724 off 0.4722830535939165 __DUMMY__ 0.04278491004973642	false	1.0
geisteskrank	off 1.0		neg 0.48183194470438573 off 0.4758080582697731 __DUMMY__ 0.0423599970258412	false	0.5
zusammenbrechen	neg 1.0		neg 0.4874843650178612 off 0.46964115133847245 __DUMMY__ 0.0428744836436664	false	1.0
ausbeute	neg 1.0		neg 0.4891628495844181 off 0.4677270112858572 __DUMMY__ 0.0431101391297247	false	1.0
hinterhalt	neg 1.0		neg 0.48699615105103383 off 0.47003507792389954 __DUMMY__ 0.042968771025066535	false	1.0
kritik	neg 1.0		neg 0.4916970587544708 off 0.46573357120552916 __DUMMY__ 0.042569370039999985	false	1.0
einschrumpfen	neg 1.0		neg 0.48649120344339036 off 0.4711189844858814 __DUMMY__ 0.04238981207072827	false	1.0
riskant	neg 1.0		neg 0.49134407295402904 off 0.46585936528444266 __DUMMY__ 0.042796561761528226	false	1.0
frustrieren	neg 1.0		neg 0.4906992992533667 off 0.4664686265179787 __DUMMY__ 0.042832074228654544	false	1.0
groll	neg 1.0		neg 0.4893796377875648 off 0.46781818472400755 __DUMMY__ 0.042802177488427635	false	1.0
gibt			neg 0.48908099960113877 off 0.4681463171537704 __DUMMY__ 0.042772683245090724	false	0.0
qualvoll	neg 1.0		neg 0.48194515395081977 off 0.47529047910163513 __DUMMY__ 0.04276436694754499	false	1.0
wackeln	neg 1.0	neg 1.0	neg 0.7274414663888278 off 0.25197369183408985 __DUMMY__ 0.020584841777082297	false	1.0
klagen	neg 1.0		neg 0.49439675354427254 off 0.46266645824269254 __DUMMY__ 0.04293678821303497	false	1.0
bankrott	neg 1.0		neg 0.482490344266204 off 0.47486256422740564 __DUMMY__ 0.042647091506390324	false	1.0
trauern	neg 1.0		neg 0.4893045832481509 off 0.46771289264798405 __DUMMY__ 0.04298252410386503	false	1.0
ablehnung	neg 1.0		neg 0.4915545087084712 off 0.46586754471577285 __DUMMY__ 0.04257794657575594	false	1.0
stur	neg 1.0		neg 0.4864169186091086 off 0.4709857199307457 __DUMMY__ 0.0425973614601456	false	1.0
aufruhr	neg 1.0		neg 0.48778255388953123 off 0.4694270295368417 __DUMMY__ 0.0427904165736271	false	1.0
melancholie	neg 1.0		neg 0.4882615430986073 off 0.46881530647244507 __DUMMY__ 0.04292315042894768	false	1.0
ist			neg 0.4851751951867022 off 0.4721501782272377 __DUMMY__ 0.042674626586060097	false	0.0
torheit	neg 1.0		neg 0.48790424368584456 off 0.4695426035875888 __DUMMY__ 0.04255315272656666	false	1.0
dreckskind	off 1.0		off 0.480295911827916 neg 0.4775672526851496 __DUMMY__ 0.04213683548693447	false	1.0
umtauschen	neg 1.0		neg 0.48695580363293955 off 0.47026297989087745 __DUMMY__ 0.04278121647618294	false	1.0
zum			neg 0.49201305254606365 off 0.46453135481146773 __DUMMY__ 0.04345559264246865	false	0.0
zersetzen	neg 1.0		neg 0.4935696254995944 off 0.4636721058863247 __DUMMY__ 0.04275826861408082	false	1.0
zur			neg 0.49546202739998313 off 0.4613138261806766 __DUMMY__ 0.043224146419340186	false	0.0
frust	neg 1.0		neg 0.48804705888922123 off 0.4691071623692386 __DUMMY__ 0.042845778741540136	false	1.0
unerbittlichkeit	neg 1.0		neg 0.4930167063329815 off 0.4641878038752677 __DUMMY__ 0.04279548979175079	false	1.0
zwei			neg 0.4908699873609618 off 0.46583692885657557 __DUMMY__ 0.0432930837824626	false	0.0
unkorrekt	neg 1.0		neg 0.482734670968704 off 0.47513657660551595 __DUMMY__ 0.04212875242577992	false	1.0
hexe	off 1.0		neg 0.481605749379965 off 0.4758931582029693 __DUMMY__ 0.04250109241706578	false	0.5
lasch	neg 1.0		neg 0.48538934163407177 off 0.4722060160858509 __DUMMY__ 0.04240464228007744	false	1.0
rivale	neg 1.0		neg 0.47879914268195106 off 0.4786871620537703 __DUMMY__ 0.04251369526427869	false	1.0
mutlos	off 1.0	off 1.0	off 0.7171726309921294 neg 0.2624094766741432 __DUMMY__ 0.020417892333727403	false	1.0
wirr	off 1.0		neg 0.4820551446980493 off 0.47579328543232297 __DUMMY__ 0.04215156986962787	false	0.5
jahr			neg 0.48965006636482533 off 0.46716951632427106 __DUMMY__ 0.04318041731090349	false	0.0
wird			neg 0.4899401547915925 off 0.46720078349787764 __DUMMY__ 0.04285906171052994	false	0.0
strafbar	neg 1.0		neg 0.49189663850078097 off 0.46536898464281556 __DUMMY__ 0.04273437685640329	false	1.0
erosion	neg 1.0		neg 0.48486065611446233 off 0.4722793390427171 __DUMMY__ 0.04286000484282067	false	1.0
eingehen	neg 1.0		neg 0.4913254361992472 off 0.4660015305765027 __DUMMY__ 0.042673033224250125	false	1.0
faul	off 1.0		neg 0.4815193920023265 off 0.47578795543805413 __DUMMY__ 0.04269265255961939	false	0.5
provisorium	neg 1.0		neg 0.4969691119465611 off 0.4597019980700662 __DUMMY__ 0.04332888998337262	false	1.0
schmerzen	neg 1.0		neg 0.4862211282914332 off 0.47097919277858247 __DUMMY__ 0.042799678929984326	false	1.0
schrumpfen	neg 1.0		neg 0.4977782964387003 off 0.4592676797596715 __DUMMY__ 0.0429540238016282	false	1.0
geistlos	off 1.0		neg 0.48843804825502996 off 0.46929656252935914 __DUMMY__ 0.04226538921561088	false	0.5
fehlkauf	neg 1.0		neg 0.48544612521312747 off 0.47189963430599247 __DUMMY__ 0.0426542404808802	false	1.0
frustrierend	neg 1.0		neg 0.4817418463245191 off 0.4755470005418234 __DUMMY__ 0.04271115313365746	false	1.0
unzufrieden	neg 1.0		neg 0.49052042995970646 off 0.466801290725366 __DUMMY__ 0.042678279314927514	false	1.0
verzweifeln	neg 1.0		neg 0.48724479199730175 off 0.4699818025443467 __DUMMY__ 0.0427734054583515	false	1.0
verzweifelt	neg 1.0		neg 0.4856585309111228 off 0.4716858109275795 __DUMMY__ 0.04265565816129761	false	1.0
misstrauensantrag	neg 1.0		neg 0.48562009357056724 off 0.4718203525646931 __DUMMY__ 0.04255955386473957	false	1.0
abfallen	neg 1.0		neg 0.48345594631740063 off 0.4736524648160345 __DUMMY__ 0.04289158886656482	false	1.0
fucker	off 1.0		neg 0.48087802755266534 off 0.47671991972731925 __DUMMY__ 0.042402052720015446	false	0.5
ungezogen	neg 1.0		off 0.48503729458948636 neg 0.47276191736162787 __DUMMY__ 0.04220078804888588	false	0.5
irrsinnig	neg 1.0	neg 1.0	neg 0.7291049955017339 off 0.2505036943103166 __DUMMY__ 0.02039131018794948	false	1.0
unfassbar	neg 1.0		neg 0.4820186257879105 off 0.47551538702970025 __DUMMY__ 0.04246598718238925	false	1.0
hart	neg 1.0		neg 0.48344006527191896 off 0.4739605317739289 __DUMMY__ 0.04259940295415207	false	1.0
widerlich	off 1.0		neg 0.4818588936653499 off 0.4757783954616342 __DUMMY__ 0.042362710873015894	false	0.5
fatal	neg 1.0		neg 0.4851048203949197 off 0.4722412323605231 __DUMMY__ 0.04265394724455727	false	1.0
bruch	neg 1.0		neg 0.4949125855065024 off 0.4622256841585813 __DUMMY__ 0.0428617303349164	false	1.0
aushungern	neg 1.0		neg 0.4903549086511487 off 0.46706741441140975 __DUMMY__ 0.04257767693744145	false	1.0
anspannung	neg 1.0	neg 1.0	neg 0.7314232572995549 off 0.24769668551374588 __DUMMY__ 0.02088005718669919	false	1.0
von			neg 0.4907747029038912 off 0.4660641655604028 __DUMMY__ 0.04316113153570605	false	0.0
kraftlos	neg 1.0		neg 0.48668324812303554 off 0.4702915129920377 __DUMMY__ 0.043025238884926806	false	1.0
vom			neg 0.4949658590938489 off 0.4615972799735276 __DUMMY__ 0.04343686093262351	false	0.0
grenzdebil	off 1.0		neg 0.48041045451794967 off 0.47710199528121144 __DUMMY__ 0.04248755020083889	false	0.5
vor			neg 0.4915709151326407 off 0.4653960787592075 __DUMMY__ 0.043033006108151826	false	0.0
unterwerfen	neg 1.0		neg 0.4909790007045934 off 0.46618322622037445 __DUMMY__ 0.042837773075032046	false	1.0
versenkung	neg 1.0		neg 0.49133148509616903 off 0.46582429411202564 __DUMMY__ 0.04284422079180532	false	1.0
entziehen	neg 1.0		neg 0.4937282579490101 off 0.4633506765645973 __DUMMY__ 0.04292106548639258	false	1.0
finanzkrise	neg 1.0		neg 0.4904635081460733 off 0.4669967900999072 __DUMMY__ 0.04253970175401948	false	1.0
schimpfend	neg 1.0		neg 0.4836516384176566 off 0.47345072023803836 __DUMMY__ 0.04289764134430508	false	1.0
profan	neg 1.0		neg 0.48413076248364917 off 0.4732467696422702 __DUMMY__ 0.042622467874080645	false	1.0
korruption	neg 1.0	neg 1.0	neg 0.7319916966743176 off 0.24761104665823186 __DUMMY__ 0.02039725666745045	false	1.0
â			neg 0.4893380345836326 off 0.4677257563205025 __DUMMY__ 0.04293620909586494	false	0.0
schmutzig	neg 1.0		neg 0.47990456262668924 off 0.477491063828092 __DUMMY__ 0.0426043735452188	false	1.0
sexy	neg 1.0		neg 0.48310956813375333 off 0.47424247964798416 __DUMMY__ 0.04264795221826249	false	1.0
abraten	neg 1.0		neg 0.48475615281107415 off 0.47255527374404616 __DUMMY__ 0.0426885734448797	false	1.0
schwarz	neg 1.0		neg 0.486072530445535 off 0.47129122554896 __DUMMY__ 0.04263624400550503	false	1.0
fotze	off 1.0		neg 0.49092030281969373 off 0.4662454678229249 __DUMMY__ 0.04283422935738137	false	0.5
verwirren	neg 1.0		neg 0.48380968695030413 off 0.47356146158158263 __DUMMY__ 0.0426288514681131	false	1.0
zahnlos	off 1.0		neg 0.490389404433828 off 0.46692505627498704 __DUMMY__ 0.04268553929118493	false	0.5
verheeren	neg 1.0		off 0.48739092640726484 neg 0.47028266343416986 __DUMMY__ 0.04232641015856534	false	0.5
hippie	neg 1.0		neg 0.4839892703813415 off 0.4733809017784493 __DUMMY__ 0.042629827840209175	false	1.0
rammen	neg 1.0		neg 0.4865256545653669 off 0.47082126228027354 __DUMMY__ 0.042653083154359644	false	1.0
unlauter	neg 1.0		neg 0.4910596415822164 off 0.4666560728862731 __DUMMY__ 0.042284285531510486	false	1.0
unheilvoll	neg 1.0		neg 0.4820958942686196 off 0.4750239388262893 __DUMMY__ 0.04288016690509114	false	1.0
niedrig	neg 1.0		neg 0.4908958055073042 off 0.46616321330023264 __DUMMY__ 0.04294098119246321	false	1.0
explosion	neg 1.0		neg 0.4851847497900659 off 0.4722333456477089 __DUMMY__ 0.0425819045622252	false	1.0
weichei	off 1.0		off 0.481493001112981 neg 0.47626565035439566 __DUMMY__ 0.04224134853262327	false	1.0
minusmensch	off 1.0		off 0.4822309358663209 neg 0.47593811334338115 __DUMMY__ 0.041830950790298006	false	1.0
farblos	neg 1.0		neg 0.4836336985140749 off 0.4731969497559391 __DUMMY__ 0.04316935172998599	false	1.0
unwissend	neg 1.0	neg 1.0	neg 0.7269673830351543 off 0.2527333506126384 __DUMMY__ 0.020299266352207312	false	1.0
traurig	neg 1.0		off 0.47948823687892383 neg 0.47804716182498946 __DUMMY__ 0.04246460129608678	false	0.5
senkung	neg 1.0		neg 0.4866262343498783 off 0.470968601543584 __DUMMY__ 0.042405164106537614	false	1.0
ungleich	neg 1.0	neg 1.0	neg 0.7326786981413291 off 0.24690303657993456 __DUMMY__ 0.020418265278736306	false	1.0
heikel	neg 1.0		neg 0.493078258778663 off 0.46414075997206816 __DUMMY__ 0.042780981249268796	false	1.0
drosselung	neg 1.0		neg 0.4800820361597924 off 0.4773414992182595 __DUMMY__ 0.042576464621948175	false	1.0
falsch	neg 1.0		neg 0.48244206715699745 off 0.4749472102759749 __DUMMY__ 0.04261072256702764	false	1.0
unzufriedenheit	neg 1.0		neg 0.4933228680840983 off 0.46384035007332647 __DUMMY__ 0.04283678184257532	false	1.0
kurz	neg 1.0		neg 0.4868358812069967 off 0.4702142924801285 __DUMMY__ 0.04294982631287486	false	1.0
unsinnig	neg 1.0		neg 0.4906792933637375 off 0.4667291269544602 __DUMMY__ 0.04259157968180229	false	1.0
penner	off 1.0	off 1.0	off 0.727351696853405 neg 0.2524858382558265 __DUMMY__ 0.020162464890768533	false	1.0
seicht	neg 1.0		off 0.4826857510105592 neg 0.47533368959442207 __DUMMY__ 0.04198055939501864	false	0.5
dummheit	off 1.0	off 1.0	off 0.7212215919595077 neg 0.25844034236622815 __DUMMY__ 0.02033806567426406	false	1.0
unerfreulich	neg 1.0		neg 0.49270603696793797 off 0.46436058557324467 __DUMMY__ 0.04293337745881732	false	1.0
motherfucker	off 1.0	off 1.0	off 0.7235247256244957 neg 0.25621735583245636 __DUMMY__ 0.02025791854304786	false	1.0
pikiert	neg 1.0		neg 0.48313653194882766 off 0.47448339984234816 __DUMMY__ 0.04238006820882417	false	1.0
wrack	neg 1.0		neg 0.4879860938347573 off 0.4688782905936572 __DUMMY__ 0.04313561557158557	false	1.0
gangster	neg 1.0		neg 0.48396607047809076 off 0.47335606945636605 __DUMMY__ 0.04267786006554316	false	1.0
krank	neg 1.0		neg 0.4789293101534818 off 0.4784758918207729 __DUMMY__ 0.04259479802574542	false	1.0
reich	neg 1.0		neg 0.48384801789672216 off 0.47369292512967737 __DUMMY__ 0.04245905697360033	false	1.0
gnadenlos	neg 1.0		neg 0.4859036807017271 off 0.4713749763795526 __DUMMY__ 0.042721342918720207	false	1.0
niedergeschlagen	neg 1.0		neg 0.48624155073519804 off 0.4707923690667835 __DUMMY__ 0.04296608019801846	false	1.0
terrorisieren	off 1.0	off 1.0	off 0.7187120124448094 neg 0.2607390918121326 __DUMMY__ 0.02054889574305788	false	1.0
sinnlosigkeit	neg 1.0		neg 0.4897683755952215 off 0.46750567176026886 __DUMMY__ 0.04272595264450944	false	1.0
behindern	neg 1.0		neg 0.48870240497561745 off 0.4686253310385709 __DUMMY__ 0.042672263985811545	false	1.0
undemokratisch	neg 1.0		neg 0.4889979804244394 off 0.468549597690604 __DUMMY__ 0.04245242188495651	false	1.0
wirtschaftskrise	neg 1.0		neg 0.4920611574039409 off 0.4652568885553634 __DUMMY__ 0.042681954040695726	false	1.0
neid	neg 1.0		neg 0.47979315341216605 off 0.4774228789422554 __DUMMY__ 0.04278396764557861	false	1.0
rutschen	neg 1.0	neg 1.0	neg 0.7308787266560589 off 0.2483163865524717 __DUMMY__ 0.020804886791469485	false	1.0
rezession	neg 1.0		neg 0.4796381578560272 off 0.4781463644196552 __DUMMY__ 0.04221547772431759	false	1.0
fehlgeburt	neg 1.0		neg 0.4826700707417216 off 0.4744705862615718 __DUMMY__ 0.04285934299670661	false	1.0
charakterschwach	off 1.0		neg 0.48100302385773963 off 0.4765085866125233 __DUMMY__ 0.0424883895297369	false	0.5
isolation	neg 1.0		neg 0.48213596862771124 off 0.4751871804087628 __DUMMY__ 0.04267685096352598	false	1.0
ablenkung	neg 1.0		neg 0.4860445801298988 off 0.4711780570576497 __DUMMY__ 0.04277736281245153	false	1.0
pech	neg 1.0		neg 0.48248687433736176 off 0.47487488820374213 __DUMMY__ 0.042638237458896174	false	1.0
vermeidung	neg 1.0		neg 0.4821181326028674 off 0.4755280653419262 __DUMMY__ 0.04235380205520629	false	1.0
dominieren	neg 1.0		neg 0.4885136267310727 off 0.46846253853075515 __DUMMY__ 0.043023834738172194	false	1.0
schwindlig	neg 1.0		neg 0.4810457916153992 off 0.47600423135152203 __DUMMY__ 0.04294997703307863	false	1.0
lutscher	neg 1.0		off 0.4836342546581096 neg 0.47438452639170914 __DUMMY__ 0.041981218950181254	false	0.5
pflicht	neg 1.0		neg 0.493183147924874 off 0.46402002989221336 __DUMMY__ 0.042796822182912614	false	1.0
faschist	off 1.0		neg 0.48675645960575703 off 0.47085969913413517 __DUMMY__ 0.04238384126010779	false	0.5
verschleudern	neg 1.0		neg 0.49561979251033755 off 0.46193548039689336 __DUMMY__ 0.04244472709276925	false	1.0
wenn			neg 0.4823407430691696 off 0.47506612422710687 __DUMMY__ 0.04259313270372357	false	0.0
ehebruch	neg 1.0		neg 0.4907419794548379 off 0.4664703538210898 __DUMMY__ 0.04278766672407238	false	1.0
spott	off 1.0		neg 0.49254439019868124 off 0.4647637294720208 __DUMMY__ 0.04269188032929785	false	0.5
trostlosigkeit	neg 1.0		neg 0.4923170523123682 off 0.4646712269267629 __DUMMY__ 0.043011720760868816	false	1.0
lutschen	neg 1.0		neg 0.4856440534561031 off 0.4718265779462464 __DUMMY__ 0.042529368597650545	false	1.0
undiszipliniert	neg 1.0		off 0.47903374062928855 neg 0.4784330341732991 __DUMMY__ 0.04253322519741227	false	0.5
kopfschmerz	neg 1.0		neg 0.4865403835252964 off 0.47051768980229886 __DUMMY__ 0.04294192667240481	false	1.0
unvorhergesehen	neg 1.0		neg 0.48753559397062257 off 0.4693178436444272 __DUMMY__ 0.04314656238495023	false	1.0
desinteressiert	neg 1.0		neg 0.48011810681210726 off 0.47748365281450605 __DUMMY__ 0.04239824037338673	false	1.0
armselig	off 1.0		neg 0.4807652157116147 off 0.4770159876280998 __DUMMY__ 0.04221879666028553	false	0.5
desaster	neg 1.0		neg 0.49549330283941667 off 0.46162875294899175 __DUMMY__ 0.04287794421159157	false	1.0
tod	neg 1.0		neg 0.48702105467546264 off 0.46985354412754404 __DUMMY__ 0.04312540119699327	false	1.0
herzlos	neg 1.0		off 0.47889145402870764 neg 0.47877076427378606 __DUMMY__ 0.042337781697506315	false	0.5
unwissenheit	neg 1.0		neg 0.4918696957605316 off 0.4655681005884101 __DUMMY__ 0.042562203651058464	false	1.0
widersinnig	neg 1.0	neg 1.0	neg 0.7323161861312112 off 0.2473851311271325 __DUMMY__ 0.02029868274165634	false	1.0
bedenklich	neg 1.0		neg 0.4917895510401585 off 0.46548921001123783 __DUMMY__ 0.042721238948603676	false	1.0
beanstanden	neg 1.0		neg 0.49332560244750256 off 0.4638141327302533 __DUMMY__ 0.04286026482224419	false	1.0
panisch	neg 1.0	neg 1.0	neg 0.7257117498402064 off 0.253686910939883 __DUMMY__ 0.020601339219910645	false	1.0
debil	off 1.0		neg 0.49678949407742523 off 0.4600664292305116 __DUMMY__ 0.043144076692063056	false	0.5
abstrich	neg 1.0		neg 0.49042720547720015 off 0.46681457311721647 __DUMMY__ 0.042758221405583344	false	1.0
primitiv	neg 1.0		neg 0.48117876278141586 off 0.4764474815833014 __DUMMY__ 0.04237375563528275	false	1.0
abschaum	off 1.0	off 1.0	off 0.7225839562007755 neg 0.25709738478278465 __DUMMY__ 0.020318659016439863	false	1.0
provozieren	neg 1.0		neg 0.4870469056379475 off 0.4703183296839805 __DUMMY__ 0.042634764678072	false	1.0
tot	neg 1.0		neg 0.491310627610953 off 0.46589667501622833 __DUMMY__ 0.042792697372818746	false	1.0
instabil	neg 1.0		neg 0.48320856523908107 off 0.4745911733635614 __DUMMY__ 0.04220026139735749	false	1.0
schwuchtel	off 1.0		off 0.487875100241682 neg 0.47032912437322666 __DUMMY__ 0.04179577538509134	false	1.0
zerren	neg 1.0		neg 0.48625165041798896 off 0.4707885827602628 __DUMMY__ 0.04295976682174823	false	1.0
kinderficker	off 1.0		neg 0.4792116475644603 off 0.47873115418567314 __DUMMY__ 0.04205719824986657	false	0.5
gefahr	neg 1.0		neg 0.4923907747770873 off 0.46469966617598385 __DUMMY__ 0.04290955904692874	false	1.0
rabiat	neg 1.0		neg 0.4878116939094207 off 0.469543812223005 __DUMMY__ 0.04264449386757428	false	1.0
verlangsamung	neg 1.0		off 0.48265776912763003 neg 0.47512883464861727 __DUMMY__ 0.0422133962237527	false	0.5
ausgestorben	neg 1.0		neg 0.4860998568783445 off 0.471014552312198 __DUMMY__ 0.04288559080945754	false	1.0
anklagen	neg 1.0		neg 0.48976790439746654 off 0.46753522394228747 __DUMMY__ 0.0426968716602461	false	1.0
trott	neg 1.0		neg 0.4868554547464255 off 0.4703216408735994 __DUMMY__ 0.04282290437997516	false	1.0
verminderung	neg 1.0		neg 0.4806816202313573 off 0.4769330387092268 __DUMMY__ 0.042385341059415965	false	1.0
nach			neg 0.4908386808543539 off 0.4656467409572916 __DUMMY__ 0.04351457818835442	false	0.0
rost	neg 1.0		off 0.48229875058981125 neg 0.4753585579022835 __DUMMY__ 0.04234269150790541	false	0.5
destruktiv	neg 1.0		neg 0.48977492667572814 off 0.46770328558758106 __DUMMY__ 0.0425217877366908	false	1.0
unzumutbarkeit	neg 1.0		neg 0.4812780160298559 off 0.47607139030748696 __DUMMY__ 0.04265059366265724	false	1.0
labil	off 1.0	off 1.0	off 0.7225518565294876 neg 0.2571236268192153 __DUMMY__ 0.020324516651297208	false	1.0
ziemlich	neg 1.0		neg 0.48017432483487527 off 0.47724003979691043 __DUMMY__ 0.042585635368214234	false	1.0
lachnummer	off 1.0		neg 0.4885630586915186 off 0.46882088675209843 __DUMMY__ 0.04261605455638292	false	0.5
oder			neg 0.48522454389144204 off 0.4719225816367665 __DUMMY__ 0.04285287447179142	false	0.0
verfall	neg 1.0		neg 0.497049804322464 off 0.4599320062316235 __DUMMY__ 0.0430181894459126	false	1.0
ausgrenzung	neg 1.0		neg 0.48755078469039426 off 0.4699575056116159 __DUMMY__ 0.042491709697989766	false	1.0
unordnung	neg 1.0		neg 0.47976715975483986 off 0.4775484400995632 __DUMMY__ 0.04268440014559697	false	1.0
fehlverhalten	neg 1.0		neg 0.4927205135419862 off 0.46448035257832887 __DUMMY__ 0.04279913387968488	false	1.0
eine			neg 0.49226420806622506 off 0.4648165703403004 __DUMMY__ 0.04291922159347458	false	0.0
nille	neg 1.0		neg 0.48812371682410177 off 0.4690965041427505 __DUMMY__ 0.042779779033147725	false	1.0
qual	neg 1.0		neg 0.4872497262989346 off 0.46993943616870704 __DUMMY__ 0.04281083753235833	false	1.0
verschwenden	neg 1.0		neg 0.49088993223107846 off 0.46636879597443015 __DUMMY__ 0.04274127179449153	false	1.0
riesig	neg 1.0	neg 1.0	neg 0.7294810276057175 off 0.24985709175831683 __DUMMY__ 0.020661880635965614	false	1.0
verurteilen	neg 1.0		neg 0.4902074820213847 off 0.467075457723728 __DUMMY__ 0.04271706025488733	false	1.0
klischee	neg 1.0	neg 1.0	neg 0.728135217958369 off 0.25156137280296714 __DUMMY__ 0.02030340923866378	false	1.0
diktatorisch	neg 1.0		neg 0.4890554562721723 off 0.46856823174067985 __DUMMY__ 0.042376311987147856	false	1.0
vorhersehbar	neg 1.0	neg 1.0	neg 0.7282521490766249 off 0.25140651390587404 __DUMMY__ 0.02034133701750103	false	1.0
sowie			off 0.480688611677609 neg 0.47705358414158533 __DUMMY__ 0.04225780418080556	false	0.0
stornieren	neg 1.0		neg 0.48175720233891184 off 0.47512142573485194 __DUMMY__ 0.04312137192623618	false	1.0
besteuerung	neg 1.0		neg 0.48948034404919183 off 0.46810872545516885 __DUMMY__ 0.04241093049563929	false	1.0
ungeschminkt	neg 1.0		neg 0.4819893861842049 off 0.4756332001752577 __DUMMY__ 0.04237741364053733	false	1.0
kritisch	neg 1.0		neg 0.4920269694889637 off 0.46524470555751524 __DUMMY__ 0.04272832495352095	false	1.0
schlamperei	off 1.0		neg 0.4935606427588909 off 0.46372234963572745 __DUMMY__ 0.04271700760538177	false	0.5
sucht	neg 1.0	neg 1.0	neg 0.7281061055825838 off 0.25132482964555025 __DUMMY__ 0.020569064771865996	false	1.0
egoistisch	off 1.0		off 0.48186020969376375 neg 0.475838453887961 __DUMMY__ 0.042301336418275305	false	1.0
ausbeuter	off 1.0		neg 0.49396398303198774 off 0.4633385091062564 __DUMMY__ 0.04269750786175577	false	0.5
arschgeburt	off 1.0		off 0.48738792486244964 neg 0.4708805824184885 __DUMMY__ 0.04173149271906179	false	1.0
schubs	neg 1.0	neg 1.0	neg 0.729174922744651 off 0.250213552538878 __DUMMY__ 0.02061152471647102	false	1.0
unsolide	neg 1.0		neg 0.49099033644105866 off 0.46688831889512755 __DUMMY__ 0.042121344663813606	false	1.0
beschwerde	neg 1.0		neg 0.4933536675967109 off 0.4639372511375232 __DUMMY__ 0.042709081265765954	false	1.0
stocken	neg 1.0		neg 0.491437608426784 off 0.4657487884976994 __DUMMY__ 0.04281360307551655	false	1.0
isolieren	neg 1.0		neg 0.4912940524425298 off 0.46602415910701805 __DUMMY__ 0.0426817884504522	false	1.0
unheilbar	neg 1.0		neg 0.4843779945639847 off 0.47271398742494697 __DUMMY__ 0.04290801801106835	false	1.0
pisser	off 1.0		neg 0.4797720341766405 off 0.47776125093384736 __DUMMY__ 0.04246671488951201	false	0.5
löschen	neg 1.0		neg 0.4869863532585167 off 0.470260862823609 __DUMMY__ 0.042752783917874314	false	1.0
durchfallen	neg 1.0		neg 0.49143371881824266 off 0.4659563723128928 __DUMMY__ 0.042609908868864614	false	1.0
wichser	off 1.0		off 0.4864630030847901 neg 0.47143213161465525 __DUMMY__ 0.04210486530055453	false	1.0
terror	neg 1.0		neg 0.4826048819710244 off 0.4746061502080901 __DUMMY__ 0.04278896782088563	false	1.0
krass	neg 1.0		off 0.47942085592656203 neg 0.47826456199982237 __DUMMY__ 0.04231458207361568	false	0.5
revolte	neg 1.0		neg 0.48696293737776486 off 0.4705689038678004 __DUMMY__ 0.0424681587544346	false	1.0
besorgt	neg 1.0		neg 0.4865335828475416 off 0.47042796932047 __DUMMY__ 0.04303844783198854	false	1.0
nachlassen	neg 1.0		neg 0.49104450279790035 off 0.466071027169851 __DUMMY__ 0.04288447003224856	false	1.0
alt	neg 1.0		neg 0.4899875467272301 off 0.46717322896534713 __DUMMY__ 0.04283922430742271	false	1.0
hundesohn	off 1.0		off 0.4830736113905238 neg 0.4749312847960968 __DUMMY__ 0.04199510381337938	false	1.0
als			neg 0.4872847603982541 off 0.46977448361897994 __DUMMY__ 0.042940755982765914	false	0.0
abschreckung	neg 1.0		neg 0.49336892246502645 off 0.46370918054154703 __DUMMY__ 0.042921896993426426	false	1.0
unqualifiziert	neg 1.0		neg 0.4870622025719063 off 0.4706447225817486 __DUMMY__ 0.04229307484634502	false	1.0
abgewichst	off 1.0		neg 0.4882748689349866 off 0.46888404431041614 __DUMMY__ 0.04284108675459726	false	0.5
schwer	neg 1.0		neg 0.48661034606119 off 0.4706113248219907 __DUMMY__ 0.04277832911681928	false	1.0
bedeutungslosigkeit	neg 1.0		neg 0.4930965629242889 off 0.4640716352557788 __DUMMY__ 0.04283180181993234	false	1.0
kapitulation	neg 1.0		neg 0.49340763358816103 off 0.46397226437109707 __DUMMY__ 0.04262010204074188	false	1.0
unscharf	neg 1.0		neg 0.4847268035879182 off 0.4726634691931321 __DUMMY__ 0.042609727218949525	false	1.0
schwinden	neg 1.0		neg 0.4931718906457862 off 0.4639929393760871 __DUMMY__ 0.04283516997812663	false	1.0
versklavung	neg 1.0		neg 0.48923217623159965 off 0.4683643903575613 __DUMMY__ 0.04240343341083909	false	1.0
schlecht	neg 1.0		neg 0.4798153495150566 off 0.47757490149805654 __DUMMY__ 0.04260974898688687	false	1.0
verhasst	neg 1.0		neg 0.48643404083860353 off 0.4709236208298873 __DUMMY__ 0.04264233833150923	false	1.0
beschweren	neg 1.0		neg 0.48505224913395717 off 0.4722817957160876 __DUMMY__ 0.0426659551499552	false	1.0
scheiden	neg 1.0		neg 0.48254499101620385 off 0.47435818950045905 __DUMMY__ 0.043096819483337115	false	1.0
frustriert	neg 1.0		neg 0.48784126158496954 off 0.4693585364244488 __DUMMY__ 0.04280020199058167	false	1.0
schimmelig	neg 1.0		neg 0.4901401436166024 off 0.4669542673689241 __DUMMY__ 0.04290558901447355	false	1.0
fisch	neg 1.0		neg 0.488267580217077 off 0.46848807298337286 __DUMMY__ 0.04324434679955006	false	1.0
schmuggel	neg 1.0		neg 0.48920081550028666 off 0.4676059413674483 __DUMMY__ 0.04319324313226502	false	1.0
auffallen	neg 1.0		neg 0.4841395581815303 off 0.47319824964019835 __DUMMY__ 0.042662192178271253	false	1.0
konkurrenz	neg 1.0	neg 1.0	neg 0.7328589122916035 off 0.2465784472485443 __DUMMY__ 0.020562640459852188	false	1.0
teufelskreis	neg 1.0		neg 0.4879266357611486 off 0.46934692789285776 __DUMMY__ 0.042726436345993594	false	1.0
aufschreien	neg 1.0		neg 0.48520836810484985 off 0.4722161501853739 __DUMMY__ 0.042575481709776125	false	1.0
schuldner	neg 1.0		neg 0.49226680171867593 off 0.4648437469938458 __DUMMY__ 0.04288945128747827	false	1.0
missgeburt	off 1.0	off 1.0	off 0.725954530788272 neg 0.2538370806434344 __DUMMY__ 0.0202083885682935	false	1.0
arbeitslos	neg 1.0		neg 0.49097452750948956 off 0.46640125628432527 __DUMMY__ 0.042624216206185214	false	1.0
befallen	neg 1.0		neg 0.48895756064915674 off 0.46829056504615724 __DUMMY__ 0.042751874304685994	false	1.0
miesepetrig	off 1.0	off 1.0	off 0.7240881669224927 neg 0.2555275022762154 __DUMMY__ 0.02038433080129199	false	1.0
alarmieren	neg 1.0		neg 0.4842042591674716 off 0.4733766660681704 __DUMMY__ 0.0424190747643579	false	1.0
ungeduscht	off 1.0		neg 0.4823917070756446 off 0.47494388050611946 __DUMMY__ 0.0426644124182359	false	0.5
knappheit	neg 1.0		neg 0.4933595919522469 off 0.4640323193144903 __DUMMY__ 0.04260808873326293	false	1.0
schlange	neg 1.0		neg 0.48265021306870515 off 0.47444833440710227 __DUMMY__ 0.042901452524192515	false	1.0
harsch	neg 1.0		off 0.4817395880212689 neg 0.4757688685809631 __DUMMY__ 0.04249154339776791	false	0.5
lang	neg 1.0		neg 0.486098759339463 off 0.4711219448146411 __DUMMY__ 0.04277929584589578	false	1.0
ziellos	neg 1.0		neg 0.48807114407892743 off 0.4689785553115513 __DUMMY__ 0.04295030060952133	false	1.0
selbstverliebt	neg 1.0		off 0.48515330352342845 neg 0.47300076626779786 __DUMMY__ 0.04184593020877363	false	0.5
beseitigen	neg 1.0	neg 1.0	neg 0.7285107704974195 off 0.25088900714872175 __DUMMY__ 0.02060022235385878	false	1.0
dumm	off 1.0		off 0.48203906350638576 neg 0.4757820115634876 __DUMMY__ 0.04217892493012658	false	1.0
arbeitsloser	neg 1.0		neg 0.4901528354365212 off 0.4670299925257079 __DUMMY__ 0.04281717203777099	false	1.0
blitzen	neg 1.0		neg 0.48365188588972263 off 0.47370867187711696 __DUMMY__ 0.04263944223316025	false	1.0
hilflos	neg 1.0		neg 0.4881727655457338 off 0.4690014782823927 __DUMMY__ 0.0428257561718734	false	1.0
eklig	off 1.0		off 0.4828697985876698 neg 0.4749598231634377 __DUMMY__ 0.04217037824889242	false	1.0
begriff			neg 0.489475722458289 off 0.4678709639898415 __DUMMY__ 0.04265331355186948	false	0.0
hungersnot	neg 1.0		neg 0.4879227625892983 off 0.46920056790673004 __DUMMY__ 0.04287666950397179	false	1.0
ungesetzlich	neg 1.0		neg 0.4908379577722721 off 0.4670354090682088 __DUMMY__ 0.042126633159519054	false	1.0
verschwendung	neg 1.0		neg 0.4914840182828417 off 0.4656674992059252 __DUMMY__ 0.042848482511233216	false	1.0
schmerzvoll	neg 1.0		neg 0.484598470211158 off 0.4726897075939775 __DUMMY__ 0.042711822194864475	false	1.0
vorzeitig	neg 1.0		neg 0.4822189313532764 off 0.47500923762126873 __DUMMY__ 0.042771831025454725	false	1.0
unvollkommenheit	neg 1.0		neg 0.4850322158169748 off 0.4717509256844483 __DUMMY__ 0.04321685849857686	false	1.0
intervenieren	neg 1.0		neg 0.4937346391327681 off 0.4635841297094941 __DUMMY__ 0.04268123115773771	false	1.0
banause	off 1.0		off 0.48355587097891045 neg 0.4744916467206146 __DUMMY__ 0.0419524823004751	false	1.0
rebell	neg 1.0		neg 0.49386101876205835 off 0.4630998670726493 __DUMMY__ 0.043039114165292484	false	1.0
unlogisch	neg 1.0		off 0.4788517084015571 neg 0.47877224946555513 __DUMMY__ 0.04237604213288776	false	0.5
leiden	neg 1.0		neg 0.48712783161615897 off 0.4695601657134847 __DUMMY__ 0.04331200267035635	false	1.0
abschaffung	neg 1.0		neg 0.4892418044193979 off 0.46829448587901773 __DUMMY__ 0.042463709701584355	false	1.0
sturz	neg 1.0		neg 0.4862766410767825 off 0.47091424312507474 __DUMMY__ 0.042809115798142845	false	1.0
verkleinerung	neg 1.0		neg 0.4876137437121492 off 0.4701004060356953 __DUMMY__ 0.042285850252155366	false	1.0
schmarotzer	off 1.0		neg 0.491359018587009 off 0.4660384185558911 __DUMMY__ 0.042602562857099936	false	0.5
bestrafung	neg 1.0		neg 0.48590067463222464 off 0.4714453799596946 __DUMMY__ 0.042653945408080915	false	1.0
achtlos	neg 1.0		neg 0.48584059801048946 off 0.47130131893906363 __DUMMY__ 0.042858083050446846	false	1.0
ungeheuer	neg 1.0		neg 0.4829869322174879 off 0.47431636363508156 __DUMMY__ 0.042696704147430695	false	1.0
unaufrichtig	neg 1.0		neg 0.48720492398421106 off 0.47036917561232666 __DUMMY__ 0.042425900403462315	false	1.0
