unsolidarisch	neg 1.0		__DUMMY__ 0.473178525424005 neg 0.27191494164994046 off 0.2549065329260544	false	1.0
nachteilig	neg 1.0		__DUMMY__ 0.4779495189764407 neg 0.2702717400956578 off 0.25177874092790153	false	1.0
skeptisch	neg 1.0		__DUMMY__ 0.478738699845644 neg 0.27007341560849857 off 0.2511878845458576	false	1.0
schrecklich	neg 1.0		__DUMMY__ 0.4742606401344871 off 0.26771822351974445 neg 0.25802113634576856	false	0.5
schlapp	neg 1.0		__DUMMY__ 0.4765945778001655 off 0.26291725726593584 neg 0.26048816493389865	false	0.5
abfall	neg 1.0		__DUMMY__ 0.4800485483624093 neg 0.2715832717645392 off 0.24836817987305138	false	1.0
widerspenstig	neg 1.0		__DUMMY__ 0.47825158605567786 neg 0.26448988756367187 off 0.2572585263806503	false	1.0
abrupt	neg 1.0		__DUMMY__ 0.48107514633213594 neg 0.2662491908730762 off 0.2526756627947878	false	1.0
unwirksam	neg 1.0		__DUMMY__ 0.47433255402084185 neg 0.27030668949353903 off 0.255360756485619	false	1.0
angreifen	neg 1.0	neg 1.0	neg 0.6233730730593012 __DUMMY__ 0.23379507256165277 off 0.142831854379046	false	1.0
inkonsistent	neg 1.0		__DUMMY__ 0.4781339177885582 neg 0.263657504179909 off 0.25820857803153274	false	1.0
abrutschen	neg 1.0		__DUMMY__ 0.48000363564512455 neg 0.2712038874529249 off 0.2487924769019505	false	1.0
unsicher	neg 1.0		__DUMMY__ 0.47833911866713985 neg 0.2643075737858265 off 0.2573533075470338	false	1.0
bauernkind	off 1.0	off 1.0	off 0.6211553982508602 __DUMMY__ 0.22952673240296764 neg 0.14931786934617206	false	1.0
angreifer	neg 1.0		__DUMMY__ 0.4782159760074442 neg 0.26304949660557614 off 0.2587345273869796	false	1.0
trennen	neg 1.0		__DUMMY__ 0.4821071929806733 neg 0.2643516494448586 off 0.25354115757446805	false	1.0
schmutz	neg 1.0		__DUMMY__ 0.48123514708683796 off 0.2603548048089805 neg 0.2584100481041817	false	0.5
inkonsistenz	neg 1.0		__DUMMY__ 0.4731890232079035 neg 0.26642830912763515 off 0.26038266766446116	false	1.0
erschreckend	neg 1.0		__DUMMY__ 0.4770673358200157 neg 0.2675185135100267 off 0.2554141506699576	false	1.0
ertrinken	neg 1.0		__DUMMY__ 0.480710342043177 neg 0.265408700616427 off 0.25388095734039595	false	1.0
pickelface	off 1.0		__DUMMY__ 0.4780943691184514 neg 0.2672716828353904 off 0.25463394804615824	false	0.5
seiner			__DUMMY__ 0.4801714671278235 neg 0.2675128717220885 off 0.252315661150088	false	0.0
lauch	neg 1.0		__DUMMY__ 0.4790637247479298 neg 0.2724693361434105 off 0.2484669391086596	false	1.0
unwichtig	neg 1.0		__DUMMY__ 0.4752067905857084 neg 0.2627263574652165 off 0.26206685194907514	false	1.0
steuerhinterziehung	neg 1.0		__DUMMY__ 0.47593484911391787 neg 0.27008064846644364 off 0.2539845024196383	false	1.0
schock	neg 1.0		__DUMMY__ 0.48046402299478186 neg 0.2625110822013429 off 0.25702489480387525	false	1.0
beule	neg 1.0		__DUMMY__ 0.47674516331628575 off 0.263346056514777 neg 0.2599087801689372	false	0.5
vergelten	neg 1.0		__DUMMY__ 0.47715026671963645 off 0.2670081759734189 neg 0.2558415573069446	false	0.5
verdorbenheit	neg 1.0		__DUMMY__ 0.4786405209994744 neg 0.2647195382260491 off 0.2566399407744765	false	1.0
trauma	neg 1.0		__DUMMY__ 0.47748905929290814 neg 0.26435547799895787 off 0.2581554627081341	false	1.0
sinnlos	neg 1.0		__DUMMY__ 0.47789967667846744 neg 0.2620304215599245 off 0.2600699017616081	false	1.0
fettsack	off 1.0	off 1.0	off 0.6228155532621957 __DUMMY__ 0.23056208625603916 neg 0.1466223604817652	false	1.0
feige	off 1.0	off 1.0	off 0.6191619826476783 __DUMMY__ 0.23128240331757938 neg 0.14955561403474235	false	1.0
abdanken	neg 1.0		__DUMMY__ 0.47624365570600213 neg 0.268519271607457 off 0.2552370726865407	false	1.0
wichtigtuer	off 1.0	off 1.0	off 0.617335589977116 __DUMMY__ 0.2321283706755216 neg 0.1505360393473622	false	1.0
misslingen	neg 1.0		__DUMMY__ 0.48185579507571247 off 0.2597672250834296 neg 0.258376979840858	false	0.5
untreu	off 1.0		__DUMMY__ 0.4745995525171462 off 0.26336059191169586 neg 0.26203985557115783	false	1.0
missmutig	neg 1.0		__DUMMY__ 0.4758325288932057 off 0.26234786012773215 neg 0.261819610979062	false	0.5
hurenbock	off 1.0		__DUMMY__ 0.47861109044463124 neg 0.26243757324120187 off 0.25895133631416684	false	0.5
betrunken	neg 1.0		__DUMMY__ 0.47671468233080155 off 0.2660516842550383 neg 0.25723363341416	false	0.5
korrupt	off 1.0		__DUMMY__ 0.4748860681266213 neg 0.27231664428558183 off 0.2527972875877969	false	0.5
unmut	neg 1.0		__DUMMY__ 0.47951472097546 neg 0.27211981192748963 off 0.2483654670970503	false	1.0
hackfresse	off 1.0		__DUMMY__ 0.47167005710572857 off 0.27097617019866355 neg 0.25735377269560794	false	1.0
aufblasen	neg 1.0		__DUMMY__ 0.478806877442569 neg 0.2619973523577029 off 0.25919577019972817	false	1.0
gewaltsam	neg 1.0		__DUMMY__ 0.47853849567321044 neg 0.2652960472937861 off 0.2561654570330034	false	1.0
unbeliebtheit	neg 1.0		__DUMMY__ 0.47066036373220227 neg 0.2697781337796056 off 0.2595615024881921	false	1.0
sturheit	neg 1.0		__DUMMY__ 0.4768692906012903 neg 0.26781107610260996 off 0.2553196332960999	false	1.0
kuh	neg 1.0		__DUMMY__ 0.4754827679639481 neg 0.2677607698061842 off 0.25675646222986753	false	1.0
erschrecken	neg 1.0		__DUMMY__ 0.4769435400118387 off 0.2619521213960486 neg 0.26110433859211274	false	0.5
opfer	neg 1.0		__DUMMY__ 0.47991751757790535 neg 0.2664120665063954 off 0.2536704159156993	false	1.0
sinken	neg 1.0		__DUMMY__ 0.4800013813789838 neg 0.27077816861700804 off 0.24922045000400808	false	1.0
stinktier	neg 1.0		__DUMMY__ 0.4724499982148377 off 0.267615743628955 neg 0.25993425815620735	false	0.5
tucke	off 1.0		__DUMMY__ 0.46881444855402454 off 0.270406131057926 neg 0.2607794203880496	false	1.0
ein			__DUMMY__ 0.4784413422556077 neg 0.2633798212528813 off 0.25817883649151097	false	0.0
abstieg	neg 1.0		__DUMMY__ 0.48116950395700087 neg 0.26581836748375476 off 0.25301212855924443	false	1.0
missverstehen	neg 1.0		__DUMMY__ 0.47574680689578897 neg 0.26473592418883485 off 0.2595172689153762	false	1.0
ergebnislos	neg 1.0		__DUMMY__ 0.478591538366431 neg 0.2695958379658243 off 0.25181262366774465	false	1.0
unter			__DUMMY__ 0.4848039776564293 neg 0.27008222523730746 off 0.24511379710626316	false	0.0
manipulieren	neg 1.0		__DUMMY__ 0.47873575437942967 neg 0.2699901444907856 off 0.2512741011297848	false	1.0
unbewiesen	neg 1.0		__DUMMY__ 0.47242750170821357 neg 0.2726404402065599 off 0.2549320580852266	false	1.0
verschleppen	neg 1.0		__DUMMY__ 0.4786003009488572 neg 0.26754023078825206 off 0.2538594682628908	false	1.0
weib	off 1.0		__DUMMY__ 0.4715103986111101 off 0.2708428481406093 neg 0.25764675324828057	false	1.0
opposition	neg 1.0		__DUMMY__ 0.47534900498043275 neg 0.26652628839503356 off 0.2581247066245337	false	1.0
verkehrswidrig	neg 1.0	neg 1.0	neg 0.6124181097667332 __DUMMY__ 0.234938054076978 off 0.15264383615628893	false	1.0
inkorrekt	neg 1.0		__DUMMY__ 0.47229774078517744 off 0.2639430361244386 neg 0.26375922309038397	false	0.5
vermeiden	neg 1.0		__DUMMY__ 0.4820097825730877 neg 0.2711916661969919 off 0.24679855122992037	false	1.0
abweichung	neg 1.0		__DUMMY__ 0.47801404956380716 neg 0.2698232201831131 off 0.2521627302530797	false	1.0
alkoholisiert	neg 1.0		__DUMMY__ 0.48379976115672396 neg 0.26288141414700217 off 0.2533188246962739	false	1.0
scheiss	off 1.0	off 1.0	off 0.6197203722826164 __DUMMY__ 0.23235366310893585 neg 0.1479259646084477	false	1.0
herausforderung	neg 1.0	neg 1.0	neg 0.61840825207621 __DUMMY__ 0.23739508988092503 off 0.14419665804286497	false	1.0
pervers	off 1.0		__DUMMY__ 0.4705121806343399 off 0.27439091768238083 neg 0.25509690168327914	false	1.0
wackelig	neg 1.0		__DUMMY__ 0.4815609505305441 neg 0.2629765667675626 off 0.25546248270189326	false	1.0
verwickeln	neg 1.0		__DUMMY__ 0.4756595764895517 neg 0.26499876580438725 off 0.25934165770606105	false	1.0
vorwand	neg 1.0		__DUMMY__ 0.4795422438449876 neg 0.2697948924359397 off 0.2506628637190726	false	1.0
muschi	off 1.0		__DUMMY__ 0.4780518283883917 neg 0.2668030673742117 off 0.25514510423739656	false	0.5
entmutigung	neg 1.0		__DUMMY__ 0.4747094979366611 neg 0.2677765837538402 off 0.25751391830949877	false	1.0
unangemessen	neg 1.0		__DUMMY__ 0.47688456027332604 neg 0.2688212911731304 off 0.25429414855354365	false	1.0
unstetig	neg 1.0		__DUMMY__ 0.47891935983698514 neg 0.2624597760758089 off 0.25862086408720597	false	1.0
entmutigen	neg 1.0		__DUMMY__ 0.4772257096211041 neg 0.2642659307821325 off 0.2585083595967635	false	1.0
schwanz	neg 1.0		__DUMMY__ 0.4796423005471538 neg 0.2684207198631478 off 0.25193697958969846	false	1.0
verbot	neg 1.0		__DUMMY__ 0.4765011269210941 neg 0.27042802919628883 off 0.25307084388261697	false	1.0
leid	neg 1.0		__DUMMY__ 0.4743260676507594 off 0.2691884037663531 neg 0.2564855285828874	false	0.5
archaisch	neg 1.0		__DUMMY__ 0.47851203593214753 neg 0.26669625008930337 off 0.2547917139785491	false	1.0
gegen			__DUMMY__ 0.48092145328295655 neg 0.2687370936344161 off 0.25034145308262723	false	0.0
scheidung	neg 1.0		__DUMMY__ 0.4705851395135252 off 0.27857140897848165 neg 0.25084345150799314	false	0.5
einschlag	neg 1.0	neg 1.0	neg 0.6162901971739418 __DUMMY__ 0.23237707584581246 off 0.15133272698024583	false	1.0
m			__DUMMY__ 0.4796471069881523 neg 0.2654111286569096 off 0.2549417643549381	false	0.0
abgestanden	neg 1.0		__DUMMY__ 0.478672987829757 neg 0.26314452780128816 off 0.2581824843689547	false	1.0
schmierig	off 1.0		__DUMMY__ 0.47443161866416367 off 0.2685830490013387 neg 0.2569853323344976	false	1.0
unpraktisch	neg 1.0		__DUMMY__ 0.47916381802884717 neg 0.26199287347605527 off 0.2588433084950975	false	1.0
wixxer	off 1.0		__DUMMY__ 0.4698820207060489 off 0.2738468795552247 neg 0.2562710997387264	false	1.0
bezeichnet			__DUMMY__ 0.4770681215816956 neg 0.2667318693431386 off 0.2562000090751658	false	0.0
jammerlappen	off 1.0		__DUMMY__ 0.47553194352345135 off 0.262394570073049 neg 0.26207348640349964	false	1.0
farce	neg 1.0		__DUMMY__ 0.4754000194434645 neg 0.27100553532027666 off 0.2535944452362588	false	1.0
zwecklos	neg 1.0		__DUMMY__ 0.4772350072483444 neg 0.2683988452271087 off 0.25436614752454695	false	1.0
turbulent	neg 1.0		__DUMMY__ 0.47501744960100944 off 0.26274928861518887 neg 0.26223326178380163	false	0.5
invasion	neg 1.0		__DUMMY__ 0.47750599506659286 neg 0.26251445552036373 off 0.2599795494130435	false	1.0
schuld	neg 1.0		__DUMMY__ 0.4770274554001554 neg 0.2650812919810246 off 0.25789125261882	false	1.0
risiko	neg 1.0		__DUMMY__ 0.4791824043622491 neg 0.26291418420927065 off 0.2579034114284802	false	1.0
finster	neg 1.0		__DUMMY__ 0.47828685322857667 neg 0.2633104641370109 off 0.2584026826344123	false	1.0
geisteskrank	off 1.0		__DUMMY__ 0.4737817752509713 off 0.26384286698863707 neg 0.2623753577603916	false	1.0
zusammenbrechen	neg 1.0		__DUMMY__ 0.47910222393436896 neg 0.26512007833538326 off 0.25577769773024783	false	1.0
ausbeute	neg 1.0		__DUMMY__ 0.4817224089057723 neg 0.2655298671155687 off 0.2527477239786591	false	1.0
hinterhalt	neg 1.0		__DUMMY__ 0.4802717580166372 neg 0.2641401913479811 off 0.2555880506353816	false	1.0
kritik	neg 1.0		__DUMMY__ 0.47599386225833024 neg 0.270359915116597 off 0.2536462226250728	false	1.0
einschrumpfen	neg 1.0		__DUMMY__ 0.4741193733383533 neg 0.26654344885273723 off 0.2593371778089093	false	1.0
riskant	neg 1.0		__DUMMY__ 0.47828040000555655 neg 0.2690473195423652 off 0.25267228045207835	false	1.0
frustrieren	neg 1.0		__DUMMY__ 0.4786657476224923 neg 0.26827112736566006 off 0.2530631250118475	false	1.0
groll	neg 1.0		__DUMMY__ 0.4783817163284723 neg 0.2671386148425934 off 0.2544796688289343	false	1.0
gibt			__DUMMY__ 0.47803487727866156 neg 0.2670843504272192 off 0.2548807722941193	false	0.0
qualvoll	neg 1.0		__DUMMY__ 0.4780251521743205 off 0.26140724781809754 neg 0.26056760000758195	false	0.5
wackeln	neg 1.0	neg 1.0	neg 0.618362889540638 __DUMMY__ 0.23464515709366393 off 0.14699195336569798	false	1.0
klagen	neg 1.0		__DUMMY__ 0.47980343475782017 neg 0.2710906392576766 off 0.2491059259845034	false	1.0
bankrott	neg 1.0		__DUMMY__ 0.47677586042392367 neg 0.2616866882453343 off 0.26153745133074213	false	1.0
trauern	neg 1.0		__DUMMY__ 0.48030190584585514 neg 0.26618661668769933 off 0.2535114774664457	false	1.0
ablehnung	neg 1.0		__DUMMY__ 0.47607419804031276 neg 0.27017521812946704 off 0.2537505838302202	false	1.0
stur	neg 1.0		__DUMMY__ 0.47622515767203744 neg 0.2654774335003204 off 0.2582974088276421	false	1.0
aufruhr	neg 1.0		__DUMMY__ 0.4783245869465439 neg 0.2656998556982784 off 0.25597555735517785	false	1.0
melancholie	neg 1.0		__DUMMY__ 0.4797035455866664 neg 0.2656612670435603 off 0.25463518736977314	false	1.0
ist			__DUMMY__ 0.4770299339878429 neg 0.2639926181009115 off 0.2589774479112456	false	0.0
torheit	neg 1.0		__DUMMY__ 0.4758447618299025 neg 0.26694815834605096 off 0.2572070798240465	false	1.0
dreckskind	off 1.0		__DUMMY__ 0.4715212462998436 off 0.2689346985293052 neg 0.2595440551708511	false	1.0
umtauschen	neg 1.0		__DUMMY__ 0.47822382770356303 neg 0.26519271175646614 off 0.25658346053997083	false	1.0
zum			__DUMMY__ 0.4852409648039353 neg 0.26647404123467483 off 0.24828499396138978	false	0.0
zersetzen	neg 1.0		__DUMMY__ 0.47791208158553605 neg 0.2712572232152748 off 0.2508306951991892	false	1.0
zur			__DUMMY__ 0.48280223556835744 neg 0.2707202584893052 off 0.2464775059423374	false	0.0
frust	neg 1.0		__DUMMY__ 0.4788019774468126 neg 0.26576789757472025 off 0.2554301249784673	false	1.0
unerbittlichkeit	neg 1.0		__DUMMY__ 0.4783131171516301 neg 0.27054279803598213 off 0.2511440848123877	false	1.0
zwei			__DUMMY__ 0.4835186995449646 neg 0.26624672489657464 off 0.25023457555846057	false	0.0
unkorrekt	neg 1.0		__DUMMY__ 0.471453976340592 neg 0.2642959422119698 off 0.26425008144743817	false	1.0
hexe	off 1.0		__DUMMY__ 0.47535954640348055 off 0.2631074755982237 neg 0.2615329779982957	false	1.0
lasch	neg 1.0		__DUMMY__ 0.4742565503058036 neg 0.26543104219835584 off 0.2603124074958407	false	1.0
rivale	neg 1.0		__DUMMY__ 0.4754719522873262 off 0.26570227805239666 neg 0.2588257696602772	false	0.5
mutlos	off 1.0	off 1.0	off 0.6131567300541557 __DUMMY__ 0.23278427502014234 neg 0.15405899492570188	false	1.0
wirr	off 1.0		__DUMMY__ 0.4717070088826248 off 0.26469093357770934 neg 0.263602057539666	false	1.0
jahr			__DUMMY__ 0.48240711844800993 neg 0.2656264165132968 off 0.25196646503869324	false	0.0
wird			__DUMMY__ 0.47893671802654336 neg 0.26749227040751034 off 0.2535710115659462	false	0.0
strafbar	neg 1.0		__DUMMY__ 0.47768631715199206 neg 0.2697621591094496 off 0.2525515237385583	false	1.0
erosion	neg 1.0		__DUMMY__ 0.4789665242833961 neg 0.262807345655088 off 0.2582261300615159	false	1.0
eingehen	neg 1.0		__DUMMY__ 0.47699875247931434 neg 0.26961984777702086 off 0.25338139974366475	false	1.0
faul	off 1.0		__DUMMY__ 0.4772876330517287 off 0.26213697507704414 neg 0.26057539187122714	false	1.0
provisorium	neg 1.0		__DUMMY__ 0.4838819967105571 neg 0.27170951671659166 off 0.24440848657285105	false	1.0
schmerzen	neg 1.0		__DUMMY__ 0.4784142958629576 neg 0.2644181025233825 off 0.25716760161365987	false	1.0
schrumpfen	neg 1.0		__DUMMY__ 0.4799854892594381 neg 0.27418533844391735 off 0.24582917229664447	false	1.0
geistlos	off 1.0		__DUMMY__ 0.4728230640729398 neg 0.2688681203469412 off 0.25830881558011914	false	0.5
fehlkauf	neg 1.0		__DUMMY__ 0.47684122936675505 neg 0.26429520974612974 off 0.2588635608871151	false	1.0
frustrierend	neg 1.0		__DUMMY__ 0.4774356227039593 off 0.261948982097193 neg 0.26061539519884785	false	0.5
unzufrieden	neg 1.0		__DUMMY__ 0.47705209290872946 neg 0.2688553620142352 off 0.25409254507703527	false	1.0
verzweifeln	neg 1.0		__DUMMY__ 0.47804679527228894 neg 0.26539415221215584 off 0.2565590525155552	false	1.0
verzweifelt	neg 1.0		__DUMMY__ 0.47682068177631565 neg 0.26452319468736346 off 0.25865612353632095	false	1.0
misstrauensantrag	neg 1.0		__DUMMY__ 0.4758876898129829 neg 0.26497398226007185 off 0.2591383279269453	false	1.0
abfallen	neg 1.0		__DUMMY__ 0.4793409185108259 neg 0.26139001099995096 off 0.2592690704892234	false	1.0
fucker	off 1.0		__DUMMY__ 0.4741764990175173 off 0.26449161304812524 neg 0.2613318879343576	false	1.0
ungezogen	neg 1.0		__DUMMY__ 0.47219673171680104 off 0.27299221701967963 neg 0.25481105126351933	false	0.5
irrsinnig	neg 1.0	neg 1.0	neg 0.6210021885951761 __DUMMY__ 0.23247990151709758 off 0.14651790988772634	false	1.0
unfassbar	neg 1.0		__DUMMY__ 0.4748837400421321 off 0.2630270908021219 neg 0.2620891691557462	false	0.5
hart	neg 1.0		__DUMMY__ 0.47641659636837747 neg 0.2626759358778512 off 0.2609074677537715	false	1.0
widerlich	off 1.0		__DUMMY__ 0.4738115840574906 off 0.2637686696643882 neg 0.26241974627812126	false	1.0
fatal	neg 1.0		__DUMMY__ 0.47679039093146586 neg 0.26401118276765756 off 0.25919842630087675	false	1.0
bruch	neg 1.0		__DUMMY__ 0.4790534972203006 neg 0.2719249423629666 off 0.24902156041673282	false	1.0
aushungern	neg 1.0		__DUMMY__ 0.47608463372179843 neg 0.2690371019292565 off 0.25487826434894506	false	1.0
anspannung	neg 1.0	neg 1.0	neg 0.6207155680849742 __DUMMY__ 0.23793006418487433 off 0.14135436773015148	false	1.0
von			__DUMMY__ 0.482240864532686 neg 0.2667178684955537 off 0.25104126697176027	false	0.0
kraftlos	neg 1.0		__DUMMY__ 0.4807152388992711 neg 0.26365274492462526 off 0.2556320161761036	false	1.0
vom			__DUMMY__ 0.48504140378219945 neg 0.2693314264511148 off 0.24562716976668558	false	0.0
grenzdebil	off 1.0		__DUMMY__ 0.47511194675464874 off 0.26438408870414914 neg 0.2605039645412022	false	1.0
vor			__DUMMY__ 0.48074803222270374 neg 0.26812319678113694 off 0.2511287709961594	false	0.0
unterwerfen	neg 1.0		__DUMMY__ 0.47876784199177125 neg 0.2684350887044356 off 0.2527970693037932	false	1.0
versenkung	neg 1.0		__DUMMY__ 0.4787957222024721 neg 0.2687681208318656 off 0.25243615696566224	false	1.0
entziehen	neg 1.0		__DUMMY__ 0.47959769965854554 neg 0.27059692846268346 off 0.24980537187877083	false	1.0
finanzkrise	neg 1.0		__DUMMY__ 0.4757067435601359 neg 0.2694294752642016 off 0.25486378117566255	false	1.0
schimpfend	neg 1.0		__DUMMY__ 0.4794866617032502 neg 0.2615178612556338 off 0.25899547704111614	false	1.0
profan	neg 1.0		__DUMMY__ 0.47651464440404967 neg 0.26327845126672156 off 0.26020690432922866	false	1.0
korruption	neg 1.0	neg 1.0	neg 0.6237419482139739 __DUMMY__ 0.23257221446809218 off 0.14368583731793394	false	1.0
â			__DUMMY__ 0.47973412718662706 neg 0.26658889598388597 off 0.2536769768294869	false	0.0
schmutzig	neg 1.0		__DUMMY__ 0.4763373610720345 off 0.26419038590372046 neg 0.2594722530242449	false	0.5
sexy	neg 1.0		__DUMMY__ 0.47673452241313785 neg 0.26221909734831716 off 0.26104638023854493	false	1.0
abraten	neg 1.0		__DUMMY__ 0.4772160638702253 neg 0.2635385587481301 off 0.2592453773816445	false	1.0
schwarz	neg 1.0		__DUMMY__ 0.4766165241793911 neg 0.26500057090055 off 0.25838290492005883	false	1.0
fotze	off 1.0		__DUMMY__ 0.4787413165833431 neg 0.2684603546133089 off 0.25279832880334785	false	0.5
verwirren	neg 1.0		__DUMMY__ 0.4765582690959823 neg 0.26294323665398495 off 0.2604984942500328	false	1.0
zahnlos	off 1.0		__DUMMY__ 0.47713718235213826 neg 0.2686763678874917 off 0.25418644976036997	false	0.5
verheeren	neg 1.0		__DUMMY__ 0.47354628222542944 off 0.27467164202581007 neg 0.25178207574876044	false	0.5
hippie	neg 1.0		__DUMMY__ 0.4765371276264029 neg 0.26310993511026665 off 0.2603529372633303	false	1.0
rammen	neg 1.0		__DUMMY__ 0.47696607740438274 neg 0.26536630496968266 off 0.2576676176259347	false	1.0
unlauter	neg 1.0		__DUMMY__ 0.47305968805286125 neg 0.271238940791453 off 0.25570137115568586	false	1.0
unheilvoll	neg 1.0		__DUMMY__ 0.4792776949706871 off 0.2605973815807015 neg 0.26012492344861143	false	0.5
niedrig	neg 1.0		__DUMMY__ 0.4799586201843697 neg 0.2678795415547265 off 0.252161838260904	false	1.0
explosion	neg 1.0		__DUMMY__ 0.4760769975575572 neg 0.264451262907666 off 0.25947173953477676	false	1.0
weichei	off 1.0		__DUMMY__ 0.4725872317526445 off 0.2695153330755117 neg 0.2578974351718438	false	1.0
minusmensch	off 1.0		__DUMMY__ 0.4683409744765407 off 0.2722503429350401 neg 0.25940868258841915	false	1.0
farblos	neg 1.0		__DUMMY__ 0.4824043632326251 neg 0.26004972370987567 off 0.25754591305749924	false	1.0
unwissend	neg 1.0	neg 1.0	neg 0.6193811568269205 __DUMMY__ 0.2314703294979418 off 0.14914851367513784	false	1.0
traurig	neg 1.0		__DUMMY__ 0.4748845485774011 off 0.2666893700777452 neg 0.2584260813448537	false	0.5
senkung	neg 1.0		__DUMMY__ 0.4743031357796256 neg 0.2666304552067262 off 0.25906640901364825	false	1.0
ungleich	neg 1.0	neg 1.0	neg 0.6243396892663505 __DUMMY__ 0.23279039017773523 off 0.14286992055591424	false	1.0
heikel	neg 1.0		__DUMMY__ 0.4781393790442684 neg 0.2707128864666172 off 0.25114773448911454	false	1.0
drosselung	neg 1.0		__DUMMY__ 0.47612515703669034 off 0.2641396462007994 neg 0.2597351967625103	false	0.5
falsch	neg 1.0		__DUMMY__ 0.4763898720980388 off 0.26185187391144615 neg 0.261758253990515	false	0.5
unzufriedenheit	neg 1.0		__DUMMY__ 0.47872614200480507 neg 0.2706238853367958 off 0.25064997265839917	false	1.0
kurz	neg 1.0		__DUMMY__ 0.4799193283733081 neg 0.2642188008057155 off 0.2558618708209764	false	1.0
unsinnig	neg 1.0		__DUMMY__ 0.4761675980687185 neg 0.2694189393614626 off 0.2544134625698188	false	1.0
penner	off 1.0	off 1.0	off 0.6243569158796852 __DUMMY__ 0.22996346090264072 neg 0.14567962321767403	false	1.0
seicht	neg 1.0		__DUMMY__ 0.46987684196527435 off 0.2719133068036769 neg 0.25820985123104867	false	0.5
dummheit	off 1.0	off 1.0	off 0.6174966440523191 __DUMMY__ 0.231896791760095 neg 0.150606564187586	false	1.0
unerfreulich	neg 1.0		__DUMMY__ 0.4797468402273526 neg 0.2696492559366906 off 0.25060390383595677	false	1.0
motherfucker	off 1.0	off 1.0	off 0.6201639144135346 __DUMMY__ 0.23100109720028256 neg 0.1488349883861829	false	1.0
pikiert	neg 1.0		__DUMMY__ 0.47399774358996405 neg 0.2635119745966482 off 0.2624902818133878	false	1.0
wrack	neg 1.0		__DUMMY__ 0.4820224710792889 neg 0.264253570598875 off 0.253723958321836	false	1.0
gangster	neg 1.0		__DUMMY__ 0.4770451976312742 neg 0.26286432143887917 off 0.26009048092984677	false	1.0
krank	neg 1.0		__DUMMY__ 0.47626579907052835 off 0.26510020407575074 neg 0.25863399685372107	false	0.5
reich	neg 1.0		__DUMMY__ 0.4750100305566728 neg 0.2636913846859581 off 0.26129858475736895	false	1.0
gnadenlos	neg 1.0		__DUMMY__ 0.4775028499794489 neg 0.2644008191694184 off 0.25809633085113276	false	1.0
niedergeschlagen	neg 1.0		__DUMMY__ 0.4801129629043776 neg 0.2635218595232797 off 0.2563651775723425	false	1.0
terrorisieren	off 1.0	off 1.0	off 0.6140315094126071 __DUMMY__ 0.23423750913884228 neg 0.15173098144855068	false	1.0
sinnlosigkeit	neg 1.0		__DUMMY__ 0.47756188977973996 neg 0.26792974134226905 off 0.254508368877991	false	1.0
behindern	neg 1.0		__DUMMY__ 0.4769986007533187 neg 0.2672935990547623 off 0.25570780019191913	false	1.0
undemokratisch	neg 1.0		__DUMMY__ 0.47478606459000866 neg 0.26841807011825436 off 0.25679586529173687	false	1.0
wirtschaftskrise	neg 1.0		__DUMMY__ 0.4771793277921706 neg 0.2701854605462035 off 0.252635211661626	false	1.0
neid	neg 1.0		__DUMMY__ 0.47824105230174546 off 0.2632931736122595 neg 0.25846577408599497	false	0.5
rutschen	neg 1.0	neg 1.0	neg 0.6206185894056261 __DUMMY__ 0.2370902377809465 off 0.1422911728134274	false	1.0
rezession	neg 1.0		__DUMMY__ 0.4723397580834982 off 0.26663307286428933 neg 0.2610271690522125	false	0.5
fehlgeburt	neg 1.0		__DUMMY__ 0.4791760683739136 neg 0.26063996661938793 off 0.2601839650066985	false	1.0
charakterschwach	off 1.0		__DUMMY__ 0.47514949993350175 off 0.26389689937157734 neg 0.2609536006949208	false	1.0
isolation	neg 1.0		__DUMMY__ 0.47707805414891646 off 0.261747593518265 neg 0.2611743523328186	false	0.5
ablenkung	neg 1.0		__DUMMY__ 0.47810415162049463 neg 0.2642949428813622 off 0.2576009054981431	false	1.0
pech	neg 1.0		__DUMMY__ 0.47676887978532334 neg 0.2617251828797763 off 0.26150593733490035	false	1.0
vermeidung	neg 1.0		__DUMMY__ 0.4737573830965558 off 0.26349138353298457 neg 0.2627512333704597	false	0.5
dominieren	neg 1.0		__DUMMY__ 0.48078968836971664 neg 0.2652496191906548 off 0.25396069243962854	false	1.0
schwindlig	neg 1.0		__DUMMY__ 0.4799843519216678 off 0.2611307528100127 neg 0.25888489526831954	false	0.5
lutscher	neg 1.0		__DUMMY__ 0.46990756088864033 off 0.2727267946572452 neg 0.2573656444541145	false	0.5
pflicht	neg 1.0		__DUMMY__ 0.47829344668106205 neg 0.27070009064554945 off 0.2510064626733885	false	1.0
faschist	off 1.0		__DUMMY__ 0.47408587858871537 neg 0.26667543745632144 off 0.25923868395496324	false	0.5
verschleudern	neg 1.0		__DUMMY__ 0.4747167113768028 neg 0.27465704447101685 off 0.2506262441521803	false	1.0
wenn			__DUMMY__ 0.47619229697447535 off 0.26203761845567997 neg 0.26177008456984474	false	0.0
ehebruch	neg 1.0		__DUMMY__ 0.47826067917391335 neg 0.2684331168661607 off 0.253306203959926	false	1.0
spott	off 1.0		__DUMMY__ 0.47724026906095884 neg 0.2705753878052979 off 0.25218434313374327	false	0.5
trostlosigkeit	neg 1.0		__DUMMY__ 0.4806034510847739 neg 0.2688368496008518 off 0.2505596993143743	false	1.0
lutschen	neg 1.0		__DUMMY__ 0.47560535869421067 neg 0.26505376246725315 off 0.2593408788385362	false	1.0
undiszipliniert	neg 1.0		__DUMMY__ 0.47562782448924373 off 0.2659382752861749 neg 0.2584339002245813	false	0.5
kopfschmerz	neg 1.0		__DUMMY__ 0.47993459323882726 neg 0.26399248106483525 off 0.25607292569633755	false	1.0
unvorhergesehen	neg 1.0		__DUMMY__ 0.48205812234160794 neg 0.2638883843202529 off 0.2540534933381392	false	1.0
desinteressiert	neg 1.0		__DUMMY__ 0.47418599855032234 off 0.2651619429031555 neg 0.2606520585465223	false	0.5
armselig	off 1.0		__DUMMY__ 0.4723099914521376 off 0.2655923477629261 neg 0.2620976607849364	false	1.0
desaster	neg 1.0		__DUMMY__ 0.4791730710367149 neg 0.2724041713188901 off 0.24842275764439486	false	1.0
tod	neg 1.0		__DUMMY__ 0.48191388231807764 neg 0.2633751093823327 off 0.2547110082995897	false	1.0
herzlos	neg 1.0		__DUMMY__ 0.47355613135202373 off 0.2667361756902951 neg 0.259707692957681	false	0.5
unwissenheit	neg 1.0		__DUMMY__ 0.4758760578759254 neg 0.27062981608674175 off 0.2534941260373328	false	1.0
widersinnig	neg 1.0	neg 1.0	neg 0.6245722814545085 __DUMMY__ 0.23146786582233306 off 0.1439598527231585	false	1.0
bedenklich	neg 1.0		__DUMMY__ 0.4775095791761441 neg 0.2698105906708591 off 0.25267983015299683	false	1.0
beanstanden	neg 1.0		__DUMMY__ 0.47898202637043547 neg 0.2705007339674836 off 0.25051723966208095	false	1.0
panisch	neg 1.0	neg 1.0	neg 0.6165832662270042 __DUMMY__ 0.2348401168165537 off 0.1485766169564421	false	1.0
debil	off 1.0		__DUMMY__ 0.4819948186004454 neg 0.27239388372564044 off 0.24561129767391426	false	0.5
abstrich	neg 1.0		__DUMMY__ 0.478159951382418 neg 0.26850435961180746 off 0.25333568900577447	false	1.0
primitiv	neg 1.0		__DUMMY__ 0.4739267447317727 off 0.2643513837858398 neg 0.26172187148238757	false	0.5
abschaum	off 1.0	off 1.0	off 0.6189523032443321 __DUMMY__ 0.2316885838861883 neg 0.14935911286947956	false	1.0
provozieren	neg 1.0		__DUMMY__ 0.47661325278034966 neg 0.2658618568294677 off 0.2575248903901826	false	1.0
tot	neg 1.0		__DUMMY__ 0.4784649548611281 neg 0.26903579783400433 off 0.2524992473048676	false	1.0
instabil	neg 1.0		__DUMMY__ 0.47224517375828695 neg 0.26440527174277073 off 0.2633495544989424	false	1.0
schwuchtel	off 1.0		__DUMMY__ 0.4679629547662248 off 0.27758717311549025 neg 0.2544498721182852	false	1.0
zerren	neg 1.0		__DUMMY__ 0.47999957039581326 neg 0.2635536834614489 off 0.2564467461427378	false	1.0
kinderficker	off 1.0		__DUMMY__ 0.47069268523420926 off 0.26794565793670866 neg 0.26136165682908197	false	1.0
gefahr	neg 1.0		__DUMMY__ 0.47953200522969247 neg 0.26935622406876464 off 0.25111177070154295	false	1.0
rabiat	neg 1.0		__DUMMY__ 0.4767275915995632 neg 0.2665396029670125 off 0.2567328054334243	false	1.0
verlangsamung	neg 1.0		__DUMMY__ 0.4723734785724356 off 0.27083071822053495 neg 0.25679580320702927	false	0.5
ausgestorben	neg 1.0		__DUMMY__ 0.4792409857832872 neg 0.26378407057201736 off 0.2569749436446956	false	1.0
anklagen	neg 1.0		__DUMMY__ 0.47733814057686125 neg 0.26796649013493407 off 0.2546953692882046	false	1.0
trott	neg 1.0		__DUMMY__ 0.47854987044942765 neg 0.26484646574210263 off 0.25660366380846983	false	1.0
verminderung	neg 1.0		__DUMMY__ 0.47408856423313883 off 0.2646412672023358 neg 0.2612701685645254	false	0.5
nach			__DUMMY__ 0.4858212342736425 neg 0.2650987878786123 off 0.24907997784774533	false	0.0
rost	neg 1.0		__DUMMY__ 0.4737600891107704 off 0.2698420012085012 neg 0.2563979096807285	false	0.5
destruktiv	neg 1.0		__DUMMY__ 0.47546216418811277 neg 0.2688949825584053 off 0.25564285325348185	false	1.0
unzumutbarkeit	neg 1.0		__DUMMY__ 0.4769107484122598 off 0.26265474380829357 neg 0.26043450777944666	false	0.5
labil	off 1.0	off 1.0	off 0.6188878141768148 __DUMMY__ 0.2317397071228347 neg 0.14937247870035048	false	1.0
ziemlich	neg 1.0		__DUMMY__ 0.47613798527294066 off 0.2640585693996477 neg 0.25980344532741173	false	0.5
lachnummer	off 1.0		__DUMMY__ 0.476425662141575 neg 0.2672896195006506 off 0.25628471835777444	false	0.5
oder			__DUMMY__ 0.47891323572398464 neg 0.26320129967774725 off 0.25788546459826817	false	0.0
verfall	neg 1.0		__DUMMY__ 0.4806295529825548 neg 0.2732068648196651 off 0.24616358219777998	false	1.0
ausgrenzung	neg 1.0		__DUMMY__ 0.47519836125969067 neg 0.26688936686105247 off 0.2579122718792568	false	1.0
unordnung	neg 1.0		__DUMMY__ 0.4773484821437607 off 0.26384336152627763 neg 0.2588081563299617	false	0.5
fehlverhalten	neg 1.0		__DUMMY__ 0.4783412071664452 neg 0.2702161490825428 off 0.251442643751012	false	1.0
eine			__DUMMY__ 0.47957378068170187 neg 0.26934628667044824 off 0.2510799326478498	false	0.0
nille	neg 1.0		__DUMMY__ 0.4781494558187949 neg 0.2661148851363161 off 0.255735659044889	false	1.0
qual	neg 1.0		__DUMMY__ 0.4784238788054544 neg 0.26525755312277305 off 0.25631856807177256	false	1.0
verschwenden	neg 1.0		__DUMMY__ 0.4777298847404844 neg 0.2689333004637638 off 0.2533368147957518	false	1.0
riesig	neg 1.0	neg 1.0	neg 0.619927884898896 __DUMMY__ 0.2355405668937136 off 0.14453154820739028	false	1.0
verurteilen	neg 1.0		__DUMMY__ 0.4775085065672959 neg 0.2682768043263429 off 0.25421468910636114	false	1.0
klischee	neg 1.0	neg 1.0	neg 0.6205000707611936 __DUMMY__ 0.23150642719577708 off 0.14799350204302927	false	1.0
diktatorisch	neg 1.0		__DUMMY__ 0.4739996483108412 neg 0.26882047417385696 off 0.25717987751530197	false	1.0
vorhersehbar	neg 1.0	neg 1.0	neg 0.6203961154246704 __DUMMY__ 0.2319321215196004 off 0.14767176305572904	false	1.0
sowie			__DUMMY__ 0.47275507872663197 off 0.2687780271399815 neg 0.2584668941333864	false	0.0
stornieren	neg 1.0		__DUMMY__ 0.48184054903789386 off 0.25961898187518134 neg 0.2585404690869248	false	0.5
besteuerung	neg 1.0		__DUMMY__ 0.474364046823376 neg 0.269239785245497 off 0.256396167931127	false	1.0
ungeschminkt	neg 1.0		__DUMMY__ 0.47403129244343495 off 0.26343957619050534 neg 0.2625291313660596	false	0.5
kritisch	neg 1.0		__DUMMY__ 0.47759658944421257 neg 0.2699491709184015 off 0.2524542396373861	false	1.0
schlamperei	off 1.0		__DUMMY__ 0.4775370909192292 neg 0.2713719089964508 off 0.2510910000843201	false	0.5
sucht	neg 1.0	neg 1.0	neg 0.6190780107398547 __DUMMY__ 0.23453060350080454 off 0.14639138575934077	false	1.0
egoistisch	off 1.0		__DUMMY__ 0.47320799397322 off 0.2696544017514023 neg 0.25713760427537763	false	1.0
ausbeuter	off 1.0		__DUMMY__ 0.4772924179918845 neg 0.2718605446378419 off 0.2508470373702735	false	0.5
arschgeburt	off 1.0		__DUMMY__ 0.4672977599100873 off 0.277478094392769 neg 0.25522414569714363	false	1.0
schubs	neg 1.0	neg 1.0	neg 0.6199577657077334 __DUMMY__ 0.23497720901417435 off 0.14506502527809226	false	1.0
unsolide	neg 1.0		__DUMMY__ 0.47137044737168055 neg 0.2719087513605341 off 0.25672080126778535	false	1.0
beschwerde	neg 1.0		__DUMMY__ 0.4774638433597599 neg 0.2712442088616856 off 0.2512919477785547	false	1.0
stocken	neg 1.0		__DUMMY__ 0.47854026275017275 neg 0.2689827144841763 off 0.252477022765651	false	1.0
isolieren	neg 1.0		__DUMMY__ 0.4772007216572894 neg 0.2694632848732344 off 0.2533359934694763	false	1.0
unheilbar	neg 1.0		__DUMMY__ 0.47952855220924884 neg 0.26198920364303047 off 0.25848224414772075	false	1.0
pisser	off 1.0		__DUMMY__ 0.4749750816513018 off 0.26511776872035603 neg 0.25990714962834205	false	1.0
löschen	neg 1.0		__DUMMY__ 0.47783832814034516 neg 0.26526928318912035 off 0.2568923886705345	false	1.0
durchfallen	neg 1.0		__DUMMY__ 0.4763631598932699 neg 0.2700283755762425 off 0.25360846453048763	false	1.0
wichser	off 1.0		__DUMMY__ 0.47116820513443786 off 0.27480000044159236 neg 0.2540317944239696	false	1.0
terror	neg 1.0		__DUMMY__ 0.4782599722447196 neg 0.26108109153066794 off 0.26065893622461256	false	1.0
krass	neg 1.0		__DUMMY__ 0.47337922124630444 off 0.26723480708313957 neg 0.25938597167055605	false	0.5
revolte	neg 1.0		__DUMMY__ 0.4749587205561165 neg 0.26649798235827027 off 0.25854329708561335	false	1.0
besorgt	neg 1.0		__DUMMY__ 0.4808806863626808 neg 0.26340289685659046 off 0.25571641678072865	false	1.0
nachlassen	neg 1.0		__DUMMY__ 0.47931024929354543 neg 0.2683449233128279 off 0.25234482739362685	false	1.0
alt	neg 1.0		__DUMMY__ 0.4789014781659339 neg 0.2676333000376515 off 0.2534652217964147	false	1.0
hundesohn	off 1.0		__DUMMY__ 0.4700416155115452 off 0.27229400220506456 neg 0.2576643822833901	false	1.0
als			__DUMMY__ 0.47983311354031377 neg 0.2645909524367154 off 0.2555759340229709	false	0.0
abschreckung	neg 1.0		__DUMMY__ 0.4796459105298193 neg 0.2701925009479499 off 0.2501615885222308	false	1.0
unqualifiziert	neg 1.0		__DUMMY__ 0.47309522324631176 neg 0.26748934896444054 off 0.25941542778924753	false	1.0
abgewichst	off 1.0		__DUMMY__ 0.4787821388437583 neg 0.2659986550992165 off 0.25521920605702536	false	0.5
schwer	neg 1.0		__DUMMY__ 0.47810226339515377 neg 0.2648034647654788 off 0.2570942718393674	false	1.0
bedeutungslosigkeit	neg 1.0		__DUMMY__ 0.47867784851947265 neg 0.27042346782572735 off 0.2508986836548	false	1.0
kapitulation	neg 1.0		__DUMMY__ 0.4765119634137071 neg 0.2717040686516771 off 0.25178396793461577	false	1.0
unscharf	neg 1.0		__DUMMY__ 0.47648771457368255 neg 0.26394809110949385 off 0.25956419431682354	false	1.0
schwinden	neg 1.0		__DUMMY__ 0.4787670824148033 neg 0.27047901573715144 off 0.2507539018480451	false	1.0
versklavung	neg 1.0		__DUMMY__ 0.4742764704031972 neg 0.26890713633375424 off 0.2568163932630485	false	1.0
schlecht	neg 1.0		__DUMMY__ 0.476380099754014 off 0.2642824693242208 neg 0.2593374309217652	false	0.5
verhasst	neg 1.0		__DUMMY__ 0.47670578036047606 neg 0.26524324084325773 off 0.25805097879626626	false	1.0
beschweren	neg 1.0		__DUMMY__ 0.4769420495630097 neg 0.2639008536745895 off 0.25915709676240084	false	1.0
scheiden	neg 1.0		__DUMMY__ 0.4816145144452027 neg 0.25941825408481 off 0.2589672314699874	false	1.0
frustriert	neg 1.0		__DUMMY__ 0.47832514679631327 neg 0.2658111810649037 off 0.255863672138783	false	1.0
schimmelig	neg 1.0		__DUMMY__ 0.4795962542683795 neg 0.26749197119564033 off 0.25291177453598024	false	1.0
fisch	neg 1.0		__DUMMY__ 0.4831977674235275 neg 0.26402237712966126 off 0.2527798554468112	false	1.0
schmuggel	neg 1.0		__DUMMY__ 0.48258009651086864 neg 0.26500789360374405 off 0.2524120098853873	false	1.0
auffallen	neg 1.0		__DUMMY__ 0.47691332205173587 neg 0.2630859460877586 off 0.26000073186050554	false	1.0
konkurrenz	neg 1.0	neg 1.0	neg 0.6237554280659136 __DUMMY__ 0.23439008325204286 off 0.14185448868204364	false	1.0
teufelskreis	neg 1.0		__DUMMY__ 0.47756724727949906 neg 0.2662302177621059 off 0.25620253495839507	false	1.0
aufschreien	neg 1.0		__DUMMY__ 0.4760075962658242 neg 0.26447677878679826 off 0.25951562494737757	false	1.0
schuldner	neg 1.0		__DUMMY__ 0.47934903531412454 neg 0.26932987687522747 off 0.25132108781064805	false	1.0
missgeburt	off 1.0	off 1.0	off 0.6227724593638148 __DUMMY__ 0.23050709079984974 neg 0.1467204498363355	false	1.0
arbeitslos	neg 1.0		__DUMMY__ 0.47649175891982504 neg 0.2695328305090309 off 0.2539754105711441	false	1.0
befallen	neg 1.0		__DUMMY__ 0.4779717467441001 neg 0.2669568882663748 off 0.255071364989525	false	1.0
miesepetrig	off 1.0	off 1.0	off 0.6200149450948383 __DUMMY__ 0.23243626874675954 neg 0.1475487861584021	false	1.0
alarmieren	neg 1.0		__DUMMY__ 0.474451546496749 neg 0.2641865750563294 off 0.26136187844692155	false	1.0
ungeduscht	off 1.0		__DUMMY__ 0.47703097495886687 neg 0.2615487843245379 off 0.2614202407165953	false	0.5
knappheit	neg 1.0		__DUMMY__ 0.476430449062167 neg 0.2717634460082126 off 0.2518061049296203	false	1.0
schlange	neg 1.0		__DUMMY__ 0.4794315341631565 neg 0.26055182167875096 off 0.26001664415809256	false	1.0
harsch	neg 1.0		__DUMMY__ 0.47522057498472536 off 0.26862132683978746 neg 0.25615809817548707	false	0.5
lang	neg 1.0		__DUMMY__ 0.47810359203640695 neg 0.264329601961044 off 0.2575668060025491	false	1.0
ziellos	neg 1.0		__DUMMY__ 0.4799095969616587 neg 0.26530251160191465 off 0.25478789143642644	false	1.0
selbstverliebt	neg 1.0		__DUMMY__ 0.46846244945344584 off 0.2748085253502089 neg 0.2567290251963454	false	0.5
beseitigen	neg 1.0	neg 1.0	neg 0.6192728327567885 __DUMMY__ 0.23484946153228736 off 0.1458777057109242	false	1.0
dumm	off 1.0		__DUMMY__ 0.47192216115962515 off 0.27036250628685793 neg 0.257715332553517	false	1.0
arbeitsloser	neg 1.0		__DUMMY__ 0.47855406651262017 neg 0.26774449147011664 off 0.25370144201726313	false	1.0
blitzen	neg 1.0		__DUMMY__ 0.47668153407060876 neg 0.26269774876529256 off 0.26062071716409857	false	1.0
hilflos	neg 1.0		__DUMMY__ 0.4785985712190316 neg 0.26600340497180297 off 0.25539802380916526	false	1.0
eklig	off 1.0		__DUMMY__ 0.47185298143345644 off 0.2711325470737665 neg 0.257014471492777	false	1.0
begriff			__DUMMY__ 0.4768292936011974 neg 0.26798947042803367 off 0.25518123597076897	false	0.0
hungersnot	neg 1.0		__DUMMY__ 0.4792468474809005 neg 0.26537089414040216 off 0.2553822583786973	false	1.0
ungesetzlich	neg 1.0		__DUMMY__ 0.4713799023964367 neg 0.27168310688527264 off 0.25693699071829085	false	1.0
verschwendung	neg 1.0		__DUMMY__ 0.478830737562143 neg 0.26892349601461435 off 0.2522457664232426	false	1.0
schmerzvoll	neg 1.0		__DUMMY__ 0.47742278860074405 neg 0.26327645057310434 off 0.25930076082615156	false	1.0
vorzeitig	neg 1.0		__DUMMY__ 0.4781708534010851 off 0.2611483100035624 neg 0.2606808365953523	false	0.5
unvollkommenheit	neg 1.0		__DUMMY__ 0.4828278974096354 neg 0.26108609535398575 off 0.25608600723637887	false	1.0
intervenieren	neg 1.0		__DUMMY__ 0.47713715906579796 neg 0.27170984145405647 off 0.2511529994801457	false	1.0
banause	off 1.0		__DUMMY__ 0.46960349744287316 off 0.2727652345757178 neg 0.25763126798140906	false	1.0
rebell	neg 1.0		__DUMMY__ 0.480944842128502 neg 0.2701878872889353 off 0.24886727058256258	false	1.0
unlogisch	neg 1.0		__DUMMY__ 0.47396855755500067 off 0.2665179439871223 neg 0.2595134984578771	false	0.5
leiden	neg 1.0		__DUMMY__ 0.48378287778910883 neg 0.2626533237776153 off 0.25356379843327576	false	1.0
abschaffung	neg 1.0		__DUMMY__ 0.4749042814357142 neg 0.26866728826654845 off 0.25642843029773743	false	1.0
sturz	neg 1.0		__DUMMY__ 0.4785468283241076 neg 0.26424963590280626 off 0.25720353577308613	false	1.0
verkleinerung	neg 1.0		__DUMMY__ 0.47308545395712565 neg 0.2680305435233967 off 0.2588840025194775	false	1.0
schmarotzer	off 1.0		__DUMMY__ 0.4762910275887342 neg 0.26995445770099535 off 0.25375451471027055	false	0.5
bestrafung	neg 1.0		__DUMMY__ 0.4768470596871069 neg 0.26467104904222943 off 0.2584818912706637	false	1.0
achtlos	neg 1.0		__DUMMY__ 0.47895522491341463 neg 0.26369893701090114 off 0.25734583807568423	false	1.0
ungeheuer	neg 1.0		__DUMMY__ 0.477357321748213 neg 0.26181620863316934 off 0.26082646961861766	false	1.0
unaufrichtig	neg 1.0		__DUMMY__ 0.47452751270703725 neg 0.2669434992081081 off 0.2585289880848545	false	1.0
groggy	neg 1.0		__DUMMY__ 0.47648984570577196 neg 0.2635196036471609 off 0.2599905506470673	false	1.0
verletzlich	neg 1.0		__DUMMY__ 0.47514884843418254 off 0.26527210649271327 neg 0.2595790450731042	false	0.5
ablehnen	neg 1.0		__DUMMY__ 0.47744146462360837 neg 0.26943309296012546 off 0.2531254424162663	false	1.0
