unsolidarisch	neg 1.0		neg 0.34366463162811506 __DUMMY__ 0.3326777663229237 off 0.3236576020489614	false	1.0
nachteilig	neg 1.0		neg 0.3427046139418985 __DUMMY__ 0.33612934607625833 off 0.3211660399818431	false	1.0
skeptisch	neg 1.0		neg 0.3426169278686266 __DUMMY__ 0.3367184546812519 off 0.3206646174501214	false	1.0
schrecklich	neg 1.0		off 0.3371236118119156 __DUMMY__ 0.3334598758564087 neg 0.3294165123316757	false	0.5
schlapp	neg 1.0		__DUMMY__ 0.3351420584367363 off 0.3325460402269159 neg 0.33231190133634786	false	0.5
abfall	neg 1.0		neg 0.3443794386061343 __DUMMY__ 0.33765890132422294 off 0.31796166006964266	false	1.0
widerspenstig	neg 1.0		neg 0.33672682297633283 __DUMMY__ 0.3363442030717827 off 0.3269289739518844	false	1.0
abrupt	neg 1.0		neg 0.33901735182582954 __DUMMY__ 0.33836938757024787 off 0.32261326060392265	false	1.0
unwirksam	neg 1.0		neg 0.34213789148651996 __DUMMY__ 0.333502130728582 off 0.32435997778489806	false	1.0
angreifen	neg 1.0	neg 1.0	neg 0.659353124528045 off 0.1774009213487234 __DUMMY__ 0.16324595412323165	false	1.0
inkonsistent	neg 1.0		__DUMMY__ 0.3362410485817475 neg 0.335869541013687 off 0.3278894104045656	false	1.0
abrutschen	neg 1.0		neg 0.34397174106371736 __DUMMY__ 0.3376375344426332 off 0.3183907244936495	false	1.0
unsicher	neg 1.0		neg 0.3365763733153037 __DUMMY__ 0.3364276042545563 off 0.3269960224301399	false	1.0
bauernkind	off 1.0	off 1.0	off 0.6552024508715949 neg 0.18458165456812575 __DUMMY__ 0.16021589456027938	false	1.0
angreifer	neg 1.0		__DUMMY__ 0.33630945638345 neg 0.3352931554580793 off 0.3283973881584708	false	1.0
trennen	neg 1.0		__DUMMY__ 0.3391517633191815 neg 0.33722120307455467 off 0.32362703360626394	false	1.0
schmutz	neg 1.0		__DUMMY__ 0.33846524205925566 neg 0.3309748105674329 off 0.33055994737331146	false	1.0
inkonsistenz	neg 1.0		neg 0.3379768194182067 __DUMMY__ 0.3326744650751178 off 0.3293487155066756	false	1.0
erschreckend	neg 1.0		neg 0.33970272768288134 __DUMMY__ 0.33551048258695615 off 0.3247867897301624	false	1.0
ertrinken	neg 1.0		__DUMMY__ 0.3381404873993494 neg 0.3380953132467165 off 0.3237641993539341	false	1.0
pickelface	off 1.0		neg 0.33961736810774606 __DUMMY__ 0.33623245774006943 off 0.3241501741521844	false	0.5
seiner			neg 0.3401912993022157 __DUMMY__ 0.3377562616280408 off 0.3220524390697435	false	0.0
lauch	neg 1.0		neg 0.3451231623911447 __DUMMY__ 0.3369392387654508 off 0.31793759884340456	false	1.0
unwichtig	neg 1.0		neg 0.3344447150361531 __DUMMY__ 0.33415242099808473 off 0.3314028639657622	false	1.0
steuerhinterziehung	neg 1.0		neg 0.34220900571021123 __DUMMY__ 0.33466502239403656 off 0.3231259718957521	false	1.0
schock	neg 1.0		__DUMMY__ 0.33795687869623 neg 0.3350553540725618 off 0.32698776723120804	false	1.0
beule	neg 1.0		__DUMMY__ 0.33524047906255067 off 0.3330190099247028 neg 0.33174051101274643	false	0.5
vergelten	neg 1.0		off 0.33678012636479787 __DUMMY__ 0.33551625851797284 neg 0.3277036151172294	false	0.5
verdorbenheit	neg 1.0		neg 0.3370158095471488 __DUMMY__ 0.33662461894076023 off 0.32635957151209083	false	1.0
trauma	neg 1.0		neg 0.336482711306397 __DUMMY__ 0.3358180785498939 off 0.327699210143709	false	1.0
sinnlos	neg 1.0		__DUMMY__ 0.33610728054364053 neg 0.3341565240280687 off 0.3297361954282908	false	1.0
fettsack	off 1.0	off 1.0	off 0.6570078141640205 neg 0.18204320114684916 __DUMMY__ 0.16094898468913038	false	1.0
feige	off 1.0	off 1.0	off 0.6534111681534744 neg 0.18512054837667538 __DUMMY__ 0.1614682834698501	false	1.0
abdanken	neg 1.0		neg 0.3406634949438332 __DUMMY__ 0.3348904900986468 off 0.3244460149575198	false	1.0
wichtigtuer	off 1.0	off 1.0	off 0.6516956163731739 neg 0.18623843151663758 __DUMMY__ 0.16206595211018865	false	1.0
misslingen	neg 1.0		__DUMMY__ 0.33893003190378296 neg 0.33103804660727915 off 0.33003192148893784	false	1.0
untreu	off 1.0		__DUMMY__ 0.3337134047734671 neg 0.333625367981774 off 0.3326612272447589	false	0.5
missmutig	neg 1.0		__DUMMY__ 0.3345960744970199 neg 0.33359234579259306 off 0.3318115797103871	false	1.0
hurenbock	off 1.0		__DUMMY__ 0.33657686564362416 neg 0.33469470698757586 off 0.32872842736880004	false	0.5
betrunken	neg 1.0		off 0.33578721440047576 __DUMMY__ 0.33523051278704513 neg 0.328982272812479	false	0.5
korrupt	off 1.0		neg 0.34435486441520463 __DUMMY__ 0.33391560949730287 off 0.32172952608749245	false	0.5
unmut	neg 1.0		neg 0.3448710296583754 __DUMMY__ 0.33727709251754867 off 0.31785187782407615	false	1.0
hackfresse	off 1.0		off 0.3401090945131353 __DUMMY__ 0.33157698986896406 neg 0.32831391561790063	false	1.0
aufblasen	neg 1.0		__DUMMY__ 0.3367548497893524 neg 0.33424366145497175 off 0.3290014887556758	false	1.0
gewaltsam	neg 1.0		neg 0.3376590643426774 __DUMMY__ 0.33654503582143364 off 0.32579589983588897	false	1.0
unbeliebtheit	neg 1.0		neg 0.34103930030493984 __DUMMY__ 0.3308307995010373 off 0.3281299001940229	false	1.0
sturheit	neg 1.0		neg 0.34000393568334064 __DUMMY__ 0.3353584921259141 off 0.32463757219074524	false	1.0
kuh	neg 1.0		neg 0.33966531369372943 __DUMMY__ 0.33431005577692124 off 0.3260246305293492	false	1.0
erschrecken	neg 1.0		__DUMMY__ 0.33541158345313615 neg 0.3330278424054368 off 0.33156057414142687	false	1.0
opfer	neg 1.0		neg 0.33903616949627496 __DUMMY__ 0.3375651672971302 off 0.3233986632065949	false	1.0
sinken	neg 1.0		neg 0.34355491020747697 __DUMMY__ 0.3376087871175683 off 0.3188363026749547	false	1.0
stinktier	neg 1.0		off 0.3367536556714413 __DUMMY__ 0.3321298198514584 neg 0.33111652447710027	false	0.5
tucke	off 1.0		off 0.33911911511530574 neg 0.3313939975514873 __DUMMY__ 0.32948688733320686	false	1.0
ein			__DUMMY__ 0.3364758178074138 neg 0.3356131744073235 off 0.3279110077852627	false	0.0
abstieg	neg 1.0		neg 0.338638722993009 __DUMMY__ 0.33844737716658985 off 0.3229138998404011	false	1.0
missverstehen	neg 1.0		neg 0.33661903586290426 __DUMMY__ 0.33454465042779835 off 0.3288363137092974	false	1.0
ergebnislos	neg 1.0		neg 0.3421174267765786 __DUMMY__ 0.33659432229057723 off 0.3212882509328441	false	1.0
unter			neg 0.3435720143023741 __DUMMY__ 0.34110368511008926 off 0.3153243005875367	false	0.0
manipulieren	neg 1.0		neg 0.34255203926648514 __DUMMY__ 0.3367048358389258 off 0.32074312489458906	false	1.0
unbewiesen	neg 1.0		neg 0.3442993603008122 __DUMMY__ 0.3321311422304403 off 0.32356949746874736	false	1.0
verschleppen	neg 1.0		neg 0.34001627625227143 __DUMMY__ 0.3365936303632278 off 0.32339009338450075	false	1.0
weib	off 1.0		off 0.33994474683691855 __DUMMY__ 0.33145179447524115 neg 0.3286034586878403	false	1.0
opposition	neg 1.0		neg 0.33837801926011507 __DUMMY__ 0.3342440867601046 off 0.32737789397978045	false	1.0
verkehrswidrig	neg 1.0	neg 1.0	neg 0.6485026428296152 off 0.1874699096177657 __DUMMY__ 0.16402744755261903	false	1.0
inkorrekt	neg 1.0		neg 0.33508583435446593 off 0.33288682174566364 __DUMMY__ 0.3320273438998703	false	1.0
vermeiden	neg 1.0		neg 0.34427950880959934 __DUMMY__ 0.33906910908681054 off 0.3166513821035901	false	1.0
abweichung	neg 1.0		neg 0.342262588865172 __DUMMY__ 0.3361652477437513 off 0.3215721633910767	false	1.0
alkoholisiert	neg 1.0		__DUMMY__ 0.3403236597318946 neg 0.3359654207422734 off 0.3237109195258319	false	1.0
scheiss	off 1.0	off 1.0	off 0.6541781977330057 neg 0.18361053329561128 __DUMMY__ 0.16221126897138313	false	1.0
herausforderung	neg 1.0	neg 1.0	neg 0.6549281219314467 off 0.17930008279456153 __DUMMY__ 0.16577179527399177	false	1.0
pervers	off 1.0		off 0.34345954099704473 __DUMMY__ 0.33072882895846506 neg 0.3258116300444901	false	1.0
wackelig	neg 1.0		__DUMMY__ 0.33874698986020446 neg 0.3356874168386388 off 0.3255655933011567	false	1.0
verwickeln	neg 1.0		neg 0.3368782544770462 __DUMMY__ 0.3344825891374145 off 0.3286391563855393	false	1.0
vorwand	neg 1.0		neg 0.3424664874960116 __DUMMY__ 0.33729704711623304 off 0.3202364653877553	false	1.0
muschi	off 1.0		neg 0.3391284780103581 __DUMMY__ 0.3362081359593875 off 0.3246633860302544	false	0.5
entmutigung	neg 1.0		neg 0.33964740796474135 __DUMMY__ 0.33377253330476864 off 0.3265800587304902	false	1.0
unangemessen	neg 1.0		neg 0.3410424066036859 __DUMMY__ 0.3353705204485421 off 0.323587072947772	false	1.0
unstetig	neg 1.0		__DUMMY__ 0.33679319788640205 neg 0.33476858254361375 off 0.3284382195699841	false	1.0
entmutigen	neg 1.0		neg 0.336366017890329 __DUMMY__ 0.3356094301895828 off 0.32802455192008817	false	1.0
schwanz	neg 1.0		neg 0.3410377643689444 __DUMMY__ 0.33734854856519986 off 0.32161368706585586	false	1.0
verbot	neg 1.0		neg 0.34266786007256417 __DUMMY__ 0.33508058943910707 off 0.32225155048832893	false	1.0
leid	neg 1.0		off 0.33866102838785217 __DUMMY__ 0.3334981066171996 neg 0.32784086499494836	false	0.5
archaisch	neg 1.0		neg 0.3390879114175752 __DUMMY__ 0.33654212783454734 off 0.32436996074787744	false	1.0
gegen			neg 0.3416193568078532 __DUMMY__ 0.3382892988545229 off 0.32009134433762393	false	0.0
scheidung	neg 1.0		off 0.34775002146573075 __DUMMY__ 0.3307565649092396 neg 0.32149341362502953	false	0.5
einschlag	neg 1.0	neg 1.0	neg 0.652009301462829 off 0.1857613614137645 __DUMMY__ 0.16222933712340645	false	1.0
m			neg 0.337906411356997 __DUMMY__ 0.3373818753371936 off 0.32471171330580945	false	0.0
abgestanden	neg 1.0		__DUMMY__ 0.33662427978227666 neg 0.3353827427604481 off 0.32799297745727535	false	1.0
schmierig	off 1.0		off 0.3380483867380555 __DUMMY__ 0.33357732077178076 neg 0.32837429249016364	false	1.0
unpraktisch	neg 1.0		__DUMMY__ 0.3370078602336934 neg 0.33428461620286803 off 0.3287075235634385	false	1.0
wixxer	off 1.0		off 0.3428048418519419 __DUMMY__ 0.33027164659348685 neg 0.32692351155457133	false	1.0
bezeichnet			neg 0.33890125334290894 __DUMMY__ 0.33550400438222533 off 0.32559474227486573	false	0.0
jammerlappen	off 1.0		__DUMMY__ 0.3343903542172163 neg 0.3338168771668017 off 0.33179276861598206	false	0.5
farce	neg 1.0		neg 0.34308282476485585 __DUMMY__ 0.3342809761647053 off 0.32263619907043883	false	1.0
zwecklos	neg 1.0		neg 0.3406466407487358 __DUMMY__ 0.33562942863630363 off 0.3237239306149604	false	1.0
turbulent	neg 1.0		__DUMMY__ 0.33396178710873864 neg 0.3339341863281337 off 0.3321040265631278	false	1.0
invasion	neg 1.0		__DUMMY__ 0.335823871884385 neg 0.3345862788198369 off 0.329589849295778	false	1.0
schuld	neg 1.0		neg 0.33717602259289775 __DUMMY__ 0.33547947362561154 off 0.3273445037814906	false	1.0
risiko	neg 1.0		__DUMMY__ 0.33699751452402626 neg 0.33531608578839384 off 0.32768639968757984	false	1.0
finster	neg 1.0		__DUMMY__ 0.3363602738299467 neg 0.33548444706453895 off 0.3281552791055144	false	1.0
geisteskrank	off 1.0		neg 0.3338679419650741 __DUMMY__ 0.3331174843679986 off 0.3330145736669273	false	0.5
zusammenbrechen	neg 1.0		neg 0.337539547340829 __DUMMY__ 0.3369841471125727 off 0.3254763055465983	false	1.0
ausbeute	neg 1.0		__DUMMY__ 0.33883669444551007 neg 0.33836355949565683 off 0.32279974605883316	false	1.0
hinterhalt	neg 1.0		__DUMMY__ 0.3377805331587678 neg 0.3367271329080513 off 0.3254923339331809	false	1.0
kritik	neg 1.0		neg 0.3425140404946458 __DUMMY__ 0.3347123589760462 off 0.322773600529308	false	1.0
einschrumpfen	neg 1.0		neg 0.338223054879344 __DUMMY__ 0.3333550410159102 off 0.3284219041047458	false	1.0
riskant	neg 1.0		neg 0.34147591864253457 __DUMMY__ 0.33639155653824554 off 0.3221325248192197	false	1.0
frustrieren	neg 1.0		neg 0.3407370930396535 __DUMMY__ 0.3366661678206991 off 0.3225967391396473	false	1.0
groll	neg 1.0		neg 0.339544273990459 __DUMMY__ 0.33645255038672656 off 0.32400317562281455	false	1.0
gibt			neg 0.33940321010847885 __DUMMY__ 0.33621313695193045 off 0.3243836529395907	false	0.0
qualvoll	neg 1.0		__DUMMY__ 0.33618453764859624 neg 0.33264657292431127 off 0.33116888942709255	false	1.0
wackeln	neg 1.0	neg 1.0	neg 0.6544273676725438 off 0.18173282041055322 __DUMMY__ 0.1638398119169028	false	1.0
klagen	neg 1.0		neg 0.3438642699599456 __DUMMY__ 0.3374771947515723 off 0.3186585352884823	false	1.0
bankrott	neg 1.0		__DUMMY__ 0.3352863176034432 neg 0.3335885642948257 off 0.3311251181017311	false	1.0
trauern	neg 1.0		neg 0.33886349508203933 __DUMMY__ 0.33783312288268513 off 0.32330338203527564	false	1.0
ablehnung	neg 1.0		neg 0.34234141702670606 __DUMMY__ 0.33477286982669 off 0.3228857131466039	false	1.0
stur	neg 1.0		neg 0.33745423080775716 __DUMMY__ 0.33489648458528054 off 0.32764928460696224	false	1.0
aufruhr	neg 1.0		neg 0.3380517006870216 __DUMMY__ 0.33639393689272423 off 0.3255543624202542	false	1.0
melancholie	neg 1.0		neg 0.3381619424472896 __DUMMY__ 0.3373937005035116 off 0.3244443570491988	false	1.0
ist			neg 0.336031276283829 __DUMMY__ 0.3354798299759151 off 0.32848889374025597	false	0.0
torheit	neg 1.0		neg 0.3389571729577369 __DUMMY__ 0.33459923320893037 off 0.32644359383333266	false	1.0
dreckskind	off 1.0		off 0.33796873255734405 __DUMMY__ 0.33146211593933794 neg 0.330569151503318	false	1.0
umtauschen	neg 1.0		neg 0.3374236860324915 __DUMMY__ 0.33632152307266466 off 0.3262547908948439	false	1.0
zum			__DUMMY__ 0.34140879273139846 neg 0.3399062270784025 off 0.3186849801901991	false	0.0
zersetzen	neg 1.0		neg 0.34371279106862357 __DUMMY__ 0.33611591658445233 off 0.3201712923469242	false	1.0
zur			neg 0.34393785740853544 __DUMMY__ 0.3396490795488747 off 0.3164130630425898	false	0.0
frust	neg 1.0		neg 0.33816626503061553 __DUMMY__ 0.3367673617372791 off 0.32506637323210535	false	1.0
unerbittlichkeit	neg 1.0		neg 0.34304649241728685 __DUMMY__ 0.3364026393021396 off 0.32055086828057355	false	1.0
zwei			__DUMMY__ 0.34016951542893636 neg 0.33938433748700086 off 0.3204461470840628	false	0.0
unkorrekt	neg 1.0		neg 0.3354934196675351 off 0.33309707446462694 __DUMMY__ 0.33140950586783796	false	1.0
hexe	off 1.0		__DUMMY__ 0.3342315780180378 neg 0.3332169586966988 off 0.33255146328526325	false	0.5
lasch	neg 1.0		neg 0.3371057747397529 __DUMMY__ 0.3334595680270377 off 0.3294346572332093	false	1.0
rivale	neg 1.0		off 0.3352213176327963 __DUMMY__ 0.33431792040466146 neg 0.33046076196254226	false	0.5
mutlos	off 1.0	off 1.0	off 0.6475735112382653 neg 0.1898974653253308 __DUMMY__ 0.16252902343640394	false	1.0
wirr	off 1.0		neg 0.3347960030848054 off 0.33361447624592855 __DUMMY__ 0.3315895206692661	false	0.5
jahr			__DUMMY__ 0.339347003341644 neg 0.3385799267212896 off 0.32207306993706636	false	0.0
wird			neg 0.33995330487369724 __DUMMY__ 0.3368654473412015 off 0.32318124778510127	false	0.0
strafbar	neg 1.0		neg 0.3421579104217184 __DUMMY__ 0.33594569365564597 off 0.32189639592263564	false	1.0
erosion	neg 1.0		__DUMMY__ 0.3368807491641586 neg 0.3351100029829569 off 0.32800924785288454	false	1.0
eingehen	neg 1.0		neg 0.3418687268245293 __DUMMY__ 0.3354617966491228 off 0.322669476526348	false	1.0
faul	off 1.0		__DUMMY__ 0.3356460343285057 neg 0.332515826278134 off 0.33183813939336027	false	0.5
provisorium	neg 1.0		neg 0.34508741710994195 __DUMMY__ 0.3404347744409744 off 0.3144778084490837	false	1.0
schmerzen	neg 1.0		neg 0.3366560350065777 __DUMMY__ 0.3364599400232355 off 0.3268840249701868	false	1.0
schrumpfen	neg 1.0		neg 0.3470677906105829 __DUMMY__ 0.33760955531451564 off 0.3153226540749015	false	1.0
geistlos	off 1.0		neg 0.34045290772236997 __DUMMY__ 0.332416802097496 off 0.32713029018013395	false	0.5
fehlkauf	neg 1.0		neg 0.33633218011189864 __DUMMY__ 0.3353355920878028 off 0.32833222780029864	false	1.0
frustrierend	neg 1.0		__DUMMY__ 0.33576646977218205 neg 0.3326153211275932 off 0.3316182091002246	false	1.0
unzufrieden	neg 1.0		neg 0.3410852663975083 __DUMMY__ 0.33550069036169844 off 0.3234140432407932	false	1.0
verzweifeln	neg 1.0		neg 0.33765418517013984 __DUMMY__ 0.33622009075787324 off 0.32612572407198703	false	1.0
verzweifelt	neg 1.0		neg 0.3365506210451691 __DUMMY__ 0.33533161358209534 off 0.32811776537273574	false	1.0
misstrauensantrag	neg 1.0		neg 0.33685574936377743 __DUMMY__ 0.3346365151170662 off 0.32850773551915624	false	1.0
abfallen	neg 1.0		__DUMMY__ 0.33713935595075295 neg 0.3336872030096925 off 0.3291734410395546	false	1.0
fucker	off 1.0		off 0.33374649581989835 __DUMMY__ 0.33341604203296915 neg 0.33283746214713267	false	1.0
ungezogen	neg 1.0		off 0.3422742392628729 __DUMMY__ 0.33194861672435555 neg 0.32577714401277147	false	0.5
irrsinnig	neg 1.0	neg 1.0	neg 0.656750998247052 off 0.18093200552678215 __DUMMY__ 0.1623169962261658	false	1.0
unfassbar	neg 1.0		__DUMMY__ 0.33391715878231226 neg 0.33372293561604915 off 0.3323599056016384	false	1.0
hart	neg 1.0		__DUMMY__ 0.33498790184110505 neg 0.3345939157078543 off 0.33041818245104065	false	1.0
widerlich	off 1.0		neg 0.3339048069472952 __DUMMY__ 0.3331386683292017 off 0.3329565247235031	false	0.5
fatal	neg 1.0		neg 0.33602166939705597 __DUMMY__ 0.3353120414985984 off 0.3286662891043458	false	1.0
bruch	neg 1.0		neg 0.3446076481170534 __DUMMY__ 0.33692657684606736 off 0.31846577503687934	false	1.0
aushungern	neg 1.0		neg 0.34117851139261557 __DUMMY__ 0.3347776410973097 off 0.3240438475100747	false	1.0
anspannung	neg 1.0	neg 1.0	neg 0.6573163655098835 off 0.17652824992393198 __DUMMY__ 0.16615538456618448	false	1.0
von			neg 0.3396960477155544 __DUMMY__ 0.33921741193756894 off 0.3210865403468767	false	0.0
kraftlos	neg 1.0		__DUMMY__ 0.3381407558267213 neg 0.3362731649274668 off 0.3255860792458119	false	1.0
vom			neg 0.3428115280480503 __DUMMY__ 0.3412658215015943 off 0.3159226504503552	false	0.0
grenzdebil	off 1.0		__DUMMY__ 0.3340808938839578 off 0.3338004226562778 neg 0.33211868345976425	false	1.0
vor			neg 0.3409045139810834 __DUMMY__ 0.33817845343242536 off 0.3209170325864913	false	0.0
unterwerfen	neg 1.0		neg 0.3409476366246095 __DUMMY__ 0.3367277965734653 off 0.3223245668019253	false	1.0
versenkung	neg 1.0		neg 0.34128237920640514 __DUMMY__ 0.3367602863812794 off 0.3219573344123155	false	1.0
entziehen	neg 1.0		neg 0.34330466895060235 __DUMMY__ 0.33733976120409653 off 0.31935556984530106	false	1.0
finanzkrise	neg 1.0		neg 0.3414781102629609 __DUMMY__ 0.3344983895706808 off 0.3240235001663582	false	1.0
schimpfend	neg 1.0		__DUMMY__ 0.33722289823655804 neg 0.3338456544275569 off 0.3289314473358851	false	1.0
profan	neg 1.0		neg 0.3352108010821097 __DUMMY__ 0.3350985699367309 off 0.32969062898115953	false	1.0
korruption	neg 1.0	neg 1.0	neg 0.6595497710395508 off 0.17807559409233298 __DUMMY__ 0.1623746348681162	false	1.0
â			neg 0.3391351607259637 __DUMMY__ 0.33744374102583835 off 0.3234210982481979	false	0.0
schmutzig	neg 1.0		__DUMMY__ 0.33496662988080866 off 0.3337890105115165 neg 0.3312443596076748	false	0.5
sexy	neg 1.0		__DUMMY__ 0.3352697841459781 neg 0.3341510787810911 off 0.3305791370729308	false	1.0
abraten	neg 1.0		__DUMMY__ 0.3356031447329824 neg 0.33558819759697806 off 0.3288086576700395	false	1.0
schwarz	neg 1.0		neg 0.33701182817663683 __DUMMY__ 0.33518332201012546 off 0.3278048498132377	false	1.0
fotze	off 1.0		neg 0.340942439231578 __DUMMY__ 0.33670597466192814 off 0.3223515861064938	false	0.5
verwirren	neg 1.0		__DUMMY__ 0.335136289667939 neg 0.3348762331671683 off 0.3299874771648925	false	1.0
zahnlos	off 1.0		neg 0.34092272070627677 __DUMMY__ 0.33555923924292347 off 0.3235180400507997	false	0.5
verheeren	neg 1.0		off 0.34417300107738374 __DUMMY__ 0.3329162672607898 neg 0.32291073166182654	false	0.5
hippie	neg 1.0		__DUMMY__ 0.33512926815743177 neg 0.3350452190809136 off 0.3298255127616548	false	1.0
rammen	neg 1.0		neg 0.3374196231359203 __DUMMY__ 0.3353896114741172 off 0.3271907653899625	false	1.0
unlauter	neg 1.0		neg 0.3429206137924046 __DUMMY__ 0.3325773142689582 off 0.3245020719386372	false	1.0
unheilvoll	neg 1.0		__DUMMY__ 0.33707828580464894 neg 0.33239228845076646 off 0.3305294257445846	false	1.0
niedrig	neg 1.0		neg 0.34054352814114675 __DUMMY__ 0.33755952182361315 off 0.3218969500352402	false	1.0
explosion	neg 1.0		neg 0.3363540714263676 __DUMMY__ 0.33478499928228744 off 0.32886092929134475	false	1.0
weichei	off 1.0		off 0.338748061245128 __DUMMY__ 0.33224048548494806 neg 0.329011453269924	false	1.0
minusmensch	off 1.0		off 0.34086817981489353 neg 0.32997361710006734 __DUMMY__ 0.329158203085039	false	1.0
farblos	neg 1.0		__DUMMY__ 0.33931172054965647 neg 0.3328388465654062 off 0.3278494328849374	false	1.0
unwissend	neg 1.0	neg 1.0	neg 0.6549605713439988 off 0.18343845101993567 __DUMMY__ 0.16160097763606557	false	1.0
traurig	neg 1.0		off 0.3361501581415748 __DUMMY__ 0.33391285755107747 neg 0.3299369843073477	false	0.5
senkung	neg 1.0		neg 0.3383248929325818 __DUMMY__ 0.33348199836864895 off 0.3281931086987694	false	1.0
ungleich	neg 1.0	neg 1.0	neg 0.660173651586841 off 0.1772936020727904 __DUMMY__ 0.16253274634036852	false	1.0
heikel	neg 1.0		neg 0.343178665678082 __DUMMY__ 0.33628297009882296 off 0.3205383642230952	false	1.0
drosselung	neg 1.0		__DUMMY__ 0.33479149688901366 off 0.33371681874593867 neg 0.33149168436504767	false	0.5
falsch	neg 1.0		__DUMMY__ 0.3350080009304295 neg 0.33362768784432634 off 0.3313643112252442	false	1.0
unzufriedenheit	neg 1.0		neg 0.3431973290779538 __DUMMY__ 0.33670686439022934 off 0.32009580653181685	false	1.0
kurz	neg 1.0		__DUMMY__ 0.33756704075988875 neg 0.3367083513675399 off 0.32572460787257146	false	1.0
unsinnig	neg 1.0		neg 0.34152843132093175 __DUMMY__ 0.33485419950538997 off 0.32361736917367834	false	1.0
penner	off 1.0	off 1.0	off 0.6584636968572862 neg 0.1810016097661917 __DUMMY__ 0.16053469337652204	false	1.0
seicht	neg 1.0		off 0.3407804391978805 __DUMMY__ 0.3302757114216109 neg 0.32894384938050875	false	0.5
dummheit	off 1.0	off 1.0	off 0.6518274717772436 neg 0.18626940432496011 __DUMMY__ 0.16190312389779626	false	1.0
unerfreulich	neg 1.0		neg 0.3423236128502773 __DUMMY__ 0.3374423538168186 off 0.3202340333329042	false	1.0
motherfucker	off 1.0	off 1.0	off 0.6543787599500223 neg 0.1843480707147612 __DUMMY__ 0.1612731693352164	false	1.0
pikiert	neg 1.0		neg 0.33506403655279393 __DUMMY__ 0.33327229113254453 off 0.33166367231466154	false	1.0
wrack	neg 1.0		__DUMMY__ 0.3390447133045895 neg 0.33711673234587963 off 0.3238385543495308	false	1.0
gangster	neg 1.0		__DUMMY__ 0.33549497126285177 neg 0.33486744420151204 off 0.3296375845356362	false	1.0
krank	neg 1.0		__DUMMY__ 0.334906604333763 off 0.33473542181189636 neg 0.3303579738543407	false	0.5
reich	neg 1.0		neg 0.33543389178186955 __DUMMY__ 0.33395601559260196 off 0.33061009262552854	false	1.0
gnadenlos	neg 1.0		neg 0.33654480671061665 __DUMMY__ 0.3358262000919646 off 0.32762899319741867	false	1.0
niedergeschlagen	neg 1.0		__DUMMY__ 0.33770103125845996 neg 0.33604540698176644 off 0.32625356175977355	false	1.0
terrorisieren	off 1.0	off 1.0	off 0.648664602029149 neg 0.1877808340720581 __DUMMY__ 0.16355456389879292	false	1.0
sinnlosigkeit	neg 1.0		neg 0.34020812392908867 __DUMMY__ 0.3358661131756744 off 0.3239257628952369	false	1.0
behindern	neg 1.0		neg 0.33942543743346515 __DUMMY__ 0.3354582295873508 off 0.3251163329791842	false	1.0
undemokratisch	neg 1.0		neg 0.3403223520627089 __DUMMY__ 0.33383437169045044 off 0.3258432762468407	false	1.0
wirtschaftskrise	neg 1.0		neg 0.342505029827914 __DUMMY__ 0.33556803806523267 off 0.32192693210685325	false	1.0
neid	neg 1.0		__DUMMY__ 0.3363364779840142 off 0.3331475418185779 neg 0.33051598019740774	false	0.5
rutschen	neg 1.0	neg 1.0	neg 0.6570694261924471 off 0.17736627948095682 __DUMMY__ 0.16556429432659614	false	1.0
rezession	neg 1.0		off 0.33569207590245725 neg 0.33225126863437693 __DUMMY__ 0.3320566554631658	false	0.5
fehlgeburt	neg 1.0		__DUMMY__ 0.33697455044657204 neg 0.3329478953908105 off 0.33007755416261747	false	1.0
charakterschwach	off 1.0		__DUMMY__ 0.33410032464736517 off 0.3332734469152984 neg 0.33262622843733636	false	1.0
isolation	neg 1.0		__DUMMY__ 0.33550710765860764 neg 0.33312456953223885 off 0.3313683228091536	false	1.0
ablenkung	neg 1.0		neg 0.33651410361232664 __DUMMY__ 0.3362570178425287 off 0.3272288785451448	false	1.0
pech	neg 1.0		__DUMMY__ 0.3352576598223872 neg 0.33362149037144606 off 0.33112084980616663	false	1.0
vermeidung	neg 1.0		neg 0.3342150229889962 __DUMMY__ 0.33309000679821626 off 0.3326949702127875	false	1.0
dominieren	neg 1.0		__DUMMY__ 0.33817087741827623 neg 0.3379704627839269 off 0.3238586597977969	false	1.0
schwindlig	neg 1.0		__DUMMY__ 0.33759488053830633 off 0.3312094443346294 neg 0.3311956751270643	false	0.5
lutscher	neg 1.0		off 0.3416494208331279 __DUMMY__ 0.3302909626202069 neg 0.32805961654666527	false	0.5
pflicht	neg 1.0		neg 0.34320396773944944 __DUMMY__ 0.33639849536199634 off 0.32039753689855427	false	1.0
faschist	off 1.0		neg 0.3384114326755594 __DUMMY__ 0.33332325654381756 off 0.32826531078062293	false	0.5
verschleudern	neg 1.0		neg 0.3467223929925944 __DUMMY__ 0.333782456963751 off 0.31949515004365453	false	1.0
wenn			__DUMMY__ 0.3348694106796284 neg 0.33360114399189705 off 0.3315294453284745	false	0.0
ehebruch	neg 1.0		neg 0.3408750043189021 __DUMMY__ 0.33635679990350853 off 0.32276819577758936	false	1.0
spott	off 1.0		neg 0.3429243634930621 __DUMMY__ 0.3356236229524599 off 0.3214520135544779	false	0.5
trostlosigkeit	neg 1.0		neg 0.34164664871222755 __DUMMY__ 0.33805213562238207 off 0.32030121566539044	false	1.0
lutschen	neg 1.0		neg 0.3369282839779542 __DUMMY__ 0.33442302078491715 off 0.32864869523712875	false	1.0
undiszipliniert	neg 1.0		off 0.33548954207002624 __DUMMY__ 0.33444350809026685 neg 0.3300669498397068	false	0.5
kopfschmerz	neg 1.0		__DUMMY__ 0.33755133865289194 neg 0.33646610420016876 off 0.32598255714693936	false	1.0
unvorhergesehen	neg 1.0		__DUMMY__ 0.33909220005917856 neg 0.33670739254918075 off 0.3242004073916407	false	1.0
desinteressiert	neg 1.0		off 0.3344598572205085 __DUMMY__ 0.33340867552997816 neg 0.33213146724951326	false	0.5
armselig	off 1.0		off 0.3346094195346405 neg 0.3333389760648183 __DUMMY__ 0.3320516044005412	false	1.0
desaster	neg 1.0		neg 0.3451168614761477 __DUMMY__ 0.3370259874583301 off 0.3178571510655221	false	1.0
tod	neg 1.0		__DUMMY__ 0.3389669850877325 neg 0.33620704270437124 off 0.32482597220789633	false	1.0
herzlos	neg 1.0		off 0.33599448302247276 __DUMMY__ 0.332952535823023 neg 0.3310529811545043	false	0.5
unwissenheit	neg 1.0		neg 0.3427457123005969 __DUMMY__ 0.33463900052130086 off 0.32261528717810223	false	1.0
widersinnig	neg 1.0	neg 1.0	neg 0.6602156888335697 off 0.1781859128105021 __DUMMY__ 0.1615983983559281	false	1.0
bedenklich	neg 1.0		neg 0.3421479231975431 __DUMMY__ 0.3358287086040915 off 0.32202336819836547	false	1.0
beanstanden	neg 1.0		neg 0.3431145934328628 __DUMMY__ 0.33688922154469586 off 0.3199961850224413	false	1.0
panisch	neg 1.0	neg 1.0	neg 0.652662264415387 off 0.18336404756757496 __DUMMY__ 0.163973688017038	false	1.0
debil	off 1.0		neg 0.34551318006982285 __DUMMY__ 0.3390566025247956 off 0.3154302174053814	false	0.5
abstrich	neg 1.0		neg 0.3408251884242601 __DUMMY__ 0.33622734012770233 off 0.32294747144803754	false	1.0
primitiv	neg 1.0		off 0.33356957394530196 __DUMMY__ 0.3332219770777739 neg 0.33320844897692414	false	0.5
abschaum	off 1.0	off 1.0	off 0.6532539061733496 neg 0.18499203414897378 __DUMMY__ 0.16175405967767661	false	1.0
provozieren	neg 1.0		neg 0.3379197040748596 __DUMMY__ 0.33517786391983273 off 0.32690243200530766	false	1.0
tot	neg 1.0		neg 0.3414760022227479 __DUMMY__ 0.3364635121753144 off 0.3220604856019377	false	1.0
instabil	neg 1.0		neg 0.33571966080168764 off 0.33230877342858034 __DUMMY__ 0.33197156576973197	false	1.0
schwuchtel	off 1.0		off 0.3463450368019693 __DUMMY__ 0.3288862160799536 neg 0.32476874711807713	false	1.0
zerren	neg 1.0		__DUMMY__ 0.3376315130717018 neg 0.33606769645501905 off 0.3263007904732792	false	1.0
kinderficker	off 1.0		off 0.3367848885154215 neg 0.3323532707373744 __DUMMY__ 0.330861840747204	false	1.0
gefahr	neg 1.0		neg 0.34203315091927416 __DUMMY__ 0.33727812651738887 off 0.32068872256333697	false	1.0
rabiat	neg 1.0		neg 0.3386289630597036 __DUMMY__ 0.3352584112768691 off 0.32611262566342736	false	1.0
verlangsamung	neg 1.0		off 0.34002294093952073 __DUMMY__ 0.3320656507992313 neg 0.3279114082612479	false	0.5
ausgestorben	neg 1.0		__DUMMY__ 0.3370779945440058 neg 0.33618043209329285 off 0.32674157336270143	false	1.0
anklagen	neg 1.0		neg 0.34024832978409597 __DUMMY__ 0.33568227737681117 off 0.32406939283909286	false	1.0
trott	neg 1.0		neg 0.3371471126856265 __DUMMY__ 0.3365868417498397 off 0.3262660455645337	false	1.0
verminderung	neg 1.0		off 0.33393409724854234 __DUMMY__ 0.333328794613337 neg 0.3327371081381206	false	0.5
nach			__DUMMY__ 0.3418382141155884 neg 0.3385809731044231 off 0.3195808127799884	false	0.0
rost	neg 1.0		off 0.3392323574813513 __DUMMY__ 0.33305845888044594 neg 0.3277091836382028	false	0.5
destruktiv	neg 1.0		neg 0.3408852924347083 __DUMMY__ 0.33433690441871955 off 0.3247778031465722	false	1.0
unzumutbarkeit	neg 1.0		__DUMMY__ 0.33535689358326426 neg 0.33235691241216836 off 0.3322861940045674	false	1.0
labil	off 1.0	off 1.0	off 0.6531987016973532 neg 0.18500691989341206 __DUMMY__ 0.16179437840923483	false	1.0
ziemlich	neg 1.0		__DUMMY__ 0.3348233517220928 off 0.33361746548415977 neg 0.33155918279374746	false	0.5
lachnummer	off 1.0		neg 0.3393915849984395 __DUMMY__ 0.33504043144112167 off 0.3255679835604388	false	0.5
oder			__DUMMY__ 0.3368366724271263 neg 0.3354974878093705 off 0.32766583976350333	false	0.0
verfall	neg 1.0		neg 0.34615796928634013 __DUMMY__ 0.33808194834732 off 0.31576008236633984	false	1.0
ausgrenzung	neg 1.0		neg 0.33880793570891243 __DUMMY__ 0.3341320517696784 off 0.32706001252140915	false	1.0
unordnung	neg 1.0		__DUMMY__ 0.33565093899609844 off 0.3335826374782461 neg 0.3307664235256555	false	0.5
fehlverhalten	neg 1.0		neg 0.3427289654507949 __DUMMY__ 0.33642573031303963 off 0.3208453042361655	false	1.0
eine			neg 0.34196942417202253 __DUMMY__ 0.337324686504863 off 0.3207058893231143	false	0.0
nille	neg 1.0		neg 0.33843773932515986 __DUMMY__ 0.3362841479260203 off 0.3252781127488199	false	1.0
qual	neg 1.0		neg 0.33755697357523345 __DUMMY__ 0.3364956385470882 off 0.32594738787767846	false	1.0
verschwenden	neg 1.0		neg 0.3412536302168667 __DUMMY__ 0.3359857760107312 off 0.322760593772402	false	1.0
riesig	neg 1.0	neg 1.0	neg 0.6561554732862648 off 0.17938446211114073 __DUMMY__ 0.1644600646025945	false	1.0
verurteilen	neg 1.0		neg 0.34059824190892934 __DUMMY__ 0.3358161147000353 off 0.32358564339103524	false	1.0
klischee	neg 1.0	neg 1.0	neg 0.6560965370091981 off 0.18227397980514695 __DUMMY__ 0.16162948318565493	false	1.0
diktatorisch	neg 1.0		neg 0.340621782220544 __DUMMY__ 0.33326299283674543 off 0.3261152249427104	false	1.0
vorhersehbar	neg 1.0	neg 1.0	neg 0.6560665434732011 off 0.18200504146427696 __DUMMY__ 0.1619284150625219	false	1.0
sowie			off 0.3379769455508899 __DUMMY__ 0.3323636889321036 neg 0.3296593655170065	false	0.0
stornieren	neg 1.0		__DUMMY__ 0.3389219981817479 neg 0.3311981906912528 off 0.3298798111269993	false	1.0
besteuerung	neg 1.0		neg 0.34103088315866004 __DUMMY__ 0.3335257458670385 off 0.3254433709743015	false	1.0
ungeschminkt	neg 1.0		neg 0.3340223998555306 __DUMMY__ 0.33327922632132234 off 0.33269837382314704	false	1.0
kritisch	neg 1.0		neg 0.34232334064803466 __DUMMY__ 0.33588816905303387 off 0.3217884902989314	false	1.0
schlamperei	off 1.0		neg 0.34380023829501305 __DUMMY__ 0.33582941038160313 off 0.3203703513233839	false	0.5
sucht	neg 1.0	neg 1.0	neg 0.655133780887447 off 0.18112439920001833 __DUMMY__ 0.16374181991253473	false	1.0
egoistisch	off 1.0		off 0.33895303217295075 __DUMMY__ 0.33269144994505495 neg 0.32835551788199413	false	1.0
ausbeuter	off 1.0		neg 0.3442609035044732 __DUMMY__ 0.33566316081027125 off 0.3200759356852556	false	0.5
arschgeburt	off 1.0		off 0.34611327471325376 __DUMMY__ 0.32840376653310527 neg 0.32548295875364097	false	1.0
schubs	neg 1.0	neg 1.0	neg 0.6560703507628592 off 0.17986596233196028 __DUMMY__ 0.1640636869051805	false	1.0
unsolide	neg 1.0		neg 0.34336869358658395 __DUMMY__ 0.331352155378274 off 0.3252791510351422	false	1.0
beschwerde	neg 1.0		neg 0.3436454933821652 __DUMMY__ 0.33577388011035325 off 0.3205806265074816	false	1.0
stocken	neg 1.0		neg 0.3414725200393433 __DUMMY__ 0.3365576052406342 off 0.3219698747200225	false	1.0
isolieren	neg 1.0		neg 0.3417663314560295 __DUMMY__ 0.33557752471658026 off 0.32265614382739033	false	1.0
unheilbar	neg 1.0		__DUMMY__ 0.3372717238152455 neg 0.33440672505863384 off 0.32832155112612066	false	1.0
pisser	off 1.0		off 0.3345208729057105 __DUMMY__ 0.3339598723046302 neg 0.3315192547896594	false	1.0
löschen	neg 1.0		neg 0.3374861823677349 __DUMMY__ 0.3360664225716346 off 0.32644739506063036	false	1.0
durchfallen	neg 1.0		neg 0.3421880583570469 __DUMMY__ 0.33499503358007326 off 0.32281690806287977	false	1.0
wichser	off 1.0		off 0.3439699376131802 __DUMMY__ 0.3312118273602951 neg 0.3248182350265247	false	1.0
terror	neg 1.0		__DUMMY__ 0.3363595764655205 neg 0.33320653522138094 off 0.33043388831309844	false	1.0
krass	neg 1.0		off 0.3365200865834708 __DUMMY__ 0.3328060201430732 neg 0.330673893273456	false	0.5
revolte	neg 1.0		neg 0.3383489160006099 __DUMMY__ 0.33395783051025696 off 0.32769325348913314	false	1.0
besorgt	neg 1.0		__DUMMY__ 0.3382533981040734 neg 0.33605866356776276 off 0.32568793832816373	false	1.0
nachlassen	neg 1.0		neg 0.3409037141979521 __DUMMY__ 0.33710652137933256 off 0.32198976442271515	false	1.0
alt	neg 1.0		neg 0.34008048872733143 __DUMMY__ 0.3367917524240038 off 0.32312775884866485	false	1.0
hundesohn	off 1.0		off 0.341159736884509 __DUMMY__ 0.3303921520925675 neg 0.32844811102292343	false	1.0
als			__DUMMY__ 0.33750232113711104 neg 0.33711494472170395 off 0.3253827341411849	false	0.0
abschreckung	neg 1.0		neg 0.3429201211463327 __DUMMY__ 0.33736365646820315 off 0.3197162223854641	false	1.0
unqualifiziert	neg 1.0		neg 0.33906139379135425 __DUMMY__ 0.33261799139819936 off 0.32832061481044644	false	1.0
abgewichst	off 1.0		neg 0.3384007895607473 __DUMMY__ 0.336743684871498 off 0.32485552556775465	false	0.5
schwer	neg 1.0		neg 0.3370439438974444 __DUMMY__ 0.33625935533299706 off 0.3266967007695584	false	1.0
bedeutungslosigkeit	neg 1.0		neg 0.34298897029341824 __DUMMY__ 0.3366706000588223 off 0.3203404296477595	false	1.0
kapitulation	neg 1.0		neg 0.34398141952517103 __DUMMY__ 0.33509078604457493 off 0.3209277944302541	false	1.0
unscharf	neg 1.0		neg 0.33586682748707786 __DUMMY__ 0.3350491910957461 off 0.329083981417176	false	1.0
schwinden	neg 1.0		neg 0.3430551183439807 __DUMMY__ 0.3367212635840465 off 0.3202236180719727	false	1.0
versklavung	neg 1.0		neg 0.3407321087457628 __DUMMY__ 0.3334656560498092 off 0.32580223520442786	false	1.0
schlecht	neg 1.0		__DUMMY__ 0.33500133192078596 off 0.33387489944982995 neg 0.3311237686293842	false	0.5
verhasst	neg 1.0		neg 0.33730053812390165 __DUMMY__ 0.3352411388178796 off 0.32745832305821876	false	1.0
beschweren	neg 1.0		neg 0.3359309205479274 __DUMMY__ 0.33541533837308035 off 0.3286537410789922	false	1.0
scheiden	neg 1.0		__DUMMY__ 0.3387497872088648 neg 0.33205450404297365 off 0.32919570874816156	false	1.0
frustriert	neg 1.0		neg 0.33813090479824354 __DUMMY__ 0.3364218196655013 off 0.3254472755362553	false	1.0
schimmelig	neg 1.0		neg 0.3400274406324254 __DUMMY__ 0.3372936737240718 off 0.32267888564350283	false	1.0
fisch	neg 1.0		__DUMMY__ 0.33988257875899575 neg 0.3370459223180532 off 0.3230714989229512	false	1.0
schmuggel	neg 1.0		__DUMMY__ 0.3394618926752596 neg 0.3380238981862615 off 0.3225142091384787	false	1.0
auffallen	neg 1.0		__DUMMY__ 0.3353915308027755 neg 0.3350793213569015 off 0.3295291478403229	false	1.0
konkurrenz	neg 1.0	neg 1.0	neg 0.6598379394141116 off 0.17649921943287422 __DUMMY__ 0.16366284115301413	false	1.0
teufelskreis	neg 1.0		neg 0.3384507442450237 __DUMMY__ 0.33587009371507814 off 0.32567916203989805	false	1.0
aufschreien	neg 1.0		neg 0.33638110156038564 __DUMMY__ 0.3347355157915157 off 0.32888338264809863	false	1.0
schuldner	neg 1.0		neg 0.3419795708398385 __DUMMY__ 0.3371371520625782 off 0.3208832770975834	false	1.0
missgeburt	off 1.0	off 1.0	off 0.656939728720783 neg 0.1821514714158379 __DUMMY__ 0.16090879986337914	false	1.0
arbeitslos	neg 1.0		neg 0.3416984454557712 __DUMMY__ 0.3350940057140483 off 0.3232075488301803	false	1.0
befallen	neg 1.0		neg 0.3392977019820749 __DUMMY__ 0.33612555706434716 off 0.3245767409535781	false	1.0
miesepetrig	off 1.0	off 1.0	off 0.654470211521658 neg 0.183253585673184 __DUMMY__ 0.16227620280515792	false	1.0
alarmieren	neg 1.0		neg 0.3358800063961762 __DUMMY__ 0.3335897584414443 off 0.3305302351623796	false	1.0
ungeduscht	off 1.0		__DUMMY__ 0.3354492381607039 neg 0.3334657034530343 off 0.33108505838626173	false	0.5
knappheit	neg 1.0		neg 0.3440077066717296 __DUMMY__ 0.3350198759298559 off 0.3209724173984145	false	1.0
schlange	neg 1.0		__DUMMY__ 0.33720926666374856 neg 0.3328550497210261 off 0.32993568361522546	false	1.0
harsch	neg 1.0		off 0.33820209902991905 __DUMMY__ 0.33414302908764937 neg 0.3276548718824316	false	0.5
lang	neg 1.0		neg 0.3365540877287477 __DUMMY__ 0.3362615040784096 off 0.32718440819284267	false	1.0
ziellos	neg 1.0		neg 0.3378506893709749 __DUMMY__ 0.337564739812642 off 0.3245845708163831	false	1.0
selbstverliebt	neg 1.0		off 0.34356364197978334 __DUMMY__ 0.3292543528094345 neg 0.32718200521078206	false	0.5
beseitigen	neg 1.0	neg 1.0	neg 0.655398081391033 off 0.18062739461776242 __DUMMY__ 0.1639745239912046	false	1.0
dumm	off 1.0		off 0.33950202862821327 __DUMMY__ 0.3317627064678491 neg 0.32873526490393756	false	1.0
arbeitsloser	neg 1.0		neg 0.3402110365677061 __DUMMY__ 0.33657395966925663 off 0.3232150037630373	false	1.0
blitzen	neg 1.0		__DUMMY__ 0.3352213775237226 neg 0.3346613777564408 off 0.3301172447198367	false	1.0
hilflos	neg 1.0		neg 0.33836813657750026 __DUMMY__ 0.3366175351427216 off 0.3250143282797782	false	1.0
eklig	off 1.0		off 0.34030145423107233 __DUMMY__ 0.33170726749595913 neg 0.3279912782729685	false	1.0
begriff			neg 0.3401619524884368 __DUMMY__ 0.33532806428001627 off 0.324509983231547	false	0.0
hungersnot	neg 1.0		neg 0.3378725801841797 __DUMMY__ 0.3370552731572977 off 0.3250721466585227	false	1.0
ungesetzlich	neg 1.0		neg 0.3431653371492893 __DUMMY__ 0.33137142287060084 off 0.3254632399801099	false	1.0
verschwendung	neg 1.0		neg 0.3414348884531142 __DUMMY__ 0.3367871253250103 off 0.3217779862218754	false	1.0
schmerzvoll	neg 1.0		__DUMMY__ 0.33576274948498047 neg 0.33535410399673266 off 0.328883146518287	false	1.0
vorzeitig	neg 1.0		__DUMMY__ 0.33627139217330543 neg 0.33282480933085745 off 0.3309037984958372	false	1.0
unvollkommenheit	neg 1.0		__DUMMY__ 0.33963868181035967 neg 0.33399257719354913 off 0.3263687409960912	false	1.0
intervenieren	neg 1.0		neg 0.34408707787154674 __DUMMY__ 0.3355466837028309 off 0.32036623842562234	false	1.0
banause	off 1.0		off 0.3416526983405957 __DUMMY__ 0.3300724180633695 neg 0.32827488359603485	false	1.0
rebell	neg 1.0		neg 0.3430686719840172 __DUMMY__ 0.33828335064995096 off 0.3186479773660318	false	1.0
unlogisch	neg 1.0		off 0.33583192076418766 __DUMMY__ 0.3332473813009404 neg 0.33092069793487183	false	0.5
leiden	neg 1.0		__DUMMY__ 0.34034031076403753 neg 0.33572700231902985 off 0.32393268691693256	false	1.0
abschaffung	neg 1.0		neg 0.34056559076959253 __DUMMY__ 0.333919722619763 off 0.3255146866106444	false	1.0
sturz	neg 1.0		neg 0.33657234098492345 __DUMMY__ 0.3365481152198725 off 0.3268795437952039	false	1.0
verkleinerung	neg 1.0		neg 0.33961535439205415 __DUMMY__ 0.33259373148940335 off 0.3277909141185424	false	1.0
schmarotzer	off 1.0		neg 0.34211704494488665 __DUMMY__ 0.33494112497042944 off 0.3229418300846838	false	0.5
bestrafung	neg 1.0		neg 0.3367395856016443 __DUMMY__ 0.33533823526489387 off 0.32792217913346183	false	1.0
achtlos	neg 1.0		__DUMMY__ 0.33687105712519955 neg 0.33603839192069995 off 0.32709055095410056	false	1.0
ungeheuer	neg 1.0		__DUMMY__ 0.33569091652348304 neg 0.33384620900777207 off 0.33046287446874495	false	1.0
unaufrichtig	neg 1.0		neg 0.33873357133140974 __DUMMY__ 0.33364269934119317 off 0.32762372932739714	false	1.0
groggy	neg 1.0		neg 0.33549567104275546 __DUMMY__ 0.3350897604574716 off 0.329414568499773	false	1.0
verletzlich	neg 1.0		off 0.3347281950191262 __DUMMY__ 0.3340980669047548 neg 0.331173738076119	false	0.5
ablehnen	neg 1.0		neg 0.3417775603962384 __DUMMY__ 0.33577031897673765 off 0.3224521206270239	false	1.0
