unsolidarisch	neg 1.0		__DUMMY__ 0.8832882223657144 neg 0.06199204655242862 off 0.05471973108185706	false	1.0
nachteilig	neg 1.0		__DUMMY__ 0.8898198069620314 neg 0.059313530160785374 off 0.05086666287718316	false	1.0
skeptisch	neg 1.0		__DUMMY__ 0.8907059379403386 neg 0.05899796106590598 off 0.0502961009937554	false	1.0
schrecklich	neg 1.0		__DUMMY__ 0.8848584278519701 off 0.063114050757757 neg 0.05202752139027293	false	0.5
schlapp	neg 1.0		__DUMMY__ 0.888114649702532 off 0.05875561631560754 neg 0.05312973398186047	false	0.5
abfall	neg 1.0		__DUMMY__ 0.892440789628429 neg 0.059712179250843204 off 0.04784703112072783	false	1.0
widerspenstig	neg 1.0		__DUMMY__ 0.8902751429045611 neg 0.05537542373198805 off 0.0543494333634509	false	1.0
abrupt	neg 1.0		__DUMMY__ 0.8941021313244044 neg 0.05559705023823206 off 0.0503008184373635	false	1.0
unwirksam	neg 1.0		__DUMMY__ 0.8849670209255863 neg 0.06071497384306391 off 0.054318005231349636	false	1.0
angreifen	neg 1.0	neg 1.0	neg 0.5147533299354616 __DUMMY__ 0.4468754730155093 off 0.03837119704902898	false	1.0
inkonsistent	neg 1.0		__DUMMY__ 0.8903000953854849 off 0.055040671532667486 neg 0.05465923308184752	false	0.5
abrutschen	neg 1.0		__DUMMY__ 0.8923075198843566 neg 0.059510104177392234 off 0.04818237593825111	false	1.0
unsicher	neg 1.0		__DUMMY__ 0.8901381940339829 neg 0.055136650531047535 off 0.05472515543496957	false	1.0
bauernkind	off 1.0	off 1.0	off 0.5174564615424864 __DUMMY__ 0.4396069941727134 neg 0.04293654428480033	false	1.0
angreifer	neg 1.0		__DUMMY__ 0.8901769231652219 off 0.05576760639182432 neg 0.054055470442953835	false	0.5
trennen	neg 1.0		__DUMMY__ 0.8952416005723501 neg 0.0539180985535065 off 0.05084030087414337	false	1.0
schmutz	neg 1.0		__DUMMY__ 0.8946560180597458 off 0.05569946630603837 neg 0.04964451563421576	false	0.5
inkonsistenz	neg 1.0		__DUMMY__ 0.8834427214776862 off 0.05840368870386259 neg 0.05815358981845127	false	0.5
erschreckend	neg 1.0		__DUMMY__ 0.8884095991836966 neg 0.05779115654591901 off 0.05379924427038435	false	1.0
ertrinken	neg 1.0		__DUMMY__ 0.893322285344372 neg 0.055133815445064224 off 0.051543899210563786	false	1.0
pickelface	off 1.0		__DUMMY__ 0.8900612220820925 neg 0.057178430541765884 off 0.052760347376141575	false	0.5
seiner			__DUMMY__ 0.8926026282399574 neg 0.05675695141217179 off 0.050640420347870765	false	0.0
lauch	neg 1.0		__DUMMY__ 0.8912670790357565 neg 0.060717512050252026 off 0.048015408913991406	false	1.0
unwichtig	neg 1.0		__DUMMY__ 0.8860563447182142 off 0.05894137938949755 neg 0.055002275892288274	false	0.5
steuerhinterziehung	neg 1.0		__DUMMY__ 0.8870998545606021 neg 0.05973415261253903 off 0.053165992826858834	false	1.0
schock	neg 1.0		__DUMMY__ 0.8930476440664761 off 0.05377909594181787 neg 0.053173259991706044	false	0.5
beule	neg 1.0		__DUMMY__ 0.888461338708482 off 0.05892879134884042 neg 0.05260986994267753	false	0.5
vergelten	neg 1.0		__DUMMY__ 0.8890153343386255 off 0.061970518555553654 neg 0.04901414710582096	false	0.5
verdorbenheit	neg 1.0		__DUMMY__ 0.8908335045361638 neg 0.055459653154313907 off 0.05370684230952229	false	1.0
trauma	neg 1.0		__DUMMY__ 0.889034186372241 off 0.055496345608359726 neg 0.05546946801939925	false	0.5
sinnlos	neg 1.0		__DUMMY__ 0.8896459309474538 off 0.056758434828939414 neg 0.05359563422360679	false	0.5
fettsack	off 1.0	off 1.0	off 0.5187502895604511 __DUMMY__ 0.4414428958873338 neg 0.03980681455221504	false	1.0
feige	off 1.0	off 1.0	off 0.5152655246173489 __DUMMY__ 0.4425181530327609 neg 0.04221632234989015	false	1.0
abdanken	neg 1.0		__DUMMY__ 0.8874577743783353 neg 0.05843340397230075 off 0.05410882164936395	false	1.0
wichtigtuer	off 1.0	off 1.0	off 0.513208005129735 __DUMMY__ 0.44402225353671027 neg 0.042769741333554705	false	1.0
misslingen	neg 1.0		__DUMMY__ 0.895425994831618 off 0.055158292872927034 neg 0.04941571229545498	false	0.5
untreu	off 1.0		__DUMMY__ 0.885181768193051 off 0.06000116345432687 neg 0.05481706835262214	false	1.0
missmutig	neg 1.0		__DUMMY__ 0.8869076358852893 off 0.05883701032021771 neg 0.05425535379449299	false	0.5
hurenbock	off 1.0		__DUMMY__ 0.8909304986478956 off 0.05547051041528392 neg 0.053598990936820454	false	1.0
betrunken	neg 1.0		__DUMMY__ 0.8882753318790652 off 0.06104677001991508 neg 0.05067789810101972	false	0.5
korrupt	off 1.0		__DUMMY__ 0.8856086007791489 neg 0.06167918306857959 off 0.052712216152271445	false	0.5
unmut	neg 1.0		__DUMMY__ 0.8917747955932928 neg 0.06010699641044218 off 0.04811820799626516	false	1.0
hackfresse	off 1.0		__DUMMY__ 0.881439931640111 off 0.06615411418544101 neg 0.05240595417444796	false	1.0
aufblasen	neg 1.0		__DUMMY__ 0.8909298388617203 off 0.0556705829638526 neg 0.05339957817442704	false	0.5
gewaltsam	neg 1.0		__DUMMY__ 0.890602566781243 neg 0.055597432682052264 off 0.053800000536704744	false	1.0
unbeliebtheit	neg 1.0		__DUMMY__ 0.8799973868263158 neg 0.06141713031834077 off 0.05858548285534337	false	1.0
sturheit	neg 1.0		__DUMMY__ 0.8882233372296381 neg 0.05787595527811751 off 0.05390070749224441	false	1.0
kuh	neg 1.0		__DUMMY__ 0.8868381934138155 neg 0.05858756561886012 off 0.0545742409673244	false	1.0
erschrecken	neg 1.0		__DUMMY__ 0.8883571294638722 off 0.058266919142553414 neg 0.05337595139357431	false	0.5
opfer	neg 1.0		__DUMMY__ 0.892364860822543 neg 0.055893269470231516 off 0.051741869707225635	false	1.0
sinken	neg 1.0		__DUMMY__ 0.8925461614636947 neg 0.059026996350342684 off 0.048426842185962674	false	1.0
stinktier	neg 1.0		__DUMMY__ 0.8825879925317576 off 0.06350367984051927 neg 0.05390832762772319	false	0.5
tucke	off 1.0		__DUMMY__ 0.8777112202703501 off 0.06644139997683184 neg 0.05584737975281808	false	1.0
ein			__DUMMY__ 0.8904777822009725 off 0.05498324507495664 neg 0.054538972724070864	false	0.0
abstieg	neg 1.0		__DUMMY__ 0.8941909939430388 neg 0.054949675735974486 off 0.05085933032098674	false	1.0
missverstehen	neg 1.0		__DUMMY__ 0.88676132098477 off 0.057041103196194994 neg 0.056197575819034916	false	0.5
ergebnislos	neg 1.0		__DUMMY__ 0.8905837875138255 neg 0.05861906921370967 off 0.050797143272464824	false	1.0
unter			__DUMMY__ 0.8989075548878007 neg 0.057104508461380495 off 0.043987936650818675	false	0.0
manipulieren	neg 1.0		__DUMMY__ 0.8907855293432396 neg 0.05880237488189418 off 0.05041209577486613	false	1.0
unbewiesen	neg 1.0		__DUMMY__ 0.8822478124639377 neg 0.06275423794720392 off 0.054997949588858404	false	1.0
verschleppen	neg 1.0		__DUMMY__ 0.8907004906843969 neg 0.056988125240369156 off 0.05231138407523383	false	1.0
weib	off 1.0		__DUMMY__ 0.8812929618708744 off 0.06611404362813246 neg 0.05259299450099322	false	1.0
opposition	neg 1.0		__DUMMY__ 0.8862969230564155 neg 0.057771868793468774 off 0.05593120815011578	false	1.0
verkehrswidrig	neg 1.0	neg 1.0	neg 0.5037311457625064 __DUMMY__ 0.44944356771051447 off 0.04682528652697914	false	1.0
inkorrekt	neg 1.0		__DUMMY__ 0.8822641461846168 off 0.061250150740378415 neg 0.056485703075004806	false	0.5
vermeiden	neg 1.0		__DUMMY__ 0.8953147955393388 neg 0.05874010229772267 off 0.045945102162938574	false	1.0
abweichung	neg 1.0		__DUMMY__ 0.8899884895223693 neg 0.05889624073197517 off 0.05111526974565548	false	1.0
alkoholisiert	neg 1.0		__DUMMY__ 0.8981031332825361 neg 0.05222146877935479 off 0.04967539793810909	false	1.0
scheiss	off 1.0	off 1.0	off 0.5148765268156433 __DUMMY__ 0.4447230470770961 neg 0.04040042610726057	false	1.0
herausforderung	neg 1.0	neg 1.0	neg 0.5082420015089929 __DUMMY__ 0.4536264879270181 off 0.03813151056398907	false	1.0
pervers	off 1.0		__DUMMY__ 0.879965598969489 off 0.0689509247400554 neg 0.05108347629045569	false	1.0
wackelig	neg 1.0		__DUMMY__ 0.8946800015725244 neg 0.053207314426968154 off 0.05211268400050735	false	1.0
verwickeln	neg 1.0		__DUMMY__ 0.8865961799227832 off 0.05697942518153447 neg 0.05642439489568242	false	0.5
vorwand	neg 1.0		__DUMMY__ 0.8918407817458842 neg 0.058461507454209555 off 0.04969771079990615	false	1.0
muschi	off 1.0		__DUMMY__ 0.8899114201784305 neg 0.05686834447239474 off 0.0532202353491748	false	0.5
entmutigung	neg 1.0		__DUMMY__ 0.8854826649570363 neg 0.0584122763187535 off 0.05610505872421024	false	1.0
unangemessen	neg 1.0		__DUMMY__ 0.8882724347622816 neg 0.05861992753024921 off 0.05310763770746923	false	1.0
unstetig	neg 1.0		__DUMMY__ 0.8914703380726344 off 0.055066926476840444 neg 0.05346273545052522	false	0.5
entmutigen	neg 1.0		__DUMMY__ 0.8887736365487674 off 0.05583437908754481 neg 0.055391984363687745	false	0.5
schwanz	neg 1.0		__DUMMY__ 0.8922207867383165 neg 0.05753998407472375 off 0.05023922918695967	false	1.0
verbot	neg 1.0		__DUMMY__ 0.8878276762539625 neg 0.059738993309541556 off 0.052433330436495916	false	1.0
leid	neg 1.0		__DUMMY__ 0.8850844247536239 off 0.06404609527678792 neg 0.05086947996958815	false	0.5
archaisch	neg 1.0		__DUMMY__ 0.8905207020178465 neg 0.05665773956660471 off 0.05282155841554878	false	1.0
gegen			__DUMMY__ 0.8936579995372854 neg 0.05712923215292204 off 0.04921276830979247	false	0.0
scheidung	neg 1.0		__DUMMY__ 0.8800761914943397 off 0.07223615717764101 neg 0.04768765132801929	false	0.5
einschlag	neg 1.0	neg 1.0	neg 0.5085328083955959 __DUMMY__ 0.44468067203382655 off 0.04678651957057765	false	1.0
m			__DUMMY__ 0.8919490795959631 neg 0.05556074466131912 off 0.052490175742717644	false	0.0
abgestanden	neg 1.0		__DUMMY__ 0.8911456958378855 off 0.05452753513753028 neg 0.0543267690245842	false	0.5
schmierig	off 1.0		__DUMMY__ 0.8851814326580455 off 0.06361975381302994 neg 0.05119881352892464	false	1.0
unpraktisch	neg 1.0		__DUMMY__ 0.8915258698299412 off 0.05516840800166748 neg 0.05330572216839138	false	0.5
wixxer	off 1.0		__DUMMY__ 0.8791129957821413 off 0.06874297059352644 neg 0.05214403362433225	false	1.0
bezeichnet			__DUMMY__ 0.8885264086529527 neg 0.05713211267809915 off 0.0543414786689481	false	0.0
jammerlappen	off 1.0		__DUMMY__ 0.886451703028615 off 0.05907925876706388 neg 0.054469038204321224	false	1.0
farce	neg 1.0		__DUMMY__ 0.8863716629118905 neg 0.06054960391964232 off 0.05307873316846727	false	1.0
zwecklos	neg 1.0		__DUMMY__ 0.888655326491177 neg 0.05831801649413701 off 0.053026657014686	false	1.0
turbulent	neg 1.0		__DUMMY__ 0.8861969144193287 off 0.05929959804677006 neg 0.054503487533901246	false	0.5
invasion	neg 1.0		__DUMMY__ 0.8891178712283939 off 0.05676569265928444 neg 0.05411643611232178	false	0.5
schuld	neg 1.0		__DUMMY__ 0.888411836272761 neg 0.05605410590345622 off 0.05553405782378289	false	1.0
risiko	neg 1.0		__DUMMY__ 0.8917257503029079 off 0.054787697640194505 neg 0.05348655205689753	false	0.5
finster	neg 1.0		__DUMMY__ 0.8904142194145486 off 0.05491272331353622 neg 0.05467305727191519	false	0.5
geisteskrank	off 1.0		__DUMMY__ 0.8841767251608579 off 0.060678659419341585 neg 0.05514461541980045	false	1.0
zusammenbrechen	neg 1.0		__DUMMY__ 0.891129004618772 neg 0.05545817361634438 off 0.05341282176488362	false	1.0
ausbeute	neg 1.0		__DUMMY__ 0.8951376738447345 neg 0.05487739976881331 off 0.04998492638645219	false	1.0
hinterhalt	neg 1.0		__DUMMY__ 0.8931427045153865 neg 0.054224844356127094 off 0.05263245112848645	false	1.0
kritik	neg 1.0		__DUMMY__ 0.8871692326844417 neg 0.05986524578125112 off 0.05296552153430716	false	1.0
einschrumpfen	neg 1.0		__DUMMY__ 0.8846606799888659 neg 0.058049705374670094 off 0.057289614636463974	false	1.0
riskant	neg 1.0		__DUMMY__ 0.8899888399773278 neg 0.05849660596944173 off 0.051514554053230396	false	1.0
frustrieren	neg 1.0		__DUMMY__ 0.8905844097290964 neg 0.05777787493061487 off 0.05163771534028872	false	1.0
groll	neg 1.0		__DUMMY__ 0.8903053898252035 neg 0.056907594320911796 off 0.05278701585388462	false	1.0
gibt			__DUMMY__ 0.8896292381955677 neg 0.05721894074165337 off 0.05315182106277892	false	0.0
qualvoll	neg 1.0		__DUMMY__ 0.8898597141920821 off 0.05750514150049204 neg 0.05263514430742589	false	0.5
wackeln	neg 1.0	neg 1.0	neg 0.5097045169008212 __DUMMY__ 0.44852732664131806 off 0.041768156457860826	false	1.0
klagen	neg 1.0		__DUMMY__ 0.8922811198519125 neg 0.05917953572821104 off 0.0485393444198765	false	1.0
bankrott	neg 1.0		__DUMMY__ 0.8881691915446364 off 0.05789990187996619 neg 0.05393090657539739	false	0.5
trauern	neg 1.0		__DUMMY__ 0.8929260763129029 neg 0.05561648438658258 off 0.051457439300514586	false	1.0
ablehnung	neg 1.0		__DUMMY__ 0.8872719590338738 neg 0.059669168826456676 off 0.053058872139669463	false	1.0
stur	neg 1.0		__DUMMY__ 0.8873252537134809 neg 0.05663188944817307 off 0.05604285683834588	false	1.0
aufruhr	neg 1.0		__DUMMY__ 0.890319800455938 neg 0.05588320687914569 off 0.053796992664916395	false	1.0
melancholie	neg 1.0		__DUMMY__ 0.8922056935337226 neg 0.055782426628714916 off 0.05201187983756249	false	1.0
ist			__DUMMY__ 0.888384319843352 off 0.05620753378392777 neg 0.055408146372720235	false	0.0
torheit	neg 1.0		__DUMMY__ 0.886983919048254 neg 0.05753529977552291 off 0.05548078117622311	false	1.0
dreckskind	off 1.0		__DUMMY__ 0.881285583943858 off 0.06478244178811096 neg 0.05393197426803096	false	1.0
umtauschen	neg 1.0		__DUMMY__ 0.8902489391501845 neg 0.05603283243758661 off 0.05371822841222877	false	1.0
zum			__DUMMY__ 0.8995901555842536 neg 0.0544065135334732 off 0.04600333088227329	false	0.0
zersetzen	neg 1.0		__DUMMY__ 0.8896123800546663 neg 0.06009674844896377 off 0.05029087149637012	false	1.0
zur			__DUMMY__ 0.8962718733186217 neg 0.05806380695264129 off 0.04566431972873701	false	0.0
frust	neg 1.0		__DUMMY__ 0.8906789194016321 neg 0.056010475176137935 off 0.053310605422229936	false	1.0
unerbittlichkeit	neg 1.0		__DUMMY__ 0.8902069926447831 neg 0.059391917107008814 off 0.05040109024820813	false	1.0
zwei			__DUMMY__ 0.8971415491689141 neg 0.05493444831584305 off 0.047924002515242946	false	0.0
unkorrekt	neg 1.0		__DUMMY__ 0.8811615056044138 off 0.06160864050461203 neg 0.05722985389097426	false	0.5
hexe	off 1.0		__DUMMY__ 0.8865182352133949 off 0.05930759117523069 neg 0.05417417361137444	false	1.0
lasch	neg 1.0		__DUMMY__ 0.8847641837874407 off 0.05806683704307768 neg 0.0571689791694816	false	0.5
rivale	neg 1.0		__DUMMY__ 0.8866478933815632 off 0.061289205241219835 neg 0.052062901377216975	false	0.5
mutlos	off 1.0	off 1.0	off 0.5091028228689796 __DUMMY__ 0.4451603991458346 neg 0.04573677798518583	false	1.0
wirr	off 1.0		__DUMMY__ 0.8814481744607937 off 0.06174293138062769 neg 0.056808894158578586	false	1.0
jahr			__DUMMY__ 0.8958144707318529 neg 0.054745366407644866 off 0.04944016286050208	false	0.0
wird			__DUMMY__ 0.8909051750916162 neg 0.0572732096465385 off 0.05182161526184531	false	0.0
strafbar	neg 1.0		__DUMMY__ 0.889400032457686 neg 0.058924519194246065 off 0.05167544834806795	false	1.0
erosion	neg 1.0		__DUMMY__ 0.8910784216744994 off 0.05500716591780825 neg 0.05391441240769245	false	0.5
eingehen	neg 1.0		__DUMMY__ 0.8882491880509842 neg 0.05931042057684222 off 0.05244039137217361	false	1.0
faul	off 1.0		__DUMMY__ 0.8890465696371516 off 0.05801677456115667 neg 0.05293665580169171	false	1.0
provisorium	neg 1.0		__DUMMY__ 0.8976707047103736 neg 0.05868965418357993 off 0.04363964110604642	false	1.0
schmerzen	neg 1.0		__DUMMY__ 0.8905100387549008 neg 0.055399698116560085 off 0.05409026312853913	false	1.0
schrumpfen	neg 1.0		__DUMMY__ 0.8924160775969182 neg 0.06151813173929735 off 0.04606579066378444	false	1.0
geistlos	off 1.0		__DUMMY__ 0.8828207377143626 neg 0.05998305590162504 off 0.05719620638401227	false	0.5
fehlkauf	neg 1.0		__DUMMY__ 0.8882953821090229 off 0.05617446013244232 neg 0.05553015775853476	false	0.5
frustrierend	neg 1.0		__DUMMY__ 0.889035337321723 off 0.05819181896548298 neg 0.05277284371279404	false	0.5
unzufrieden	neg 1.0		__DUMMY__ 0.8883294114387825 neg 0.05875433863548979 off 0.05291624992572773	false	1.0
verzweifeln	neg 1.0		__DUMMY__ 0.8897050241157413 neg 0.05600934471275517 off 0.05428563117150358	false	1.0
verzweifelt	neg 1.0		__DUMMY__ 0.8880526410227874 off 0.05609938131054758 neg 0.055847977666665036	false	0.5
misstrauensantrag	neg 1.0		__DUMMY__ 0.8870105936277227 neg 0.05650563554675814 off 0.056483770825519114	false	1.0
abfallen	neg 1.0		__DUMMY__ 0.8917213936547981 off 0.055436506518106686 neg 0.052842099827095305	false	0.5
fucker	off 1.0		__DUMMY__ 0.884524915119313 off 0.06107171067406206 neg 0.054403374206624985	false	1.0
ungezogen	neg 1.0		__DUMMY__ 0.8822560620394124 off 0.06739314551732588 neg 0.05035079244326181	false	0.5
irrsinnig	neg 1.0	neg 1.0	neg 0.513175067556803 __DUMMY__ 0.4445522027266897 off 0.04227272971650732	false	1.0
unfassbar	neg 1.0		__DUMMY__ 0.8855857718780613 off 0.059669443279306504 neg 0.05474478484263214	false	0.5
hart	neg 1.0		__DUMMY__ 0.8880787045742534 off 0.05747480920522891 neg 0.05444648622051764	false	0.5
widerlich	off 1.0		__DUMMY__ 0.8842189141326111 off 0.06053740484073815 neg 0.055243681026650775	false	1.0
fatal	neg 1.0		__DUMMY__ 0.8880855891792513 off 0.056489406641115174 neg 0.055425004179633544	false	0.5
bruch	neg 1.0		__DUMMY__ 0.8911998025130723 neg 0.06007692445194337 off 0.048723273034984305	false	1.0
aushungern	neg 1.0		__DUMMY__ 0.8872337149241832 neg 0.05882106244238464 off 0.05394522263343213	false	1.0
anspannung	neg 1.0	neg 1.0	neg 0.5103798258962349 __DUMMY__ 0.45442706895749924 off 0.03519310514626595	false	1.0
von			__DUMMY__ 0.895642690289976 neg 0.05549620224879541 off 0.04886110746122867	false	0.0
kraftlos	neg 1.0		__DUMMY__ 0.8934521891196082 neg 0.05387235844251935 off 0.05267545243787251	false	1.0
vom			__DUMMY__ 0.8992687515395273 neg 0.05663154266424051 off 0.04409970579623208	false	0.0
grenzdebil	off 1.0		__DUMMY__ 0.8859654665869517 off 0.0605163751991976 neg 0.05351815821385074	false	1.0
vor			__DUMMY__ 0.8932978021104016 neg 0.05707822131221904 off 0.04962397657737943	false	0.0
unterwerfen	neg 1.0		__DUMMY__ 0.8908967248175782 neg 0.05766894803783205 off 0.05143432714458975	false	1.0
versenkung	neg 1.0		__DUMMY__ 0.890678551663105 neg 0.058063383591558694 off 0.051258064745336375	false	1.0
entziehen	neg 1.0		__DUMMY__ 0.8918837988893178 neg 0.05901994216047996 off 0.04909625895020218	false	1.0
finanzkrise	neg 1.0		__DUMMY__ 0.8868284789039648 neg 0.05946027002383251 off 0.05371125107220276	false	1.0
schimpfend	neg 1.0		__DUMMY__ 0.8920671815366311 off 0.055072217254753954 neg 0.05286060120861486	false	0.5
profan	neg 1.0		__DUMMY__ 0.8877846228107318 off 0.05716550613502159 neg 0.05504987105424667	false	0.5
korruption	neg 1.0	neg 1.0	neg 0.5154695118836345 __DUMMY__ 0.4448686287631094 off 0.0396618593532561	false	1.0
â			__DUMMY__ 0.8920812794263722 neg 0.056382738071882044 off 0.0515359825017459	false	0.0
schmutzig	neg 1.0		__DUMMY__ 0.8876163671038356 off 0.059990197236300086 neg 0.052393435659864214	false	0.5
sexy	neg 1.0		__DUMMY__ 0.8880233642189346 off 0.05775807946430091 neg 0.054218556316764484	false	0.5
abraten	neg 1.0		__DUMMY__ 0.8887754373354042 off 0.05621678073318561 neg 0.0550077819314102	false	0.5
schwarz	neg 1.0		__DUMMY__ 0.8878636717017813 neg 0.05621949691491008 off 0.05591683138330868	false	1.0
fotze	off 1.0		__DUMMY__ 0.8908591370816634 neg 0.05786786878810196 off 0.05127299413023466	false	0.5
verwirren	neg 1.0		__DUMMY__ 0.8878016064644393 off 0.057427893284021765 neg 0.054770500251538866	false	0.5
zahnlos	off 1.0		__DUMMY__ 0.8885212854608261 neg 0.058519135540609175 off 0.05295957899856467	false	0.5
verheeren	neg 1.0		__DUMMY__ 0.884065724214357 off 0.06845924122297911 neg 0.04747503456266396	false	0.5
hippie	neg 1.0		__DUMMY__ 0.8877205844046607 off 0.057377292807377314 neg 0.054902122787962	false	0.5
rammen	neg 1.0		__DUMMY__ 0.8887000418598459 neg 0.05646810098924525 off 0.054831857150908964	false	1.0
unlauter	neg 1.0		__DUMMY__ 0.8832398241935671 neg 0.061688844243391126 off 0.05507133156304179	false	1.0
unheilvoll	neg 1.0		__DUMMY__ 0.8917761516477503 off 0.05641366475491961 neg 0.0518101835973301	false	0.5
niedrig	neg 1.0		__DUMMY__ 0.8927255314856434 neg 0.05696261265212648 off 0.05031185586223007	false	1.0
explosion	neg 1.0		__DUMMY__ 0.8872185506351319 off 0.0567714976069382 neg 0.056009951757929916	false	0.5
weichei	off 1.0		__DUMMY__ 0.8826853475323254 off 0.06477037338474792 neg 0.05254427908292672	false	1.0
minusmensch	off 1.0		__DUMMY__ 0.8768124618706089 off 0.06850178108168667 neg 0.05468575704770434	false	1.0
farblos	neg 1.0		__DUMMY__ 0.8963444609461527 off 0.05317253360888734 neg 0.05048300544495988	false	0.5
unwissend	neg 1.0	neg 1.0	neg 0.512073985059718 __DUMMY__ 0.4428512989116846 off 0.04507471602859744	false	1.0
traurig	neg 1.0		__DUMMY__ 0.8856970135551535 off 0.062210387065248396 neg 0.05209259937959807	false	0.5
senkung	neg 1.0		__DUMMY__ 0.8849305672479436 neg 0.05814934186802512 off 0.05692009088403126	false	1.0
ungleich	neg 1.0	neg 1.0	neg 0.5160504834517881 __DUMMY__ 0.4451853862906863 off 0.03876413025752575	false	1.0
heikel	neg 1.0		__DUMMY__ 0.8899130490085064 neg 0.05967247546535462 off 0.05041447552613891	false	1.0
drosselung	neg 1.0		__DUMMY__ 0.8875125595723121 off 0.05990991734374425 neg 0.052577523083943624	false	0.5
falsch	neg 1.0		__DUMMY__ 0.8876962131434722 off 0.05837791799282837 neg 0.05392586886369931	false	0.5
unzufriedenheit	neg 1.0		__DUMMY__ 0.8906906011428742 neg 0.05932360360682886 off 0.04998579525029699	false	1.0
kurz	neg 1.0		__DUMMY__ 0.8923408292687489 neg 0.05468907749749407 off 0.05297009323375699	false	1.0
unsinnig	neg 1.0		__DUMMY__ 0.8872393153199378 neg 0.059409718622590806 off 0.05335096605747132	false	1.0
penner	off 1.0	off 1.0	off 0.5205800182834638 __DUMMY__ 0.44018930140660006 neg 0.03923068030993617	false	1.0
seicht	neg 1.0		__DUMMY__ 0.8789775046083385 off 0.06755766191972781 neg 0.05346483347193374	false	0.5
dummheit	off 1.0	off 1.0	off 0.5134338713921011 __DUMMY__ 0.4435839478021743 neg 0.04298218080572471	false	1.0
unerfreulich	neg 1.0		__DUMMY__ 0.8921097102537886 neg 0.05844292062919575 off 0.04944736911701561	false	1.0
motherfucker	off 1.0	off 1.0	off 0.5163689300550571 __DUMMY__ 0.4419091420390114 neg 0.0417219279059315	false	1.0
pikiert	neg 1.0		__DUMMY__ 0.8844622708696178 off 0.05957153700077848 neg 0.055966192129603666	false	0.5
wrack	neg 1.0		__DUMMY__ 0.8956177161461266 neg 0.05371480034167416 off 0.050667483512199234	false	1.0
gangster	neg 1.0		__DUMMY__ 0.8884552486311503 off 0.05697517003620053 neg 0.05456958133264914	false	0.5
krank	neg 1.0		__DUMMY__ 0.887638529341199 off 0.06052294490161488 neg 0.05183852575718612	false	0.5
reich	neg 1.0		__DUMMY__ 0.8860753191822888 off 0.05828922246308687 neg 0.055635458354624315	false	0.5
gnadenlos	neg 1.0		__DUMMY__ 0.8889910112430478 off 0.05555733135725377 neg 0.05545165739969845	false	0.5
niedergeschlagen	neg 1.0		__DUMMY__ 0.8926287220280886 neg 0.053984821977260344 off 0.05338645599465107	false	1.0
terrorisieren	off 1.0	off 1.0	off 0.5093606678236738 __DUMMY__ 0.4477648397120737 neg 0.04287449246425246	false	1.0
sinnlosigkeit	neg 1.0		__DUMMY__ 0.8890833790549341 neg 0.05791427228875997 off 0.05300234865630587	false	1.0
behindern	neg 1.0		__DUMMY__ 0.8883998691680725 neg 0.057821494866606885 off 0.05377863596532058	false	1.0
undemokratisch	neg 1.0		__DUMMY__ 0.8855707991313826 neg 0.05883124085637392 off 0.05559796001224343	false	1.0
wirtschaftskrise	neg 1.0		__DUMMY__ 0.8887738710154709 neg 0.05945563926335833 off 0.05177048972117078	false	1.0
neid	neg 1.0		__DUMMY__ 0.8903114851945867 off 0.05873017739132235 neg 0.05095833741409097	false	0.5
rutschen	neg 1.0	neg 1.0	neg 0.5108146347076398 __DUMMY__ 0.4529077398677618 off 0.03627762542459859	false	1.0
rezession	neg 1.0		__DUMMY__ 0.8822500370812979 off 0.0630952494815322 neg 0.05465471343716984	false	0.5
fehlgeburt	neg 1.0		__DUMMY__ 0.8917780111108011 off 0.05622122153305018 neg 0.05200076735614873	false	0.5
charakterschwach	off 1.0		__DUMMY__ 0.8860785750156046 off 0.06031450122400168 neg 0.053606923760393714	false	1.0
isolation	neg 1.0		__DUMMY__ 0.8885878064915869 off 0.05806168319070166 neg 0.053350510317711416	false	0.5
ablenkung	neg 1.0		__DUMMY__ 0.8898441893734299 neg 0.05526576132045573 off 0.05489004930611428	false	1.0
pech	neg 1.0		__DUMMY__ 0.8884026233905461 off 0.057653569755277335 neg 0.05394380685417661	false	0.5
vermeidung	neg 1.0		__DUMMY__ 0.88411786071356 off 0.060207326499332386 neg 0.05567481278710768	false	0.5
dominieren	neg 1.0		__DUMMY__ 0.8937200766977919 neg 0.05477044448713444 off 0.05150947881507375	false	1.0
schwindlig	neg 1.0		__DUMMY__ 0.892781413464418 off 0.056410118749618085 neg 0.050808467785963964	false	0.5
lutscher	neg 1.0		__DUMMY__ 0.8791254093675049 off 0.06795512064399059 neg 0.05291946998850442	false	0.5
pflicht	neg 1.0		__DUMMY__ 0.890001426184482 neg 0.05957595113266216 off 0.05042262268285592	false	1.0
faschist	off 1.0		__DUMMY__ 0.8846559944492968 neg 0.05781820549042497 off 0.05752580006027827	false	0.5
verschleudern	neg 1.0		__DUMMY__ 0.8853724724525205 neg 0.06357809395666741 off 0.05104943359081197	false	1.0
wenn			__DUMMY__ 0.8873284614804257 off 0.05859469809441657 neg 0.054076840425157764	false	0.0
ehebruch	neg 1.0		__DUMMY__ 0.8901987813074342 neg 0.057797837693661744 off 0.052003380998903975	false	1.0
spott	off 1.0		__DUMMY__ 0.8887719612548927 neg 0.05968439202895862 off 0.0515436467161487	false	0.5
trostlosigkeit	neg 1.0		__DUMMY__ 0.8933432385085502 neg 0.05741926468351199 off 0.0492374968079377	false	1.0
lutschen	neg 1.0		__DUMMY__ 0.8867274608491145 off 0.056835619376095284 neg 0.056436919774790255	false	0.5
undiszipliniert	neg 1.0		__DUMMY__ 0.8867795462783082 off 0.06140786084568348 neg 0.05181259287600819	false	0.5
kopfschmerz	neg 1.0		__DUMMY__ 0.8926099738940446 neg 0.054539819060957194 off 0.05285020704499824	false	1.0
unvorhergesehen	neg 1.0		__DUMMY__ 0.8954482062106046 neg 0.05369705902035523 off 0.05085473476904009	false	1.0
desinteressiert	neg 1.0		__DUMMY__ 0.8847427978035964 off 0.06137098500779136 neg 0.05388621718861217	false	0.5
armselig	off 1.0		__DUMMY__ 0.8821671066446581 off 0.06234017549965402 neg 0.05549271785568782	false	1.0
desaster	neg 1.0		__DUMMY__ 0.8913115185881533 neg 0.06039646467659663 off 0.048292016735250125	false	1.0
tod	neg 1.0		__DUMMY__ 0.8954273983469836 neg 0.05305110932144553 off 0.051521492331570884	false	1.0
herzlos	neg 1.0		__DUMMY__ 0.8838730265013223 off 0.06268106216506207 neg 0.0534459113336157	false	0.5
unwissenheit	neg 1.0		__DUMMY__ 0.8868846230089314 neg 0.06029647575708477 off 0.05281890123398379	false	1.0
widersinnig	neg 1.0	neg 1.0	neg 0.5167539373220569 __DUMMY__ 0.44282501732943574 off 0.0404210453485074	false	1.0
bedenklich	neg 1.0		__DUMMY__ 0.889044690452958 neg 0.05923143112814796 off 0.05172387841889409	false	1.0
beanstanden	neg 1.0		__DUMMY__ 0.8910595933677342 neg 0.05912222475626417 off 0.049818181876001635	false	1.0
panisch	neg 1.0	neg 1.0	neg 0.5079277541533551 __DUMMY__ 0.4489896333903701 off 0.043082612456274795	false	1.0
debil	off 1.0		__DUMMY__ 0.8952658868944596 neg 0.05966820983993743 off 0.04506590326560285	false	0.5
abstrich	neg 1.0		__DUMMY__ 0.8905822766906181 neg 0.05843145797919999 off 0.05098626533018204	false	1.0
primitiv	neg 1.0		__DUMMY__ 0.884384894494449 off 0.06094898037327384 neg 0.05466612513227713	false	0.5
abschaum	off 1.0	off 1.0	off 0.5149396463603209 __DUMMY__ 0.4432687977837362 neg 0.04179155585594304	false	1.0
provozieren	neg 1.0		__DUMMY__ 0.8878686693033995 neg 0.05673171151145706 off 0.05539961918514345	false	1.0
tot	neg 1.0		__DUMMY__ 0.8908201682077582 neg 0.058425418603877656 off 0.050754413188364156	false	1.0
instabil	neg 1.0		__DUMMY__ 0.8821886588720526 off 0.06064940251574492 neg 0.05716193861220257	false	0.5
schwuchtel	off 1.0		__DUMMY__ 0.8764041116866194 off 0.07225978323502158 neg 0.051336105078359055	false	1.0
zerren	neg 1.0		__DUMMY__ 0.8923960045494589 neg 0.0539987117730514 off 0.05360528367748968	false	1.0
kinderficker	off 1.0		__DUMMY__ 0.8801421169867053 off 0.06455846794742305 neg 0.05529941506587165	false	1.0
gefahr	neg 1.0		__DUMMY__ 0.8918496536634889 neg 0.05804678304973252 off 0.05010356328677864	false	1.0
rabiat	neg 1.0		__DUMMY__ 0.8879260010962345 neg 0.057283875089536467 off 0.054790123814229	false	1.0
verlangsamung	neg 1.0		__DUMMY__ 0.882462178877245 off 0.06611739894614228 neg 0.05142042217661279	false	0.5
ausgestorben	neg 1.0		__DUMMY__ 0.8914134051856513 neg 0.0544352495006403 off 0.05415134531370847	false	1.0
anklagen	neg 1.0		__DUMMY__ 0.8889835502498497 neg 0.05775806039608159 off 0.05325838935406869	false	1.0
trott	neg 1.0		__DUMMY__ 0.8904701394844413 neg 0.055531597033149714 off 0.05399826348240898	false	1.0
verminderung	neg 1.0		__DUMMY__ 0.8846160863001336 off 0.060897861162752025 neg 0.054486052537114416	false	0.5
nach			__DUMMY__ 0.9003222848478283 neg 0.05321325123081892 off 0.046464463921352825	false	0.0
rost	neg 1.0		__DUMMY__ 0.8845304741299747 off 0.06477891638798572 neg 0.05069060948203957	false	0.5
destruktiv	neg 1.0		__DUMMY__ 0.8863716392685704 neg 0.05918950698363214 off 0.05443885374779745	false	1.0
unzumutbarkeit	neg 1.0		__DUMMY__ 0.8886193888430461 off 0.058687406695534336 neg 0.05269320446141948	false	0.5
labil	off 1.0	off 1.0	off 0.5148874271884518 __DUMMY__ 0.44324287709698273 neg 0.04186969571456551	false	1.0
ziemlich	neg 1.0		__DUMMY__ 0.8873348161238148 off 0.0599909238747938 neg 0.052674260001391304	false	0.5
lachnummer	off 1.0		__DUMMY__ 0.8875856233650329 neg 0.057675626701715194 off 0.054738749933251965	false	0.5
oder			__DUMMY__ 0.8910313520094314 off 0.054693666901746554 neg 0.05427498108882207	false	0.0
verfall	neg 1.0		__DUMMY__ 0.8933168142124613 neg 0.06058477814964615 off 0.0460984076378925	false	1.0
ausgrenzung	neg 1.0		__DUMMY__ 0.8861550498844696 neg 0.05759415227495173 off 0.05625079784057871	false	1.0
unordnung	neg 1.0		__DUMMY__ 0.8893929910102361 off 0.059357414680977535 neg 0.05124959430878644	false	0.5
fehlverhalten	neg 1.0		__DUMMY__ 0.8902166706090212 neg 0.059060544145298176 off 0.0507227852456806	false	1.0
eine			__DUMMY__ 0.8917386882930768 neg 0.05841075925607934 off 0.049850552450843855	false	0.0
nille	neg 1.0		__DUMMY__ 0.8899749430789138 neg 0.05633287795602542 off 0.053692178965060795	false	1.0
qual	neg 1.0		__DUMMY__ 0.8902997221339543 neg 0.05583739122364307 off 0.05386288664240255	false	1.0
verschwenden	neg 1.0		__DUMMY__ 0.889304847985021 neg 0.05868712217688265 off 0.052008029838096395	false	1.0
riesig	neg 1.0	neg 1.0	neg 0.5106128098265869 __DUMMY__ 0.4503701671454848 off 0.03901702302792845	false	1.0
verurteilen	neg 1.0		__DUMMY__ 0.8891711270685575 neg 0.05790252597471667 off 0.052926346956725843	false	1.0
klischee	neg 1.0	neg 1.0	neg 0.5131132650782158 __DUMMY__ 0.44282851722428734 off 0.044058217697496786	false	1.0
diktatorisch	neg 1.0		__DUMMY__ 0.8845107216829526 neg 0.05933546589055467 off 0.056153812426492755	false	1.0
vorhersehbar	neg 1.0	neg 1.0	neg 0.5127431266442659 __DUMMY__ 0.44362605095036556 off 0.04363082240536854	false	1.0
sowie			__DUMMY__ 0.882838260168017 off 0.06442654190585247 neg 0.05273519792613054	false	0.0
stornieren	neg 1.0		__DUMMY__ 0.8952963750442138 off 0.055088902836404836 neg 0.04961472211938137	false	0.5
besteuerung	neg 1.0		__DUMMY__ 0.8850312069816503 neg 0.05998556878975202 off 0.05498322422859775	false	1.0
ungeschminkt	neg 1.0		__DUMMY__ 0.8847206988153429 off 0.059894155342805795 neg 0.05538514584185135	false	0.5
kritisch	neg 1.0		__DUMMY__ 0.8891926924904544 neg 0.05918753326820444 off 0.05161977424134118	false	1.0
schlamperei	off 1.0		__DUMMY__ 0.8892238146498657 neg 0.0601204514387039 off 0.05065573391143056	false	0.5
sucht	neg 1.0	neg 1.0	neg 0.5103088433738592 __DUMMY__ 0.44865705535066663 off 0.041034101275474064	false	1.0
egoistisch	off 1.0		__DUMMY__ 0.8835054553497548 off 0.06487120512823079 neg 0.05162333952201443	false	1.0
ausbeuter	off 1.0		__DUMMY__ 0.8888271562556106 neg 0.06058287449623227 off 0.05058996924815721	false	0.5
arschgeburt	off 1.0		__DUMMY__ 0.8754451814949628 off 0.07253098557583162 neg 0.05202383292920555	false	1.0
schubs	neg 1.0	neg 1.0	neg 0.5111121438418933 __DUMMY__ 0.4493545666201829 off 0.039533289537923816	false	1.0
unsolide	neg 1.0		__DUMMY__ 0.880885678882227 neg 0.06262832983352351 off 0.05648599128424947	false	1.0
beschwerde	neg 1.0		__DUMMY__ 0.8891378238540374 neg 0.060118336505286134 off 0.05074383964067651	false	1.0
stocken	neg 1.0		__DUMMY__ 0.890514114510167 neg 0.05821186138203828 off 0.051274024107794636	false	1.0
isolieren	neg 1.0		__DUMMY__ 0.8888284069502346 neg 0.05890720888360937 off 0.05226438416615606	false	1.0
unheilbar	neg 1.0		__DUMMY__ 0.8919218424192031 off 0.05524296010895059 neg 0.05283519747184619	false	0.5
pisser	off 1.0		__DUMMY__ 0.8859718784566246 off 0.06113969859709557 neg 0.052888422946279726	false	1.0
löschen	neg 1.0		__DUMMY__ 0.8895296394829474 neg 0.05598596619485651 off 0.05448439432219611	false	1.0
durchfallen	neg 1.0		__DUMMY__ 0.887472762441027 neg 0.059802774061295486 off 0.05272446349767758	false	1.0
wichser	off 1.0		__DUMMY__ 0.8807579302760759 off 0.06913611832415863 neg 0.050105951399765467	false	1.0
terror	neg 1.0		__DUMMY__ 0.8902194162659346 off 0.05684288014857866 neg 0.052937703585486745	false	0.5
krass	neg 1.0		__DUMMY__ 0.8838588352451852 off 0.06281049145776631 neg 0.053330673297048506	false	0.5
revolte	neg 1.0		__DUMMY__ 0.8857466189578382 neg 0.057540119210386625 off 0.0567132618317751	false	1.0
besorgt	neg 1.0		__DUMMY__ 0.8937067225230225 neg 0.053544513135523754 off 0.05274876434145372	false	1.0
nachlassen	neg 1.0		__DUMMY__ 0.8916598840357396 neg 0.05766348240665245 off 0.050676633557607854	false	1.0
alt	neg 1.0		__DUMMY__ 0.8914143472160945 neg 0.057338907028588064 off 0.05124674575531748	false	1.0
hundesohn	off 1.0		__DUMMY__ 0.8791615607549491 off 0.06803781486317977 neg 0.05280062438187107	false	1.0
als			__DUMMY__ 0.8922460577416564 neg 0.05477113042880385 off 0.05298281182953981	false	0.0
abschreckung	neg 1.0		__DUMMY__ 0.8920702477661023 neg 0.05853644313212157 off 0.049393309101776015	false	1.0
unqualifiziert	neg 1.0		__DUMMY__ 0.8831927475925706 neg 0.058947944292003215 off 0.0578593081154262	false	1.0
abgewichst	off 1.0		__DUMMY__ 0.8908623547427604 neg 0.056121944109545276 off 0.053015701147694334	false	0.5
schwer	neg 1.0		__DUMMY__ 0.8897677352575779 neg 0.0556301398850892 off 0.05460212485733289	false	1.0
bedeutungslosigkeit	neg 1.0		__DUMMY__ 0.8906654361775473 neg 0.059141826832610864 off 0.05019273698984186	false	1.0
kapitulation	neg 1.0		__DUMMY__ 0.8878211975898718 neg 0.060692766743694795 off 0.05148603566643338	false	1.0
unscharf	neg 1.0		__DUMMY__ 0.8881054733701542 off 0.0562493360249371 neg 0.055645190604908676	false	0.5
schwinden	neg 1.0		__DUMMY__ 0.8908348462753869 neg 0.05919724647139012 off 0.04996790725322292	false	1.0
versklavung	neg 1.0		__DUMMY__ 0.8848126288789067 neg 0.05947430925025238 off 0.05571306187084094	false	1.0
schlecht	neg 1.0		__DUMMY__ 0.8876307303791535 off 0.060146423047485964 neg 0.05222284657336051	false	0.5
verhasst	neg 1.0		__DUMMY__ 0.8880311950461001 neg 0.05622121482051804 off 0.0557475901333818	false	1.0
beschweren	neg 1.0		__DUMMY__ 0.888287784774099 off 0.056397739202024004 neg 0.0553144760238771	false	0.5
scheiden	neg 1.0		__DUMMY__ 0.895099815288255 off 0.05452072107609997 neg 0.05037946363564514	false	0.5
frustriert	neg 1.0		__DUMMY__ 0.8900948776048283 neg 0.056199677984047534 off 0.053705444411124216	false	1.0
schimmelig	neg 1.0		__DUMMY__ 0.8924112428534806 neg 0.05708716225803928 off 0.05050159488848006	false	1.0
fisch	neg 1.0		__DUMMY__ 0.8975127362312684 neg 0.05315724889614152 off 0.049330014872590075	false	1.0
schmuggel	neg 1.0		__DUMMY__ 0.8961122931861694 neg 0.053926266335174305 off 0.04996144047865621	false	1.0
auffallen	neg 1.0		__DUMMY__ 0.8882879686644493 off 0.05695262397258267 neg 0.05475940736296814	false	0.5
konkurrenz	neg 1.0	neg 1.0	neg 0.5147947242922287 __DUMMY__ 0.4479417854825842 off 0.03726349022518709	false	1.0
teufelskreis	neg 1.0		__DUMMY__ 0.8890721660911735 neg 0.056716990524722656 off 0.05421084338410387	false	1.0
aufschreien	neg 1.0		__DUMMY__ 0.8871094491428195 off 0.056901578458332436 neg 0.05598897239884812	false	0.5
schuldner	neg 1.0		__DUMMY__ 0.8917869948662297 neg 0.05800386526952716 off 0.05020913986424311	false	1.0
missgeburt	off 1.0	off 1.0	off 0.5188767551684796 __DUMMY__ 0.44132940863029113 neg 0.03979383620122924	false	1.0
arbeitslos	neg 1.0		__DUMMY__ 0.8875740856693781 neg 0.059414678958846265 off 0.05301123537177553	false	1.0
befallen	neg 1.0		__DUMMY__ 0.8899080548057325 neg 0.0568820149764469 off 0.053209930217820514	false	1.0
miesepetrig	off 1.0	off 1.0	off 0.5153144497348853 __DUMMY__ 0.4447173915522782 neg 0.03996815871283665	false	1.0
alarmieren	neg 1.0		__DUMMY__ 0.8850195216036935 off 0.05890330873851442 neg 0.05607716965779211	false	0.5
ungeduscht	off 1.0		__DUMMY__ 0.8888516419320112 off 0.057376585994694 neg 0.05377177207329484	false	1.0
knappheit	neg 1.0		__DUMMY__ 0.8878098399954629 neg 0.06087105040505886 off 0.05131910959947822	false	1.0
schlange	neg 1.0		__DUMMY__ 0.8917176491996232 off 0.05613550023136177 neg 0.05214685056901508	false	0.5
harsch	neg 1.0		__DUMMY__ 0.8860927360631111 off 0.06353063704254931 neg 0.05037662689433949	false	0.5
lang	neg 1.0		__DUMMY__ 0.889869637708692 neg 0.055245768983293995 off 0.05488459330801404	false	1.0
ziellos	neg 1.0		__DUMMY__ 0.8922167429615819 neg 0.05536471113854908 off 0.052418545899868996	false	1.0
selbstverliebt	neg 1.0		__DUMMY__ 0.8770254629541817 off 0.07004364889972849 neg 0.05293088814608971	false	0.5
beseitigen	neg 1.0	neg 1.0	neg 0.5102435249376396 __DUMMY__ 0.4490643545009045 off 0.0406921205614559	false	1.0
dumm	off 1.0		__DUMMY__ 0.8817498957252964 off 0.06570974665356928 neg 0.05254035762113439	false	1.0
arbeitsloser	neg 1.0		__DUMMY__ 0.8904807342477421 neg 0.05723880432323027 off 0.05228046142902761	false	1.0
blitzen	neg 1.0		__DUMMY__ 0.888068642416291 off 0.05751877533186352 neg 0.05441258225184541	false	0.5
hilflos	neg 1.0		__DUMMY__ 0.8905238339554499 neg 0.05625527209466206 off 0.05322089394988803	false	1.0
eklig	off 1.0		__DUMMY__ 0.8816918803019377 off 0.06619661973779348 neg 0.05211149996026886	false	1.0
begriff			__DUMMY__ 0.8882254757047386 neg 0.05810959693008898 off 0.05366492736517236	false	0.0
hungersnot	neg 1.0		__DUMMY__ 0.8916605334836823 neg 0.05522903016037629 off 0.05311043635594125	false	1.0
ungesetzlich	neg 1.0		__DUMMY__ 0.8807926535597511 neg 0.06231120505217419 off 0.056896141388074674	false	1.0
verschwendung	neg 1.0		__DUMMY__ 0.8908131942788683 neg 0.05819893277498898 off 0.05098787294614278	false	1.0
schmerzvoll	neg 1.0		__DUMMY__ 0.8889520277359412 off 0.05629742851729366 neg 0.05475054374676512	false	0.5
vorzeitig	neg 1.0		__DUMMY__ 0.8902370551546555 off 0.057349661772935795 neg 0.05241328307240873	false	0.5
unvollkommenheit	neg 1.0		__DUMMY__ 0.896679306315049 off 0.052278259742098245 neg 0.05104243394285275	false	0.5
intervenieren	neg 1.0		__DUMMY__ 0.8886611238561043 neg 0.060477485716784095 off 0.05086139042711157	false	1.0
banause	off 1.0		__DUMMY__ 0.8786556990214407 off 0.06804818990896723 neg 0.05329611106959202	false	1.0
rebell	neg 1.0		__DUMMY__ 0.8940223741915545 neg 0.058382923007423516 off 0.04759470280102193	false	1.0
unlogisch	neg 1.0		__DUMMY__ 0.8844816268830414 off 0.06238185193034814 neg 0.05313652118661042	false	0.5
leiden	neg 1.0		__DUMMY__ 0.8978957115153305 neg 0.05206612860285488 off 0.05003815988181448	false	1.0
abschaffung	neg 1.0		__DUMMY__ 0.8857426374599844 neg 0.059159218900821965 off 0.05509814363919364	false	1.0
sturz	neg 1.0		__DUMMY__ 0.8906195052656678 neg 0.05489024613005502 off 0.054490248604277265	false	1.0
verkleinerung	neg 1.0		__DUMMY__ 0.8832628597767593 neg 0.059365868326523734 off 0.05737127189671687	false	1.0
schmarotzer	off 1.0		__DUMMY__ 0.8874333873942469 neg 0.05965541420569412 off 0.052911198400058874	false	0.5
bestrafung	neg 1.0		__DUMMY__ 0.8882418876126843 off 0.056035295843008835 neg 0.05572281654430687	false	0.5
achtlos	neg 1.0		__DUMMY__ 0.8909964267678682 neg 0.05453345947233204 off 0.05447011375979975	false	1.0
ungeheuer	neg 1.0		__DUMMY__ 0.8890150574590905 off 0.05732828299781903 neg 0.05365665954309049	false	0.5
