unsolidarisch	neg 1.0		neg 0.4782114105895238 off 0.452608258519749 __DUMMY__ 0.06918033089072723	false	1.0
nachteilig	neg 1.0		neg 0.47864437958068884 off 0.4514310585403693 __DUMMY__ 0.06992456187894186	false	1.0
skeptisch	neg 1.0		neg 0.47880130741573407 off 0.45114131334764285 __DUMMY__ 0.07005737923662292	false	1.0
schrecklich	neg 1.0		off 0.4670665583749829 neg 0.4635842605201789 __DUMMY__ 0.06934918110483827	false	0.5
schlapp	neg 1.0		neg 0.4672806108791511 off 0.46300953845471315 __DUMMY__ 0.06970985066613589	false	1.0
abfall	neg 1.0		neg 0.4810272918805543 off 0.44871556316418915 __DUMMY__ 0.07025714495525662	false	1.0
widerspenstig	neg 1.0		neg 0.47242309437469965 off 0.4576071638894888 __DUMMY__ 0.06996974173581141	false	1.0
abrupt	neg 1.0		neg 0.47569633231268105 off 0.4539040661406881 __DUMMY__ 0.07039960154663093	false	1.0
unwirksam	neg 1.0		neg 0.47689369800161646 off 0.4537516227456835 __DUMMY__ 0.06935467925270002	false	1.0
angreifen	neg 1.0	neg 1.0	neg 0.7255041519439221 off 0.2409191208678656 __DUMMY__ 0.03357672718821229	false	1.0
inkonsistent	neg 1.0		neg 0.4715054976226476 off 0.45855277983421416 __DUMMY__ 0.0699417225431383	false	1.0
abrutschen	neg 1.0		neg 0.4805867793148121 off 0.4491568785087882 __DUMMY__ 0.07025634217639966	false	1.0
unsicher	neg 1.0		neg 0.47234615848007944 off 0.45765994500147267 __DUMMY__ 0.0699938965184478	false	1.0
bauernkind	off 1.0	off 1.0	off 0.7176639066613322 neg 0.2493971923731778 __DUMMY__ 0.032938900965489924	false	1.0
angreifer	neg 1.0		neg 0.4709929180833933 off 0.459048473112931 __DUMMY__ 0.06995860880367565	false	1.0
trennen	neg 1.0		neg 0.47417399109437164 off 0.45524573067171686 __DUMMY__ 0.07058027823391162	false	1.0
schmutz	neg 1.0		neg 0.4673786782886384 off 0.4622067267864637 __DUMMY__ 0.07041459492489799	false	1.0
inkonsistenz	neg 1.0		neg 0.4722403903262277 off 0.45858333857552847 __DUMMY__ 0.06917627109824387	false	1.0
erschreckend	neg 1.0		neg 0.4752365025609242 off 0.45496617617864776 __DUMMY__ 0.06979732126042798	false	1.0
ertrinken	neg 1.0		neg 0.4746625620427912 off 0.4549755187792245 __DUMMY__ 0.07036191917798433	false	1.0
pickelface	off 1.0		neg 0.475451723327634 off 0.45460187039985805 __DUMMY__ 0.06994640627250798	false	0.5
seiner			neg 0.47670051524545975 off 0.4530182038678297 __DUMMY__ 0.07028128088671043	false	0.0
lauch	neg 1.0		neg 0.4814731603942891 off 0.4484266196848852 __DUMMY__ 0.07010021992082559	false	1.0
unwichtig	neg 1.0		neg 0.4691521207289917 off 0.4613468716541543 __DUMMY__ 0.0695010076168542	false	1.0
steuerhinterziehung	neg 1.0		neg 0.4775337567547085 off 0.4528597643743035 __DUMMY__ 0.06960647887098796	false	1.0
schock	neg 1.0		neg 0.47140007550434104 off 0.45827929639930803 __DUMMY__ 0.07032062809635087	false	1.0
beule	neg 1.0		neg 0.4667252006724894 off 0.463546921764818 __DUMMY__ 0.06972787756269275	false	1.0
vergelten	neg 1.0		off 0.46745601773823936 neg 0.46276314617533304 __DUMMY__ 0.06978083608642745	false	0.5
verdorbenheit	neg 1.0		neg 0.4728288931499492 off 0.4571411109144676 __DUMMY__ 0.0700299959355832	false	1.0
trauma	neg 1.0		neg 0.4719817878167324 off 0.45815335627597653 __DUMMY__ 0.06986485590729108	false	1.0
sinnlos	neg 1.0		neg 0.46968792747791305 off 0.46038755834064676 __DUMMY__ 0.06992451418144036	false	1.0
fettsack	off 1.0	off 1.0	off 0.7197491235710005 neg 0.24715807419223554 __DUMMY__ 0.033092802236763884	false	1.0
feige	off 1.0	off 1.0	off 0.7162955335313522 neg 0.2505000784038615 __DUMMY__ 0.033204388064786164	false	1.0
abdanken	neg 1.0		neg 0.4760445402733588 off 0.45429995414584473 __DUMMY__ 0.06965550558079639	false	1.0
wichtigtuer	off 1.0	off 1.0	off 0.7147968431254059 neg 0.251873750337467 __DUMMY__ 0.03332940653712714	false	1.0
misslingen	neg 1.0		neg 0.4676488192107275 off 0.46183086063794254 __DUMMY__ 0.07052032015132996	false	1.0
untreu	off 1.0		neg 0.46809211270403683 off 0.4625016623413292 __DUMMY__ 0.06940622495463396	false	0.5
missmutig	neg 1.0		neg 0.46842484625457403 off 0.4619819157726401 __DUMMY__ 0.06959323797278591	false	1.0
hurenbock	off 1.0		neg 0.4704305678851291 off 0.4595589480589394 __DUMMY__ 0.07001048405593162	false	0.5
betrunken	neg 1.0		off 0.4664060507505296 neg 0.46386445696038303 __DUMMY__ 0.06972949228908742	false	0.5
korrupt	off 1.0		neg 0.4794633765037214 off 0.45108853868004833 __DUMMY__ 0.06944808481623034	false	0.5
unmut	neg 1.0		neg 0.48141191472002565 off 0.4484112700343689 __DUMMY__ 0.0701768152456055	false	1.0
hackfresse	off 1.0		off 0.46943057325871274 neg 0.46162882835380814 __DUMMY__ 0.06894059838747915	false	1.0
aufblasen	neg 1.0		neg 0.4700162765865399 off 0.4599226449811615 __DUMMY__ 0.07006107843229868	false	1.0
gewaltsam	neg 1.0		neg 0.47355377154315403 off 0.45643606570710393 __DUMMY__ 0.07001016274974213	false	1.0
unbeliebtheit	neg 1.0		neg 0.4746506957558583 off 0.4565758256126702 __DUMMY__ 0.06877347863147147	false	1.0
sturheit	neg 1.0		neg 0.47552468188025704 off 0.4547136000666558 __DUMMY__ 0.06976171805308708	false	1.0
kuh	neg 1.0		neg 0.47460862502447854 off 0.4558700043392806 __DUMMY__ 0.069521370636241	false	1.0
erschrecken	neg 1.0		neg 0.46818495600760063 off 0.46204192329080607 __DUMMY__ 0.06977312070159333	false	1.0
opfer	neg 1.0		neg 0.47544215543577834 off 0.4543199567169789 __DUMMY__ 0.0702378878472429	false	1.0
sinken	neg 1.0		neg 0.4801577851538438 off 0.44960097755220063 __DUMMY__ 0.07024123729395566	false	1.0
stinktier	neg 1.0		off 0.4661450114019545 neg 0.46479904672534716 __DUMMY__ 0.06905594187269837	false	0.5
tucke	off 1.0		off 0.467582442420552 neg 0.46393575680075844 __DUMMY__ 0.0684818007786896	false	1.0
ein			neg 0.47131817654746955 off 0.45868615244016964 __DUMMY__ 0.06999567101236066	false	0.0
abstieg	neg 1.0		neg 0.47541252632803754 off 0.45416761487727697 __DUMMY__ 0.07041985879468533	false	1.0
missverstehen	neg 1.0		neg 0.471605317134772 off 0.4588087036637462 __DUMMY__ 0.06958597920148178	false	1.0
ergebnislos	neg 1.0		neg 0.4782425775925595 off 0.45173302880446764 __DUMMY__ 0.07002439360297283	false	1.0
unter			neg 0.4816308081186873 off 0.4473678374521689 __DUMMY__ 0.07100135442914385	false	0.0
manipulieren	neg 1.0		neg 0.4787519951313207 off 0.4511974384371443 __DUMMY__ 0.07005056643153504	false	1.0
unbewiesen	neg 1.0		neg 0.4786464442185815 off 0.4522923918296011 __DUMMY__ 0.06906116395181741	false	1.0
verschleppen	neg 1.0		neg 0.47607605267139874 off 0.4539017795386526 __DUMMY__ 0.07002216778994863	false	1.0
weib	off 1.0		off 0.4691997087849587 neg 0.461889938362731 __DUMMY__ 0.06891035285231029	false	1.0
opposition	neg 1.0		neg 0.47326724230781575 off 0.45721593973281444 __DUMMY__ 0.06951681795936973	false	1.0
verkehrswidrig	neg 1.0	neg 1.0	neg 0.7148638625434275 off 0.2514032662633996 __DUMMY__ 0.03373287119317289	false	1.0
inkorrekt	neg 1.0		neg 0.4689600808743906 off 0.4620038270102227 __DUMMY__ 0.06903609211538675	false	1.0
vermeiden	neg 1.0		neg 0.4815063048156651 off 0.447934715526382 __DUMMY__ 0.07055897965795306	false	1.0
abweichung	neg 1.0		neg 0.4782082065858099 off 0.4518631108840162 __DUMMY__ 0.06992868253017381	false	1.0
alkoholisiert	neg 1.0		neg 0.4733244173394166 off 0.45585948048377467 __DUMMY__ 0.07081610217680871	false	1.0
scheiss	off 1.0	off 1.0	off 0.7174175041290504 neg 0.24922653887761426 __DUMMY__ 0.0333559569933354	false	1.0
herausforderung	neg 1.0	neg 1.0	neg 0.7220895359160391 off 0.2438103520484188 __DUMMY__ 0.034100112035542085	false	1.0
pervers	off 1.0		off 0.4725739146067798 neg 0.45867171110729416 __DUMMY__ 0.06875437428592615	false	1.0
wackelig	neg 1.0		neg 0.4723593439444292 off 0.4571502511759909 __DUMMY__ 0.07049040487958005	false	1.0
verwickeln	neg 1.0		neg 0.471852159377838 off 0.45857510188481354 __DUMMY__ 0.06957273873734855	false	1.0
vorwand	neg 1.0		neg 0.4789018780522259 off 0.4509168321883893 __DUMMY__ 0.07018128975938479	false	1.0
muschi	off 1.0		neg 0.4749375695540903 off 0.45511932987399645 __DUMMY__ 0.06994310057191346	false	0.5
entmutigung	neg 1.0		neg 0.4744986963953437 off 0.4560892007153861 __DUMMY__ 0.06941210288927009	false	1.0
unangemessen	neg 1.0		neg 0.47660279530983646 off 0.4536323720030813 __DUMMY__ 0.06976483268708224	false	1.0
unstetig	neg 1.0		neg 0.4705985199212605 off 0.4593462438298656 __DUMMY__ 0.07005523624887385	false	1.0
entmutigen	neg 1.0		neg 0.47178657246517974 off 0.45839985955615814 __DUMMY__ 0.06981356797866219	false	1.0
schwanz	neg 1.0		neg 0.4773869157023694 off 0.4524272183448914 __DUMMY__ 0.0701858659527391	false	1.0
verbot	neg 1.0		neg 0.47820605825095003 off 0.4520959057380399 __DUMMY__ 0.06969803601101002	false	1.0
leid	neg 1.0		off 0.46869276996517123 neg 0.4619524995463495 __DUMMY__ 0.06935473048847922	false	0.5
archaisch	neg 1.0		neg 0.4750324865621271 off 0.45495212434990223 __DUMMY__ 0.07001538908797057	false	1.0
gegen			neg 0.47847342564239365 off 0.4511338038806174 __DUMMY__ 0.070392770476989	false	0.0
scheidung	neg 1.0		off 0.4769936899163117 neg 0.4542553019221429 __DUMMY__ 0.06875100816154535	false	0.5
einschlag	neg 1.0	neg 1.0	neg 0.7176757369933209 off 0.2489642843132079 __DUMMY__ 0.033359978693471244	false	1.0
m			neg 0.47411773670007606 off 0.45567946791398806 __DUMMY__ 0.07020279538593577	false	0.0
abgestanden	neg 1.0		neg 0.47109643221091835 off 0.458881168322903 __DUMMY__ 0.07002239946617855	false	1.0
schmierig	off 1.0		off 0.4680830599137358 neg 0.462544305866426 __DUMMY__ 0.0693726342198382	false	1.0
unpraktisch	neg 1.0		neg 0.4701477702179811 off 0.4597379768300656 __DUMMY__ 0.07011425295195313	false	1.0
wixxer	off 1.0		off 0.47170894749031783 neg 0.4596356904347159 __DUMMY__ 0.06865536207496616	false	1.0
bezeichnet			neg 0.4744096506380368 off 0.4557964617210235 __DUMMY__ 0.06979388764093972	false	0.0
jammerlappen	off 1.0		neg 0.4685923582675847 off 0.4618545808350322 __DUMMY__ 0.0695530608973832	false	0.5
farce	neg 1.0		neg 0.4782887834368049 off 0.4521864488189744 __DUMMY__ 0.06952476774422083	false	1.0
zwecklos	neg 1.0		neg 0.4762814585403167 off 0.45389637675900196 __DUMMY__ 0.06982216470068141	false	1.0
turbulent	neg 1.0		neg 0.46855049969642754 off 0.46200762438372606 __DUMMY__ 0.06944187591984632	false	1.0
invasion	neg 1.0		neg 0.47000614107692823 off 0.46012985813356394 __DUMMY__ 0.06986400078950784	false	1.0
schuld	neg 1.0		neg 0.4725826679943364 off 0.4576272017446154 __DUMMY__ 0.06979013026104823	false	1.0
risiko	neg 1.0		neg 0.47131461934629243 off 0.45858137975644836 __DUMMY__ 0.0701040008972592	false	1.0
finster	neg 1.0		neg 0.4710868094633945 off 0.4589430370760871 __DUMMY__ 0.06997015346051846	false	1.0
geisteskrank	off 1.0		neg 0.4681269006310551 off 0.4625963773832954 __DUMMY__ 0.06927672198564946	false	0.5
zusammenbrechen	neg 1.0		neg 0.47359305203348667 off 0.45629165526781035 __DUMMY__ 0.0701152926987029	false	1.0
ausbeute	neg 1.0		neg 0.4751929347943175 off 0.4543062556586653 __DUMMY__ 0.07050080954701708	false	1.0
hinterhalt	neg 1.0		neg 0.47307639055400397 off 0.4566530809705145 __DUMMY__ 0.07027052847548153	false	1.0
kritik	neg 1.0		neg 0.47788469408709816 off 0.45249694227292475 __DUMMY__ 0.06961836363997712	false	1.0
einschrumpfen	neg 1.0		neg 0.4727611538935019 off 0.4579132835710987 __DUMMY__ 0.0693255625353995	false	1.0
riskant	neg 1.0		neg 0.477463417455928 off 0.45254841386765 __DUMMY__ 0.06998816867642194	false	1.0
frustrieren	neg 1.0		neg 0.47680932418470373 off 0.4531444976785593 __DUMMY__ 0.07004617813673703	false	1.0
groll	neg 1.0		neg 0.4755016258694896 off 0.45450073466282165 __DUMMY__ 0.06999763946768885	false	1.0
gibt			neg 0.47521667833366366 off 0.454834046005723 __DUMMY__ 0.06994927566061325	false	0.0
qualvoll	neg 1.0		neg 0.46811190368828004 off 0.46195178576906465 __DUMMY__ 0.06993631054265534	false	1.0
wackeln	neg 1.0	neg 1.0	neg 0.7207554422802404 off 0.24554548456980957 __DUMMY__ 0.03369907314995016	false	1.0
klagen	neg 1.0		neg 0.48045651802780726 off 0.44932621729412453 __DUMMY__ 0.07021726467806814	false	1.0
bankrott	neg 1.0		neg 0.4686948705606343 off 0.4615602739118558 __DUMMY__ 0.06974485552750995	false	1.0
trauern	neg 1.0		neg 0.4753689177437143 off 0.4543390411115529 __DUMMY__ 0.07029204114473274	false	1.0
ablehnung	neg 1.0		neg 0.47773911855011864 off 0.45262861240940233 __DUMMY__ 0.06963226904047909	false	1.0
stur	neg 1.0		neg 0.47261923190374266 off 0.4577172457529177 __DUMMY__ 0.06966352234333972	false	1.0
aufruhr	neg 1.0		neg 0.4739143141533567 off 0.4561066738864617 __DUMMY__ 0.0699790119601817	false	1.0
melancholie	neg 1.0		neg 0.4743566791017384 off 0.4554479388473436 __DUMMY__ 0.07019538205091796	false	1.0
ist			neg 0.4713586998092901 off 0.45885179390412384 __DUMMY__ 0.0697895062865861	false	0.0
torheit	neg 1.0		neg 0.4741114818737283 off 0.4562964245649485 __DUMMY__ 0.06959209356132309	false	1.0
dreckskind	off 1.0		off 0.4671345649025246 neg 0.463952050942721 __DUMMY__ 0.06891338415475454	false	1.0
umtauschen	neg 1.0		neg 0.4731038986931171 off 0.4569321582851251 __DUMMY__ 0.06996394302175767	false	1.0
zum			neg 0.47791895915194343 off 0.45101759630568067 __DUMMY__ 0.07106344454237587	false	0.0
zersetzen	neg 1.0		neg 0.4796926289696485 off 0.45038140872780014 __DUMMY__ 0.06992596230255138	false	1.0
zur			neg 0.48142707767548715 off 0.44788707146930085 __DUMMY__ 0.070685850855212	false	0.0
frust	neg 1.0		neg 0.47416248391070265 off 0.45576901838114814 __DUMMY__ 0.07006849770814923	false	1.0
unerbittlichkeit	neg 1.0		neg 0.47912872053233707 off 0.4508845321065091 __DUMMY__ 0.06998674736115375	false	1.0
zwei			neg 0.476833890052938 off 0.452367840243202 __DUMMY__ 0.07079826970386	false	0.0
unkorrekt	neg 1.0		neg 0.46910130000920663 off 0.4619983298333877 __DUMMY__ 0.0689003701574057	false	1.0
hexe	off 1.0		neg 0.4678606489443806 off 0.4626317013281512 __DUMMY__ 0.06950764972746833	false	0.5
lasch	neg 1.0		neg 0.4716568842467315 off 0.4589934959744528 __DUMMY__ 0.06934961977881551	false	1.0
rivale	neg 1.0		off 0.4654152135256287 neg 0.46505674970222083 __DUMMY__ 0.06952803677215043	false	0.5
mutlos	off 1.0	off 1.0	off 0.7108027422108045 neg 0.2557711978316744 __DUMMY__ 0.03342605995752115	false	1.0
wirr	off 1.0		neg 0.4684192872533432 off 0.46264298349274996 __DUMMY__ 0.06893772925390672	false	0.5
jahr			neg 0.47565407788238934 off 0.453730858137385 __DUMMY__ 0.07061506398022575	false	0.0
wird			neg 0.47604653879676184 off 0.45386335616091666 __DUMMY__ 0.07009010504232137	false	0.0
strafbar	neg 1.0		neg 0.4780304901147846 off 0.4520823295654928 __DUMMY__ 0.06988718031972259	false	1.0
erosion	neg 1.0		neg 0.4709855534110321 off 0.4589226765541498 __DUMMY__ 0.07009177003481816	false	1.0
eingehen	neg 1.0		neg 0.47748449088893624 off 0.4527286949335863 __DUMMY__ 0.0697868141774775	false	1.0
faul	off 1.0		neg 0.46771371560294633 off 0.46246688330692987 __DUMMY__ 0.0698194010901239	false	0.5
provisorium	neg 1.0		neg 0.4828999383313374 off 0.44624351362561476 __DUMMY__ 0.07085654804304797	false	1.0
schmerzen	neg 1.0		neg 0.4723654583889871 off 0.4576405151433114 __DUMMY__ 0.06999402646770166	false	1.0
schrumpfen	neg 1.0		neg 0.4838233758315669 off 0.4459311934237266 __DUMMY__ 0.0702454307447066	false	1.0
geistlos	off 1.0		neg 0.47473762142145765 off 0.4561396447322886 __DUMMY__ 0.06912273384625373	false	0.5
fehlkauf	neg 1.0		neg 0.4716334336750763 off 0.4586101499757554 __DUMMY__ 0.06975641634916833	false	1.0
frustrierend	neg 1.0		neg 0.46792470350040544 off 0.46222605062616934 __DUMMY__ 0.0698492458734252	false	1.0
unzufrieden	neg 1.0		neg 0.47668080686123854 off 0.45352384031593646 __DUMMY__ 0.06979535282282492	false	1.0
verzweifeln	neg 1.0		neg 0.4733872460147186 off 0.4566622843683435 __DUMMY__ 0.06995046961693803	false	1.0
verzweifelt	neg 1.0		neg 0.4718458300372255 off 0.45839567556213084 __DUMMY__ 0.0697584944006436	false	1.0
misstrauensantrag	neg 1.0		neg 0.47184107659293323 off 0.4585565954572194 __DUMMY__ 0.06960232794984735	false	1.0
abfallen	neg 1.0		neg 0.4695782076421761 off 0.46027817351744016 __DUMMY__ 0.07014361884038373	false	1.0
fucker	off 1.0		neg 0.46716388595897174 off 0.4634911421232391 __DUMMY__ 0.06934497191778906	false	0.5
ungezogen	neg 1.0		off 0.47183839581077114 neg 0.4591438897959761 __DUMMY__ 0.06901771439325258	false	0.5
irrsinnig	neg 1.0	neg 1.0	neg 0.7224803139926407 off 0.24413714797387415 __DUMMY__ 0.033382538033485086	false	1.0
unfassbar	neg 1.0		neg 0.4682813383939278 off 0.4622691202402194 __DUMMY__ 0.06944954136585275	false	1.0
hart	neg 1.0		neg 0.4696536450518824 off 0.46067817392037375 __DUMMY__ 0.0696681810277438	false	1.0
widerlich	off 1.0		neg 0.4681545475094715 off 0.4625642932175964 __DUMMY__ 0.06928115927293199	false	0.5
fatal	neg 1.0		neg 0.4712939022452605 off 0.45895053286321835 __DUMMY__ 0.06975556489152109	false	1.0
bruch	neg 1.0		neg 0.4809951957791996 off 0.4489096039890245 __DUMMY__ 0.07009520023177591	false	1.0
aushungern	neg 1.0		neg 0.47654252029554445 off 0.4538255120757156 __DUMMY__ 0.0696319676287399	false	1.0
anspannung	neg 1.0	neg 1.0	neg 0.7246367214789342 off 0.24118147301619844 __DUMMY__ 0.03418180550486728	false	1.0
von			neg 0.47677969995453157 off 0.4526363902192398 __DUMMY__ 0.07058390982622872	false	0.0
kraftlos	neg 1.0		neg 0.4727470375079251 off 0.4568915495274758 __DUMMY__ 0.07036141296459902	false	1.0
vom			neg 0.4808692822918153 off 0.44809783362225275 __DUMMY__ 0.07103288408593196	false	0.0
grenzdebil	off 1.0		neg 0.46667216394609856 off 0.46384313345141986 __DUMMY__ 0.06948470260248153	false	0.5
vor			neg 0.47761365240635045 off 0.4520126247437462 __DUMMY__ 0.07037372284990333	false	0.0
unterwerfen	neg 1.0		neg 0.47708377364927285 off 0.45286044077737253 __DUMMY__ 0.07005578557335461	false	1.0
versenkung	neg 1.0		neg 0.4774340336670866 off 0.45249992182379845 __DUMMY__ 0.07006604450911487	false	1.0
entziehen	neg 1.0		neg 0.4797969272938765 off 0.4500117719754257 __DUMMY__ 0.07019130073069783	false	1.0
finanzkrise	neg 1.0		neg 0.4766687742754046 off 0.4537610569228208 __DUMMY__ 0.0695701688017746	false	1.0
schimpfend	neg 1.0		neg 0.46977180846404515 off 0.46007402200091985 __DUMMY__ 0.07015416953503496	false	1.0
profan	neg 1.0		neg 0.4703352953150725 off 0.4599600252280897 __DUMMY__ 0.06970467945683777	false	1.0
korruption	neg 1.0	neg 1.0	neg 0.7253601878797495 off 0.241247372478144 __DUMMY__ 0.0333924396421064	false	1.0
â			neg 0.4754227526908272 off 0.4543614536367729 __DUMMY__ 0.0702157936723999	false	0.0
schmutzig	neg 1.0		neg 0.46613052773815905 off 0.4641942216038528 __DUMMY__ 0.06967525065798802	false	1.0
sexy	neg 1.0		neg 0.469308827027525 off 0.4609453292112288 __DUMMY__ 0.0697458437612462	false	1.0
abraten	neg 1.0		neg 0.47093750916808874 off 0.4592499332754795 __DUMMY__ 0.0698125575564317	false	1.0
schwarz	neg 1.0		neg 0.4722646424788179 off 0.4580085669718632 __DUMMY__ 0.06972679054931884	false	1.0
fotze	off 1.0		neg 0.47702971771419633 off 0.4529201823725179 __DUMMY__ 0.07005009991328584	false	0.5
verwirren	neg 1.0		neg 0.47001241447105835 off 0.46027268633159857 __DUMMY__ 0.06971489919734307	false	1.0
zahnlos	off 1.0		neg 0.4765469563058499 off 0.45364579832419455 __DUMMY__ 0.06980724536995545	false	0.5
verheeren	neg 1.0		off 0.47414997699571276 neg 0.45662712200819755 __DUMMY__ 0.06922290099608959	false	0.5
hippie	neg 1.0		neg 0.47019064664881505 off 0.46009312287478565 __DUMMY__ 0.06971623047639922	false	1.0
rammen	neg 1.0		neg 0.4727158504011953 off 0.4575284875159675 __DUMMY__ 0.06975566208283714	false	1.0
unlauter	neg 1.0		neg 0.47734680030130483 off 0.4534993409691135 __DUMMY__ 0.0691538587295815	false	1.0
unheilvoll	neg 1.0		neg 0.4682245866122114 off 0.461649972397646 __DUMMY__ 0.07012544099014262	false	1.0
niedrig	neg 1.0		neg 0.47697100967789374 off 0.4528039835941477 __DUMMY__ 0.07022500672795849	false	1.0
explosion	neg 1.0		neg 0.4713985083066589 off 0.45896309248045297 __DUMMY__ 0.0696383992128881	false	1.0
weichei	off 1.0		off 0.4682925567911283 neg 0.46262384626421593 __DUMMY__ 0.0690835969446557	false	1.0
minusmensch	off 1.0		off 0.46916308144106206 neg 0.46242213339292304 __DUMMY__ 0.06841478516601486	false	1.0
farblos	neg 1.0		neg 0.46966112067163684 off 0.4597410563084138 __DUMMY__ 0.0705978230199494	false	1.0
unwissend	neg 1.0	neg 1.0	neg 0.7203747210645337 off 0.24639315795570943 __DUMMY__ 0.03323212097975679	false	1.0
traurig	neg 1.0		off 0.46622809515166586 neg 0.464324529279697 __DUMMY__ 0.06944737556863723	false	0.5
senkung	neg 1.0		neg 0.47289311116569743 off 0.4577560924092982 __DUMMY__ 0.0693507964250042	false	1.0
ungleich	neg 1.0	neg 1.0	neg 0.7260409757375321 off 0.24053234222870695 __DUMMY__ 0.033426682033760924	false	1.0
heikel	neg 1.0		neg 0.4791964238189804 off 0.4508406635239145 __DUMMY__ 0.06996291265710519	false	1.0
drosselung	neg 1.0		neg 0.4663162288432238 off 0.4640533934897587 __DUMMY__ 0.06963037766701746	false	1.0
falsch	neg 1.0		neg 0.4686554118968531 off 0.46165911021276945 __DUMMY__ 0.06968547789037752	false	1.0
unzufriedenheit	neg 1.0		neg 0.4794200116547664 off 0.45052604228097365 __DUMMY__ 0.07005394606426005	false	1.0
kurz	neg 1.0		neg 0.47292627376864005 off 0.45683534638327167 __DUMMY__ 0.07023837984808828	false	1.0
unsinnig	neg 1.0		neg 0.4768673996756352 off 0.45347847767123506 __DUMMY__ 0.06965412265312972	false	1.0
penner	off 1.0	off 1.0	off 0.7210502391706937 neg 0.24594122063764717 __DUMMY__ 0.03300854019165913	false	1.0
seicht	neg 1.0		off 0.46956636976223326 neg 0.4617751554759303 __DUMMY__ 0.06865847476183645	false	0.5
dummheit	off 1.0	off 1.0	off 0.7148716703898388 neg 0.25183279910821177 __DUMMY__ 0.03329553050194945	false	1.0
unerfreulich	neg 1.0		neg 0.4787775596868252 off 0.45101088928613603 __DUMMY__ 0.0702115510270389	false	1.0
motherfucker	off 1.0	off 1.0	off 0.7171980920549978 neg 0.2496374469953588 __DUMMY__ 0.03316446094964341	false	1.0
pikiert	neg 1.0		neg 0.469421992587203 off 0.4612684973647703 __DUMMY__ 0.06930951004802673	false	1.0
wrack	neg 1.0		neg 0.4740095171721484 off 0.45544785488312234 __DUMMY__ 0.07054262794472921	false	1.0
gangster	neg 1.0		neg 0.47015257144846984 off 0.4600528347020363 __DUMMY__ 0.06979459384949381	false	1.0
krank	neg 1.0		off 0.46517696530437064 neg 0.4651631893346056 __DUMMY__ 0.06965984536102376	false	0.5
reich	neg 1.0		neg 0.470104708615298 off 0.46045540029311777 __DUMMY__ 0.06943989109158431	false	1.0
gnadenlos	neg 1.0		neg 0.47206730899022215 off 0.45806712753652884 __DUMMY__ 0.06986556347324896	false	1.0
niedergeschlagen	neg 1.0		neg 0.4723258052602884 off 0.45740910617999286 __DUMMY__ 0.07026508855971879	false	1.0
terrorisieren	off 1.0	off 1.0	off 0.7123005942297933 neg 0.2540591659685856 __DUMMY__ 0.03364023980162102	false	1.0
sinnlosigkeit	neg 1.0		neg 0.4759162427955783 off 0.45421058394579394 __DUMMY__ 0.06987317325862788	false	1.0
behindern	neg 1.0		neg 0.47487568780942163 off 0.4553387404032362 __DUMMY__ 0.06978557178734224	false	1.0
undemokratisch	neg 1.0		neg 0.47523239734015454 off 0.4553398333636688 __DUMMY__ 0.0694277692961768	false	1.0
wirtschaftskrise	neg 1.0		neg 0.4782130681413691 off 0.45198489691133126 __DUMMY__ 0.06980203494729972	false	1.0
neid	neg 1.0		neg 0.4659604169659869 off 0.4640712710974587 __DUMMY__ 0.0699683119365544	false	1.0
rutschen	neg 1.0	neg 1.0	neg 0.7241192516745334 off 0.2418218854020273 __DUMMY__ 0.03405886292343939	false	1.0
rezession	neg 1.0		neg 0.46598785506615503 off 0.4649704946004878 __DUMMY__ 0.06904165033335714	false	1.0
fehlgeburt	neg 1.0		neg 0.4688001212397077 off 0.46110741324582966 __DUMMY__ 0.07009246551446258	false	1.0
charakterschwach	off 1.0		neg 0.4672583141962643 off 0.46325538059400934 __DUMMY__ 0.06948630520972626	false	0.5
isolation	neg 1.0		neg 0.4683299266530939 off 0.4618767708591152 __DUMMY__ 0.06979330248779092	false	1.0
ablenkung	neg 1.0		neg 0.4721917342169422 off 0.45785122357180974 __DUMMY__ 0.06995704221124806	false	1.0
pech	neg 1.0		neg 0.46869602417998696 off 0.4615728862463422 __DUMMY__ 0.0697310895736709	false	1.0
vermeidung	neg 1.0		neg 0.46841900453365876 off 0.46231400783297416 __DUMMY__ 0.06926698763336707	false	1.0
dominieren	neg 1.0		neg 0.4745683068895992 off 0.4550718368095433 __DUMMY__ 0.07035985630085739	false	1.0
schwindlig	neg 1.0		neg 0.4671585648823745 off 0.46260237737913223 __DUMMY__ 0.07023905773849322	false	1.0
lutscher	neg 1.0		off 0.47050889044803773 neg 0.46083138782959193 __DUMMY__ 0.06865972172237035	false	0.5
pflicht	neg 1.0		neg 0.47929394737203435 off 0.4507173645958176 __DUMMY__ 0.06998868803214804	false	1.0
faschist	off 1.0		neg 0.4730209742639399 off 0.45766295582184363 __DUMMY__ 0.06931606991421634	false	0.5
verschleudern	neg 1.0		neg 0.4818378956155507 off 0.44874674447635665 __DUMMY__ 0.06941535990809272	false	1.0
wenn			neg 0.4685608412784067 off 0.4617824497187026 __DUMMY__ 0.0696567090028907	false	0.0
ehebruch	neg 1.0		neg 0.4768628054456456 off 0.4531629661797132 __DUMMY__ 0.06997422837464123	false	1.0
spott	off 1.0		neg 0.4786900761371119 off 0.451492050908322 __DUMMY__ 0.06981787295456622	false	0.5
trostlosigkeit	neg 1.0		neg 0.4783617773345437 off 0.4512986059550814 __DUMMY__ 0.07033961671037497	false	1.0
lutschen	neg 1.0		neg 0.47187096201162715 off 0.4585756746009174 __DUMMY__ 0.0695533633874555	false	1.0
undiszipliniert	neg 1.0		off 0.4657538702742876 neg 0.4646866444723539 __DUMMY__ 0.0695594852533586	false	0.5
kopfschmerz	neg 1.0		neg 0.4726368538492121 off 0.45713687012354903 __DUMMY__ 0.07022627602723876	false	1.0
unvorhergesehen	neg 1.0		neg 0.4735606120850322 off 0.4558795294879125 __DUMMY__ 0.07055985842705531	false	1.0
desinteressiert	neg 1.0		neg 0.4664090907470273 off 0.4642517906812231 __DUMMY__ 0.06933911857174958	false	1.0
armselig	off 1.0		neg 0.4671107535440347 off 0.46384274060731195 __DUMMY__ 0.06904650584865349	false	0.5
desaster	neg 1.0		neg 0.4815686546508849 off 0.44831013130992603 __DUMMY__ 0.07012121403918925	false	1.0
tod	neg 1.0		neg 0.4730493086893069 off 0.45642472115627714 __DUMMY__ 0.07052597015441606	false	1.0
herzlos	neg 1.0		off 0.46567305563529177 neg 0.46508639241455574 __DUMMY__ 0.06924055195015243	false	0.5
unwissenheit	neg 1.0		neg 0.4780618691773703 off 0.45233178865634877 __DUMMY__ 0.06960634216628098	false	1.0
widersinnig	neg 1.0	neg 1.0	neg 0.7257163168291778 off 0.24105247779630462 __DUMMY__ 0.033231205374517576	false	1.0
bedenklich	neg 1.0		neg 0.477931339601403 off 0.45220321295542487 __DUMMY__ 0.06986544744317211	false	1.0
beanstanden	neg 1.0		neg 0.4794147975929464 off 0.4504928773345301 __DUMMY__ 0.07009232507252368	false	1.0
panisch	neg 1.0	neg 1.0	neg 0.719022247265492 off 0.24725163734358124 __DUMMY__ 0.0337261153909268	false	1.0
debil	off 1.0		neg 0.4827792721338606 off 0.44666521961112576 __DUMMY__ 0.07055550825501355	false	0.5
abstrich	neg 1.0		neg 0.4765738675808956 off 0.45349827285578687 __DUMMY__ 0.06992785956331758	false	1.0
primitiv	neg 1.0		neg 0.4674724233079483 off 0.4632284126721301 __DUMMY__ 0.06929916401992155	false	1.0
abschaum	off 1.0	off 1.0	off 0.7162400996880259 neg 0.2504960543170928 __DUMMY__ 0.03326384599488124	false	1.0
provozieren	neg 1.0		neg 0.47323405286292786 off 0.45704146241427285 __DUMMY__ 0.06972448472279927	false	1.0
tot	neg 1.0		neg 0.47743610755512783 off 0.45258023957065724 __DUMMY__ 0.06998365287421496	false	1.0
instabil	neg 1.0		neg 0.46955229120109604 off 0.4614303211250892 __DUMMY__ 0.06901738767381471	false	1.0
schwuchtel	off 1.0		off 0.47479615452017077 neg 0.45684655362504895 __DUMMY__ 0.06835729185478022	false	1.0
zerren	neg 1.0		neg 0.4723365333845333 off 0.45740906715278795 __DUMMY__ 0.07025439946267877	false	1.0
kinderficker	off 1.0		neg 0.46561211982491796 off 0.46560431840835154 __DUMMY__ 0.06878356176673056	false	0.5
gefahr	neg 1.0		neg 0.4784659631113127 off 0.4513610336894535 __DUMMY__ 0.07017300319923388	false	1.0
rabiat	neg 1.0		neg 0.4739941965870642 off 0.4562653031560282 __DUMMY__ 0.06974050025690748	false	1.0
verlangsamung	neg 1.0		off 0.4694688701463483 neg 0.46149244177580945 __DUMMY__ 0.06903868807784214	false	0.5
ausgestorben	neg 1.0		neg 0.4722101264032568 off 0.4576563021169839 __DUMMY__ 0.07013357147975925	false	1.0
anklagen	neg 1.0		neg 0.475921696234481 off 0.4542519151706874 __DUMMY__ 0.06982638859483158	false	1.0
trott	neg 1.0		neg 0.47298554967393 off 0.45698342221203 __DUMMY__ 0.07003102811404001	false	1.0
verminderung	neg 1.0		neg 0.4669773216364617 off 0.46370426458767766 __DUMMY__ 0.06931841377586061	false	1.0
nach			neg 0.4767286516350787 off 0.45211201856368083 __DUMMY__ 0.07115932980124033	false	0.0
rost	neg 1.0		off 0.469069087973559 neg 0.46168113668866234 __DUMMY__ 0.06924977533777867	false	0.5
destruktiv	neg 1.0		neg 0.4759879022230541 off 0.45447160473676584 __DUMMY__ 0.06954049304018017	false	1.0
unzumutbarkeit	neg 1.0		neg 0.46748204189720904 off 0.46276661590725343 __DUMMY__ 0.06975134219553739	false	1.0
labil	off 1.0	off 1.0	off 0.716205721305897 neg 0.25052093915439194 __DUMMY__ 0.03327333953971112	false	1.0
ziemlich	neg 1.0		neg 0.46640488055045254 off 0.46395045222984826 __DUMMY__ 0.06964466721969924	false	1.0
lachnummer	off 1.0		neg 0.474747952491396 off 0.45555799114113643 __DUMMY__ 0.06969405636746764	false	0.5
oder			neg 0.4713521041288823 off 0.45856757312804186 __DUMMY__ 0.0700803227430758	false	0.0
verfall	neg 1.0		neg 0.4830764130698605 off 0.4465737683497723 __DUMMY__ 0.07034981858036723	false	1.0
ausgrenzung	neg 1.0		neg 0.47377755275166156 off 0.4567306058034787 __DUMMY__ 0.06949184144485972	false	1.0
unordnung	neg 1.0		neg 0.46596399670138605 off 0.4642288467702713 __DUMMY__ 0.06980715652834252	false	1.0
fehlverhalten	neg 1.0		neg 0.4788304362806165 off 0.4511769522110194 __DUMMY__ 0.0699926115083642	false	1.0
eine			neg 0.47834312168867876 off 0.4514685839850567 __DUMMY__ 0.07018829432626447	false	0.0
nille	neg 1.0		neg 0.4742587562133181 off 0.45578010854655443 __DUMMY__ 0.06996113524012744	false	1.0
qual	neg 1.0		neg 0.47338176015497596 off 0.4566068881590205 __DUMMY__ 0.07001135168600345	false	1.0
verschwenden	neg 1.0		neg 0.4770311733940605 off 0.4530705996849706 __DUMMY__ 0.06989822692096886	false	1.0
riesig	neg 1.0	neg 1.0	neg 0.7227672051491756 off 0.24340749137923542 __DUMMY__ 0.033825303471589005	false	1.0
verurteilen	neg 1.0		neg 0.47635245879068583 off 0.453788575634631 __DUMMY__ 0.06985896557468312	false	1.0
klischee	neg 1.0	neg 1.0	neg 0.7215397331359382 off 0.24522143143446445 __DUMMY__ 0.03323883542959733	false	1.0
diktatorisch	neg 1.0		neg 0.4753134579976142 off 0.4553828072872604 __DUMMY__ 0.06930373471512556	false	1.0
vorhersehbar	neg 1.0	neg 1.0	neg 0.7216432897037102 off 0.2450558349077111 __DUMMY__ 0.03330087538857865	false	1.0
sowie			off 0.4674898826164878 neg 0.4633996951750077 __DUMMY__ 0.06911042220850465	false	0.0
stornieren	neg 1.0		neg 0.46780501912305905 off 0.46167584741938233 __DUMMY__ 0.07051913345755877	false	1.0
besteuerung	neg 1.0		neg 0.47573539918691227 off 0.4549044019206248 __DUMMY__ 0.06936019889246309	false	1.0
ungeschminkt	neg 1.0		neg 0.4682841963774683 off 0.4624101576140143 __DUMMY__ 0.06930564600851741	false	1.0
kritisch	neg 1.0		neg 0.47816361222822934 off 0.4519592805607498 __DUMMY__ 0.06987710721102089	false	1.0
schlamperei	off 1.0		neg 0.4796943649796548 off 0.4504465011063153 __DUMMY__ 0.06985913391402987	false	0.5
sucht	neg 1.0	neg 1.0	neg 0.7214249438528267 off 0.24490136220624614 __DUMMY__ 0.033673693940927014	false	1.0
egoistisch	off 1.0		off 0.46864369210057033 neg 0.46217493482284394 __DUMMY__ 0.06918137307658587	false	1.0
ausbeuter	off 1.0		neg 0.48010279936302763 off 0.45007020472126996 __DUMMY__ 0.06982699591570224	false	0.5
arschgeburt	off 1.0		off 0.47433279804483974 neg 0.4574146552703789 __DUMMY__ 0.06825254668478141	false	1.0
schubs	neg 1.0	neg 1.0	neg 0.7224809069097841 off 0.24377615650062312 __DUMMY__ 0.033742936589592806	false	1.0
unsolide	neg 1.0		neg 0.47732784674322787 off 0.45378385620760836 __DUMMY__ 0.06888829704916383	false	1.0
beschwerde	neg 1.0		neg 0.4794921297452711 off 0.45066158182746663 __DUMMY__ 0.06984628842726212	false	1.0
stocken	neg 1.0		neg 0.47754945277738736 off 0.45243392475459265 __DUMMY__ 0.07001662246801997	false	1.0
isolieren	neg 1.0		neg 0.47744850740320666 off 0.452749530946425 __DUMMY__ 0.06980196165036828	false	1.0
unheilbar	neg 1.0		neg 0.47048342774098123 off 0.4593459987125047 __DUMMY__ 0.07017057354651418	false	1.0
pisser	off 1.0		neg 0.4660390021719079 off 0.46450962272128377 __DUMMY__ 0.06945137510680825	false	0.5
löschen	neg 1.0		neg 0.4731371907130241 off 0.4569459457815036 __DUMMY__ 0.06991686350547234	false	1.0
durchfallen	neg 1.0		neg 0.477613416021372 off 0.4527025239206441 __DUMMY__ 0.06968406005798404	false	1.0
wichser	off 1.0		off 0.47329048099864046 neg 0.4578484187787727 __DUMMY__ 0.06886110022258697	false	1.0
terror	neg 1.0		neg 0.46876205884354766 off 0.4612617293583124 __DUMMY__ 0.06997621179814005	false	1.0
krass	neg 1.0		off 0.46620428817803106 neg 0.4645924924709077 __DUMMY__ 0.06920321935106126	false	0.5
revolte	neg 1.0		neg 0.47320133558390753 off 0.4573451383558378 __DUMMY__ 0.0694535260602547	false	1.0
besorgt	neg 1.0		neg 0.47259183377305447 off 0.45702497934448777 __DUMMY__ 0.07038318688245768	false	1.0
nachlassen	neg 1.0		neg 0.4771388786775731 off 0.4527287119718706 __DUMMY__ 0.07013240935055631	false	1.0
alt	neg 1.0		neg 0.47610382523195943 off 0.4538370941340805 __DUMMY__ 0.07005908063396005	false	1.0
hundesohn	off 1.0		off 0.4699530709990479 neg 0.46136460794388723 __DUMMY__ 0.06868232105706493	false	1.0
als			neg 0.47337238806056386 off 0.4564039542301052 __DUMMY__ 0.07022365770933095	false	0.0
abschreckung	neg 1.0		neg 0.4794360202384289 off 0.45037101587777334 __DUMMY__ 0.07019296388379774	false	1.0
unqualifiziert	neg 1.0		neg 0.4733586350673968 off 0.4574736383866014 __DUMMY__ 0.06916772654600196	false	1.0
abgewichst	off 1.0		neg 0.47439146531477633 off 0.45554750807001887 __DUMMY__ 0.07006102661520483	false	0.5
schwer	neg 1.0		neg 0.4727544663384874 off 0.4572869944436547 __DUMMY__ 0.06995853921785797	false	1.0
bedeutungslosigkeit	neg 1.0		neg 0.47919542542043153 off 0.4507587309100541 __DUMMY__ 0.0700458436695145	false	1.0
kapitulation	neg 1.0		neg 0.47957310846084417 off 0.45072588743830094 __DUMMY__ 0.06970100410085486	false	1.0
unscharf	neg 1.0		neg 0.47093841019669685 off 0.4593768745493387 __DUMMY__ 0.06968471525396445	false	1.0
schwinden	neg 1.0		neg 0.47927066067709356 off 0.4506775397026619 __DUMMY__ 0.07005179962024469	false	1.0
versklavung	neg 1.0		neg 0.47548336190834617 off 0.45516870838786305 __DUMMY__ 0.06934792970379075	false	1.0
schlecht	neg 1.0		neg 0.46603829993292883 off 0.46427778665754205 __DUMMY__ 0.0696839134095291	false	1.0
verhasst	neg 1.0		neg 0.4726203857489621 off 0.45764267367144096 __DUMMY__ 0.0697369405795971	false	1.0
beschweren	neg 1.0		neg 0.4712380379277477 off 0.4589865801687628 __DUMMY__ 0.06977538190348956	false	1.0
scheiden	neg 1.0		neg 0.46860014548187423 off 0.46092052676980716 __DUMMY__ 0.07047932774831855	false	1.0
frustriert	neg 1.0		neg 0.4739727271082971 off 0.4560331258707865 __DUMMY__ 0.06999414702091632	false	1.0
schimmelig	neg 1.0		neg 0.4762364284897709 off 0.45359628037407507 __DUMMY__ 0.07016729113615405	false	1.0
fisch	neg 1.0		neg 0.4742575240415599 off 0.45502230669259774 __DUMMY__ 0.07072016926584249	false	1.0
schmuggel	neg 1.0		neg 0.4751960185633669 off 0.45416767847545464 __DUMMY__ 0.07063630296117827	false	1.0
auffallen	neg 1.0		neg 0.4703304890999991 off 0.4599001856929186 __DUMMY__ 0.06976932520708246	false	1.0
konkurrenz	neg 1.0	neg 1.0	neg 0.7261734107047887 off 0.2401638537727082 __DUMMY__ 0.03366273552250306	false	1.0
teufelskreis	neg 1.0		neg 0.47408102769468746 off 0.45604500061805747 __DUMMY__ 0.06987397168725511	false	1.0
aufschreien	neg 1.0		neg 0.47142270209553777 off 0.4589493859630906 __DUMMY__ 0.06962791194137145	false	1.0
schuldner	neg 1.0		neg 0.47834905810196865 off 0.4515105566955736 __DUMMY__ 0.07014038520245763	false	1.0
missgeburt	off 1.0	off 1.0	off 0.7196413412236892 neg 0.24727479611122527 __DUMMY__ 0.03308386266508564	false	1.0
arbeitslos	neg 1.0		neg 0.4771506618713981 off 0.4531421060962115 __DUMMY__ 0.06970723203239049	false	1.0
befallen	neg 1.0		neg 0.4750979568804947 off 0.454985460867994 __DUMMY__ 0.06991658225151136	false	1.0
miesepetrig	off 1.0	off 1.0	off 0.7177188003300348 neg 0.2489098562582394 __DUMMY__ 0.033371343411725866	false	1.0
alarmieren	neg 1.0		neg 0.47046826459495783 off 0.4601581841894303 __DUMMY__ 0.06937355121561185	false	1.0
ungeduscht	off 1.0		neg 0.4685943969952154 off 0.4616319684403969 __DUMMY__ 0.0697736345643876	false	0.5
knappheit	neg 1.0		neg 0.4795323391925106 off 0.4507858919903457 __DUMMY__ 0.06968176881714369	false	1.0
schlange	neg 1.0		neg 0.4687695568776186 off 0.4610708026203067 __DUMMY__ 0.0701596405020748	false	1.0
harsch	neg 1.0		off 0.4684631404855634 neg 0.4620450423728283 __DUMMY__ 0.06949181714160833	false	0.5
lang	neg 1.0		neg 0.47224433554618245 off 0.4577956658583153 __DUMMY__ 0.06995999859550231	false	1.0
ziellos	neg 1.0		neg 0.4741540025175631 off 0.4556069327926327 __DUMMY__ 0.07023906468980416	false	1.0
selbstverliebt	neg 1.0		off 0.47206631614438516 neg 0.4594948030749961 __DUMMY__ 0.06843888078061879	false	0.5
beseitigen	neg 1.0	neg 1.0	neg 0.7218166950592889 off 0.2444588513642937 __DUMMY__ 0.03372445357641734	false	1.0
dumm	off 1.0		off 0.4688583945888903 neg 0.4621599027612787 __DUMMY__ 0.06898170264983099	false	1.0
arbeitsloser	neg 1.0		neg 0.476265836066236 off 0.45371191067770517 __DUMMY__ 0.07002225325605871	false	1.0
blitzen	neg 1.0		neg 0.4698495763478188 off 0.46041818015603925 __DUMMY__ 0.06973224349614195	false	1.0
hilflos	neg 1.0		neg 0.4742954287269226 off 0.45566871819787536 __DUMMY__ 0.07003585307520203	false	1.0
eklig	off 1.0		off 0.4696874284062403 neg 0.4613446408615714 __DUMMY__ 0.06896793073218835	false	1.0
begriff			neg 0.4756475388950229 off 0.45459755482882147 __DUMMY__ 0.06975490627615552	false	0.0
hungersnot	neg 1.0		neg 0.4740246212599809 off 0.4558555617241886 __DUMMY__ 0.07011981701583041	false	1.0
ungesetzlich	neg 1.0		neg 0.47717039647858234 off 0.45393305089689 __DUMMY__ 0.06889655262452768	false	1.0
verschwendung	neg 1.0		neg 0.47758619537151964 off 0.4523409293171114 __DUMMY__ 0.07007287531136894	false	1.0
schmerzvoll	neg 1.0		neg 0.4707719173508091 off 0.4593778978009746 __DUMMY__ 0.06985018484821642	false	1.0
vorzeitig	neg 1.0		neg 0.468378582250414 off 0.4616723997611992 __DUMMY__ 0.06994901798838679	false	1.0
unvollkommenheit	neg 1.0		neg 0.47103661958942283 off 0.45828864780896467 __DUMMY__ 0.0706747326016125	false	1.0
intervenieren	neg 1.0		neg 0.47987895390389074 off 0.4503204770927722 __DUMMY__ 0.06980056900333717	false	1.0
banause	off 1.0		off 0.4704384514835472 neg 0.46094869935383453 __DUMMY__ 0.06861284916261831	false	1.0
rebell	neg 1.0		neg 0.47989548476612703 off 0.4497198193993934 __DUMMY__ 0.07038469583447951	false	1.0
unlogisch	neg 1.0		off 0.465621668327691 neg 0.4650752947739749 __DUMMY__ 0.06930303689833407	false	0.5
leiden	neg 1.0		neg 0.4730979363014814 off 0.4560724999527682 __DUMMY__ 0.07082956374575052	false	1.0
abschaffung	neg 1.0		neg 0.47547563504555185 off 0.4550781916485739 __DUMMY__ 0.06944617330587437	false	1.0
sturz	neg 1.0		neg 0.4724097582107767 off 0.45758049680967317 __DUMMY__ 0.0700097449795502	false	1.0
verkleinerung	neg 1.0		neg 0.47391180090794627 off 0.4569317004414268 __DUMMY__ 0.06915649865062701	false	1.0
schmarotzer	off 1.0		neg 0.47753942193652416 off 0.4527884774152418 __DUMMY__ 0.06967210064823388	false	0.5
bestrafung	neg 1.0		neg 0.47208441596702944 off 0.4581595442420546 __DUMMY__ 0.06975603979091596	false	1.0
achtlos	neg 1.0		neg 0.47196174621262726 off 0.45794951313375154 __DUMMY__ 0.07008874065362118	false	1.0
ungeheuer	neg 1.0		neg 0.46917064218562105 off 0.46100305704348377 __DUMMY__ 0.06982630077089504	false	1.0
unaufrichtig	neg 1.0		neg 0.4734571948181133 off 0.4571581162706663 __DUMMY__ 0.06938468891122049	false	1.0
groggy	neg 1.0		neg 0.4706901425898688 off 0.45960420137531816 __DUMMY__ 0.06970565603481314	false	1.0
