unsolidarisch	neg 1.0		neg 0.5098488986207426 off 0.48293037814056455 __DUMMY__ 0.007220723238692865	false	1.0
nachteilig	neg 1.0		neg 0.5106236823982037 off 0.4820774035097177 __DUMMY__ 0.0072989140920787406	false	1.0
skeptisch	neg 1.0		neg 0.5108434688630744 off 0.48184354100924875 __DUMMY__ 0.007312990127676773	false	1.0
schrecklich	neg 1.0		off 0.4975947295698531 neg 0.4951667973561031 __DUMMY__ 0.007238473074043747	false	0.5
schlapp	neg 1.0		neg 0.4990515371211977 off 0.49367214031021456 __DUMMY__ 0.007276322568587584	false	1.0
abfall	neg 1.0		neg 0.5131767879963691 off 0.4794893063340904 __DUMMY__ 0.007333905669540484	false	1.0
widerspenstig	neg 1.0		neg 0.5043597712647035 off 0.48833659177295424 __DUMMY__ 0.007303636962342276	false	1.0
abrupt	neg 1.0		neg 0.5078615584425912 off 0.48478980074592987 __DUMMY__ 0.007348640811478952	false	1.0
unwirksam	neg 1.0		neg 0.508586871231447 off 0.4841741601438693 __DUMMY__ 0.007238968624683664	false	1.0
angreifen	neg 1.0	neg 1.0	neg 0.7408525233401924 off 0.25565090950231456 __DUMMY__ 0.0034965671574930727	false	1.0
inkonsistent	neg 1.0		neg 0.5034254921825381 off 0.4892739365343641 __DUMMY__ 0.007300571283097857	false	1.0
abrutschen	neg 1.0		neg 0.5127315939230875 off 0.47993450153258055 __DUMMY__ 0.007333904544331846	false	1.0
unsicher	neg 1.0		neg 0.5043024040414021 off 0.48839129416693133 __DUMMY__ 0.007306301791666528	false	1.0
bauernkind	off 1.0	off 1.0	off 0.7321378946261655 neg 0.26443225716232227 __DUMMY__ 0.0034298482115122787	false	1.0
angreifer	neg 1.0		neg 0.5029282629445351 off 0.4897693558592526 __DUMMY__ 0.007302381196212502	false	1.0
trennen	neg 1.0		neg 0.5064155437258554 off 0.48621657382422445 __DUMMY__ 0.007367882449920039	false	1.0
schmutz	neg 1.0		neg 0.49949115763187474 off 0.493158737500037 __DUMMY__ 0.007350104868088269	false	1.0
inkonsistenz	neg 1.0		neg 0.503821985952739 off 0.488957786252151 __DUMMY__ 0.007220227795109981	false	1.0
erschreckend	neg 1.0		neg 0.5071281183896906 off 0.48558620494120763 __DUMMY__ 0.007285676669101654	false	1.0
ertrinken	neg 1.0		neg 0.5068080665393367 off 0.4858469997898135 __DUMMY__ 0.007344933670849853	false	1.0
pickelface	off 1.0		neg 0.5074131192909673 off 0.4852856779391931 __DUMMY__ 0.007301202769839651	false	0.5
seiner			neg 0.5088277129073594 off 0.4838357739301589 __DUMMY__ 0.007336513162481766	false	0.0
lauch	neg 1.0		neg 0.5135488288515433 off 0.47913378261199746 __DUMMY__ 0.007317388536459306	false	1.0
unwichtig	neg 1.0		neg 0.5008542730059514 off 0.49189125086932683 __DUMMY__ 0.007254476124721681	false	1.0
steuerhinterziehung	neg 1.0		neg 0.5093623552146623 off 0.48337220077986714 __DUMMY__ 0.00726544400547051	false	1.0
schock	neg 1.0		neg 0.5034982061871355 off 0.48916123381220844 __DUMMY__ 0.007340560000656172	false	1.0
beule	neg 1.0		neg 0.49849966246273353 off 0.494222186265336 __DUMMY__ 0.007278151271930508	false	1.0
vergelten	neg 1.0		off 0.4981607274683769 neg 0.49455570631816864 __DUMMY__ 0.007283566213454431	false	0.5
verdorbenheit	neg 1.0		neg 0.5047938249516625 off 0.4878962108129159 __DUMMY__ 0.0073099642354217615	false	1.0
trauma	neg 1.0		neg 0.5038742240853563 off 0.48883297329513714 __DUMMY__ 0.00729280261950645	false	1.0
sinnlos	neg 1.0		neg 0.501591609068529 off 0.49110937966398066 __DUMMY__ 0.0072990112674904606	false	1.0
fettsack	off 1.0	off 1.0	off 0.7342898795371432 neg 0.262264180187482 __DUMMY__ 0.0034459402753747813	false	1.0
feige	off 1.0	off 1.0	off 0.730874392069746 neg 0.26566795027466533 __DUMMY__ 0.003457657655588592	false	1.0
abdanken	neg 1.0		neg 0.5078894240437364 off 0.48483997546747076 __DUMMY__ 0.0072706004887928884	false	1.0
wichtigtuer	off 1.0	off 1.0	off 0.7294277464364025 neg 0.2671015337860672 __DUMMY__ 0.0034707197775301385	false	1.0
misslingen	neg 1.0		neg 0.499814146046356 off 0.4928245196219317 __DUMMY__ 0.007361334331712281	false	1.0
untreu	off 1.0		neg 0.4997384583205891 off 0.49301702885753 __DUMMY__ 0.007244512821880893	false	0.5
missmutig	neg 1.0		neg 0.5001585938741459 off 0.49257731895210805 __DUMMY__ 0.007264087173746147	false	1.0
hurenbock	off 1.0		neg 0.5023751287378238 off 0.4903171604427412 __DUMMY__ 0.007307710819434998	false	0.5
betrunken	neg 1.0		off 0.49710010896503487 neg 0.4956214920311283 __DUMMY__ 0.007278399003836703	false	0.5
korrupt	off 1.0		neg 0.5112358824053651 off 0.4815152449930099 __DUMMY__ 0.007248872601624956	false	0.5
unmut	neg 1.0		neg 0.513533953039343 off 0.4791405316338603 __DUMMY__ 0.0073255153267966855	false	1.0
hackfresse	off 1.0		off 0.4997988248784214 neg 0.4930056810960222 __DUMMY__ 0.007195494025556175	false	1.0
aufblasen	neg 1.0		neg 0.5019782704702319 off 0.4907084383464012 __DUMMY__ 0.007313291183366847	false	1.0
gewaltsam	neg 1.0		neg 0.5055317798821842 off 0.48716040609245975 __DUMMY__ 0.0073078140253559866	false	1.0
unbeliebtheit	neg 1.0		neg 0.5060640279201752 off 0.48675818190563147 __DUMMY__ 0.007177790174193216	false	1.0
sturheit	neg 1.0		neg 0.5074092426106844 off 0.4853088815205808 __DUMMY__ 0.007281875868734822	false	1.0
kuh	neg 1.0		neg 0.5063511551798663 off 0.48639251880955403 __DUMMY__ 0.007256326010579703	false	1.0
erschrecken	neg 1.0		neg 0.5000008965963556 off 0.4927160285637634 __DUMMY__ 0.007283074839881027	false	1.0
opfer	neg 1.0		neg 0.5075445621887831 off 0.4851235277311872 __DUMMY__ 0.007331910080029624	false	1.0
sinken	neg 1.0		neg 0.512294950032052 off 0.4803729229997864 __DUMMY__ 0.007332126968161456	false	1.0
stinktier	neg 1.0		off 0.49653636331298534 neg 0.49625610820302807 __DUMMY__ 0.0072075284839866706	false	0.5
tucke	off 1.0		off 0.4977386788682727 neg 0.4951142056358609 __DUMMY__ 0.007147115495866451	false	1.0
ein			neg 0.5032581150681295 off 0.48943558322222985 __DUMMY__ 0.007306301709640769	false	0.0
abstieg	neg 1.0		neg 0.5076001570947977 off 0.48504899724781064 __DUMMY__ 0.00735084565739168	false	1.0
missverstehen	neg 1.0		neg 0.5033696041920385 off 0.48936698513843774 __DUMMY__ 0.007263410669523911	false	1.0
ergebnislos	neg 1.0		neg 0.5102674683835082 off 0.4824231451262009 __DUMMY__ 0.007309386490290954	false	1.0
unter			neg 0.5141263191376005 off 0.47846155597197254 __DUMMY__ 0.007412124890427	false	0.0
manipulieren	neg 1.0		neg 0.5107949041512749 off 0.4818929056874068 __DUMMY__ 0.007312190161318225	false	1.0
unbewiesen	neg 1.0		neg 0.5102330378172489 off 0.48255878946090625 __DUMMY__ 0.007208172721844789	false	1.0
verschleppen	neg 1.0		neg 0.5080876477308733 off 0.48460324129185456 __DUMMY__ 0.007309110977272122	false	1.0
weib	off 1.0		off 0.49955082488215596 neg 0.49325692912948427 __DUMMY__ 0.007192245988359915	false	1.0
opposition	neg 1.0		neg 0.5050035111622879 off 0.48774043944020606 __DUMMY__ 0.0072560493975059905	false	1.0
verkehrswidrig	neg 1.0	neg 1.0	neg 0.7302629005364973 off 0.26622436244326947 __DUMMY__ 0.0035127370202331677	false	1.0
inkorrekt	neg 1.0		neg 0.5004529967285656 off 0.49234151549281513 __DUMMY__ 0.007205487778619392	false	1.0
vermeiden	neg 1.0		neg 0.5137960980435771 off 0.4788383253609302 __DUMMY__ 0.007365576595492636	false	1.0
abweichung	neg 1.0		neg 0.5101875434314217 off 0.4825131879616121 __DUMMY__ 0.007299268606966213	false	1.0
alkoholisiert	neg 1.0		neg 0.5056600231932434 off 0.48694767400023736 __DUMMY__ 0.007392302806519246	false	1.0
scheiss	off 1.0	off 1.0	off 0.7320753334466531 neg 0.2644512477842637 __DUMMY__ 0.0034734187690832097	false	1.0
herausforderung	neg 1.0	neg 1.0	neg 0.7376749478550895 off 0.2587738988865976 __DUMMY__ 0.0035511532583129713	false	1.0
pervers	off 1.0		off 0.5028826587499422 neg 0.48994148271736826 __DUMMY__ 0.007175858532689428	false	1.0
wackelig	neg 1.0		neg 0.5045366611506489 off 0.48810494765916296 __DUMMY__ 0.0073583911901882884	false	1.0
verwickeln	neg 1.0		neg 0.5036127855001348 off 0.4891251943045503 __DUMMY__ 0.00726202019531484	false	1.0
vorwand	neg 1.0		neg 0.5110043753655285 off 0.48166963364283194 __DUMMY__ 0.007325990991639639	false	1.0
muschi	off 1.0		neg 0.5068947138902827 off 0.48580439130804287 __DUMMY__ 0.0073008948016743645	false	0.5
entmutigung	neg 1.0		neg 0.5062164745950148 off 0.48653854407738284 __DUMMY__ 0.007244981327602266	false	1.0
unangemessen	neg 1.0		neg 0.5084953164634469 off 0.4842224669198927 __DUMMY__ 0.007282216616660511	false	1.0
unstetig	neg 1.0		neg 0.5025647883472097 off 0.4901228359920469 __DUMMY__ 0.00731237566074343	false	1.0
entmutigen	neg 1.0		neg 0.5036560878319878 off 0.4890566369473061 __DUMMY__ 0.0072872752207060396	false	1.0
schwanz	neg 1.0		neg 0.5094702940067941 off 0.4832033699539209 __DUMMY__ 0.007326336039284981	false	1.0
verbot	neg 1.0		neg 0.5100857550414262 off 0.48263913975563105 __DUMMY__ 0.00727510520294285	false	1.0
leid	neg 1.0		off 0.499237192606595 neg 0.49352380542780155 __DUMMY__ 0.007239001965603424	false	0.5
archaisch	neg 1.0		neg 0.5070229356044162 off 0.485668569827632 __DUMMY__ 0.007308494567951573	false	1.0
gegen			neg 0.5106766914743587 off 0.481975159395343 __DUMMY__ 0.007348149130298227	false	0.0
scheidung	neg 1.0		off 0.5073221029094696 neg 0.4855026055031952 __DUMMY__ 0.007175291587335412	false	0.5
einschlag	neg 1.0	neg 1.0	neg 0.7329105246516524 off 0.2636156340808574 __DUMMY__ 0.003473841267490099	false	1.0
m			neg 0.5061808352628135 off 0.48649084221283 __DUMMY__ 0.007328322524356504	false	0.0
abgestanden	neg 1.0		neg 0.5030381617084219 off 0.48965282956622763 __DUMMY__ 0.007309008725350334	false	1.0
schmierig	off 1.0		off 0.49863020860314416 neg 0.4941288921337006 __DUMMY__ 0.007240899263155266	false	1.0
unpraktisch	neg 1.0		neg 0.5021317448442926 off 0.4905494028553612 __DUMMY__ 0.007318852300346147	false	1.0
wixxer	off 1.0		off 0.5019677180901295 neg 0.4908668352760727 __DUMMY__ 0.00716544663379772	false	1.0
bezeichnet			neg 0.5062953627814535 off 0.48641936160005705 __DUMMY__ 0.007285275618489554	false	0.0
jammerlappen	off 1.0		neg 0.5003131365621604 off 0.4924269040356424 __DUMMY__ 0.0072599594021973725	false	0.5
farce	neg 1.0		neg 0.510086849718869 off 0.4826562657850801 __DUMMY__ 0.0072568844960510135	false	1.0
zwecklos	neg 1.0		neg 0.5081945776812252 off 0.4845171531003486 __DUMMY__ 0.007288269218426197	false	1.0
turbulent	neg 1.0		neg 0.5002213597677458 off 0.4925307672145895 __DUMMY__ 0.007247873017664619	false	1.0
invasion	neg 1.0		neg 0.5018825351575442 off 0.49082479689649655 __DUMMY__ 0.0072926679459592685	false	1.0
schuld	neg 1.0		neg 0.5044491757167278 off 0.4882659114980062 __DUMMY__ 0.007284912785266092	false	1.0
risiko	neg 1.0		neg 0.5033205305082321 off 0.4893618684406957 __DUMMY__ 0.007317601051072099	false	1.0
finster	neg 1.0		neg 0.5030039147093399 off 0.48969246982294307 __DUMMY__ 0.007303615467717202	false	1.0
geisteskrank	off 1.0		neg 0.49972021032908553 off 0.49304889963592374 __DUMMY__ 0.007230890034990848	false	0.5
zusammenbrechen	neg 1.0		neg 0.5056164866291455 off 0.48706442843263614 __DUMMY__ 0.007319084938218363	false	1.0
ausbeute	neg 1.0		neg 0.5073973555150767 off 0.48524335187449846 __DUMMY__ 0.00735929261042506	false	1.0
hinterhalt	neg 1.0		neg 0.5051648972491876 off 0.4875000628635245 __DUMMY__ 0.007335039887288017	false	1.0
kritik	neg 1.0		neg 0.509724111391922 off 0.4830091582426845 __DUMMY__ 0.007266730365393553	false	1.0
einschrumpfen	neg 1.0		neg 0.5044113601783609 off 0.4883526716425019 __DUMMY__ 0.00723596817913708	false	1.0
riskant	neg 1.0		neg 0.5094614630615238 off 0.48323279398209573 __DUMMY__ 0.007305742956380466	false	1.0
frustrieren	neg 1.0		neg 0.5088289915209566 off 0.48385919464397137 __DUMMY__ 0.007311813835072078	false	1.0
groll	neg 1.0		neg 0.5074936408759022 off 0.48519969564769916 __DUMMY__ 0.007306663476398699	false	1.0
gibt			neg 0.5071773561672082 off 0.48552099801658927 __DUMMY__ 0.007301645816202543	false	0.0
qualvoll	neg 1.0		neg 0.500001832700296 off 0.49269802574851734 __DUMMY__ 0.007300141551186601	false	1.0
wackeln	neg 1.0	neg 1.0	neg 0.7361475644648355 off 0.26034312216110317 __DUMMY__ 0.0035093133740612854	false	1.0
klagen	neg 1.0		neg 0.512591440424199 off 0.48007885005144274 __DUMMY__ 0.007329709524358148	false	1.0
bankrott	neg 1.0		neg 0.5004974992914579 off 0.4922224217939039 __DUMMY__ 0.007280078914638254	false	1.0
trauern	neg 1.0		neg 0.5074941746976963 off 0.4851683068038268 __DUMMY__ 0.0073375184984770594	false	1.0
ablehnung	neg 1.0		neg 0.5095855755481873 off 0.4831462139296953 __DUMMY__ 0.007268210522117459	false	1.0
stur	neg 1.0		neg 0.5044261857320342 off 0.48830222330652545 __DUMMY__ 0.00727159096144039	false	1.0
aufruhr	neg 1.0		neg 0.5058837151607202 off 0.48681171028242826 __DUMMY__ 0.007304574556851722	false	1.0
melancholie	neg 1.0		neg 0.5064111142261423 off 0.4862615605671686 __DUMMY__ 0.007327325206689082	false	1.0
ist			neg 0.5032094860072756 off 0.48950568447313886 __DUMMY__ 0.007284829519585493	false	0.0
torheit	neg 1.0		neg 0.5059062026354988 off 0.486829868983574 __DUMMY__ 0.0072639283809272015	false	1.0
dreckskind	off 1.0		off 0.4974693340098707 neg 0.49533808437243343 __DUMMY__ 0.007192581617695919	false	1.0
umtauschen	neg 1.0		neg 0.5050361499135992 off 0.48766084243595864 __DUMMY__ 0.007303007650442218	false	1.0
zum			neg 0.510410443031111 off 0.48217098874175673 __DUMMY__ 0.007418568227132157	false	0.0
zersetzen	neg 1.0		neg 0.5116816165034287 off 0.48101923257862245 __DUMMY__ 0.007299150917948832	false	1.0
zur			neg 0.5137810247842108 off 0.47884003474364517 __DUMMY__ 0.007378940472143807	false	0.0
frust	neg 1.0		neg 0.5061701897809147 off 0.48651564508366796 __DUMMY__ 0.00731416513541746	false	1.0
unerbittlichkeit	neg 1.0		neg 0.5111431491079678 off 0.4815513349983234 __DUMMY__ 0.00730551589370872	false	1.0
zwei			neg 0.5091915671509921 off 0.4834176828527941 __DUMMY__ 0.007390749996213679	false	0.0
unkorrekt	neg 1.0		neg 0.5005281894157843 off 0.49228063648120995 __DUMMY__ 0.007191174103005802	false	1.0
hexe	off 1.0		neg 0.49954639282637386 off 0.49319865782635997 __DUMMY__ 0.00725494934726627	false	0.5
lasch	neg 1.0		neg 0.50331287326084 off 0.48944860115002675 __DUMMY__ 0.00723852558913314	false	1.0
rivale	neg 1.0		neg 0.4967367187112178 off 0.49600615069751314 __DUMMY__ 0.0072571305912691505	false	1.0
mutlos	off 1.0	off 1.0	off 0.7254662097363397 neg 0.2710529776832618 __DUMMY__ 0.0034808125803985567	false	1.0
wirr	off 1.0		neg 0.49985207841863216 off 0.4929528589974221 __DUMMY__ 0.007195062583945875	false	0.5
jahr			neg 0.507918857150544 off 0.4847097642474968 __DUMMY__ 0.0073713786019591445	false	0.0
wird			neg 0.5080749235877549 off 0.4846086282632329 __DUMMY__ 0.007316448149012288	false	0.0
strafbar	neg 1.0		neg 0.509994469849698 off 0.48271049605387756 __DUMMY__ 0.007295034096424339	false	1.0
erosion	neg 1.0		neg 0.5029720298758753 off 0.48971137698217143 __DUMMY__ 0.007316593141953186	false	1.0
eingehen	neg 1.0		neg 0.5093906014929176 off 0.48332482969311324 __DUMMY__ 0.007284568813969085	false	1.0
faul	off 1.0		neg 0.4995400347476885 off 0.49317211372500996 __DUMMY__ 0.00728785152730153	false	0.5
provisorium	neg 1.0		neg 0.5153330613669641 off 0.4772700392043687 __DUMMY__ 0.007396899428667175	false	1.0
schmerzen	neg 1.0		neg 0.5043065566276416 off 0.48838726958322237 __DUMMY__ 0.007306173789135978	false	1.0
schrumpfen	neg 1.0		neg 0.5159917233730889 off 0.4766756229010225 __DUMMY__ 0.007332653725888612	false	1.0
geistlos	off 1.0		neg 0.5063187202138156 off 0.486466637186085 __DUMMY__ 0.007214642600099306	false	0.5
fehlkauf	neg 1.0		neg 0.5034752073613997 off 0.4892434757025711 __DUMMY__ 0.007281316936029055	false	1.0
frustrierend	neg 1.0		neg 0.49977748978036696 off 0.4929314463031223 __DUMMY__ 0.007291063916510703	false	1.0
unzufrieden	neg 1.0		neg 0.508584027602113 off 0.48413050261023904 __DUMMY__ 0.007285469787647973	false	1.0
verzweifeln	neg 1.0		neg 0.5053326081825339 off 0.4873656242083212 __DUMMY__ 0.007301767609144798	false	1.0
verzweifelt	neg 1.0		neg 0.5036877660821176 off 0.48903064344804875 __DUMMY__ 0.0072815904698338	false	1.0
misstrauensantrag	neg 1.0		neg 0.5036048782129182 off 0.4891300693158994 __DUMMY__ 0.007265052471182377	false	1.0
abfallen	neg 1.0		neg 0.5015709564279544 off 0.4911070854763961 __DUMMY__ 0.0073219580956495715	false	1.0
fucker	off 1.0		neg 0.49877865943747135 off 0.49398320171715954 __DUMMY__ 0.00723813884536907	false	0.5
ungezogen	neg 1.0		off 0.5022590904625335 neg 0.4905373771386495 __DUMMY__ 0.007203532398816995	false	0.5
irrsinnig	neg 1.0	neg 1.0	neg 0.7377309908005745 off 0.2587927277899167 __DUMMY__ 0.0034762814095088287	false	1.0
unfassbar	neg 1.0		neg 0.4999493356280065 off 0.49280161397598127 __DUMMY__ 0.00724905039601219	false	1.0
hart	neg 1.0		neg 0.5014343932841138 off 0.4912938435303898 __DUMMY__ 0.0072717631854965345	false	1.0
widerlich	off 1.0		neg 0.4997463006075779 off 0.4930223460055941 __DUMMY__ 0.00723135338682791	false	0.5
fatal	neg 1.0		neg 0.5031318714936246 off 0.48958681196946546 __DUMMY__ 0.00728131653690997	false	1.0
bruch	neg 1.0		neg 0.5130769866545457 off 0.47960620790807307 __DUMMY__ 0.0073168054373813005	false	1.0
aushungern	neg 1.0		neg 0.508382121524557 off 0.4843497330610545 __DUMMY__ 0.007268145414388545	false	1.0
anspannung	neg 1.0	neg 1.0	neg 0.7402603699616621 off 0.25617991441022075 __DUMMY__ 0.0035597156281171466	false	1.0
von			neg 0.5090417619315993 off 0.4835902031565185 __DUMMY__ 0.007368034911882173	false	0.0
kraftlos	neg 1.0		neg 0.5048743808235723 off 0.48778074466833626 __DUMMY__ 0.007344874508091617	false	1.0
vom			neg 0.5133660485866359 off 0.47921859053307536 __DUMMY__ 0.007415360880288758	false	0.0
grenzdebil	off 1.0		neg 0.49834279796641356 off 0.49440445694887875 __DUMMY__ 0.007252745084707685	false	0.5
vor			neg 0.5097889353835137 off 0.4828648121678761 __DUMMY__ 0.007346252448610299	false	0.0
unterwerfen	neg 1.0		neg 0.5091152565606485 off 0.4835719950146338 __DUMMY__ 0.00731274842471764	false	1.0
versenkung	neg 1.0		neg 0.509470786910486 off 0.4832153266424388 __DUMMY__ 0.00731388644707516	false	1.0
entziehen	neg 1.0		neg 0.5119116241131282 off 0.4807613165793228 __DUMMY__ 0.007327059307548989	false	1.0
finanzkrise	neg 1.0		neg 0.508467684830074 off 0.48427069236989123 __DUMMY__ 0.007261622800034948	false	1.0
schimpfend	neg 1.0		neg 0.5017689912387677 off 0.4909081051417689 __DUMMY__ 0.007322903619463343	false	1.0
profan	neg 1.0		neg 0.5021375152955224 off 0.49058662142701687 __DUMMY__ 0.007275863277460696	false	1.0
korruption	neg 1.0	neg 1.0	neg 0.7406262914211613 off 0.2558964353520579 __DUMMY__ 0.0034772732267807564	false	1.0
â			neg 0.5075014994347219 off 0.48516881951684593 __DUMMY__ 0.007329681048432039	false	0.0
schmutzig	neg 1.0		neg 0.4978839394659911 off 0.4948433073415975 __DUMMY__ 0.007272753192411277	false	1.0
sexy	neg 1.0		neg 0.5011236447486959 off 0.49159607314188186 __DUMMY__ 0.007280282109422325	false	1.0
abraten	neg 1.0		neg 0.5027932056642243 off 0.4899196164906228 __DUMMY__ 0.007287177845153043	false	1.0
schwarz	neg 1.0		neg 0.5040953960295707 off 0.4886263330335434 __DUMMY__ 0.007278270936885845	false	1.0
fotze	off 1.0		neg 0.509050563307914 off 0.48363730794195287 __DUMMY__ 0.007312128750133135	false	0.5
verwirren	neg 1.0		neg 0.5018189441752452 off 0.4909040734230064 __DUMMY__ 0.007276982401748482	false	1.0
zahnlos	off 1.0		neg 0.5084566680503209 off 0.4842566253196236 __DUMMY__ 0.007286706630055565	false	0.5
verheeren	neg 1.0		off 0.5046675650276103 neg 0.4881074263404418 __DUMMY__ 0.007225008631947836	false	0.5
hippie	neg 1.0		neg 0.50200040551119 off 0.4907224097736025 __DUMMY__ 0.007277184715207472	false	1.0
rammen	neg 1.0		neg 0.5045503549371475 off 0.48816867848271084 __DUMMY__ 0.007280966580141655	false	1.0
unlauter	neg 1.0		neg 0.5089560719771106 off 0.48382608964964086 __DUMMY__ 0.007217838373248546	false	1.0
unheilvoll	neg 1.0		neg 0.5002023685043601 off 0.492477690131773 __DUMMY__ 0.0073199413638668645	false	1.0
niedrig	neg 1.0		neg 0.5090705361151895 off 0.48359915723436564 __DUMMY__ 0.0073303066504448134	false	1.0
explosion	neg 1.0		neg 0.503179257980282 off 0.48955180984437274 __DUMMY__ 0.007268932175345313	false	1.0
weichei	off 1.0		off 0.49871757799953975 neg 0.4940719061791648 __DUMMY__ 0.007210515821295498	false	1.0
minusmensch	off 1.0		off 0.4992813034229294 neg 0.4935785476789714 __DUMMY__ 0.007140148898099224	false	1.0
farblos	neg 1.0		neg 0.5018723558350272 off 0.4907582675963574 __DUMMY__ 0.0073693765686154095	false	1.0
unwissend	neg 1.0	neg 1.0	neg 0.7355516198937636 off 0.26098782535686293 __DUMMY__ 0.0034605547493735136	false	1.0
traurig	neg 1.0		off 0.49679187705934036 neg 0.4959593222174205 __DUMMY__ 0.007248800723239262	false	0.5
senkung	neg 1.0		neg 0.5045503840402689 off 0.4882110445077952 __DUMMY__ 0.0072385714519357484	false	1.0
ungleich	neg 1.0	neg 1.0	neg 0.7413214934355832 off 0.25519763190486916 __DUMMY__ 0.003480874659547779	false	1.0
heikel	neg 1.0		neg 0.5111967813420957 off 0.4815001648760678 __DUMMY__ 0.0073030537818364015	false	1.0
drosselung	neg 1.0		neg 0.49805020063634775 off 0.4946819129288529 __DUMMY__ 0.007267886434799288	false	1.0
falsch	neg 1.0		neg 0.500437552324957 off 0.4922885897012486 __DUMMY__ 0.007273857973794332	false	1.0
unzufriedenheit	neg 1.0		neg 0.5114688461842124 off 0.4812185457029709 __DUMMY__ 0.007312608112816709	false	1.0
kurz	neg 1.0		neg 0.5049921908159888 off 0.4876758466435711 __DUMMY__ 0.007331962540439976	false	1.0
unsinnig	neg 1.0		neg 0.5087063588644987 off 0.48402304461328177 __DUMMY__ 0.007270596522219478	false	1.0
penner	off 1.0	off 1.0	off 0.7355553707279704 neg 0.26100744599713777 __DUMMY__ 0.0034371832748918228	false	1.0
seicht	neg 1.0		off 0.49980372158509195 neg 0.49303046083931007 __DUMMY__ 0.007165817575597835	false	0.5
dummheit	off 1.0	off 1.0	off 0.7294888884722026 neg 0.2670439280155196 __DUMMY__ 0.003467183512277732	false	1.0
unerfreulich	neg 1.0		neg 0.5108858841924224 off 0.48178497050741054 __DUMMY__ 0.007329145300167029	false	1.0
motherfucker	off 1.0	off 1.0	off 0.7317615560013607 neg 0.26478494237251765 __DUMMY__ 0.0034535016261216865	false	1.0
pikiert	neg 1.0		neg 0.5010370605599647 off 0.4917286186820167 __DUMMY__ 0.007234320758018571	false	1.0
wrack	neg 1.0		neg 0.5062293041873894 off 0.4864070752925013 __DUMMY__ 0.007363620520109247	false	1.0
gangster	neg 1.0		neg 0.5019967557308512 off 0.49071783552786613 __DUMMY__ 0.007285408741282702	false	1.0
krank	neg 1.0		neg 0.49689841492473424 off 0.49583050015677443 __DUMMY__ 0.007271084918491368	false	1.0
reich	neg 1.0		neg 0.5017852606340248 off 0.4909670979192355 __DUMMY__ 0.007247641446739612	false	1.0
gnadenlos	neg 1.0		neg 0.5039639224254999 off 0.4887432281463809 __DUMMY__ 0.007292849428119099	false	1.0
niedergeschlagen	neg 1.0		neg 0.5044057938732971 off 0.48825948637987193 __DUMMY__ 0.0073347197468308445	false	1.0
terrorisieren	off 1.0	off 1.0	off 0.7270597950253453 neg 0.26943702142709564 __DUMMY__ 0.003503183547558909	false	1.0
sinnlosigkeit	neg 1.0		neg 0.507848515004519 off 0.48485785831051575 __DUMMY__ 0.007293626684965359	false	1.0
behindern	neg 1.0		neg 0.5067495754434588 off 0.48596598848532047 __DUMMY__ 0.007284436071220766	false	1.0
undemokratisch	neg 1.0		neg 0.506963995214348 off 0.4857893250241143 __DUMMY__ 0.0072466797615377086	false	1.0
wirtschaftskrise	neg 1.0		neg 0.510135111287407 off 0.482578881406291 __DUMMY__ 0.007286007306302222	false	1.0
neid	neg 1.0		neg 0.4978495112528803 off 0.49484699373738744 __DUMMY__ 0.007303495009732252	false	1.0
rutschen	neg 1.0	neg 1.0	neg 0.7396806400063304 off 0.2567724749338733 __DUMMY__ 0.0035468850597962717	false	1.0
rezession	neg 1.0		neg 0.4974545843012585 off 0.4953393650196851 __DUMMY__ 0.0072060506790564095	false	1.0
fehlgeburt	neg 1.0		neg 0.5007739406385731 off 0.4919098176386706 __DUMMY__ 0.007316241722756465	false	1.0
charakterschwach	off 1.0		neg 0.498943380586976 off 0.4938037618836065 __DUMMY__ 0.007252857529417456	false	0.5
isolation	neg 1.0		neg 0.5001570253302636 off 0.49255778629088903 __DUMMY__ 0.0072851883788473916	false	1.0
ablenkung	neg 1.0		neg 0.5041264543469933 off 0.4885711159306843 __DUMMY__ 0.007302429722322306	false	1.0
pech	neg 1.0		neg 0.500487643559698 off 0.4922338842155194 __DUMMY__ 0.007278472224782596	false	1.0
vermeidung	neg 1.0		neg 0.4999985677883456 off 0.4927716532760846 __DUMMY__ 0.007229778935569746	false	1.0
dominieren	neg 1.0		neg 0.5067158249996543 off 0.4859396394023799 __DUMMY__ 0.007344535597965896	false	1.0
schwindlig	neg 1.0		neg 0.4991736308821623 off 0.49349443762225653 __DUMMY__ 0.00733193149558123	false	1.0
lutscher	neg 1.0		off 0.5007597034240816 neg 0.4920743886996388 __DUMMY__ 0.007165907876279505	false	0.5
pflicht	neg 1.0		neg 0.5113112765465561 off 0.4813829487065383 __DUMMY__ 0.0073057747469056425	false	1.0
faschist	off 1.0		neg 0.5046832858949751 off 0.48808180165517384 __DUMMY__ 0.007234912449851125	false	0.5
verschleudern	neg 1.0		neg 0.5136061076987425 off 0.4791485499757453 __DUMMY__ 0.007245342325512334	false	1.0
wenn			neg 0.5003274528150239 off 0.49240169162643127 __DUMMY__ 0.007270855558545016	false	0.0
ehebruch	neg 1.0		neg 0.5088570632353948 off 0.48383879302111366 __DUMMY__ 0.007304143743491479	false	1.0
spott	off 1.0		neg 0.5106265762988068 off 0.4820856690751553 __DUMMY__ 0.007287754626037936	false	0.5
trostlosigkeit	neg 1.0		neg 0.5105318755808343 off 0.482125599134811 __DUMMY__ 0.007342525284354659	false	1.0
lutschen	neg 1.0		neg 0.5036207427790693 off 0.4891194105949881 __DUMMY__ 0.007259846625942733	false	1.0
undiszipliniert	neg 1.0		neg 0.4963762039575306 off 0.4963632660384103 __DUMMY__ 0.007260530004059012	false	1.0
kopfschmerz	neg 1.0		neg 0.5046884217034955 off 0.4879810731849535 __DUMMY__ 0.007330505111550885	false	1.0
unvorhergesehen	neg 1.0		neg 0.5057772989757762 off 0.4868571221908038 __DUMMY__ 0.007365578833420085	false	1.0
desinteressiert	neg 1.0		neg 0.49801199248087324 off 0.49475057004407735 __DUMMY__ 0.007237437475049349	false	1.0
armselig	off 1.0		neg 0.4985872608294868 off 0.49420604488780595 __DUMMY__ 0.0072066942827072305	false	0.5
desaster	neg 1.0		neg 0.5136673783934648 off 0.4790129810438995 __DUMMY__ 0.00731964056263569	false	1.0
tod	neg 1.0		neg 0.5052580194844217 off 0.4873801099244754 __DUMMY__ 0.00736187059110297	false	1.0
herzlos	neg 1.0		neg 0.4966325307894656 off 0.4961403927097368 __DUMMY__ 0.007227076500797504	false	1.0
unwissenheit	neg 1.0		neg 0.5098910731612702 off 0.4828433794583559 __DUMMY__ 0.0072655473803738095	false	1.0
widersinnig	neg 1.0	neg 1.0	neg 0.7409094860383945 off 0.25563006409976413 __DUMMY__ 0.0034604498618413695	false	1.0
bedenklich	neg 1.0		neg 0.5098772979286614 off 0.4828298775035722 __DUMMY__ 0.007292824567766445	false	1.0
beanstanden	neg 1.0		neg 0.511481955639696 off 0.48120142458946735 __DUMMY__ 0.007316619770836697	false	1.0
panisch	neg 1.0	neg 1.0	neg 0.734422434774838 off 0.26206544374178004 __DUMMY__ 0.0035121214833819516	false	1.0
debil	off 1.0		neg 0.5150757843525615 off 0.4775590229752957 __DUMMY__ 0.007365192672142785	false	0.5
abstrich	neg 1.0		neg 0.5085081213113305 off 0.48419299987338416 __DUMMY__ 0.007298878815285375	false	1.0
primitiv	neg 1.0		neg 0.4990688856284524 off 0.49369786795670806 __DUMMY__ 0.007233246414839477	false	1.0
abschaum	off 1.0	off 1.0	off 0.7308433068083854 neg 0.2656928293855646 __DUMMY__ 0.0034638638060499258	false	1.0
provozieren	neg 1.0		neg 0.505075960751879 off 0.48764603611919155 __DUMMY__ 0.007278003128929369	false	1.0
tot	neg 1.0		neg 0.509419141833883 off 0.4832760160511603 __DUMMY__ 0.007304842114956773	false	1.0
instabil	neg 1.0		neg 0.50103192110936 off 0.4917647091899783 __DUMMY__ 0.00720336970066166	false	1.0
schwuchtel	off 1.0		off 0.5049389572488701 neg 0.48792690169455627 __DUMMY__ 0.007134141056573615	false	1.0
zerren	neg 1.0		neg 0.5044152309145741 off 0.4882510780515555 __DUMMY__ 0.007333691033870364	false	1.0
kinderficker	off 1.0		neg 0.49696137054791606 off 0.49585969704044264 __DUMMY__ 0.007178932411641198	false	0.5
gefahr	neg 1.0		neg 0.5105654764330068 off 0.48210949827214017 __DUMMY__ 0.007325025294853211	false	1.0
rabiat	neg 1.0		neg 0.505846668829449 off 0.4868736819510164 __DUMMY__ 0.007279649219534675	false	1.0
verlangsamung	neg 1.0		off 0.4998668938807433 neg 0.49292746970715057 __DUMMY__ 0.007205636412106133	false	0.5
ausgestorben	neg 1.0		neg 0.5042300785387547 off 0.4884489557139472 __DUMMY__ 0.007320965747298173	false	1.0
anklagen	neg 1.0		neg 0.5078397432117882 off 0.48487169753102105 __DUMMY__ 0.007288559257190852	false	1.0
trott	neg 1.0		neg 0.5049597758160265 off 0.4877299545308698 __DUMMY__ 0.007310269653103596	false	1.0
verminderung	neg 1.0		neg 0.4985691198766473 off 0.49419569711838995 __DUMMY__ 0.0072351830049628375	false	1.0
nach			neg 0.5092573613722202 off 0.4833139243798578 __DUMMY__ 0.007428714247921924	false	0.0
rost	neg 1.0		off 0.4995612626690065 neg 0.4932109824737006 __DUMMY__ 0.007227754857292748	false	0.5
destruktiv	neg 1.0		neg 0.5077693526903657 off 0.48497203147189655 __DUMMY__ 0.007258615837737715	false	1.0
unzumutbarkeit	neg 1.0		neg 0.49928544755021514 off 0.49343397721255555 __DUMMY__ 0.007280575237229331	false	1.0
labil	off 1.0	off 1.0	off 0.7308142121434663 neg 0.265720912972924 __DUMMY__ 0.0034648748836098035	false	1.0
ziemlich	neg 1.0		neg 0.4981476136530484 off 0.4945828397629774 __DUMMY__ 0.0072695465839742665	false	1.0
lachnummer	off 1.0		neg 0.5065946109024716 off 0.4861306026214781 __DUMMY__ 0.007274786476050297	false	0.5
oder			neg 0.5033323126041205 off 0.48935234007229306 __DUMMY__ 0.007315347323586371	false	0.0
verfall	neg 1.0		neg 0.5152877674417049 off 0.4773685524951088 __DUMMY__ 0.007343680063186361	false	1.0
ausgrenzung	neg 1.0		neg 0.5055271156451238 off 0.4872194744551601 __DUMMY__ 0.007253409899716144	false	1.0
unordnung	neg 1.0		neg 0.49778385869621206 off 0.49492986629965097 __DUMMY__ 0.007286275004137105	false	1.0
fehlverhalten	neg 1.0		neg 0.5108497178979663 off 0.48184413145306276 __DUMMY__ 0.007306150648971027	false	1.0
eine			neg 0.5104345836150412 off 0.4822386735045828 __DUMMY__ 0.007326742880375902	false	0.0
nille	neg 1.0		neg 0.5062208597959986 off 0.48647631690082893 __DUMMY__ 0.007302823303172393	false	1.0
qual	neg 1.0		neg 0.5053514007722317 off 0.4873403969941276 __DUMMY__ 0.007308202233640718	false	1.0
verschwenden	neg 1.0		neg 0.5089786193255332 off 0.48372513937092365 __DUMMY__ 0.007296241303543124	false	1.0
riesig	neg 1.0	neg 1.0	neg 0.7382231523451113 off 0.25825441525081855 __DUMMY__ 0.003522432404070107	false	1.0
verurteilen	neg 1.0		neg 0.5082909865475684 off 0.4844169491415486 __DUMMY__ 0.007292064310882993	false	1.0
klischee	neg 1.0	neg 1.0	neg 0.7367231091434743 off 0.2598156210146408 __DUMMY__ 0.003461269841884962	false	1.0
diktatorisch	neg 1.0		neg 0.506990397787726 off 0.48577597205658835 __DUMMY__ 0.0072336301556857035	false	1.0
vorhersehbar	neg 1.0	neg 1.0	neg 0.7368574421158757 off 0.2596748153146043 __DUMMY__ 0.003467742569519982	false	1.0
sowie			off 0.4979112638865725 neg 0.4948754002216319 __DUMMY__ 0.007213335891795519	false	0.0
stornieren	neg 1.0		neg 0.4999695945051984 off 0.4926691893743702 __DUMMY__ 0.007361216120431287	false	1.0
besteuerung	neg 1.0		neg 0.5074194919941821 off 0.48534094847866466 __DUMMY__ 0.0072395595271531965	false	1.0
ungeschminkt	neg 1.0		neg 0.4998777747268712 off 0.49288842115988935 __DUMMY__ 0.007233804113239566	false	1.0
kritisch	neg 1.0		neg 0.5101212829885734 off 0.482584692484971 __DUMMY__ 0.007294024526455642	false	1.0
schlamperei	off 1.0		neg 0.5116581758898991 off 0.4810498030998751 __DUMMY__ 0.007292021010225855	false	0.5
sucht	neg 1.0	neg 1.0	neg 0.7368056084428001 off 0.2596878270168833 __DUMMY__ 0.0035065645403166063	false	1.0
egoistisch	off 1.0		off 0.49910602180493047 neg 0.4936731791444648 __DUMMY__ 0.007220799050604908	false	1.0
ausbeuter	off 1.0		neg 0.5120549536418586 off 0.48065632041117856 __DUMMY__ 0.007288725946962661	false	0.5
arschgeburt	off 1.0		off 0.5044206346834652 neg 0.48845624827258805 __DUMMY__ 0.007123117043946624	false	1.0
schubs	neg 1.0	neg 1.0	neg 0.7378913532348675 off 0.2585948082139802 __DUMMY__ 0.003513838551152293	false	1.0
unsolide	neg 1.0		neg 0.5088204386509111 off 0.48398965794399457 __DUMMY__ 0.007189903405094377	false	1.0
beschwerde	neg 1.0		neg 0.511445028365833 off 0.4812643193061407 __DUMMY__ 0.007290652328026421	false	1.0
stocken	neg 1.0		neg 0.5095643771005847 off 0.4831270494865138 __DUMMY__ 0.0073085734129016275	false	1.0
isolieren	neg 1.0		neg 0.509364681323489 off 0.4833493662127663 __DUMMY__ 0.007285952463744625	false	1.0
unheilbar	neg 1.0		neg 0.5025144879655649 off 0.49016076167045336 __DUMMY__ 0.007324750363981646	false	1.0
pisser	off 1.0		neg 0.4976970604226015 off 0.4950538508073818 __DUMMY__ 0.007249088770016886	false	0.5
löschen	neg 1.0		neg 0.5050632328470928 off 0.4876385348419888 __DUMMY__ 0.0072982323109183345	false	1.0
durchfallen	neg 1.0		neg 0.5094716676091993 off 0.4832546023450223 __DUMMY__ 0.007273730045778387	false	1.0
wichser	off 1.0		off 0.5036500630870406 neg 0.4891628123389507 __DUMMY__ 0.007187124574008588	false	1.0
terror	neg 1.0		neg 0.5006741698800697 off 0.49202144466243325 __DUMMY__ 0.0073043854574971825	false	1.0
krass	neg 1.0		off 0.49666685649185643 neg 0.49611010801306726 __DUMMY__ 0.007223035495076279	false	0.5
revolte	neg 1.0		neg 0.5049241359101156 off 0.48782650132684624 __DUMMY__ 0.0072493627630381375	false	1.0
besorgt	neg 1.0		neg 0.5047318074107437 off 0.4879210866442577 __DUMMY__ 0.007347105944998462	false	1.0
nachlassen	neg 1.0		neg 0.5091943405037562 off 0.4834849750416024 __DUMMY__ 0.007320684454641338	false	1.0
alt	neg 1.0		neg 0.5081087096473147 off 0.48457841730858126 __DUMMY__ 0.0073128730441040166	false	1.0
hundesohn	off 1.0		off 0.5001931661770789 neg 0.49263854206235796 __DUMMY__ 0.00716829176056317	false	1.0
als			neg 0.5054444005275959 off 0.48722520007470066 __DUMMY__ 0.0073303993977034765	false	0.0
abschreckung	neg 1.0		neg 0.5115541324133954 off 0.48111870682303465 __DUMMY__ 0.007327160763569843	false	1.0
unqualifiziert	neg 1.0		neg 0.5049473872937704 off 0.48783320616056647 __DUMMY__ 0.007219406545663127	false	1.0
abgewichst	off 1.0		neg 0.5063963431357965 off 0.4862903189839377 __DUMMY__ 0.00731333788026568	false	0.5
schwer	neg 1.0		neg 0.5046961143160645 off 0.4880012800949749 __DUMMY__ 0.0073026055889605845	false	1.0
bedeutungslosigkeit	neg 1.0		neg 0.5112402846654924 off 0.48144796273180335 __DUMMY__ 0.007311752602704032	false	1.0
kapitulation	neg 1.0		neg 0.5114635400463992 off 0.48126102650688324 __DUMMY__ 0.00727543344671762	false	1.0
unscharf	neg 1.0		neg 0.5027239093883532 off 0.49000251823347585 __DUMMY__ 0.007273572378170955	false	1.0
schwinden	neg 1.0		neg 0.5113155040019823 off 0.4813722287802299 __DUMMY__ 0.007312267217787715	false	1.0
versklavung	neg 1.0		neg 0.5071761703951517 off 0.4855855490114755 __DUMMY__ 0.007238280593372814	false	1.0
schlecht	neg 1.0		neg 0.49779869355199313 off 0.49492761861507717 __DUMMY__ 0.007273687832929709	false	1.0
verhasst	neg 1.0		neg 0.5044641829199914 off 0.4882565305345493 __DUMMY__ 0.007279286545459298	false	1.0
beschweren	neg 1.0		neg 0.5030835123232954 off 0.48963314582958295 __DUMMY__ 0.0072833418471216155	false	1.0
scheiden	neg 1.0		neg 0.5007475588506268 off 0.49189546222641667 __DUMMY__ 0.007356978922956551	false	1.0
frustriert	neg 1.0		neg 0.5059434036160705 off 0.486750235289836 __DUMMY__ 0.0073063610940934404	false	1.0
schimmelig	neg 1.0		neg 0.5082876381626633 off 0.4843881175677292 __DUMMY__ 0.0073242442696074585	false	1.0
fisch	neg 1.0		neg 0.5065547020840265 off 0.4860630798325779 __DUMMY__ 0.007382218083395423	false	1.0
schmuggel	neg 1.0		neg 0.5074808099536797 off 0.4851456576321087 __DUMMY__ 0.0073735324142115	false	1.0
auffallen	neg 1.0		neg 0.502164222093868 off 0.49055309131266434 __DUMMY__ 0.007282686593467562	false	1.0
konkurrenz	neg 1.0	neg 1.0	neg 0.7415640564089367 off 0.2549304164163129 __DUMMY__ 0.0035055271747502716	false	1.0
teufelskreis	neg 1.0		neg 0.5059985512441753 off 0.4867077405870331 __DUMMY__ 0.007293708168791674	false	1.0
aufschreien	neg 1.0		neg 0.5032020626185163 off 0.489530103818745 __DUMMY__ 0.007267833562738755	false	1.0
schuldner	neg 1.0		neg 0.5104321473085841 off 0.4822462946503835 __DUMMY__ 0.007321558041032349	false	1.0
missgeburt	off 1.0	off 1.0	off 0.7341735009309692 neg 0.2623815054144995 __DUMMY__ 0.003444993654531255	false	1.0
arbeitslos	neg 1.0		neg 0.5090173118440704 off 0.48370648581263775 __DUMMY__ 0.00727620234329179	false	1.0
befallen	neg 1.0		neg 0.5070469235183346 off 0.4856551616020898 __DUMMY__ 0.007297914879575705	false	1.0
miesepetrig	off 1.0	off 1.0	off 0.7323805406974235 neg 0.2641443979821733 __DUMMY__ 0.0034750613204030697	false	1.0
alarmieren	neg 1.0		neg 0.5021322972596779 off 0.4906267581678154 __DUMMY__ 0.007240944572506708	false	1.0
ungeduscht	off 1.0		neg 0.500401136530417 off 0.4923158878310747 __DUMMY__ 0.0072829756385083474	false	0.5
knappheit	neg 1.0		neg 0.5114058837014133 off 0.48132078847704485 __DUMMY__ 0.0072733278215416875	false	1.0
schlange	neg 1.0		neg 0.500769131062015 off 0.49190721303920887 __DUMMY__ 0.007323655898775971	false	1.0
harsch	neg 1.0		off 0.499063945610011 neg 0.4936827067120428 __DUMMY__ 0.0072533476779462975	false	0.5
lang	neg 1.0		neg 0.50418278185343 off 0.4885144306771498 __DUMMY__ 0.00730278746942014	false	1.0
ziellos	neg 1.0		neg 0.5062370371962752 off 0.4864309075187842 __DUMMY__ 0.00733205528494058	false	1.0
selbstverliebt	neg 1.0		off 0.5022282569219675 neg 0.4906289829343272 __DUMMY__ 0.007142760143705224	false	0.5
beseitigen	neg 1.0	neg 1.0	neg 0.7372271157686138 off 0.25926097529607856 __DUMMY__ 0.003511908935307732	false	1.0
dumm	off 1.0		off 0.49923771601212863 neg 0.49356244917363756 __DUMMY__ 0.007199834814233922	false	1.0
arbeitsloser	neg 1.0		neg 0.5082783410641999 off 0.4844124487702944 __DUMMY__ 0.007309210165505599	false	1.0
blitzen	neg 1.0		neg 0.5016676595456705 off 0.4910535532014651 __DUMMY__ 0.007278787252864365	false	1.0
hilflos	neg 1.0		neg 0.5062864183109781 off 0.4864028471235997 __DUMMY__ 0.007310734565422234	false	1.0
eklig	off 1.0		off 0.5000703763887459 neg 0.4927312751598707 __DUMMY__ 0.007198348451383455	false	1.0
begriff			neg 0.507524325671527 off 0.48519451663937085 __DUMMY__ 0.007281157689102043	false	0.0
hungersnot	neg 1.0		neg 0.5060630240577846 off 0.4866176447809891 __DUMMY__ 0.00731933116122625	false	1.0
ungesetzlich	neg 1.0		neg 0.5086747934251621 off 0.48413434783072107 __DUMMY__ 0.007190858744116735	false	1.0
verschwendung	neg 1.0		neg 0.5096239182098916 off 0.4830614487910481 __DUMMY__ 0.007314632999060317	false	1.0
schmerzvoll	neg 1.0		neg 0.5026460660556771 off 0.4900627351387585 __DUMMY__ 0.007291198805564528	false	1.0
vorzeitig	neg 1.0		neg 0.5002844165030549 off 0.4924142348230143 __DUMMY__ 0.007301348673930777	false	1.0
unvollkommenheit	neg 1.0		neg 0.5033010489842068 off 0.48932136101406015 __DUMMY__ 0.007377590001733095	false	1.0
intervenieren	neg 1.0		neg 0.5118183377425238 off 0.48089574024415765 __DUMMY__ 0.007285922013318462	false	1.0
banause	off 1.0		off 0.5006708529155016 neg 0.49216816102370253 __DUMMY__ 0.007160986060795774	false	1.0
rebell	neg 1.0		neg 0.5120889723740619 off 0.4805638635947828 __DUMMY__ 0.007347164031155128	false	1.0
unlogisch	neg 1.0		neg 0.49665048080905194 off 0.49611590037290565 __DUMMY__ 0.007233618818042422	false	1.0
leiden	neg 1.0		neg 0.505441678965761 off 0.4871643880209203 __DUMMY__ 0.007393933013318539	false	1.0
abschaffung	neg 1.0		neg 0.5072087154811327 off 0.4855426704615465 __DUMMY__ 0.007248614057320882	false	1.0
sturz	neg 1.0		neg 0.5043762559968986 off 0.4883159983687103 __DUMMY__ 0.0073077456343909235	false	1.0
verkleinerung	neg 1.0		neg 0.505496422164638 off 0.48728548337904387 __DUMMY__ 0.00721809445631816	false	1.0
schmarotzer	off 1.0		neg 0.5093959617178206 off 0.48333156917359443 __DUMMY__ 0.0072724691085848895	false	0.5
bestrafung	neg 1.0		neg 0.5039342050096564 off 0.4887845430311589 __DUMMY__ 0.007281251959184734	false	1.0
achtlos	neg 1.0		neg 0.503956607177203 off 0.48872714333829376 __DUMMY__ 0.007316249484503112	false	1.0
