unsolidarisch	neg 1.0		__DUMMY__ 0.4731785254240049 neg 0.2719149416499406 off 0.25490653292605453	false	1.0
nachteilig	neg 1.0		__DUMMY__ 0.4779495189764412 neg 0.2702717400956576 off 0.2517787409279012	false	1.0
skeptisch	neg 1.0		__DUMMY__ 0.47873869984564377 neg 0.2700734156084985 off 0.2511878845458577	false	1.0
schrecklich	neg 1.0		__DUMMY__ 0.4742606401344866 off 0.26771822351974484 neg 0.2580211363457686	false	0.5
schlapp	neg 1.0		__DUMMY__ 0.476594577800165 off 0.2629172572659362 neg 0.260488164933899	false	0.5
abfall	neg 1.0		__DUMMY__ 0.4800485483624094 neg 0.2715832717645393 off 0.24836817987305138	false	1.0
widerspenstig	neg 1.0		__DUMMY__ 0.47825158605567797 neg 0.26448988756367153 off 0.2572585263806505	false	1.0
abrupt	neg 1.0		__DUMMY__ 0.48107514633213594 neg 0.2662491908730761 off 0.2526756627947878	false	1.0
unwirksam	neg 1.0		__DUMMY__ 0.47433255402084207 neg 0.2703066894935393 off 0.2553607564856187	false	1.0
angreifen	neg 1.0	neg 1.0	neg 0.6233730730593011 __DUMMY__ 0.23379507256165294 off 0.14283185437904589	false	1.0
inkonsistent	neg 1.0		__DUMMY__ 0.4781339177885579 neg 0.26365750417990924 off 0.25820857803153285	false	1.0
abrutschen	neg 1.0		__DUMMY__ 0.4800036356451249 neg 0.2712038874529248 off 0.2487924769019503	false	1.0
unsicher	neg 1.0		__DUMMY__ 0.47833911866713996 neg 0.26430757378582637 off 0.2573533075470337	false	1.0
bauernkind	off 1.0	off 1.0	off 0.6211553982508603 __DUMMY__ 0.22952673240296761 neg 0.14931786934617208	false	1.0
angreifer	neg 1.0		__DUMMY__ 0.4782159760074442 neg 0.2630494966055762 off 0.2587345273869798	false	1.0
trennen	neg 1.0		__DUMMY__ 0.4821071929806733 neg 0.26435164944485895 off 0.2535411575744679	false	1.0
schmutz	neg 1.0		__DUMMY__ 0.4812351470868376 off 0.2603548048089806 neg 0.2584100481041818	false	0.5
inkonsistenz	neg 1.0		__DUMMY__ 0.4731890232079039 neg 0.26642830912763504 off 0.2603826676644612	false	1.0
erschreckend	neg 1.0		__DUMMY__ 0.4770673358200155 neg 0.26751851351002653 off 0.25541415066995804	false	1.0
ertrinken	neg 1.0		__DUMMY__ 0.48071034204317664 neg 0.26540870061642713 off 0.2538809573403962	false	1.0
pickelface	off 1.0		__DUMMY__ 0.47809436911845116 neg 0.2672716828353907 off 0.2546339480461583	false	0.5
seiner			__DUMMY__ 0.48017146712782394 neg 0.26751287172208815 off 0.2523156611500879	false	0.0
lauch	neg 1.0		__DUMMY__ 0.4790637247479298 neg 0.2724693361434103 off 0.24846693910865977	false	1.0
unwichtig	neg 1.0		__DUMMY__ 0.47520679058570797 neg 0.26272635746521655 off 0.2620668519490756	false	1.0
steuerhinterziehung	neg 1.0		__DUMMY__ 0.47593484911391765 neg 0.2700806484664438 off 0.25398450241963844	false	1.0
schock	neg 1.0		__DUMMY__ 0.4804640229947821 neg 0.262511082201343 off 0.2570248948038749	false	1.0
beule	neg 1.0		__DUMMY__ 0.47674516331628586 off 0.26334605651477705 neg 0.25990878016893704	false	0.5
vergelten	neg 1.0		__DUMMY__ 0.4771502667196368 off 0.2670081759734188 neg 0.25584155730694436	false	0.5
verdorbenheit	neg 1.0		__DUMMY__ 0.47864052099947463 neg 0.26471953822604904 off 0.2566399407744763	false	1.0
trauma	neg 1.0		__DUMMY__ 0.4774890592929076 neg 0.26435547799895787 off 0.25815546270813455	false	1.0
sinnlos	neg 1.0		__DUMMY__ 0.47789967667846744 neg 0.26203042155992473 off 0.26006990176160777	false	1.0
fettsack	off 1.0	off 1.0	off 0.6228155532621957 __DUMMY__ 0.23056208625603913 neg 0.1466223604817652	false	1.0
feige	off 1.0	off 1.0	off 0.6191619826476783 __DUMMY__ 0.23128240331757952 neg 0.14955561403474216	false	1.0
abdanken	neg 1.0		__DUMMY__ 0.4762436557060019 neg 0.2685192716074571 off 0.25523707268654106	false	1.0
wichtigtuer	off 1.0	off 1.0	off 0.6173355899771159 __DUMMY__ 0.23212837067552194 neg 0.15053603934736212	false	1.0
misslingen	neg 1.0		__DUMMY__ 0.48185579507571263 off 0.2597672250834297 neg 0.25837697984085767	false	0.5
untreu	off 1.0		__DUMMY__ 0.4745995525171463 off 0.263360591911696 neg 0.2620398555711576	false	1.0
missmutig	neg 1.0		__DUMMY__ 0.4758325288932063 off 0.2623478601277321 neg 0.2618196109790617	false	0.5
hurenbock	off 1.0		__DUMMY__ 0.47861109044463124 neg 0.2624375732412019 off 0.25895133631416684	false	0.5
betrunken	neg 1.0		__DUMMY__ 0.4767146823308018 off 0.26605168425503795 neg 0.2572336334141601	false	0.5
korrupt	off 1.0		__DUMMY__ 0.4748860681266214 neg 0.2723166442855818 off 0.25279728758779674	false	0.5
unmut	neg 1.0		__DUMMY__ 0.4795147209754602 neg 0.2721198119274902 off 0.2483654670970497	false	1.0
hackfresse	off 1.0		__DUMMY__ 0.4716700571057288 off 0.27097617019866366 neg 0.2573537726956075	false	1.0
aufblasen	neg 1.0		__DUMMY__ 0.47880687744256867 neg 0.2619973523577031 off 0.2591957701997283	false	1.0
gewaltsam	neg 1.0		__DUMMY__ 0.4785384956732106 neg 0.2652960472937857 off 0.25616545703300375	false	1.0
unbeliebtheit	neg 1.0		__DUMMY__ 0.4706603637322023 neg 0.26977813377960547 off 0.2595615024881921	false	1.0
sturheit	neg 1.0		__DUMMY__ 0.4768692906012907 neg 0.26781107610260957 off 0.25531963329609986	false	1.0
kuh	neg 1.0		__DUMMY__ 0.4754827679639481 neg 0.26776076980618413 off 0.25675646222986775	false	1.0
erschrecken	neg 1.0		__DUMMY__ 0.47694354001183814 off 0.2619521213960491 neg 0.2611043385921128	false	0.5
opfer	neg 1.0		__DUMMY__ 0.47991751757790546 neg 0.26641206650639515 off 0.2536704159156995	false	1.0
sinken	neg 1.0		__DUMMY__ 0.48000138137898346 neg 0.27077816861700843 off 0.24922045000400814	false	1.0
stinktier	neg 1.0		__DUMMY__ 0.4724499982148378 off 0.2676157436289547 neg 0.2599342581562074	false	0.5
tucke	off 1.0		__DUMMY__ 0.46881444855402443 off 0.270406131057926 neg 0.26077942038804963	false	1.0
ein			__DUMMY__ 0.4784413422556079 neg 0.26337982125288095 off 0.25817883649151113	false	0.0
abstieg	neg 1.0		__DUMMY__ 0.48116950395700037 neg 0.26581836748375487 off 0.2530121285592447	false	1.0
missverstehen	neg 1.0		__DUMMY__ 0.4757468068957892 neg 0.26473592418883474 off 0.25951726891537596	false	1.0
ergebnislos	neg 1.0		__DUMMY__ 0.478591538366431 neg 0.26959583796582426 off 0.2518126236677447	false	1.0
unter			__DUMMY__ 0.48480397765642935 neg 0.2700822252373076 off 0.24511379710626294	false	0.0
manipulieren	neg 1.0		__DUMMY__ 0.4787357543794293 neg 0.2699901444907856 off 0.2512741011297852	false	1.0
unbewiesen	neg 1.0		__DUMMY__ 0.47242750170821385 neg 0.27264044020655975 off 0.25493205808522634	false	1.0
verschleppen	neg 1.0		__DUMMY__ 0.47860030094885636 neg 0.26754023078825273 off 0.2538594682628909	false	1.0
weib	off 1.0		__DUMMY__ 0.4715103986111098 off 0.27084284814060955 neg 0.2576467532482806	false	1.0
opposition	neg 1.0		__DUMMY__ 0.4753490049804332 neg 0.26652628839503334 off 0.25812470662453335	false	1.0
verkehrswidrig	neg 1.0	neg 1.0	neg 0.6124181097667332 __DUMMY__ 0.23493805407697807 off 0.1526438361562888	false	1.0
inkorrekt	neg 1.0		__DUMMY__ 0.472297740785177 off 0.263943036124439 neg 0.26375922309038397	false	0.5
vermeiden	neg 1.0		__DUMMY__ 0.48200978257308746 neg 0.2711916661969922 off 0.2467985512299203	false	1.0
abweichung	neg 1.0		__DUMMY__ 0.47801404956380655 neg 0.26982322018311355 off 0.2521627302530798	false	1.0
alkoholisiert	neg 1.0		__DUMMY__ 0.48379976115672435 neg 0.262881414147002 off 0.25331882469627365	false	1.0
scheiss	off 1.0	off 1.0	off 0.6197203722826166 __DUMMY__ 0.2323536631089358 neg 0.14792596460844762	false	1.0
herausforderung	neg 1.0	neg 1.0	neg 0.61840825207621 __DUMMY__ 0.2373950898809252 off 0.14419665804286477	false	1.0
pervers	off 1.0		__DUMMY__ 0.47051218063434 off 0.27439091768238066 neg 0.2550969016832793	false	1.0
wackelig	neg 1.0		__DUMMY__ 0.4815609505305442 neg 0.2629765667675623 off 0.2554624827018934	false	1.0
verwickeln	neg 1.0		__DUMMY__ 0.4756595764895514 neg 0.2649987658043876 off 0.2593416577060611	false	1.0
vorwand	neg 1.0		__DUMMY__ 0.47954224384498784 neg 0.2697948924359399 off 0.2506628637190722	false	1.0
muschi	off 1.0		__DUMMY__ 0.47805182838839183 neg 0.26680306737421183 off 0.2551451042373962	false	0.5
entmutigung	neg 1.0		__DUMMY__ 0.47470949793666084 neg 0.26777658375384034 off 0.2575139183094988	false	1.0
unangemessen	neg 1.0		__DUMMY__ 0.4768845602733269 neg 0.26882129117312986 off 0.25429414855354343	false	1.0
unstetig	neg 1.0		__DUMMY__ 0.47891935983698514 neg 0.2624597760758089 off 0.258620864087206	false	1.0
entmutigen	neg 1.0		__DUMMY__ 0.477225709621104 neg 0.26426593078213245 off 0.25850835959676355	false	1.0
schwanz	neg 1.0		__DUMMY__ 0.47964230054715423 neg 0.2684207198631478 off 0.2519369795896979	false	1.0
verbot	neg 1.0		__DUMMY__ 0.47650112692109386 neg 0.2704280291962892 off 0.2530708438826168	false	1.0
leid	neg 1.0		__DUMMY__ 0.4743260676507588 off 0.2691884037663534 neg 0.25648552858288776	false	0.5
archaisch	neg 1.0		__DUMMY__ 0.4785120359321481 neg 0.26669625008930303 off 0.2547917139785489	false	1.0
gegen			__DUMMY__ 0.4809214532829563 neg 0.26873709363441634 off 0.25034145308262723	false	0.0
scheidung	neg 1.0		__DUMMY__ 0.4705851395135251 off 0.27857140897848165 neg 0.25084345150799336	false	0.5
einschlag	neg 1.0	neg 1.0	neg 0.6162901971739418 __DUMMY__ 0.23237707584581244 off 0.15133272698024583	false	1.0
m			__DUMMY__ 0.4796471069881518 neg 0.26541112865690974 off 0.2549417643549384	false	0.0
abgestanden	neg 1.0		__DUMMY__ 0.4786729878297568 neg 0.2631445278012881 off 0.2581824843689551	false	1.0
schmierig	off 1.0		__DUMMY__ 0.4744316186641641 off 0.26858304900133834 neg 0.2569853323344975	false	1.0
unpraktisch	neg 1.0		__DUMMY__ 0.47916381802884694 neg 0.26199287347605515 off 0.2588433084950979	false	1.0
wixxer	off 1.0		__DUMMY__ 0.4698820207060489 off 0.27384687955522474 neg 0.25627109973872625	false	1.0
bezeichnet			__DUMMY__ 0.47706812158169537 neg 0.26673186934313864 off 0.25620000907516605	false	0.0
jammerlappen	off 1.0		__DUMMY__ 0.47553194352345096 off 0.26239457007304934 neg 0.2620734864034997	false	1.0
farce	neg 1.0		__DUMMY__ 0.47540001944346433 neg 0.2710055353202769 off 0.2535944452362588	false	1.0
zwecklos	neg 1.0		__DUMMY__ 0.4772350072483442 neg 0.26839884522710844 off 0.2543661475245473	false	1.0
turbulent	neg 1.0		__DUMMY__ 0.47501744960100956 off 0.26274928861518876 neg 0.2622332617838016	false	0.5
invasion	neg 1.0		__DUMMY__ 0.47750599506659275 neg 0.26251445552036345 off 0.2599795494130439	false	1.0
schuld	neg 1.0		__DUMMY__ 0.477027455400155 neg 0.2650812919810246 off 0.25789125261882045	false	1.0
risiko	neg 1.0		__DUMMY__ 0.479182404362249 neg 0.2629141842092705 off 0.25790341142848056	false	1.0
finster	neg 1.0		__DUMMY__ 0.4782868532285767 neg 0.26331046413701087 off 0.25840268263441235	false	1.0
geisteskrank	off 1.0		__DUMMY__ 0.4737817752509711 off 0.2638428669886375 neg 0.2623753577603915	false	1.0
zusammenbrechen	neg 1.0		__DUMMY__ 0.47910222393436913 neg 0.26512007833538337 off 0.25577769773024744	false	1.0
ausbeute	neg 1.0		__DUMMY__ 0.48172240890577206 neg 0.26552986711556886 off 0.2527477239786591	false	1.0
hinterhalt	neg 1.0		__DUMMY__ 0.4802717580166372 neg 0.264140191347981 off 0.25558805063538176	false	1.0
kritik	neg 1.0		__DUMMY__ 0.47599386225832996 neg 0.27035991511659735 off 0.2536462226250727	false	1.0
einschrumpfen	neg 1.0		__DUMMY__ 0.4741193733383528 neg 0.2665434488527377 off 0.2593371778089094	false	1.0
riskant	neg 1.0		__DUMMY__ 0.4782804000055562 neg 0.2690473195423654 off 0.2526722804520784	false	1.0
frustrieren	neg 1.0		__DUMMY__ 0.47866574762249264 neg 0.26827112736565983 off 0.25306312501184747	false	1.0
groll	neg 1.0		__DUMMY__ 0.47838171632847243 neg 0.26713861484259327 off 0.25447966882893447	false	1.0
gibt			__DUMMY__ 0.4780348772786617 neg 0.267084350427219 off 0.25488077229411926	false	0.0
qualvoll	neg 1.0		__DUMMY__ 0.4780251521743203 off 0.2614072478180977 neg 0.2605676000075819	false	0.5
wackeln	neg 1.0	neg 1.0	neg 0.6183628895406381 __DUMMY__ 0.23464515709366368 off 0.1469919533656981	false	1.0
klagen	neg 1.0		__DUMMY__ 0.47980343475782017 neg 0.2710906392576766 off 0.24910592598450326	false	1.0
bankrott	neg 1.0		__DUMMY__ 0.47677586042392367 neg 0.26168668824533414 off 0.26153745133074224	false	1.0
trauern	neg 1.0		__DUMMY__ 0.4803019058458554 neg 0.2661866166876994 off 0.25351147746644515	false	1.0
ablehnung	neg 1.0		__DUMMY__ 0.47607419804031265 neg 0.27017521812946715 off 0.2537505838302202	false	1.0
stur	neg 1.0		__DUMMY__ 0.47622515767203744 neg 0.2654774335003202 off 0.25829740882764224	false	1.0
aufruhr	neg 1.0		__DUMMY__ 0.47832458694654356 neg 0.2656998556982784 off 0.25597555735517813	false	1.0
melancholie	neg 1.0		__DUMMY__ 0.4797035455866662 neg 0.26566126704356047 off 0.2546351873697733	false	1.0
ist			__DUMMY__ 0.47702993398784344 neg 0.2639926181009111 off 0.25897744791124533	false	0.0
torheit	neg 1.0		__DUMMY__ 0.475844761829903 neg 0.26694815834605123 off 0.2572070798240459	false	1.0
dreckskind	off 1.0		__DUMMY__ 0.47152124629984327 off 0.26893469852930524 neg 0.25954405517085144	false	1.0
umtauschen	neg 1.0		__DUMMY__ 0.47822382770356336 neg 0.26519271175646636 off 0.25658346053997033	false	1.0
zum			__DUMMY__ 0.4852409648039353 neg 0.26647404123467483 off 0.24828499396138992	false	0.0
zersetzen	neg 1.0		__DUMMY__ 0.47791208158553566 neg 0.27125722321527485 off 0.25083069519918955	false	1.0
zur			__DUMMY__ 0.48280223556835744 neg 0.27072025848930475 off 0.24647750594233775	false	0.0
frust	neg 1.0		__DUMMY__ 0.4788019774468126 neg 0.2657678975747205 off 0.2554301249784668	false	1.0
unerbittlichkeit	neg 1.0		__DUMMY__ 0.4783131171516302 neg 0.2705427980359824 off 0.25114408481238737	false	1.0
zwei			__DUMMY__ 0.4835186995449645 neg 0.26624672489657486 off 0.2502345755584605	false	0.0
unkorrekt	neg 1.0		__DUMMY__ 0.4714539763405919 neg 0.2642959422119702 off 0.26425008144743795	false	1.0
hexe	off 1.0		__DUMMY__ 0.475359546403481 off 0.2631074755982234 neg 0.26153297799829545	false	1.0
lasch	neg 1.0		__DUMMY__ 0.4742565503058032 neg 0.26543104219835606 off 0.2603124074958408	false	1.0
rivale	neg 1.0		__DUMMY__ 0.4754719522873258 off 0.265702278052397 neg 0.25882576966027715	false	0.5
mutlos	off 1.0	off 1.0	off 0.6131567300541558 __DUMMY__ 0.23278427502014243 neg 0.15405899492570174	false	1.0
wirr	off 1.0		__DUMMY__ 0.4717070088826249 off 0.26469093357770906 neg 0.263602057539666	false	1.0
jahr			__DUMMY__ 0.4824071184480097 neg 0.265626416513297 off 0.2519664650386932	false	0.0
wird			__DUMMY__ 0.4789367180265429 neg 0.26749227040751083 off 0.25357101156594636	false	0.0
strafbar	neg 1.0		__DUMMY__ 0.47768631715199145 neg 0.26976215910945023 off 0.25255152373855827	false	1.0
erosion	neg 1.0		__DUMMY__ 0.4789665242833967 neg 0.2628073456550878 off 0.2582261300615155	false	1.0
eingehen	neg 1.0		__DUMMY__ 0.47699875247931495 neg 0.26961984777702047 off 0.2533813997436645	false	1.0
faul	off 1.0		__DUMMY__ 0.4772876330517292 off 0.2621369750770437 neg 0.26057539187122714	false	1.0
provisorium	neg 1.0		__DUMMY__ 0.4838819967105578 neg 0.2717095167165914 off 0.2444084865728508	false	1.0
schmerzen	neg 1.0		__DUMMY__ 0.4784142958629576 neg 0.26441810252338277 off 0.2571676016136596	false	1.0
schrumpfen	neg 1.0		__DUMMY__ 0.47998548925943874 neg 0.2741853384439172 off 0.24582917229664406	false	1.0
geistlos	off 1.0		__DUMMY__ 0.47282306407293956 neg 0.26886812034694146 off 0.25830881558011903	false	0.5
fehlkauf	neg 1.0		__DUMMY__ 0.47684122936675555 neg 0.2642952097461296 off 0.2588635608871149	false	1.0
frustrierend	neg 1.0		__DUMMY__ 0.4774356227039594 off 0.26194898209719314 neg 0.26061539519884763	false	0.5
unzufrieden	neg 1.0		__DUMMY__ 0.47705209290872924 neg 0.2688553620142354 off 0.25409254507703544	false	1.0
verzweifeln	neg 1.0		__DUMMY__ 0.47804679527228894 neg 0.2653941522121559 off 0.25655905251555516	false	1.0
verzweifelt	neg 1.0		__DUMMY__ 0.4768206817763149 neg 0.2645231946873637 off 0.2586561235363214	false	1.0
misstrauensantrag	neg 1.0		__DUMMY__ 0.475887689812983 neg 0.26497398226007157 off 0.25913832792694536	false	1.0
abfallen	neg 1.0		__DUMMY__ 0.47934091851082594 neg 0.2613900109999506 off 0.25926907048922343	false	1.0
fucker	off 1.0		__DUMMY__ 0.4741764990175171 off 0.2644916130481256 neg 0.26133188793435747	false	1.0
ungezogen	neg 1.0		__DUMMY__ 0.4721967317168014 off 0.2729922170196796 neg 0.25481105126351894	false	0.5
irrsinnig	neg 1.0	neg 1.0	neg 0.621002188595176 __DUMMY__ 0.23247990151709788 off 0.14651790988772626	false	1.0
unfassbar	neg 1.0		__DUMMY__ 0.4748837400421321 off 0.26302709080212183 neg 0.2620891691557462	false	0.5
hart	neg 1.0		__DUMMY__ 0.4764165963683773 neg 0.2626759358778513 off 0.26090746775377155	false	1.0
widerlich	off 1.0		__DUMMY__ 0.4738115840574911 off 0.26376866966438767 neg 0.26241974627812115	false	1.0
fatal	neg 1.0		__DUMMY__ 0.4767903909314655 neg 0.264011182767658 off 0.2591984263008766	false	1.0
bruch	neg 1.0		__DUMMY__ 0.47905349722030094 neg 0.2719249423629663 off 0.24902156041673276	false	1.0
aushungern	neg 1.0		__DUMMY__ 0.4760846337217982 neg 0.26903710192925656 off 0.2548782643489451	false	1.0
anspannung	neg 1.0	neg 1.0	neg 0.6207155680849741 __DUMMY__ 0.23793006418487428 off 0.14135436773015167	false	1.0
von			__DUMMY__ 0.4822408645326858 neg 0.2667178684955537 off 0.2510412669717605	false	0.0
kraftlos	neg 1.0		__DUMMY__ 0.48071523889927115 neg 0.26365274492462526 off 0.2556320161761035	false	1.0
vom			__DUMMY__ 0.4850414037821993 neg 0.2693314264511149 off 0.24562716976668578	false	0.0
grenzdebil	off 1.0		__DUMMY__ 0.4751119467546491 off 0.264384088704149 neg 0.2605039645412021	false	1.0
vor			__DUMMY__ 0.48074803222270396 neg 0.26812319678113666 off 0.25112877099615927	false	0.0
unterwerfen	neg 1.0		__DUMMY__ 0.4787678419917716 neg 0.26843508870443505 off 0.2527970693037933	false	1.0
versenkung	neg 1.0		__DUMMY__ 0.4787957222024721 neg 0.26876812083186535 off 0.2524361569656625	false	1.0
entziehen	neg 1.0		__DUMMY__ 0.4795976996585452 neg 0.27059692846268385 off 0.2498053718787709	false	1.0
finanzkrise	neg 1.0		__DUMMY__ 0.47570674356013576 neg 0.26942947526420136 off 0.25486378117566294	false	1.0
schimpfend	neg 1.0		__DUMMY__ 0.4794866617032502 neg 0.26151786125563337 off 0.25899547704111625	false	1.0
profan	neg 1.0		__DUMMY__ 0.47651464440404995 neg 0.26327845126672167 off 0.26020690432922844	false	1.0
korruption	neg 1.0	neg 1.0	neg 0.6237419482139739 __DUMMY__ 0.23257221446809218 off 0.14368583731793402	false	1.0
â			__DUMMY__ 0.4797341271866267 neg 0.26658889598388624 off 0.253676976829487	false	0.0
schmutzig	neg 1.0		__DUMMY__ 0.4763373610720346 off 0.26419038590371985 neg 0.25947225302424554	false	0.5
sexy	neg 1.0		__DUMMY__ 0.47673452241313785 neg 0.2622190973483169 off 0.2610463802385452	false	1.0
abraten	neg 1.0		__DUMMY__ 0.47721606387022564 neg 0.2635385587481298 off 0.2592453773816446	false	1.0
schwarz	neg 1.0		__DUMMY__ 0.4766165241793912 neg 0.26500057090054974 off 0.258382904920059	false	1.0
fotze	off 1.0		__DUMMY__ 0.47874131658334296 neg 0.26846035461330925 off 0.2527983288033478	false	0.5
verwirren	neg 1.0		__DUMMY__ 0.4765582690959823 neg 0.26294323665398506 off 0.26049849425003263	false	1.0
zahnlos	off 1.0		__DUMMY__ 0.4771371823521385 neg 0.2686763678874917 off 0.25418644976036986	false	0.5
verheeren	neg 1.0		__DUMMY__ 0.47354628222542944 off 0.2746716420258101 neg 0.25178207574876027	false	0.5
hippie	neg 1.0		__DUMMY__ 0.47653712762640277 neg 0.26310993511026654 off 0.26035293726333075	false	1.0
rammen	neg 1.0		__DUMMY__ 0.47696607740438285 neg 0.26536630496968283 off 0.2576676176259345	false	1.0
unlauter	neg 1.0		__DUMMY__ 0.4730596880528614 neg 0.27123894079145283 off 0.2557013711556857	false	1.0
unheilvoll	neg 1.0		__DUMMY__ 0.479277694970687 off 0.2605973815807015 neg 0.26012492344861154	false	0.5
niedrig	neg 1.0		__DUMMY__ 0.47995862018436974 neg 0.2678795415547263 off 0.252161838260904	false	1.0
explosion	neg 1.0		__DUMMY__ 0.4760769975575564 neg 0.26445126290766646 off 0.25947173953477704	false	1.0
weichei	off 1.0		__DUMMY__ 0.4725872317526441 off 0.2695153330755116 neg 0.2578974351718442	false	1.0
minusmensch	off 1.0		__DUMMY__ 0.4683409744765407 off 0.27225034293504025 neg 0.259408682588419	false	1.0
farblos	neg 1.0		__DUMMY__ 0.4824043632326252 neg 0.2600497237098758 off 0.25754591305749897	false	1.0
unwissend	neg 1.0	neg 1.0	neg 0.6193811568269203 __DUMMY__ 0.2314703294979419 off 0.1491485136751378	false	1.0
traurig	neg 1.0		__DUMMY__ 0.4748845485774016 off 0.2666893700777452 neg 0.2584260813448533	false	0.5
senkung	neg 1.0		__DUMMY__ 0.47430313577962535 neg 0.26663045520672574 off 0.25906640901364886	false	1.0
ungleich	neg 1.0	neg 1.0	neg 0.6243396892663504 __DUMMY__ 0.23279039017773498 off 0.14286992055591455	false	1.0
heikel	neg 1.0		__DUMMY__ 0.4781393790442682 neg 0.2707128864666171 off 0.2511477344891146	false	1.0
drosselung	neg 1.0		__DUMMY__ 0.4761251570366901 off 0.2641396462007995 neg 0.2597351967625102	false	0.5
falsch	neg 1.0		__DUMMY__ 0.47638987209803857 off 0.2618518739114464 neg 0.2617582539905151	false	0.5
unzufriedenheit	neg 1.0		__DUMMY__ 0.47872614200480473 neg 0.27062388533679627 off 0.2506499726583991	false	1.0
kurz	neg 1.0		__DUMMY__ 0.4799193283733081 neg 0.2642188008057155 off 0.25586187082097633	false	1.0
unsinnig	neg 1.0		__DUMMY__ 0.4761675980687185 neg 0.2694189393614624 off 0.25441346256981906	false	1.0
penner	off 1.0	off 1.0	off 0.6243569158796853 __DUMMY__ 0.22996346090264067 neg 0.14567962321767403	false	1.0
seicht	neg 1.0		__DUMMY__ 0.46987684196527435 off 0.27191330680367687 neg 0.2582098512310488	false	0.5
dummheit	off 1.0	off 1.0	off 0.6174966440523192 __DUMMY__ 0.231896791760095 neg 0.1506065641875859	false	1.0
unerfreulich	neg 1.0		__DUMMY__ 0.4797468402273525 neg 0.2696492559366905 off 0.2506039038359571	false	1.0
motherfucker	off 1.0	off 1.0	off 0.6201639144135347 __DUMMY__ 0.23100109720028258 neg 0.14883498838618275	false	1.0
pikiert	neg 1.0		__DUMMY__ 0.4739977435899644 neg 0.26351197459664816 off 0.26249028181338746	false	1.0
wrack	neg 1.0		__DUMMY__ 0.4820224710792889 neg 0.2642535705988751 off 0.2537239583218361	false	1.0
gangster	neg 1.0		__DUMMY__ 0.4770451976312746 neg 0.2628643214388783 off 0.26009048092984693	false	1.0
krank	neg 1.0		__DUMMY__ 0.476265799070528 off 0.2651002040757507 neg 0.2586339968537212	false	0.5
reich	neg 1.0		__DUMMY__ 0.4750100305566728 neg 0.26369138468595826 off 0.26129858475736895	false	1.0
gnadenlos	neg 1.0		__DUMMY__ 0.4775028499794487 neg 0.26440081916941827 off 0.25809633085113304	false	1.0
niedergeschlagen	neg 1.0		__DUMMY__ 0.48011296290437777 neg 0.26352185952327933 off 0.25636517757234273	false	1.0
terrorisieren	off 1.0	off 1.0	off 0.6140315094126072 __DUMMY__ 0.2342375091388421 neg 0.1517309814485507	false	1.0
sinnlosigkeit	neg 1.0		__DUMMY__ 0.4775618897797402 neg 0.2679297413422689 off 0.2545083688779909	false	1.0
behindern	neg 1.0		__DUMMY__ 0.47699860075331785 neg 0.2672935990547629 off 0.2557078001919193	false	1.0
undemokratisch	neg 1.0		__DUMMY__ 0.47478606459000827 neg 0.2684180701182546 off 0.2567958652917371	false	1.0
wirtschaftskrise	neg 1.0		__DUMMY__ 0.4771793277921701 neg 0.2701854605462036 off 0.2526352116616263	false	1.0
neid	neg 1.0		__DUMMY__ 0.47824105230174574 off 0.2632931736122591 neg 0.25846577408599514	false	0.5
rutschen	neg 1.0	neg 1.0	neg 0.620618589405626 __DUMMY__ 0.23709023778094665 off 0.14229117281342749	false	1.0
rezession	neg 1.0		__DUMMY__ 0.472339758083498 off 0.26663307286428933 neg 0.2610271690522127	false	0.5
fehlgeburt	neg 1.0		__DUMMY__ 0.4791760683739137 neg 0.2606399666193878 off 0.2601839650066986	false	1.0
charakterschwach	off 1.0		__DUMMY__ 0.47514949993350186 off 0.2638968993715774 neg 0.2609536006949206	false	1.0
isolation	neg 1.0		__DUMMY__ 0.47707805414891685 off 0.26174759351826477 neg 0.26117435233281844	false	0.5
ablenkung	neg 1.0		__DUMMY__ 0.4781041516204944 neg 0.2642949428813622 off 0.2576009054981434	false	1.0
pech	neg 1.0		__DUMMY__ 0.4767688797853228 neg 0.2617251828797765 off 0.2615059373349007	false	1.0
vermeidung	neg 1.0		__DUMMY__ 0.4737573830965553 off 0.2634913835329847 neg 0.2627512333704601	false	0.5
dominieren	neg 1.0		__DUMMY__ 0.48078968836971725 neg 0.2652496191906545 off 0.2539606924396282	false	1.0
schwindlig	neg 1.0		__DUMMY__ 0.47998435192166755 off 0.2611307528100125 neg 0.25888489526831987	false	0.5
lutscher	neg 1.0		__DUMMY__ 0.4699075608886401 off 0.27272679465724503 neg 0.25736564445411486	false	0.5
pflicht	neg 1.0		__DUMMY__ 0.4782934466810617 neg 0.2707000906455494 off 0.25100646267338883	false	1.0
faschist	off 1.0		__DUMMY__ 0.47408587858871504 neg 0.26667543745632194 off 0.2592386839549631	false	0.5
verschleudern	neg 1.0		__DUMMY__ 0.47471671137680294 neg 0.2746570444710169 off 0.25062624415218016	false	1.0
wenn			__DUMMY__ 0.47619229697447535 off 0.26203761845567924 neg 0.2617700845698453	false	0.0
ehebruch	neg 1.0		__DUMMY__ 0.47826067917391313 neg 0.2684331168661606 off 0.2533062039599262	false	1.0
spott	off 1.0		__DUMMY__ 0.47724026906095884 neg 0.27057538780529833 off 0.2521843431337429	false	0.5
trostlosigkeit	neg 1.0		__DUMMY__ 0.48060345108477376 neg 0.2688368496008521 off 0.2505596993143743	false	1.0
lutschen	neg 1.0		__DUMMY__ 0.47560535869421017 neg 0.26505376246725376 off 0.25934087883853607	false	1.0
undiszipliniert	neg 1.0		__DUMMY__ 0.47562782448924346 off 0.2659382752861755 neg 0.2584339002245811	false	0.5
kopfschmerz	neg 1.0		__DUMMY__ 0.47993459323882737 neg 0.2639924810648349 off 0.2560729256963378	false	1.0
unvorhergesehen	neg 1.0		__DUMMY__ 0.48205812234160755 neg 0.26388838432025313 off 0.25405349333813926	false	1.0
desinteressiert	neg 1.0		__DUMMY__ 0.4741859985503227 off 0.26516194290315515 neg 0.2606520585465222	false	0.5
armselig	off 1.0		__DUMMY__ 0.4723099914521373 off 0.26559234776292634 neg 0.2620976607849363	false	1.0
desaster	neg 1.0		__DUMMY__ 0.47917307103671486 neg 0.27240417131889016 off 0.24842275764439486	false	1.0
tod	neg 1.0		__DUMMY__ 0.48191388231807764 neg 0.26337510938233283 off 0.2547110082995897	false	1.0
herzlos	neg 1.0		__DUMMY__ 0.47355613135202373 off 0.26673617569029523 neg 0.2597076929576811	false	0.5
unwissenheit	neg 1.0		__DUMMY__ 0.4758760578759254 neg 0.2706298160867424 off 0.25349412603733207	false	1.0
widersinnig	neg 1.0	neg 1.0	neg 0.6245722814545085 __DUMMY__ 0.2314678658223329 off 0.14395985272315856	false	1.0
bedenklich	neg 1.0		__DUMMY__ 0.47750957917614406 neg 0.2698105906708595 off 0.25267983015299655	false	1.0
beanstanden	neg 1.0		__DUMMY__ 0.4789820263704353 neg 0.2705007339674837 off 0.250517239662081	false	1.0
panisch	neg 1.0	neg 1.0	neg 0.6165832662270043 __DUMMY__ 0.2348401168165536 off 0.1485766169564421	false	1.0
debil	off 1.0		__DUMMY__ 0.4819948186004456 neg 0.2723938837256397 off 0.24561129767391468	false	0.5
abstrich	neg 1.0		__DUMMY__ 0.478159951382418 neg 0.26850435961180763 off 0.2533356890057744	false	1.0
primitiv	neg 1.0		__DUMMY__ 0.47392674473177293 off 0.26435138378583994 neg 0.2617218714823873	false	0.5
abschaum	off 1.0	off 1.0	off 0.6189523032443323 __DUMMY__ 0.23168858388618827 neg 0.14935911286947956	false	1.0
provozieren	neg 1.0		__DUMMY__ 0.4766132527803496 neg 0.2658618568294679 off 0.2575248903901826	false	1.0
tot	neg 1.0		__DUMMY__ 0.4784649548611281 neg 0.2690357978340042 off 0.2524992473048677	false	1.0
instabil	neg 1.0		__DUMMY__ 0.47224517375828695 neg 0.2644052717427706 off 0.2633495544989425	false	1.0
schwuchtel	off 1.0		__DUMMY__ 0.46796295476622424 off 0.27758717311549036 neg 0.25444987211828546	false	1.0
zerren	neg 1.0		__DUMMY__ 0.4799995703958129 neg 0.2635536834614491 off 0.25644674614273794	false	1.0
kinderficker	off 1.0		__DUMMY__ 0.4706926852342096 off 0.2679456579367083 neg 0.26136165682908213	false	1.0
gefahr	neg 1.0		__DUMMY__ 0.47953200522969214 neg 0.2693562240687647 off 0.2511117707015431	false	1.0
rabiat	neg 1.0		__DUMMY__ 0.4767275915995633 neg 0.26653960296701235 off 0.25673280543342436	false	1.0
verlangsamung	neg 1.0		__DUMMY__ 0.4723734785724357 off 0.27083071822053495 neg 0.2567958032070294	false	0.5
ausgestorben	neg 1.0		__DUMMY__ 0.4792409857832866 neg 0.2637840705720176 off 0.256974943644696	false	1.0
anklagen	neg 1.0		__DUMMY__ 0.47733814057686136 neg 0.2679664901349339 off 0.25469536928820474	false	1.0
trott	neg 1.0		__DUMMY__ 0.4785498704494279 neg 0.26484646574210285 off 0.2566036638084693	false	1.0
verminderung	neg 1.0		__DUMMY__ 0.47408856423313855 off 0.26464126720233605 neg 0.26127016856452545	false	0.5
nach			__DUMMY__ 0.4858212342736428 neg 0.2650987878786122 off 0.24907997784774508	false	0.0
rost	neg 1.0		__DUMMY__ 0.4737600891107705 off 0.2698420012085009 neg 0.25639790968072856	false	0.5
destruktiv	neg 1.0		__DUMMY__ 0.4754621641881129 neg 0.26889498255840505 off 0.255642853253482	false	1.0
unzumutbarkeit	neg 1.0		__DUMMY__ 0.47691074841225967 off 0.2626547438082937 neg 0.26043450777944654	false	0.5
labil	off 1.0	off 1.0	off 0.6188878141768148 __DUMMY__ 0.23173970712283468 neg 0.14937247870035045	false	1.0
ziemlich	neg 1.0		__DUMMY__ 0.47613798527294005 off 0.26405856939964784 neg 0.25980344532741195	false	0.5
lachnummer	off 1.0		__DUMMY__ 0.47642566214157445 neg 0.26728961950065094 off 0.25628471835777467	false	0.5
oder			__DUMMY__ 0.4789132357239843 neg 0.2632012996777473 off 0.25788546459826833	false	0.0
verfall	neg 1.0		__DUMMY__ 0.48062955298255455 neg 0.27320686481966494 off 0.2461635821977804	false	1.0
ausgrenzung	neg 1.0		__DUMMY__ 0.4751983612596903 neg 0.2668893668610526 off 0.2579122718792571	false	1.0
unordnung	neg 1.0		__DUMMY__ 0.4773484821437603 off 0.2638433615262781 neg 0.2588081563299617	false	0.5
fehlverhalten	neg 1.0		__DUMMY__ 0.4783412071664452 neg 0.2702161490825431 off 0.2514426437510118	false	1.0
eine			__DUMMY__ 0.47957378068170164 neg 0.2693462866704484 off 0.2510799326478499	false	0.0
nille	neg 1.0		__DUMMY__ 0.4781494558187943 neg 0.26611488513631637 off 0.2557356590448892	false	1.0
qual	neg 1.0		__DUMMY__ 0.47842387880545406 neg 0.26525755312277344 off 0.25631856807177245	false	1.0
verschwenden	neg 1.0		__DUMMY__ 0.47772988474048395 neg 0.2689333004637639 off 0.2533368147957521	false	1.0
riesig	neg 1.0	neg 1.0	neg 0.6199278848988959 __DUMMY__ 0.23554056689371367 off 0.1445315482073903	false	1.0
verurteilen	neg 1.0		__DUMMY__ 0.4775085065672962 neg 0.26827680432634265 off 0.254214689106361	false	1.0
klischee	neg 1.0	neg 1.0	neg 0.6205000707611936 __DUMMY__ 0.23150642719577727 off 0.14799350204302902	false	1.0
diktatorisch	neg 1.0		__DUMMY__ 0.4739996483108406 neg 0.26882047417385724 off 0.25717987751530225	false	1.0
vorhersehbar	neg 1.0	neg 1.0	neg 0.6203961154246705 __DUMMY__ 0.23193212151960044 off 0.14767176305572893	false	1.0
sowie			__DUMMY__ 0.4727550787266316 off 0.2687780271399819 neg 0.25846689413338664	false	0.0
stornieren	neg 1.0		__DUMMY__ 0.4818405490378941 off 0.2596189818751816 neg 0.25854046908692446	false	0.5
besteuerung	neg 1.0		__DUMMY__ 0.47436404682337674 neg 0.26923978524549685 off 0.2563961679311264	false	1.0
ungeschminkt	neg 1.0		__DUMMY__ 0.4740312924434347 off 0.26343957619050545 neg 0.26252913136605976	false	0.5
kritisch	neg 1.0		__DUMMY__ 0.47759658944421296 neg 0.26994917091840104 off 0.2524542396373861	false	1.0
schlamperei	off 1.0		__DUMMY__ 0.4775370909192298 neg 0.27137190899645014 off 0.25109100008432017	false	0.5
sucht	neg 1.0	neg 1.0	neg 0.6190780107398546 __DUMMY__ 0.2345306035008045 off 0.14639138575934094	false	1.0
egoistisch	off 1.0		__DUMMY__ 0.47320799397322016 off 0.2696544017514021 neg 0.2571376042753777	false	1.0
ausbeuter	off 1.0		__DUMMY__ 0.4772924179918848 neg 0.27186054463784215 off 0.25084703737027303	false	0.5
arschgeburt	off 1.0		__DUMMY__ 0.46729775991008765 off 0.2774780943927689 neg 0.2552241456971434	false	1.0
schubs	neg 1.0	neg 1.0	neg 0.6199577657077336 __DUMMY__ 0.2349772090141743 off 0.14506502527809215	false	1.0
unsolide	neg 1.0		__DUMMY__ 0.471370447371681 neg 0.27190875136053394 off 0.2567208012677851	false	1.0
beschwerde	neg 1.0		__DUMMY__ 0.47746384335975933 neg 0.271244208861686 off 0.25129194777855457	false	1.0
stocken	neg 1.0		__DUMMY__ 0.4785402627501721 neg 0.26898271448417654 off 0.2524770227656513	false	1.0
isolieren	neg 1.0		__DUMMY__ 0.4772007216572892 neg 0.26946328487323445 off 0.2533359934694763	false	1.0
unheilbar	neg 1.0		__DUMMY__ 0.4795285522092483 neg 0.26198920364303085 off 0.2584822441477207	false	1.0
pisser	off 1.0		__DUMMY__ 0.4749750816513018 off 0.26511776872035603 neg 0.25990714962834216	false	1.0
löschen	neg 1.0		__DUMMY__ 0.4778383281403448 neg 0.26526928318912046 off 0.25689238867053477	false	1.0
durchfallen	neg 1.0		__DUMMY__ 0.4763631598932696 neg 0.27002837557624304 off 0.2536084645304874	false	1.0
wichser	off 1.0		__DUMMY__ 0.4711682051344374 off 0.2748000004415925 neg 0.25403179442397006	false	1.0
terror	neg 1.0		__DUMMY__ 0.4782599722447197 neg 0.2610810915306678 off 0.2606589362246125	false	1.0
krass	neg 1.0		__DUMMY__ 0.47337922124630466 off 0.2672348070831396 neg 0.2593859716705557	false	0.5
revolte	neg 1.0		__DUMMY__ 0.4749587205561164 neg 0.2664979823582702 off 0.2585432970856135	false	1.0
besorgt	neg 1.0		__DUMMY__ 0.4808806863626809 neg 0.26340289685659046 off 0.25571641678072854	false	1.0
nachlassen	neg 1.0		__DUMMY__ 0.47931024929354554 neg 0.2683449233128276 off 0.25234482739362685	false	1.0
alt	neg 1.0		__DUMMY__ 0.47890147816593354 neg 0.2676333000376514 off 0.25346522179641506	false	1.0
hundesohn	off 1.0		__DUMMY__ 0.47004161551154544 off 0.27229400220506433 neg 0.25766438228339017	false	1.0
als			__DUMMY__ 0.47983311354031394 neg 0.26459095243671515 off 0.2555759340229709	false	0.0
abschreckung	neg 1.0		__DUMMY__ 0.4796459105298192 neg 0.2701925009479501 off 0.25016158852223064	false	1.0
unqualifiziert	neg 1.0		__DUMMY__ 0.4730952232463125 neg 0.2674893489644403 off 0.2594154277892471	false	1.0
abgewichst	off 1.0		__DUMMY__ 0.4787821388437586 neg 0.26599865509921616 off 0.25521920605702525	false	0.5
schwer	neg 1.0		__DUMMY__ 0.47810226339515377 neg 0.2648034647654788 off 0.25709427183936734	false	1.0
bedeutungslosigkeit	neg 1.0		__DUMMY__ 0.4786778485194718 neg 0.27042346782572757 off 0.25089868365480056	false	1.0
kapitulation	neg 1.0		__DUMMY__ 0.47651196341370733 neg 0.27170406865167707 off 0.2517839679346156	false	1.0
unscharf	neg 1.0		__DUMMY__ 0.47648771457368305 neg 0.2639480911094935 off 0.2595641943168234	false	1.0
schwinden	neg 1.0		__DUMMY__ 0.4787670824148035 neg 0.2704790157371512 off 0.2507539018480453	false	1.0
versklavung	neg 1.0		__DUMMY__ 0.4742764704031974 neg 0.2689071363337543 off 0.25681639326304834	false	1.0
schlecht	neg 1.0		__DUMMY__ 0.4763800997540143 off 0.2642824693242204 neg 0.25933743092176537	false	0.5
verhasst	neg 1.0		__DUMMY__ 0.47670578036047645 neg 0.26524324084325734 off 0.25805097879626615	false	1.0
beschweren	neg 1.0		__DUMMY__ 0.47694204956300973 neg 0.26390085367458926 off 0.2591570967624011	false	1.0
scheiden	neg 1.0		__DUMMY__ 0.4816145144452029 neg 0.2594182540848099 off 0.2589672314699873	false	1.0
frustriert	neg 1.0		__DUMMY__ 0.47832514679631316 neg 0.26581118106490415 off 0.25586367213878275	false	1.0
schimmelig	neg 1.0		__DUMMY__ 0.4795962542683798 neg 0.2674919711956402 off 0.25291177453598	false	1.0
fisch	neg 1.0		__DUMMY__ 0.4831977674235277 neg 0.26402237712966126 off 0.25277985544681114	false	1.0
schmuggel	neg 1.0		__DUMMY__ 0.48258009651086825 neg 0.2650078936037441 off 0.2524120098853877	false	1.0
auffallen	neg 1.0		__DUMMY__ 0.47691332205173526 neg 0.2630859460877586 off 0.26000073186050626	false	1.0
konkurrenz	neg 1.0	neg 1.0	neg 0.6237554280659137 __DUMMY__ 0.23439008325204272 off 0.14185448868204367	false	1.0
teufelskreis	neg 1.0		__DUMMY__ 0.47756724727949945 neg 0.26623021776210537 off 0.25620253495839507	false	1.0
aufschreien	neg 1.0		__DUMMY__ 0.4760075962658244 neg 0.2644767787867982 off 0.25951562494737723	false	1.0
schuldner	neg 1.0		__DUMMY__ 0.4793490353141249 neg 0.2693298768752274 off 0.2513210878106477	false	1.0
missgeburt	off 1.0	off 1.0	off 0.622772459363815 __DUMMY__ 0.23050709079984955 neg 0.1467204498363355	false	1.0
arbeitslos	neg 1.0		__DUMMY__ 0.476491758919825 neg 0.269532830509031 off 0.2539754105711441	false	1.0
befallen	neg 1.0		__DUMMY__ 0.4779717467441002 neg 0.26695688826637504 off 0.25507136498952476	false	1.0
miesepetrig	off 1.0	off 1.0	off 0.6200149450948385 __DUMMY__ 0.23243626874675932 neg 0.14754878615840222	false	1.0
alarmieren	neg 1.0		__DUMMY__ 0.4744515464967491 neg 0.2641865750563293 off 0.26136187844692177	false	1.0
ungeduscht	off 1.0		__DUMMY__ 0.47703097495886704 neg 0.26154878432453754 off 0.2614202407165955	false	0.5
knappheit	neg 1.0		__DUMMY__ 0.4764304490621672 neg 0.27176344600821256 off 0.2518061049296202	false	1.0
schlange	neg 1.0		__DUMMY__ 0.47943153416315626 neg 0.2605518216787511 off 0.26001664415809256	false	1.0
harsch	neg 1.0		__DUMMY__ 0.47522057498472536 off 0.2686213268397877 neg 0.2561580981754869	false	0.5
lang	neg 1.0		__DUMMY__ 0.4781035920364074 neg 0.2643296019610439 off 0.25756680600254883	false	1.0
ziellos	neg 1.0		__DUMMY__ 0.4799095969616584 neg 0.26530251160191465 off 0.2547878914364268	false	1.0
selbstverliebt	neg 1.0		__DUMMY__ 0.46846244945344534 off 0.27480852535020917 neg 0.2567290251963455	false	0.5
beseitigen	neg 1.0	neg 1.0	neg 0.6192728327567885 __DUMMY__ 0.2348494615322871 off 0.1458777057109245	false	1.0
dumm	off 1.0		__DUMMY__ 0.4719221611596254 off 0.27036250628685804 neg 0.25771533255351664	false	1.0
arbeitsloser	neg 1.0		__DUMMY__ 0.4785540665126202 neg 0.2677444914701171 off 0.25370144201726275	false	1.0
blitzen	neg 1.0		__DUMMY__ 0.47668153407060854 neg 0.2626977487652928 off 0.26062071716409874	false	1.0
hilflos	neg 1.0		__DUMMY__ 0.4785985712190314 neg 0.26600340497180325 off 0.2553980238091654	false	1.0
eklig	off 1.0		__DUMMY__ 0.47185298143345633 off 0.2711325470737666 neg 0.25701447149277706	false	1.0
begriff			__DUMMY__ 0.47682929360119763 neg 0.2679894704280336 off 0.2551812359707687	false	0.0
hungersnot	neg 1.0		__DUMMY__ 0.47924684748090063 neg 0.26537089414040227 off 0.25538225837869727	false	1.0
ungesetzlich	neg 1.0		__DUMMY__ 0.4713799023964367 neg 0.2716831068852729 off 0.25693699071829046	false	1.0
verschwendung	neg 1.0		__DUMMY__ 0.47883073756214334 neg 0.26892349601461424 off 0.2522457664232426	false	1.0
schmerzvoll	neg 1.0		__DUMMY__ 0.47742278860074366 neg 0.26327645057310484 off 0.2593007608261515	false	1.0
vorzeitig	neg 1.0		__DUMMY__ 0.4781708534010851 off 0.2611483100035627 neg 0.2606808365953521	false	0.5
unvollkommenheit	neg 1.0		__DUMMY__ 0.4828278974096355 neg 0.26108609535398547 off 0.2560860072363791	false	1.0
intervenieren	neg 1.0		__DUMMY__ 0.47713715906579823 neg 0.2717098414540562 off 0.2511529994801456	false	1.0
banause	off 1.0		__DUMMY__ 0.4696034974428733 off 0.2727652345757177 neg 0.257631267981409	false	1.0
rebell	neg 1.0		__DUMMY__ 0.4809448421285022 neg 0.2701878872889354 off 0.2488672705825624	false	1.0
unlogisch	neg 1.0		__DUMMY__ 0.4739685575550009 off 0.2665179439871224 neg 0.25951349845787663	false	0.5
leiden	neg 1.0		__DUMMY__ 0.4837828777891088 neg 0.26265332377761547 off 0.2535637984332758	false	1.0
abschaffung	neg 1.0		__DUMMY__ 0.4749042814357149 neg 0.2686672882665483 off 0.2564284302977369	false	1.0
sturz	neg 1.0		__DUMMY__ 0.47854682832410717 neg 0.2642496359028066 off 0.25720353577308613	false	1.0
verkleinerung	neg 1.0		__DUMMY__ 0.47308545395712553 neg 0.26803054352339684 off 0.25888400251947763	false	1.0
schmarotzer	off 1.0		__DUMMY__ 0.47629102758873376 neg 0.2699544577009955 off 0.2537545147102707	false	0.5
bestrafung	neg 1.0		__DUMMY__ 0.4768470596871071 neg 0.26467104904222943 off 0.25848189127066357	false	1.0
achtlos	neg 1.0		__DUMMY__ 0.4789552249134144 neg 0.26369893701090097 off 0.2573458380756847	false	1.0
ungeheuer	neg 1.0		__DUMMY__ 0.477357321748213 neg 0.26181620863316946 off 0.2608264696186175	false	1.0
unaufrichtig	neg 1.0		__DUMMY__ 0.47452751270703725 neg 0.26694349920810817 off 0.2585289880848545	false	1.0
groggy	neg 1.0		__DUMMY__ 0.4764898457057721 neg 0.26351960364716076 off 0.2599905506470673	false	1.0
verletzlich	neg 1.0		__DUMMY__ 0.47514884843418265 off 0.26527210649271304 neg 0.2595790450731043	false	0.5
ablehnen	neg 1.0		__DUMMY__ 0.4774414646236085 neg 0.2694330929601258 off 0.2531254424162659	false	1.0
