unsolidarisch	neg 1.0		__DUMMY__ 0.4731785254240049 neg 0.2719149416499408 off 0.2549065329260543	false	1.0
nachteilig	neg 1.0		__DUMMY__ 0.4779495189764409 neg 0.27027174009565796 off 0.25177874092790115	false	1.0
skeptisch	neg 1.0		__DUMMY__ 0.47873869984564377 neg 0.2700734156084988 off 0.2511878845458573	false	1.0
schrecklich	neg 1.0		__DUMMY__ 0.4742606401344874 off 0.26771822351974445 neg 0.2580211363457682	false	0.5
schlapp	neg 1.0		__DUMMY__ 0.4765945778001655 off 0.26291725726593584 neg 0.26048816493389865	false	0.5
abfall	neg 1.0		__DUMMY__ 0.4800485483624096 neg 0.27158327176453917 off 0.24836817987305115	false	1.0
widerspenstig	neg 1.0		__DUMMY__ 0.47825158605567825 neg 0.26448988756367164 off 0.2572585263806501	false	1.0
abrupt	neg 1.0		__DUMMY__ 0.48107514633213605 neg 0.2662491908730761 off 0.2526756627947878	false	1.0
unwirksam	neg 1.0		__DUMMY__ 0.4743325540208422 neg 0.2703066894935391 off 0.2553607564856187	false	1.0
angreifen	neg 1.0	neg 1.0	neg 0.6233730730593012 __DUMMY__ 0.23379507256165313 off 0.14283185437904555	false	1.0
inkonsistent	neg 1.0		__DUMMY__ 0.47813391778855796 neg 0.26365750417990924 off 0.25820857803153274	false	1.0
abrutschen	neg 1.0		__DUMMY__ 0.48000363564512466 neg 0.2712038874529248 off 0.2487924769019505	false	1.0
unsicher	neg 1.0		__DUMMY__ 0.4783391186671397 neg 0.2643075737858266 off 0.25735330754703384	false	1.0
bauernkind	off 1.0	off 1.0	off 0.6211553982508603 __DUMMY__ 0.22952673240296767 neg 0.14931786934617194	false	1.0
angreifer	neg 1.0		__DUMMY__ 0.4782159760074442 neg 0.2630494966055762 off 0.2587345273869796	false	1.0
trennen	neg 1.0		__DUMMY__ 0.48210719298067356 neg 0.26435164944485856 off 0.2535411575744679	false	1.0
schmutz	neg 1.0		__DUMMY__ 0.48123514708683773 off 0.26035480480898054 neg 0.25841004810418183	false	0.5
inkonsistenz	neg 1.0		__DUMMY__ 0.4731890232079039 neg 0.26642830912763504 off 0.26038266766446105	false	1.0
erschreckend	neg 1.0		__DUMMY__ 0.4770673358200155 neg 0.2675185135100268 off 0.2554141506699577	false	1.0
ertrinken	neg 1.0		__DUMMY__ 0.4807103420431771 neg 0.26540870061642663 off 0.25388095734039623	false	1.0
pickelface	off 1.0		__DUMMY__ 0.47809436911845116 neg 0.2672716828353907 off 0.2546339480461582	false	0.5
seiner			__DUMMY__ 0.4801714671278234 neg 0.26751287172208854 off 0.2523156611500881	false	0.0
lauch	neg 1.0		__DUMMY__ 0.4790637247479297 neg 0.2724693361434102 off 0.24846693910866002	false	1.0
unwichtig	neg 1.0		__DUMMY__ 0.4752067905857083 neg 0.26272635746521666 off 0.26206685194907503	false	1.0
steuerhinterziehung	neg 1.0		__DUMMY__ 0.4759348491139181 neg 0.2700806484664435 off 0.25398450241963844	false	1.0
schock	neg 1.0		__DUMMY__ 0.48046402299478197 neg 0.2625110822013428 off 0.25702489480387536	false	1.0
beule	neg 1.0		__DUMMY__ 0.4767451633162855 off 0.26334605651477705 neg 0.2599087801689374	false	0.5
vergelten	neg 1.0		__DUMMY__ 0.4771502667196367 off 0.2670081759734188 neg 0.25584155730694463	false	0.5
verdorbenheit	neg 1.0		__DUMMY__ 0.47864052099947463 neg 0.2647195382260493 off 0.2566399407744762	false	1.0
trauma	neg 1.0		__DUMMY__ 0.4774890592929078 neg 0.26435547799895787 off 0.25815546270813444	false	1.0
sinnlos	neg 1.0		__DUMMY__ 0.47789967667846794 neg 0.26203042155992445 off 0.26006990176160755	false	1.0
fettsack	off 1.0	off 1.0	off 0.6228155532621958 __DUMMY__ 0.23056208625603888 neg 0.14662236048176536	false	1.0
feige	off 1.0	off 1.0	off 0.6191619826476783 __DUMMY__ 0.2312824033175795 neg 0.14955561403474224	false	1.0
abdanken	neg 1.0		__DUMMY__ 0.47624365570600224 neg 0.2685192716074572 off 0.2552370726865405	false	1.0
wichtigtuer	off 1.0	off 1.0	off 0.6173355899771159 __DUMMY__ 0.23212837067552203 neg 0.15053603934736204	false	1.0
misslingen	neg 1.0		__DUMMY__ 0.48185579507571247 off 0.25976722508342975 neg 0.2583769798408578	false	0.5
untreu	off 1.0		__DUMMY__ 0.4745995525171468 off 0.26336059191169575 neg 0.2620398555711575	false	1.0
missmutig	neg 1.0		__DUMMY__ 0.47583252889320593 off 0.2623478601277319 neg 0.2618196109790623	false	0.5
hurenbock	off 1.0		__DUMMY__ 0.47861109044463146 neg 0.26243757324120176 off 0.2589513363141667	false	0.5
betrunken	neg 1.0		__DUMMY__ 0.4767146823308019 off 0.2660516842550379 neg 0.2572336334141602	false	0.5
korrupt	off 1.0		__DUMMY__ 0.47488606812662126 neg 0.2723166442855816 off 0.2527972875877972	false	0.5
unmut	neg 1.0		__DUMMY__ 0.47951472097546066 neg 0.2721198119274898 off 0.2483654670970496	false	1.0
hackfresse	off 1.0		__DUMMY__ 0.47167005710572835 off 0.2709761701986639 neg 0.25735377269560783	false	1.0
aufblasen	neg 1.0		__DUMMY__ 0.4788068774425689 neg 0.26199735235770294 off 0.2591957701997281	false	1.0
gewaltsam	neg 1.0		__DUMMY__ 0.4785384956732102 neg 0.26529604729378636 off 0.25616545703300336	false	1.0
unbeliebtheit	neg 1.0		__DUMMY__ 0.47066036373220255 neg 0.26977813377960524 off 0.2595615024881922	false	1.0
sturheit	neg 1.0		__DUMMY__ 0.4768692906012907 neg 0.26781107610260974 off 0.25531963329609964	false	1.0
kuh	neg 1.0		__DUMMY__ 0.4754827679639479 neg 0.2677607698061843 off 0.256756462229868	false	1.0
erschrecken	neg 1.0		__DUMMY__ 0.4769435400118394 off 0.2619521213960482 neg 0.26110433859211246	false	0.5
opfer	neg 1.0		__DUMMY__ 0.47991751757790524 neg 0.2664120665063955 off 0.2536704159156994	false	1.0
sinken	neg 1.0		__DUMMY__ 0.48000138137898396 neg 0.270778168617008 off 0.24922045000400808	false	1.0
stinktier	neg 1.0		__DUMMY__ 0.4724499982148375 off 0.26761574362895524 neg 0.2599342581562074	false	0.5
tucke	off 1.0		__DUMMY__ 0.4688144485540243 off 0.2704061310579264 neg 0.2607794203880494	false	1.0
ein			__DUMMY__ 0.4784413422556077 neg 0.26337982125288123 off 0.2581788364915109	false	0.0
abstieg	neg 1.0		__DUMMY__ 0.48116950395700087 neg 0.2658183674837546 off 0.25301212855924465	false	1.0
missverstehen	neg 1.0		__DUMMY__ 0.4757468068957891 neg 0.2647359241888351 off 0.25951726891537585	false	1.0
ergebnislos	neg 1.0		__DUMMY__ 0.478591538366431 neg 0.2695958379658242 off 0.25181262366774476	false	1.0
unter			__DUMMY__ 0.4848039776564298 neg 0.2700822252373074 off 0.24511379710626283	false	0.0
manipulieren	neg 1.0		__DUMMY__ 0.4787357543794296 neg 0.26999014449078546 off 0.251274101129785	false	1.0
unbewiesen	neg 1.0		__DUMMY__ 0.47242750170821407 neg 0.2726404402065594 off 0.25493205808522645	false	1.0
verschleppen	neg 1.0		__DUMMY__ 0.4786003009488567 neg 0.26754023078825245 off 0.25385946826289085	false	1.0
weib	off 1.0		__DUMMY__ 0.47151039861111055 off 0.2708428481406092 neg 0.25764675324828035	false	1.0
opposition	neg 1.0		__DUMMY__ 0.4753490049804334 neg 0.266526288395033 off 0.2581247066245337	false	1.0
verkehrswidrig	neg 1.0	neg 1.0	neg 0.612418109766733 __DUMMY__ 0.23493805407697804 off 0.15264383615628893	false	1.0
inkorrekt	neg 1.0		__DUMMY__ 0.47229774078517744 off 0.2639430361244386 neg 0.2637592230903839	false	0.5
vermeiden	neg 1.0		__DUMMY__ 0.4820097825730878 neg 0.2711916661969919 off 0.2467985512299203	false	1.0
abweichung	neg 1.0		__DUMMY__ 0.47801404956380716 neg 0.26982322018311333 off 0.2521627302530795	false	1.0
alkoholisiert	neg 1.0		__DUMMY__ 0.48379976115672424 neg 0.2628814141470021 off 0.2533188246962737	false	1.0
scheiss	off 1.0	off 1.0	off 0.6197203722826166 __DUMMY__ 0.23235366310893588 neg 0.14792596460844767	false	1.0
herausforderung	neg 1.0	neg 1.0	neg 0.6184082520762101 __DUMMY__ 0.23739508988092486 off 0.14419665804286516	false	1.0
pervers	off 1.0		__DUMMY__ 0.47051218063434036 off 0.2743909176823805 neg 0.2550969016832791	false	1.0
wackelig	neg 1.0		__DUMMY__ 0.4815609505305444 neg 0.26297656676756226 off 0.2554624827018935	false	1.0
verwickeln	neg 1.0		__DUMMY__ 0.47565957648955115 neg 0.2649987658043874 off 0.2593416577060613	false	1.0
vorwand	neg 1.0		__DUMMY__ 0.4795422438449877 neg 0.2697948924359395 off 0.2506628637190728	false	1.0
muschi	off 1.0		__DUMMY__ 0.47805182838839183 neg 0.2668030673742121 off 0.2551451042373961	false	0.5
entmutigung	neg 1.0		__DUMMY__ 0.47470949793666073 neg 0.2677765837538405 off 0.25751391830949877	false	1.0
unangemessen	neg 1.0		__DUMMY__ 0.47688456027332654 neg 0.26882129117313003 off 0.25429414855354354	false	1.0
unstetig	neg 1.0		__DUMMY__ 0.4789193598369852 neg 0.26245977607580895 off 0.2586208640872058	false	1.0
entmutigen	neg 1.0		__DUMMY__ 0.47722570962110383 neg 0.2642659307821327 off 0.2585083595967635	false	1.0
schwanz	neg 1.0		__DUMMY__ 0.479642300547154 neg 0.2684207198631481 off 0.25193697958969796	false	1.0
verbot	neg 1.0		__DUMMY__ 0.476501126921094 neg 0.27042802919628905 off 0.2530708438826169	false	1.0
leid	neg 1.0		__DUMMY__ 0.4743260676507593 off 0.2691884037663531 neg 0.25648552858288776	false	0.5
archaisch	neg 1.0		__DUMMY__ 0.47851203593214736 neg 0.2666962500893033 off 0.25479171397854933	false	1.0
gegen			__DUMMY__ 0.4809214532829563 neg 0.26873709363441634 off 0.25034145308262734	false	0.0
scheidung	neg 1.0		__DUMMY__ 0.4705851395135251 off 0.27857140897848154 neg 0.25084345150799336	false	0.5
einschlag	neg 1.0	neg 1.0	neg 0.6162901971739417 __DUMMY__ 0.23237707584581216 off 0.1513327269802461	false	1.0
m			__DUMMY__ 0.4796471069881519 neg 0.26541112865690963 off 0.2549417643549383	false	0.0
abgestanden	neg 1.0		__DUMMY__ 0.4786729878297571 neg 0.2631445278012881 off 0.2581824843689547	false	1.0
schmierig	off 1.0		__DUMMY__ 0.474431618664164 off 0.26858304900133856 neg 0.2569853323344975	false	1.0
unpraktisch	neg 1.0		__DUMMY__ 0.47916381802884767 neg 0.261992873476055 off 0.25884330849509735	false	1.0
wixxer	off 1.0		__DUMMY__ 0.4698820207060489 off 0.2738468795552246 neg 0.25627109973872636	false	1.0
bezeichnet			__DUMMY__ 0.4770681215816955 neg 0.26673186934313886 off 0.25620000907516577	false	0.0
jammerlappen	off 1.0		__DUMMY__ 0.47553194352345124 off 0.26239457007304945 neg 0.2620734864034995	false	1.0
farce	neg 1.0		__DUMMY__ 0.4754000194434645 neg 0.2710055353202764 off 0.2535944452362592	false	1.0
zwecklos	neg 1.0		__DUMMY__ 0.477235007248345 neg 0.26839884522710816 off 0.25436614752454695	false	1.0
turbulent	neg 1.0		__DUMMY__ 0.47501744960100967 off 0.26274928861518854 neg 0.26223326178380185	false	0.5
invasion	neg 1.0		__DUMMY__ 0.4775059950665926 neg 0.2625144555203635 off 0.25997954941304396	false	1.0
schuld	neg 1.0		__DUMMY__ 0.47702745540015457 neg 0.26508129198102504 off 0.2578912526188203	false	1.0
risiko	neg 1.0		__DUMMY__ 0.4791824043622488 neg 0.26291418420927065 off 0.2579034114284806	false	1.0
finster	neg 1.0		__DUMMY__ 0.47828685322857717 neg 0.26331046413701087 off 0.2584026826344119	false	1.0
geisteskrank	off 1.0		__DUMMY__ 0.4737817752509714 off 0.2638428669886374 neg 0.26237535776039117	false	1.0
zusammenbrechen	neg 1.0		__DUMMY__ 0.479102223934369 neg 0.2651200783353832 off 0.2557776977302478	false	1.0
ausbeute	neg 1.0		__DUMMY__ 0.48172240890577195 neg 0.265529867115569 off 0.25274772397865913	false	1.0
hinterhalt	neg 1.0		__DUMMY__ 0.4802717580166371 neg 0.26414019134798117 off 0.2555880506353818	false	1.0
kritik	neg 1.0		__DUMMY__ 0.47599386225833046 neg 0.270359915116597 off 0.25364622262507247	false	1.0
einschrumpfen	neg 1.0		__DUMMY__ 0.4741193733383527 neg 0.26654344885273734 off 0.2593371778089098	false	1.0
riskant	neg 1.0		__DUMMY__ 0.47828040000555644 neg 0.26904731954236516 off 0.2526722804520784	false	1.0
frustrieren	neg 1.0		__DUMMY__ 0.47866574762249225 neg 0.26827112736565994 off 0.2530631250118478	false	1.0
groll	neg 1.0		__DUMMY__ 0.47838171632847243 neg 0.26713861484259327 off 0.25447966882893425	false	1.0
gibt			__DUMMY__ 0.47803487727866134 neg 0.2670843504272193 off 0.2548807722941194	false	0.0
qualvoll	neg 1.0		__DUMMY__ 0.47802515217432084 off 0.26140724781809715 neg 0.2605676000075821	false	0.5
wackeln	neg 1.0	neg 1.0	neg 0.6183628895406381 __DUMMY__ 0.23464515709366388 off 0.14699195336569806	false	1.0
klagen	neg 1.0		__DUMMY__ 0.47980343475782056 neg 0.27109063925767635 off 0.24910592598450315	false	1.0
bankrott	neg 1.0		__DUMMY__ 0.47677586042392334 neg 0.2616866882453341 off 0.2615374513307426	false	1.0
trauern	neg 1.0		__DUMMY__ 0.480301905845855 neg 0.2661866166876993 off 0.25351147746644564	false	1.0
ablehnung	neg 1.0		__DUMMY__ 0.47607419804031254 neg 0.2701752181294672 off 0.25375058383022037	false	1.0
stur	neg 1.0		__DUMMY__ 0.47622515767203744 neg 0.26547743350032005 off 0.25829740882764235	false	1.0
aufruhr	neg 1.0		__DUMMY__ 0.4783245869465437 neg 0.2656998556982783 off 0.2559755573551781	false	1.0
melancholie	neg 1.0		__DUMMY__ 0.4797035455866665 neg 0.26566126704356036 off 0.2546351873697731	false	1.0
ist			__DUMMY__ 0.4770299339878435 neg 0.2639926181009113 off 0.2589774479112452	false	0.0
torheit	neg 1.0		__DUMMY__ 0.4758447618299028 neg 0.2669481583460509 off 0.2572070798240463	false	1.0
dreckskind	off 1.0		__DUMMY__ 0.47152124629984327 off 0.2689346985293053 neg 0.25954405517085133	false	1.0
umtauschen	neg 1.0		__DUMMY__ 0.4782238277035628 neg 0.26519271175646625 off 0.25658346053997083	false	1.0
zum			__DUMMY__ 0.4852409648039352 neg 0.26647404123467455 off 0.24828499396139014	false	0.0
zersetzen	neg 1.0		__DUMMY__ 0.47791208158553494 neg 0.27125722321527534 off 0.2508306951991897	false	1.0
zur			__DUMMY__ 0.48280223556835794 neg 0.27072025848930514 off 0.24647750594233703	false	0.0
frust	neg 1.0		__DUMMY__ 0.4788019774468124 neg 0.2657678975747205 off 0.25543012497846723	false	1.0
unerbittlichkeit	neg 1.0		__DUMMY__ 0.47831311715162983 neg 0.2705427980359826 off 0.2511440848123876	false	1.0
zwei			__DUMMY__ 0.48351869954496496 neg 0.26624672489657486 off 0.2502345755584602	false	0.0
unkorrekt	neg 1.0		__DUMMY__ 0.4714539763405918 neg 0.26429594221196984 off 0.2642500814474382	false	1.0
hexe	off 1.0		__DUMMY__ 0.475359546403481 off 0.26310747559822356 neg 0.2615329779982956	false	1.0
lasch	neg 1.0		__DUMMY__ 0.47425655030580344 neg 0.2654310421983558 off 0.2603124074958407	false	1.0
rivale	neg 1.0		__DUMMY__ 0.4754719522873259 off 0.26570227805239693 neg 0.2588257696602771	false	0.5
mutlos	off 1.0	off 1.0	off 0.6131567300541559 __DUMMY__ 0.23278427502014234 neg 0.15405899492570171	false	1.0
wirr	off 1.0		__DUMMY__ 0.47170700888262507 off 0.2646909335777093 neg 0.2636020575396658	false	1.0
jahr			__DUMMY__ 0.4824071184480098 neg 0.2656264165132968 off 0.25196646503869324	false	0.0
wird			__DUMMY__ 0.4789367180265435 neg 0.2674922704075103 off 0.25357101156594625	false	0.0
strafbar	neg 1.0		__DUMMY__ 0.4776863171519913 neg 0.26976215910945 off 0.2525515237385587	false	1.0
erosion	neg 1.0		__DUMMY__ 0.47896652428339603 neg 0.26280734565508845 off 0.2582261300615155	false	1.0
eingehen	neg 1.0		__DUMMY__ 0.47699875247931484 neg 0.26961984777702036 off 0.25338139974366475	false	1.0
faul	off 1.0		__DUMMY__ 0.47728763305172894 off 0.2621369750770441 neg 0.260575391871227	false	1.0
provisorium	neg 1.0		__DUMMY__ 0.4838819967105579 neg 0.27170951671659194 off 0.24440848657285028	false	1.0
schmerzen	neg 1.0		__DUMMY__ 0.4784142958629574 neg 0.26441810252338277 off 0.25716760161365976	false	1.0
schrumpfen	neg 1.0		__DUMMY__ 0.4799854892594381 neg 0.2741853384439175 off 0.24582917229664442	false	1.0
geistlos	off 1.0		__DUMMY__ 0.4728230640729401 neg 0.2688681203469409 off 0.2583088155801191	false	0.5
fehlkauf	neg 1.0		__DUMMY__ 0.47684122936675527 neg 0.26429520974613013 off 0.25886356088711465	false	1.0
frustrierend	neg 1.0		__DUMMY__ 0.4774356227039589 off 0.26194898209719336 neg 0.26061539519884785	false	0.5
unzufrieden	neg 1.0		__DUMMY__ 0.4770520929087298 neg 0.2688553620142353 off 0.25409254507703494	false	1.0
verzweifeln	neg 1.0		__DUMMY__ 0.47804679527228877 neg 0.2653941522121559 off 0.25655905251555544	false	1.0
verzweifelt	neg 1.0		__DUMMY__ 0.4768206817763155 neg 0.26452319468736335 off 0.2586561235363212	false	1.0
misstrauensantrag	neg 1.0		__DUMMY__ 0.475887689812983 neg 0.26497398226007207 off 0.2591383279269451	false	1.0
abfallen	neg 1.0		__DUMMY__ 0.47934091851082594 neg 0.2613900109999506 off 0.2592690704892234	false	1.0
fucker	off 1.0		__DUMMY__ 0.4741764990175172 off 0.26449161304812546 neg 0.2613318879343575	false	1.0
ungezogen	neg 1.0		__DUMMY__ 0.4721967317168015 off 0.27299221701967924 neg 0.2548110512635194	false	0.5
irrsinnig	neg 1.0	neg 1.0	neg 0.6210021885951762 __DUMMY__ 0.2324799015170975 off 0.14651790988772634	false	1.0
unfassbar	neg 1.0		__DUMMY__ 0.47488374004213196 off 0.2630270908021217 neg 0.2620891691557463	false	0.5
hart	neg 1.0		__DUMMY__ 0.47641659636837735 neg 0.2626759358778514 off 0.2609074677537713	false	1.0
widerlich	off 1.0		__DUMMY__ 0.4738115840574909 off 0.2637686696643879 neg 0.2624197462781212	false	1.0
fatal	neg 1.0		__DUMMY__ 0.4767903909314666 neg 0.26401118276765734 off 0.2591984263008762	false	1.0
bruch	neg 1.0		__DUMMY__ 0.4790534972203006 neg 0.27192494236296627 off 0.24902156041673312	false	1.0
aushungern	neg 1.0		__DUMMY__ 0.4760846337217981 neg 0.2690371019292566 off 0.2548782643489452	false	1.0
anspannung	neg 1.0	neg 1.0	neg 0.6207155680849739 __DUMMY__ 0.23793006418487445 off 0.1413543677301517	false	1.0
von			__DUMMY__ 0.482240864532686 neg 0.2667178684955536 off 0.2510412669717604	false	0.0
kraftlos	neg 1.0		__DUMMY__ 0.4807152388992707 neg 0.2636527449246254 off 0.2556320161761038	false	1.0
vom			__DUMMY__ 0.4850414037821993 neg 0.269331426451115 off 0.24562716976668572	false	0.0
grenzdebil	off 1.0		__DUMMY__ 0.4751119467546491 off 0.264384088704149 neg 0.26050396454120184	false	1.0
vor			__DUMMY__ 0.4807480322227043 neg 0.26812319678113616 off 0.25112877099615943	false	0.0
unterwerfen	neg 1.0		__DUMMY__ 0.47876784199177136 neg 0.2684350887044352 off 0.25279706930379336	false	1.0
versenkung	neg 1.0		__DUMMY__ 0.4787957222024725 neg 0.26876812083186563 off 0.2524361569656619	false	1.0
entziehen	neg 1.0		__DUMMY__ 0.47959769965854565 neg 0.2705969284626836 off 0.2498053718787708	false	1.0
finanzkrise	neg 1.0		__DUMMY__ 0.47570674356013554 neg 0.26942947526420175 off 0.2548637811756627	false	1.0
schimpfend	neg 1.0		__DUMMY__ 0.4794866617032502 neg 0.26151786125563364 off 0.25899547704111603	false	1.0
profan	neg 1.0		__DUMMY__ 0.47651464440404945 neg 0.2632784512667215 off 0.260206904329229	false	1.0
korruption	neg 1.0	neg 1.0	neg 0.6237419482139739 __DUMMY__ 0.23257221446809212 off 0.14368583731793405	false	1.0
â			__DUMMY__ 0.47973412718662684 neg 0.2665888959838863 off 0.25367697682948687	false	0.0
schmutzig	neg 1.0		__DUMMY__ 0.4763373610720342 off 0.26419038590372024 neg 0.2594722530242456	false	0.5
sexy	neg 1.0		__DUMMY__ 0.47673452241313835 neg 0.2622190973483165 off 0.26104638023854515	false	1.0
abraten	neg 1.0		__DUMMY__ 0.4772160638702252 neg 0.26353855874813 off 0.25924537738164477	false	1.0
schwarz	neg 1.0		__DUMMY__ 0.4766165241793906 neg 0.2650005709005504 off 0.2583829049200589	false	1.0
fotze	off 1.0		__DUMMY__ 0.47874131658334285 neg 0.2684603546133088 off 0.25279832880334824	false	0.5
verwirren	neg 1.0		__DUMMY__ 0.4765582690959821 neg 0.2629432366539854 off 0.2604984942500325	false	1.0
zahnlos	off 1.0		__DUMMY__ 0.4771371823521378 neg 0.2686763678874919 off 0.2541864497603704	false	0.5
verheeren	neg 1.0		__DUMMY__ 0.47354628222542966 off 0.27467164202580985 neg 0.25178207574876055	false	0.5
hippie	neg 1.0		__DUMMY__ 0.4765371276264029 neg 0.2631099351102664 off 0.26035293726333075	false	1.0
rammen	neg 1.0		__DUMMY__ 0.47696607740438246 neg 0.2653663049696828 off 0.25766761762593476	false	1.0
unlauter	neg 1.0		__DUMMY__ 0.4730596880528613 neg 0.2712389407914529 off 0.2557013711556857	false	1.0
unheilvoll	neg 1.0		__DUMMY__ 0.47927769497068734 off 0.260597381580701 neg 0.2601249234486116	false	0.5
niedrig	neg 1.0		__DUMMY__ 0.47995862018436947 neg 0.2678795415547264 off 0.252161838260904	false	1.0
explosion	neg 1.0		__DUMMY__ 0.4760769975575564 neg 0.26445126290766646 off 0.259471739534777	false	1.0
weichei	off 1.0		__DUMMY__ 0.4725872317526445 off 0.2695153330755113 neg 0.25789743517184416	false	1.0
minusmensch	off 1.0		__DUMMY__ 0.46834097447654033 off 0.27225034293504025 neg 0.25940868258841937	false	1.0
farblos	neg 1.0		__DUMMY__ 0.4824043632326257 neg 0.2600497237098754 off 0.257545913057499	false	1.0
unwissend	neg 1.0	neg 1.0	neg 0.6193811568269204 __DUMMY__ 0.2314703294979423 off 0.14914851367513735	false	1.0
traurig	neg 1.0		__DUMMY__ 0.4748845485774015 off 0.2666893700777447 neg 0.25842608134485384	false	0.5
senkung	neg 1.0		__DUMMY__ 0.47430313577962546 neg 0.266630455206726 off 0.2590664090136485	false	1.0
ungleich	neg 1.0	neg 1.0	neg 0.6243396892663503 __DUMMY__ 0.23279039017773534 off 0.14286992055591433	false	1.0
heikel	neg 1.0		__DUMMY__ 0.4781393790442683 neg 0.2707128864666175 off 0.2511477344891142	false	1.0
drosselung	neg 1.0		__DUMMY__ 0.47612515703669 off 0.2641396462007993 neg 0.25973519676251056	false	0.5
falsch	neg 1.0		__DUMMY__ 0.4763898720980389 off 0.26185187391144626 neg 0.2617582539905147	false	0.5
unzufriedenheit	neg 1.0		__DUMMY__ 0.47872614200480484 neg 0.2706238853367956 off 0.2506499726583995	false	1.0
kurz	neg 1.0		__DUMMY__ 0.4799193283733082 neg 0.26421880080571536 off 0.25586187082097644	false	1.0
unsinnig	neg 1.0		__DUMMY__ 0.4761675980687182 neg 0.2694189393614626 off 0.2544134625698191	false	1.0
penner	off 1.0	off 1.0	off 0.6243569158796851 __DUMMY__ 0.22996346090264075 neg 0.14567962321767416	false	1.0
seicht	neg 1.0		__DUMMY__ 0.4698768419652744 off 0.27191330680367676 neg 0.2582098512310487	false	0.5
dummheit	off 1.0	off 1.0	off 0.6174966440523192 __DUMMY__ 0.23189679176009495 neg 0.1506065641875859	false	1.0
unerfreulich	neg 1.0		__DUMMY__ 0.4797468402273525 neg 0.26964925593669065 off 0.250603903835957	false	1.0
motherfucker	off 1.0	off 1.0	off 0.6201639144135348 __DUMMY__ 0.2310010972002821 neg 0.14883498838618303	false	1.0
pikiert	neg 1.0		__DUMMY__ 0.47399774358996427 neg 0.26351197459664827 off 0.2624902818133875	false	1.0
wrack	neg 1.0		__DUMMY__ 0.4820224710792888 neg 0.26425357059887505 off 0.25372395832183614	false	1.0
gangster	neg 1.0		__DUMMY__ 0.4770451976312745 neg 0.2628643214388788 off 0.26009048092984666	false	1.0
krank	neg 1.0		__DUMMY__ 0.47626579907052835 off 0.2651002040757505 neg 0.2586339968537211	false	0.5
reich	neg 1.0		__DUMMY__ 0.475010030556673 neg 0.2636913846859582 off 0.26129858475736867	false	1.0
gnadenlos	neg 1.0		__DUMMY__ 0.4775028499794487 neg 0.26440081916941804 off 0.25809633085113326	false	1.0
niedergeschlagen	neg 1.0		__DUMMY__ 0.48011296290437777 neg 0.2635218595232794 off 0.2563651775723429	false	1.0
terrorisieren	off 1.0	off 1.0	off 0.6140315094126072 __DUMMY__ 0.2342375091388422 neg 0.15173098144855066	false	1.0
sinnlosigkeit	neg 1.0		__DUMMY__ 0.47756188977973946 neg 0.26792974134226955 off 0.2545083688779909	false	1.0
behindern	neg 1.0		__DUMMY__ 0.4769986007533176 neg 0.2672935990547628 off 0.25570780019191947	false	1.0
undemokratisch	neg 1.0		__DUMMY__ 0.4747860645900085 neg 0.2684180701182547 off 0.25679586529173676	false	1.0
wirtschaftskrise	neg 1.0		__DUMMY__ 0.4771793277921704 neg 0.27018546054620335 off 0.25263521166162617	false	1.0
neid	neg 1.0		__DUMMY__ 0.47824105230174535 off 0.2632931736122594 neg 0.2584657740859951	false	0.5
rutschen	neg 1.0	neg 1.0	neg 0.6206185894056263 __DUMMY__ 0.2370902377809463 off 0.14229117281342737	false	1.0
rezession	neg 1.0		__DUMMY__ 0.472339758083498 off 0.26663307286428906 neg 0.2610271690522129	false	0.5
fehlgeburt	neg 1.0		__DUMMY__ 0.47917606837391347 neg 0.26063996661938793 off 0.2601839650066986	false	1.0
charakterschwach	off 1.0		__DUMMY__ 0.4751494999335022 off 0.2638968993715774 neg 0.2609536006949203	false	1.0
isolation	neg 1.0		__DUMMY__ 0.4770780541489161 off 0.2617475935182654 neg 0.26117435233281855	false	0.5
ablenkung	neg 1.0		__DUMMY__ 0.47810415162049497 neg 0.26429494288136185 off 0.2576009054981432	false	1.0
pech	neg 1.0		__DUMMY__ 0.47676887978532323 neg 0.2617251828797763 off 0.26150593733490035	false	1.0
vermeidung	neg 1.0		__DUMMY__ 0.47375738309655546 off 0.26349138353298474 neg 0.26275123337045975	false	0.5
dominieren	neg 1.0		__DUMMY__ 0.48078968836971714 neg 0.2652496191906546 off 0.25396069243962827	false	1.0
schwindlig	neg 1.0		__DUMMY__ 0.47998435192166766 off 0.26113075281001286 neg 0.2588848952683196	false	0.5
lutscher	neg 1.0		__DUMMY__ 0.4699075608886402 off 0.2727267946572451 neg 0.25736564445411464	false	0.5
pflicht	neg 1.0		__DUMMY__ 0.4782934466810622 neg 0.27070009064554906 off 0.2510064626733887	false	1.0
faschist	off 1.0		__DUMMY__ 0.47408587858871515 neg 0.26667543745632144 off 0.2592386839549633	false	0.5
verschleudern	neg 1.0		__DUMMY__ 0.4747167113768033 neg 0.27465704447101646 off 0.25062624415218016	false	1.0
wenn			__DUMMY__ 0.47619229697447496 off 0.2620376184556794 neg 0.26177008456984563	false	0.0
ehebruch	neg 1.0		__DUMMY__ 0.4782606791739137 neg 0.26843311686616045 off 0.2533062039599258	false	1.0
spott	off 1.0		__DUMMY__ 0.4772402690609592 neg 0.2705753878052981 off 0.25218434313374266	false	0.5
trostlosigkeit	neg 1.0		__DUMMY__ 0.48060345108477404 neg 0.26883684960085186 off 0.25055969931437405	false	1.0
lutschen	neg 1.0		__DUMMY__ 0.47560535869421044 neg 0.26505376246725354 off 0.25934087883853596	false	1.0
undiszipliniert	neg 1.0		__DUMMY__ 0.47562782448924296 off 0.26593827528617564 neg 0.25843390022458146	false	0.5
kopfschmerz	neg 1.0		__DUMMY__ 0.4799345932388275 neg 0.263992481064835 off 0.25607292569633755	false	1.0
unvorhergesehen	neg 1.0		__DUMMY__ 0.48205812234160755 neg 0.26388838432025336 off 0.25405349333813904	false	1.0
desinteressiert	neg 1.0		__DUMMY__ 0.4741859985503229 off 0.2651619429031551 neg 0.26065205854652207	false	0.5
armselig	off 1.0		__DUMMY__ 0.4723099914521378 off 0.2655923477629259 neg 0.2620976607849363	false	1.0
desaster	neg 1.0		__DUMMY__ 0.47917307103671475 neg 0.2724041713188904 off 0.24842275764439473	false	1.0
tod	neg 1.0		__DUMMY__ 0.48191388231807786 neg 0.26337510938233266 off 0.2547110082995894	false	1.0
herzlos	neg 1.0		__DUMMY__ 0.47355613135202373 off 0.26673617569029534 neg 0.25970769295768076	false	0.5
unwissenheit	neg 1.0		__DUMMY__ 0.47587605787592563 neg 0.2706298160867421 off 0.2534941260373323	false	1.0
widersinnig	neg 1.0	neg 1.0	neg 0.6245722814545086 __DUMMY__ 0.231467865822333 off 0.14395985272315837	false	1.0
bedenklich	neg 1.0		__DUMMY__ 0.4775095791761448 neg 0.26981059067085905 off 0.25267983015299633	false	1.0
beanstanden	neg 1.0		__DUMMY__ 0.4789820263704358 neg 0.2705007339674833 off 0.2505172396620808	false	1.0
panisch	neg 1.0	neg 1.0	neg 0.6165832662270043 __DUMMY__ 0.2348401168165539 off 0.14857661695644175	false	1.0
debil	off 1.0		__DUMMY__ 0.4819948186004454 neg 0.2723938837256403 off 0.24561129767391446	false	0.5
abstrich	neg 1.0		__DUMMY__ 0.47815995138241824 neg 0.26850435961180746 off 0.25333568900577436	false	1.0
primitiv	neg 1.0		__DUMMY__ 0.4739267447317728 off 0.2643513837858399 neg 0.26172187148238724	false	0.5
abschaum	off 1.0	off 1.0	off 0.6189523032443321 __DUMMY__ 0.23168858388618824 neg 0.1493591128694796	false	1.0
provozieren	neg 1.0		__DUMMY__ 0.4766132527803492 neg 0.26586185682946795 off 0.2575248903901829	false	1.0
tot	neg 1.0		__DUMMY__ 0.4784649548611279 neg 0.2690357978340044 off 0.2524992473048677	false	1.0
instabil	neg 1.0		__DUMMY__ 0.47224517375828695 neg 0.26440527174277095 off 0.26334955449894215	false	1.0
schwuchtel	off 1.0		__DUMMY__ 0.4679629547662248 off 0.2775871731154902 neg 0.2544498721182851	false	1.0
zerren	neg 1.0		__DUMMY__ 0.47999957039581304 neg 0.2635536834614488 off 0.2564467461427381	false	1.0
kinderficker	off 1.0		__DUMMY__ 0.47069268523420926 off 0.26794565793670855 neg 0.2613616568290821	false	1.0
gefahr	neg 1.0		__DUMMY__ 0.47953200522969247 neg 0.26935622406876464 off 0.25111177070154284	false	1.0
rabiat	neg 1.0		__DUMMY__ 0.4767275915995635 neg 0.26653960296701207 off 0.2567328054334246	false	1.0
verlangsamung	neg 1.0		__DUMMY__ 0.4723734785724355 off 0.2708307182205346 neg 0.2567958032070297	false	0.5
ausgestorben	neg 1.0		__DUMMY__ 0.4792409857832863 neg 0.26378407057201764 off 0.25697494364469614	false	1.0
anklagen	neg 1.0		__DUMMY__ 0.47733814057686075 neg 0.2679664901349342 off 0.2546953692882052	false	1.0
trott	neg 1.0		__DUMMY__ 0.47854987044942776 neg 0.26484646574210247 off 0.25660366380846966	false	1.0
verminderung	neg 1.0		__DUMMY__ 0.47408856423313833 off 0.26464126720233616 neg 0.2612701685645256	false	0.5
nach			__DUMMY__ 0.4858212342736426 neg 0.26509878787861235 off 0.24907997784774502	false	0.0
rost	neg 1.0		__DUMMY__ 0.47376008911077055 off 0.2698420012085008 neg 0.2563979096807287	false	0.5
destruktiv	neg 1.0		__DUMMY__ 0.4754621641881135 neg 0.2688949825584051 off 0.25564285325348146	false	1.0
unzumutbarkeit	neg 1.0		__DUMMY__ 0.4769107484122601 off 0.2626547438082935 neg 0.2604345077794465	false	0.5
labil	off 1.0	off 1.0	off 0.6188878141768146 __DUMMY__ 0.23173970712283465 neg 0.14937247870035075	false	1.0
ziemlich	neg 1.0		__DUMMY__ 0.47613798527294043 off 0.2640585693996476 neg 0.2598034453274121	false	0.5
lachnummer	off 1.0		__DUMMY__ 0.476425662141575 neg 0.26728961950065083 off 0.25628471835777417	false	0.5
oder			__DUMMY__ 0.47891323572398464 neg 0.26320129967774714 off 0.2578854645982683	false	0.0
verfall	neg 1.0		__DUMMY__ 0.48062955298255455 neg 0.27320686481966533 off 0.24616358219778003	false	1.0
ausgrenzung	neg 1.0		__DUMMY__ 0.47519836125968995 neg 0.26688936686105286 off 0.2579122718792571	false	1.0
unordnung	neg 1.0		__DUMMY__ 0.47734848214376047 off 0.2638433615262779 neg 0.2588081563299617	false	0.5
fehlverhalten	neg 1.0		__DUMMY__ 0.4783412071664453 neg 0.2702161490825427 off 0.251442643751012	false	1.0
eine			__DUMMY__ 0.47957378068170187 neg 0.269346286670448 off 0.25107993264785	false	0.0
nille	neg 1.0		__DUMMY__ 0.47814945581879476 neg 0.2661148851363158 off 0.2557356590448894	false	1.0
qual	neg 1.0		__DUMMY__ 0.4784238788054543 neg 0.2652575531227729 off 0.2563185680717728	false	1.0
verschwenden	neg 1.0		__DUMMY__ 0.47772988474048406 neg 0.2689333004637638 off 0.2533368147957521	false	1.0
riesig	neg 1.0	neg 1.0	neg 0.6199278848988959 __DUMMY__ 0.2355405668937135 off 0.14453154820739045	false	1.0
verurteilen	neg 1.0		__DUMMY__ 0.4775085065672966 neg 0.26827680432634243 off 0.2542146891063609	false	1.0
klischee	neg 1.0	neg 1.0	neg 0.6205000707611937 __DUMMY__ 0.2315064271957772 off 0.14799350204302913	false	1.0
diktatorisch	neg 1.0		__DUMMY__ 0.4739996483108406 neg 0.26882047417385696 off 0.2571798775153024	false	1.0
vorhersehbar	neg 1.0	neg 1.0	neg 0.6203961154246704 __DUMMY__ 0.2319321215196004 off 0.14767176305572907	false	1.0
sowie			__DUMMY__ 0.47275507872663197 off 0.26877802713998183 neg 0.25846689413338636	false	0.0
stornieren	neg 1.0		__DUMMY__ 0.48184054903789364 off 0.2596189818751816 neg 0.25854046908692463	false	0.5
besteuerung	neg 1.0		__DUMMY__ 0.47436404682337685 neg 0.2692397852454968 off 0.25639616793112624	false	1.0
ungeschminkt	neg 1.0		__DUMMY__ 0.4740312924434347 off 0.26343957619050545 neg 0.26252913136605993	false	0.5
kritisch	neg 1.0		__DUMMY__ 0.47759658944421257 neg 0.2699491709184016 off 0.2524542396373859	false	1.0
schlamperei	off 1.0		__DUMMY__ 0.4775370909192296 neg 0.27137190899645036 off 0.25109100008432	false	0.5
sucht	neg 1.0	neg 1.0	neg 0.6190780107398547 __DUMMY__ 0.2345306035008044 off 0.1463913857593409	false	1.0
egoistisch	off 1.0		__DUMMY__ 0.4732079939732204 off 0.26965440175140176 neg 0.25713760427537785	false	1.0
ausbeuter	off 1.0		__DUMMY__ 0.4772924179918853 neg 0.27186054463784187 off 0.2508470373702727	false	0.5
arschgeburt	off 1.0		__DUMMY__ 0.46729775991008743 off 0.2774780943927693 neg 0.2552241456971433	false	1.0
schubs	neg 1.0	neg 1.0	neg 0.6199577657077335 __DUMMY__ 0.23497720901417418 off 0.1450650252780922	false	1.0
unsolide	neg 1.0		__DUMMY__ 0.47137044737168055 neg 0.2719087513605343 off 0.25672080126778524	false	1.0
beschwerde	neg 1.0		__DUMMY__ 0.4774638433597598 neg 0.271244208861686 off 0.2512919477785543	false	1.0
stocken	neg 1.0		__DUMMY__ 0.47854026275017264 neg 0.26898271448417616 off 0.25247702276565137	false	1.0
isolieren	neg 1.0		__DUMMY__ 0.4772007216572893 neg 0.2694632848732344 off 0.2533359934694763	false	1.0
unheilbar	neg 1.0		__DUMMY__ 0.4795285522092485 neg 0.26198920364303074 off 0.2584822441477207	false	1.0
pisser	off 1.0		__DUMMY__ 0.4749750816513012 off 0.2651177687203564 neg 0.2599071496283423	false	1.0
löschen	neg 1.0		__DUMMY__ 0.47783832814034527 neg 0.26526928318912024 off 0.25689238867053454	false	1.0
durchfallen	neg 1.0		__DUMMY__ 0.47636315989327 neg 0.2700283755762427 off 0.2536084645304874	false	1.0
wichser	off 1.0		__DUMMY__ 0.47116820513443763 off 0.27480000044159264 neg 0.2540317944239697	false	1.0
terror	neg 1.0		__DUMMY__ 0.47825997224472067 neg 0.2610810915306671 off 0.2606589362246122	false	1.0
krass	neg 1.0		__DUMMY__ 0.473379221246305 off 0.2672348070831393 neg 0.2593859716705557	false	0.5
revolte	neg 1.0		__DUMMY__ 0.4749587205561166 neg 0.26649798235827027 off 0.25854329708561313	false	1.0
besorgt	neg 1.0		__DUMMY__ 0.4808806863626811 neg 0.26340289685659024 off 0.25571641678072876	false	1.0
nachlassen	neg 1.0		__DUMMY__ 0.47931024929354576 neg 0.26834492331282733 off 0.2523448273936269	false	1.0
alt	neg 1.0		__DUMMY__ 0.4789014781659334 neg 0.2676333000376516 off 0.25346522179641506	false	1.0
hundesohn	off 1.0		__DUMMY__ 0.47004161551154555 off 0.27229400220506417 neg 0.2576643822833901	false	1.0
als			__DUMMY__ 0.47983311354031405 neg 0.26459095243671515 off 0.25557593402297085	false	0.0
abschreckung	neg 1.0		__DUMMY__ 0.47964591052981886 neg 0.27019250094795033 off 0.25016158852223075	false	1.0
unqualifiziert	neg 1.0		__DUMMY__ 0.47309522324631237 neg 0.2674893489644406 off 0.2594154277892472	false	1.0
abgewichst	off 1.0		__DUMMY__ 0.4787821388437583 neg 0.26599865509921655 off 0.2552192060570252	false	0.5
schwer	neg 1.0		__DUMMY__ 0.4781022633951539 neg 0.2648034647654791 off 0.25709427183936706	false	1.0
bedeutungslosigkeit	neg 1.0		__DUMMY__ 0.4786778485194718 neg 0.2704234678257273 off 0.2508986836548008	false	1.0
kapitulation	neg 1.0		__DUMMY__ 0.47651196341370733 neg 0.2717040686516772 off 0.2517839679346155	false	1.0
unscharf	neg 1.0		__DUMMY__ 0.4764877145736827 neg 0.2639480911094937 off 0.25956419431682354	false	1.0
schwinden	neg 1.0		__DUMMY__ 0.4787670824148034 neg 0.27047901573715133 off 0.25075390184804514	false	1.0
versklavung	neg 1.0		__DUMMY__ 0.4742764704031974 neg 0.26890713633375435 off 0.2568163932630482	false	1.0
schlecht	neg 1.0		__DUMMY__ 0.4763800997540142 off 0.26428246932422056 neg 0.25933743092176526	false	0.5
verhasst	neg 1.0		__DUMMY__ 0.4767057803604768 neg 0.2652432408432574 off 0.2580509787962658	false	1.0
beschweren	neg 1.0		__DUMMY__ 0.47694204956300945 neg 0.2639008536745894 off 0.25915709676240123	false	1.0
scheiden	neg 1.0		__DUMMY__ 0.4816145144452029 neg 0.2594182540848098 off 0.25896723146998735	false	1.0
frustriert	neg 1.0		__DUMMY__ 0.47832514679631305 neg 0.2658111810649042 off 0.2558636721387827	false	1.0
schimmelig	neg 1.0		__DUMMY__ 0.4795962542683795 neg 0.26749197119564055 off 0.25291177453598007	false	1.0
fisch	neg 1.0		__DUMMY__ 0.4831977674235277 neg 0.26402237712966126 off 0.252779855446811	false	1.0
schmuggel	neg 1.0		__DUMMY__ 0.48258009651086886 neg 0.26500789360374394 off 0.2524120098853873	false	1.0
auffallen	neg 1.0		__DUMMY__ 0.4769133220517355 neg 0.2630859460877584 off 0.26000073186050604	false	1.0
konkurrenz	neg 1.0	neg 1.0	neg 0.6237554280659133 __DUMMY__ 0.23439008325204286 off 0.14185448868204367	false	1.0
teufelskreis	neg 1.0		__DUMMY__ 0.47756724727949923 neg 0.26623021776210554 off 0.2562025349583951	false	1.0
aufschreien	neg 1.0		__DUMMY__ 0.47600759626582406 neg 0.2644767787867982 off 0.2595156249473776	false	1.0
schuldner	neg 1.0		__DUMMY__ 0.4793490353141246 neg 0.2693298768752271 off 0.2513210878106483	false	1.0
missgeburt	off 1.0	off 1.0	off 0.622772459363815 __DUMMY__ 0.2305070907998496 neg 0.14672044983633548	false	1.0
arbeitslos	neg 1.0		__DUMMY__ 0.47649175891982476 neg 0.269532830509031 off 0.2539754105711443	false	1.0
befallen	neg 1.0		__DUMMY__ 0.47797174674409953 neg 0.26695688826637504 off 0.2550713649895254	false	1.0
miesepetrig	off 1.0	off 1.0	off 0.6200149450948382 __DUMMY__ 0.23243626874675952 neg 0.14754878615840225	false	1.0
alarmieren	neg 1.0		__DUMMY__ 0.47445154649674925 neg 0.2641865750563293 off 0.26136187844692155	false	1.0
ungeduscht	off 1.0		__DUMMY__ 0.47703097495886704 neg 0.2615487843245379 off 0.2614202407165951	false	0.5
knappheit	neg 1.0		__DUMMY__ 0.4764304490621674 neg 0.2717634460082123 off 0.2518061049296203	false	1.0
schlange	neg 1.0		__DUMMY__ 0.4794315341631565 neg 0.2605518216787512 off 0.26001664415809234	false	1.0
harsch	neg 1.0		__DUMMY__ 0.47522057498472503 off 0.2686213268397877 neg 0.2561580981754871	false	0.5
lang	neg 1.0		__DUMMY__ 0.4781035920364075 neg 0.26432960196104344 off 0.257566806002549	false	1.0
ziellos	neg 1.0		__DUMMY__ 0.47990959696165936 neg 0.2653025116019139 off 0.25478789143642666	false	1.0
selbstverliebt	neg 1.0		__DUMMY__ 0.46846244945344545 off 0.2748085253502092 neg 0.25672902519634533	false	0.5
beseitigen	neg 1.0	neg 1.0	neg 0.6192728327567885 __DUMMY__ 0.23484946153228692 off 0.14587770571092454	false	1.0
dumm	off 1.0		__DUMMY__ 0.47192216115962554 off 0.27036250628685776 neg 0.2577153325535167	false	1.0
arbeitsloser	neg 1.0		__DUMMY__ 0.4785540665126204 neg 0.26774449147011686 off 0.2537014420172627	false	1.0
blitzen	neg 1.0		__DUMMY__ 0.4766815340706089 neg 0.26269774876529256 off 0.26062071716409846	false	1.0
hilflos	neg 1.0		__DUMMY__ 0.4785985712190316 neg 0.26600340497180297 off 0.2553980238091654	false	1.0
eklig	off 1.0		__DUMMY__ 0.4718529814334573 off 0.27113254707376666 neg 0.2570144714927761	false	1.0
begriff			__DUMMY__ 0.47682929360119763 neg 0.26798947042803334 off 0.2551812359707688	false	0.0
hungersnot	neg 1.0		__DUMMY__ 0.4792468474809004 neg 0.2653708941404023 off 0.25538225837869744	false	1.0
ungesetzlich	neg 1.0		__DUMMY__ 0.4713799023964369 neg 0.2716831068852726 off 0.2569369907182906	false	1.0
verschwendung	neg 1.0		__DUMMY__ 0.47883073756214334 neg 0.2689234960146144 off 0.2522457664232422	false	1.0
schmerzvoll	neg 1.0		__DUMMY__ 0.47742278860074383 neg 0.2632764505731045 off 0.25930076082615156	false	1.0
vorzeitig	neg 1.0		__DUMMY__ 0.4781708534010851 off 0.2611483100035625 neg 0.26068083659535235	false	0.5
unvollkommenheit	neg 1.0		__DUMMY__ 0.4828278974096355 neg 0.2610860953539857 off 0.2560860072363788	false	1.0
intervenieren	neg 1.0		__DUMMY__ 0.477137159065798 neg 0.27170984145405613 off 0.25115299948014586	false	1.0
banause	off 1.0		__DUMMY__ 0.46960349744287305 off 0.2727652345757181 neg 0.25763126798140884	false	1.0
rebell	neg 1.0		__DUMMY__ 0.480944842128502 neg 0.2701878872889354 off 0.2488672705825625	false	1.0
unlogisch	neg 1.0		__DUMMY__ 0.47396855755500045 off 0.2665179439871224 neg 0.25951349845787697	false	0.5
leiden	neg 1.0		__DUMMY__ 0.48378287778910856 neg 0.2626533237776155 off 0.253563798433276	false	1.0
abschaffung	neg 1.0		__DUMMY__ 0.47490428143571467 neg 0.2686672882665482 off 0.2564284302977372	false	1.0
sturz	neg 1.0		__DUMMY__ 0.4785468283241073 neg 0.2642496359028065 off 0.25720353577308613	false	1.0
verkleinerung	neg 1.0		__DUMMY__ 0.4730854539571254 neg 0.26803054352339695 off 0.25888400251947746	false	1.0
schmarotzer	off 1.0		__DUMMY__ 0.476291027588734 neg 0.2699544577009956 off 0.25375451471027044	false	0.5
bestrafung	neg 1.0		__DUMMY__ 0.4768470596871068 neg 0.26467104904222927 off 0.258481891270664	false	1.0
achtlos	neg 1.0		__DUMMY__ 0.478955224913415 neg 0.2636989370109011 off 0.2573458380756839	false	1.0
ungeheuer	neg 1.0		__DUMMY__ 0.4773573217482129 neg 0.2618162086331691 off 0.2608264696186179	false	1.0
unaufrichtig	neg 1.0		__DUMMY__ 0.4745275127070375 neg 0.2669434992081078 off 0.2585289880848546	false	1.0
groggy	neg 1.0		__DUMMY__ 0.47648984570577235 neg 0.2635196036471609 off 0.2599905506470668	false	1.0
verletzlich	neg 1.0		__DUMMY__ 0.47514884843418265 off 0.2652721064927129 neg 0.2595790450731044	false	0.5
ablehnen	neg 1.0		__DUMMY__ 0.4774414646236082 neg 0.2694330929601258 off 0.253125442416266	false	1.0
