unsolidarisch	neg 1.0		__DUMMY__ 0.8832882223657141 neg 0.06199204655242875 off 0.05471973108185718	false	1.0
nachteilig	neg 1.0		__DUMMY__ 0.8898198069620314 neg 0.05931353016078535 off 0.050866662877183146	false	1.0
skeptisch	neg 1.0		__DUMMY__ 0.8907059379403385 neg 0.058997961065906025 off 0.05029610099375543	false	1.0
schrecklich	neg 1.0		__DUMMY__ 0.8848584278519701 off 0.0631140507577569 neg 0.05202752139027298	false	0.5
schlapp	neg 1.0		__DUMMY__ 0.888114649702532 off 0.05875561631560757 neg 0.05312973398186049	false	0.5
abfall	neg 1.0		__DUMMY__ 0.892440789628429 neg 0.059712179250843184 off 0.047847031120727884	false	1.0
widerspenstig	neg 1.0		__DUMMY__ 0.8902751429045612 neg 0.05537542373198801 off 0.054349433363450814	false	1.0
abrupt	neg 1.0		__DUMMY__ 0.8941021313244044 neg 0.055597050238232075 off 0.05030081843736348	false	1.0
unwirksam	neg 1.0		__DUMMY__ 0.8849670209255863 neg 0.06071497384306394 off 0.0543180052313497	false	1.0
angreifen	neg 1.0	neg 1.0	neg 0.5147533299354619 __DUMMY__ 0.446875473015509 off 0.03837119704902909	false	1.0
inkonsistent	neg 1.0		__DUMMY__ 0.8903000953854849 off 0.05504067153266751 neg 0.0546592330818475	false	0.5
abrutschen	neg 1.0		__DUMMY__ 0.8923075198843567 neg 0.05951010417739224 off 0.04818237593825105	false	1.0
unsicher	neg 1.0		__DUMMY__ 0.8901381940339828 neg 0.05513665053104759 off 0.05472515543496973	false	1.0
bauernkind	off 1.0	off 1.0	off 0.5174564615424863 __DUMMY__ 0.43960699417271343 neg 0.04293654428480027	false	1.0
angreifer	neg 1.0		__DUMMY__ 0.8901769231652219 off 0.05576760639182427 neg 0.054055470442953814	false	0.5
trennen	neg 1.0		__DUMMY__ 0.8952416005723501 neg 0.05391809855350646 off 0.05084030087414336	false	1.0
schmutz	neg 1.0		__DUMMY__ 0.8946560180597459 off 0.055699466306038344 neg 0.04964451563421574	false	0.5
inkonsistenz	neg 1.0		__DUMMY__ 0.883442721477686 off 0.058403688703862616 neg 0.05815358981845129	false	0.5
erschreckend	neg 1.0		__DUMMY__ 0.8884095991836964 neg 0.057791156545919105 off 0.0537992442703844	false	1.0
ertrinken	neg 1.0		__DUMMY__ 0.893322285344372 neg 0.055133815445064197 off 0.05154389921056377	false	1.0
pickelface	off 1.0		__DUMMY__ 0.8900612220820927 neg 0.0571784305417658 off 0.05276034737614149	false	0.5
seiner			__DUMMY__ 0.8926026282399573 neg 0.056756951412171734 off 0.05064042034787091	false	0.0
lauch	neg 1.0		__DUMMY__ 0.8912670790357565 neg 0.060717512050251984 off 0.048015408913991454	false	1.0
unwichtig	neg 1.0		__DUMMY__ 0.886056344718214 off 0.05894137938949761 neg 0.05500227589228829	false	0.5
steuerhinterziehung	neg 1.0		__DUMMY__ 0.8870998545606021 neg 0.059734152612539046 off 0.053165992826858834	false	1.0
schock	neg 1.0		__DUMMY__ 0.893047644066476 off 0.05377909594181792 neg 0.053173259991706134	false	0.5
beule	neg 1.0		__DUMMY__ 0.8884613387084819 off 0.05892879134884059 neg 0.05260986994267753	false	0.5
vergelten	neg 1.0		__DUMMY__ 0.8890153343386255 off 0.06197051855555364 neg 0.049014147105820895	false	0.5
verdorbenheit	neg 1.0		__DUMMY__ 0.8908335045361637 neg 0.05545965315431396 off 0.05370684230952234	false	1.0
trauma	neg 1.0		__DUMMY__ 0.8890341863722413 off 0.05549634560835956 neg 0.05546946801939914	false	0.5
sinnlos	neg 1.0		__DUMMY__ 0.8896459309474536 off 0.056758434828939476 neg 0.053595634223606796	false	0.5
fettsack	off 1.0	off 1.0	off 0.5187502895604511 __DUMMY__ 0.4414428958873338 neg 0.039806814552215124	false	1.0
feige	off 1.0	off 1.0	off 0.5152655246173488 __DUMMY__ 0.4425181530327611 neg 0.04221632234989	false	1.0
abdanken	neg 1.0		__DUMMY__ 0.8874577743783353 neg 0.05843340397230064 off 0.05410882164936394	false	1.0
wichtigtuer	off 1.0	off 1.0	off 0.513208005129735 __DUMMY__ 0.44402225353671015 neg 0.04276974133355472	false	1.0
misslingen	neg 1.0		__DUMMY__ 0.895425994831618 off 0.05515829287292706 neg 0.049415712295455	false	0.5
untreu	off 1.0		__DUMMY__ 0.885181768193051 off 0.06000116345432684 neg 0.054817068352622164	false	1.0
missmutig	neg 1.0		__DUMMY__ 0.8869076358852893 off 0.05883701032021766 neg 0.05425535379449304	false	0.5
hurenbock	off 1.0		__DUMMY__ 0.8909304986478958 off 0.055470510415283884 neg 0.053598990936820384	false	1.0
betrunken	neg 1.0		__DUMMY__ 0.8882753318790653 off 0.06104677001991502 neg 0.05067789810101958	false	0.5
korrupt	off 1.0		__DUMMY__ 0.8856086007791492 neg 0.0616791830685796 off 0.05271221615227135	false	0.5
unmut	neg 1.0		__DUMMY__ 0.8917747955932928 neg 0.06010699641044217 off 0.04811820799626513	false	1.0
hackfresse	off 1.0		__DUMMY__ 0.881439931640111 off 0.06615411418544094 neg 0.05240595417444795	false	1.0
aufblasen	neg 1.0		__DUMMY__ 0.8909298388617203 off 0.055670582963852626 neg 0.053399578174427066	false	0.5
gewaltsam	neg 1.0		__DUMMY__ 0.890602566781243 neg 0.05559743268205223 off 0.05380000053670475	false	1.0
unbeliebtheit	neg 1.0		__DUMMY__ 0.8799973868263158 neg 0.06141713031834082 off 0.05858548285534331	false	1.0
sturheit	neg 1.0		__DUMMY__ 0.8882233372296381 neg 0.057875955278117446 off 0.05390070749224446	false	1.0
kuh	neg 1.0		__DUMMY__ 0.8868381934138153 neg 0.05858756561886017 off 0.05457424096732442	false	1.0
erschrecken	neg 1.0		__DUMMY__ 0.8883571294638721 off 0.05826691914255348 neg 0.053375951393574386	false	0.5
opfer	neg 1.0		__DUMMY__ 0.892364860822543 neg 0.05589326947023139 off 0.051741869707225586	false	1.0
sinken	neg 1.0		__DUMMY__ 0.8925461614636947 neg 0.059026996350342635 off 0.048426842185962646	false	1.0
stinktier	neg 1.0		__DUMMY__ 0.8825879925317576 off 0.06350367984051927 neg 0.05390832762772307	false	0.5
tucke	off 1.0		__DUMMY__ 0.8777112202703501 off 0.06644139997683188 neg 0.055847379752818005	false	1.0
ein			__DUMMY__ 0.8904777822009725 off 0.05498324507495662 neg 0.054538972724070815	false	0.0
abstieg	neg 1.0		__DUMMY__ 0.8941909939430387 neg 0.054949675735974486 off 0.05085933032098677	false	1.0
missverstehen	neg 1.0		__DUMMY__ 0.8867613209847702 off 0.057041103196194994 neg 0.05619757581903488	false	0.5
ergebnislos	neg 1.0		__DUMMY__ 0.8905837875138255 neg 0.058619069213709664 off 0.050797143272464804	false	1.0
unter			__DUMMY__ 0.8989075548878009 neg 0.05710450846138049 off 0.043987936650818654	false	0.0
manipulieren	neg 1.0		__DUMMY__ 0.8907855293432396 neg 0.058802374881894215 off 0.050412095774866106	false	1.0
unbewiesen	neg 1.0		__DUMMY__ 0.8822478124639378 neg 0.06275423794720392 off 0.05499794958885835	false	1.0
verschleppen	neg 1.0		__DUMMY__ 0.8907004906843969 neg 0.05698812524036911 off 0.05231138407523397	false	1.0
weib	off 1.0		__DUMMY__ 0.8812929618708744 off 0.0661140436281324 neg 0.05259299450099323	false	1.0
opposition	neg 1.0		__DUMMY__ 0.8862969230564154 neg 0.0577718687934688 off 0.05593120815011579	false	1.0
verkehrswidrig	neg 1.0	neg 1.0	neg 0.5037311457625064 __DUMMY__ 0.44944356771051447 off 0.0468252865269791	false	1.0
inkorrekt	neg 1.0		__DUMMY__ 0.882264146184617 off 0.061250150740378304 neg 0.05648570307500475	false	0.5
vermeiden	neg 1.0		__DUMMY__ 0.8953147955393389 neg 0.058740102297722634 off 0.04594510216293851	false	1.0
abweichung	neg 1.0		__DUMMY__ 0.8899884895223693 neg 0.05889624073197519 off 0.05111526974565543	false	1.0
alkoholisiert	neg 1.0		__DUMMY__ 0.8981031332825362 neg 0.05222146877935477 off 0.049675397938108996	false	1.0
scheiss	off 1.0	off 1.0	off 0.5148765268156433 __DUMMY__ 0.44472304707709615 neg 0.040400426107260565	false	1.0
herausforderung	neg 1.0	neg 1.0	neg 0.5082420015089929 __DUMMY__ 0.45362648792701804 off 0.03813151056398905	false	1.0
pervers	off 1.0		__DUMMY__ 0.8799655989694889 off 0.06895092474005529 neg 0.05108347629045575	false	1.0
wackelig	neg 1.0		__DUMMY__ 0.8946800015725246 neg 0.05320731442696808 off 0.0521126840005073	false	1.0
verwickeln	neg 1.0		__DUMMY__ 0.8865961799227832 off 0.056979425181534524 neg 0.05642439489568239	false	0.5
vorwand	neg 1.0		__DUMMY__ 0.8918407817458842 neg 0.05846150745420966 off 0.04969771079990612	false	1.0
muschi	off 1.0		__DUMMY__ 0.8899114201784305 neg 0.05686834447239479 off 0.053220235349174735	false	0.5
entmutigung	neg 1.0		__DUMMY__ 0.8854826649570362 neg 0.05841227631875358 off 0.05610505872421027	false	1.0
unangemessen	neg 1.0		__DUMMY__ 0.8882724347622816 neg 0.05861992753024917 off 0.05310763770746932	false	1.0
unstetig	neg 1.0		__DUMMY__ 0.8914703380726344 off 0.05506692647684043 neg 0.05346273545052516	false	0.5
entmutigen	neg 1.0		__DUMMY__ 0.8887736365487674 off 0.055834379087544815 neg 0.05539198436368776	false	0.5
schwanz	neg 1.0		__DUMMY__ 0.8922207867383167 neg 0.05753998407472374 off 0.05023922918695962	false	1.0
verbot	neg 1.0		__DUMMY__ 0.8878276762539625 neg 0.059738993309541556 off 0.05243333043649592	false	1.0
leid	neg 1.0		__DUMMY__ 0.8850844247536239 off 0.06404609527678787 neg 0.050869479969588134	false	0.5
archaisch	neg 1.0		__DUMMY__ 0.8905207020178466 neg 0.05665773956660473 off 0.052821558415548725	false	1.0
gegen			__DUMMY__ 0.8936579995372855 neg 0.05712923215292196 off 0.04921276830979243	false	0.0
scheidung	neg 1.0		__DUMMY__ 0.8800761914943399 off 0.07223615717764084 neg 0.04768765132801927	false	0.5
einschlag	neg 1.0	neg 1.0	neg 0.5085328083955959 __DUMMY__ 0.44468067203382644 off 0.04678651957057765	false	1.0
m			__DUMMY__ 0.8919490795959633 neg 0.0555607446613191 off 0.052490175742717596	false	0.0
abgestanden	neg 1.0		__DUMMY__ 0.8911456958378855 off 0.05452753513753026 neg 0.05432676902458423	false	0.5
schmierig	off 1.0		__DUMMY__ 0.8851814326580452 off 0.06361975381302996 neg 0.05119881352892476	false	1.0
unpraktisch	neg 1.0		__DUMMY__ 0.8915258698299412 off 0.05516840800166747 neg 0.05330572216839138	false	0.5
wixxer	off 1.0		__DUMMY__ 0.8791129957821412 off 0.06874297059352653 neg 0.052144033624332314	false	1.0
bezeichnet			__DUMMY__ 0.8885264086529527 neg 0.057132112678099166 off 0.05434147866894805	false	0.0
jammerlappen	off 1.0		__DUMMY__ 0.8864517030286148 off 0.05907925876706402 neg 0.054469038204321224	false	1.0
farce	neg 1.0		__DUMMY__ 0.8863716629118905 neg 0.060549603919642224 off 0.05307873316846734	false	1.0
zwecklos	neg 1.0		__DUMMY__ 0.8886553264911771 neg 0.058318016494136926 off 0.05302665701468589	false	1.0
turbulent	neg 1.0		__DUMMY__ 0.8861969144193287 off 0.05929959804677012 neg 0.0545034875339012	false	0.5
invasion	neg 1.0		__DUMMY__ 0.8891178712283937 off 0.056765692659284446 neg 0.054116436112321906	false	0.5
schuld	neg 1.0		__DUMMY__ 0.888411836272761 neg 0.056054105903456164 off 0.05553405782378282	false	1.0
risiko	neg 1.0		__DUMMY__ 0.8917257503029079 off 0.054787697640194505 neg 0.05348655205689755	false	0.5
finster	neg 1.0		__DUMMY__ 0.8904142194145486 off 0.05491272331353616 neg 0.05467305727191522	false	0.5
geisteskrank	off 1.0		__DUMMY__ 0.884176725160858 off 0.060678659419341585 neg 0.05514461541980043	false	1.0
zusammenbrechen	neg 1.0		__DUMMY__ 0.8911290046187722 neg 0.05545817361634425 off 0.05341282176488349	false	1.0
ausbeute	neg 1.0		__DUMMY__ 0.8951376738447343 neg 0.05487739976881341 off 0.049984926386452196	false	1.0
hinterhalt	neg 1.0		__DUMMY__ 0.8931427045153864 neg 0.05422484435612712 off 0.052632451128486524	false	1.0
kritik	neg 1.0		__DUMMY__ 0.8871692326844416 neg 0.05986524578125112 off 0.05296552153430723	false	1.0
einschrumpfen	neg 1.0		__DUMMY__ 0.884660679988866 neg 0.058049705374670094 off 0.05728961463646388	false	1.0
riskant	neg 1.0		__DUMMY__ 0.8899888399773281 neg 0.05849660596944152 off 0.05151455405323029	false	1.0
frustrieren	neg 1.0		__DUMMY__ 0.8905844097290964 neg 0.05777787493061494 off 0.05163771534028879	false	1.0
groll	neg 1.0		__DUMMY__ 0.8903053898252037 neg 0.05690759432091175 off 0.0527870158538846	false	1.0
gibt			__DUMMY__ 0.8896292381955678 neg 0.057218940741653256 off 0.05315182106277898	false	0.0
qualvoll	neg 1.0		__DUMMY__ 0.889859714192082 off 0.05750514150049197 neg 0.052635144307425955	false	0.5
wackeln	neg 1.0	neg 1.0	neg 0.5097045169008212 __DUMMY__ 0.44852732664131806 off 0.04176815645786086	false	1.0
klagen	neg 1.0		__DUMMY__ 0.8922811198519126 neg 0.05917953572821098 off 0.048539344419876444	false	1.0
bankrott	neg 1.0		__DUMMY__ 0.8881691915446365 off 0.057899901879966055 neg 0.05393090657539744	false	0.5
trauern	neg 1.0		__DUMMY__ 0.8929260763129029 neg 0.05561648438658261 off 0.05145743930051448	false	1.0
ablehnung	neg 1.0		__DUMMY__ 0.8872719590338738 neg 0.05966916882645667 off 0.053058872139669463	false	1.0
stur	neg 1.0		__DUMMY__ 0.8873252537134811 neg 0.056631889448172976 off 0.05604285683834591	false	1.0
aufruhr	neg 1.0		__DUMMY__ 0.8903198004559378 neg 0.05588320687914569 off 0.053796992664916436	false	1.0
melancholie	neg 1.0		__DUMMY__ 0.8922056935337226 neg 0.05578242662871484 off 0.05201187983756254	false	1.0
ist			__DUMMY__ 0.8883843198433519 off 0.05620753378392791 neg 0.05540814637272029	false	0.0
torheit	neg 1.0		__DUMMY__ 0.886983919048254 neg 0.057535299775522866 off 0.05548078117622311	false	1.0
dreckskind	off 1.0		__DUMMY__ 0.8812855839438583 off 0.0647824417881109 neg 0.05393197426803081	false	1.0
umtauschen	neg 1.0		__DUMMY__ 0.8902489391501848 neg 0.05603283243758656 off 0.05371822841222863	false	1.0
zum			__DUMMY__ 0.8995901555842534 neg 0.054406513533473186 off 0.046003330882273416	false	0.0
zersetzen	neg 1.0		__DUMMY__ 0.8896123800546659 neg 0.06009674844896395 off 0.05029087149637019	false	1.0
zur			__DUMMY__ 0.8962718733186217 neg 0.058063806952641225 off 0.04566431972873706	false	0.0
frust	neg 1.0		__DUMMY__ 0.8906789194016321 neg 0.05601047517613796 off 0.05331060542222988	false	1.0
unerbittlichkeit	neg 1.0		__DUMMY__ 0.8902069926447832 neg 0.059391917107008765 off 0.050401090248208054	false	1.0
zwei			__DUMMY__ 0.8971415491689141 neg 0.05493444831584309 off 0.04792400251524289	false	0.0
unkorrekt	neg 1.0		__DUMMY__ 0.8811615056044136 off 0.06160864050461203 neg 0.057229853890974264	false	0.5
hexe	off 1.0		__DUMMY__ 0.8865182352133949 off 0.05930759117523065 neg 0.05417417361137442	false	1.0
lasch	neg 1.0		__DUMMY__ 0.8847641837874407 off 0.05806683704307756 neg 0.05716897916948166	false	0.5
rivale	neg 1.0		__DUMMY__ 0.8866478933815634 off 0.06128920524121981 neg 0.052062901377216864	false	0.5
mutlos	off 1.0	off 1.0	off 0.5091028228689796 __DUMMY__ 0.4451603991458345 neg 0.04573677798518593	false	1.0
wirr	off 1.0		__DUMMY__ 0.8814481744607937 off 0.06174293138062774 neg 0.05680889415857857	false	1.0
jahr			__DUMMY__ 0.8958144707318529 neg 0.05474536640764495 off 0.049440162860502186	false	0.0
wird			__DUMMY__ 0.8909051750916158 neg 0.057273209646538745 off 0.0518216152618454	false	0.0
strafbar	neg 1.0		__DUMMY__ 0.889400032457686 neg 0.0589245191942461 off 0.05167544834806792	false	1.0
erosion	neg 1.0		__DUMMY__ 0.891078421674499 off 0.055007165917808375 neg 0.0539144124076926	false	0.5
eingehen	neg 1.0		__DUMMY__ 0.8882491880509842 neg 0.05931042057684229 off 0.05244039137217362	false	1.0
faul	off 1.0		__DUMMY__ 0.8890465696371516 off 0.05801677456115676 neg 0.05293665580169177	false	1.0
provisorium	neg 1.0		__DUMMY__ 0.8976707047103735 neg 0.05868965418358008 off 0.04363964110604646	false	1.0
schmerzen	neg 1.0		__DUMMY__ 0.890510038754901 neg 0.05539969811655999 off 0.054090263128539026	false	1.0
schrumpfen	neg 1.0		__DUMMY__ 0.8924160775969182 neg 0.06151813173929732 off 0.046065790663784384	false	1.0
geistlos	off 1.0		__DUMMY__ 0.8828207377143626 neg 0.059983055901625046 off 0.05719620638401231	false	0.5
fehlkauf	neg 1.0		__DUMMY__ 0.8882953821090227 off 0.05617446013244243 neg 0.05553015775853479	false	0.5
frustrierend	neg 1.0		__DUMMY__ 0.8890353373217229 off 0.05819181896548298 neg 0.05277284371279406	false	0.5
unzufrieden	neg 1.0		__DUMMY__ 0.8883294114387827 neg 0.058754338635489664 off 0.0529162499257276	false	1.0
verzweifeln	neg 1.0		__DUMMY__ 0.8897050241157414 neg 0.056009344712755045 off 0.054285631171503534	false	1.0
verzweifelt	neg 1.0		__DUMMY__ 0.8880526410227874 off 0.05609938131054753 neg 0.05584797766666501	false	0.5
misstrauensantrag	neg 1.0		__DUMMY__ 0.8870105936277229 neg 0.05650563554675804 off 0.056483770825518975	false	1.0
abfallen	neg 1.0		__DUMMY__ 0.8917213936547981 off 0.055436506518106665 neg 0.052842099827095236	false	0.5
fucker	off 1.0		__DUMMY__ 0.884524915119313 off 0.06107171067406208 neg 0.05440337420662489	false	1.0
ungezogen	neg 1.0		__DUMMY__ 0.8822560620394122 off 0.0673931455173259 neg 0.05035079244326187	false	0.5
irrsinnig	neg 1.0	neg 1.0	neg 0.513175067556803 __DUMMY__ 0.44455220272668966 off 0.04227272971650729	false	1.0
unfassbar	neg 1.0		__DUMMY__ 0.885585771878061 off 0.05966944327930672 neg 0.05474478484263228	false	0.5
hart	neg 1.0		__DUMMY__ 0.8880787045742534 off 0.05747480920522888 neg 0.0544464862205176	false	0.5
widerlich	off 1.0		__DUMMY__ 0.8842189141326111 off 0.06053740484073809 neg 0.05524368102665072	false	1.0
fatal	neg 1.0		__DUMMY__ 0.8880855891792517 off 0.056489406641114986 neg 0.05542500417963334	false	0.5
bruch	neg 1.0		__DUMMY__ 0.8911998025130724 neg 0.060076924451943355 off 0.04872327303498428	false	1.0
aushungern	neg 1.0		__DUMMY__ 0.8872337149241831 neg 0.05882106244238471 off 0.05394522263343224	false	1.0
anspannung	neg 1.0	neg 1.0	neg 0.5103798258962349 __DUMMY__ 0.45442706895749924 off 0.03519310514626595	false	1.0
von			__DUMMY__ 0.8956426902899758 neg 0.05549620224879544 off 0.04886110746122869	false	0.0
kraftlos	neg 1.0		__DUMMY__ 0.8934521891196082 neg 0.05387235844251938 off 0.05267545243787249	false	1.0
vom			__DUMMY__ 0.8992687515395273 neg 0.05663154266424061 off 0.044099705796232055	false	0.0
grenzdebil	off 1.0		__DUMMY__ 0.8859654665869517 off 0.06051637519919756 neg 0.05351815821385074	false	1.0
vor			__DUMMY__ 0.8932978021104014 neg 0.05707822131221914 off 0.04962397657737938	false	0.0
unterwerfen	neg 1.0		__DUMMY__ 0.8908967248175781 neg 0.05766894803783219 off 0.051434327144589745	false	1.0
versenkung	neg 1.0		__DUMMY__ 0.8906785516631047 neg 0.05806338359155886 off 0.05125806474533638	false	1.0
entziehen	neg 1.0		__DUMMY__ 0.8918837988893179 neg 0.05901994216047993 off 0.04909625895020215	false	1.0
finanzkrise	neg 1.0		__DUMMY__ 0.8868284789039647 neg 0.05946027002383251 off 0.05371125107220281	false	1.0
schimpfend	neg 1.0		__DUMMY__ 0.8920671815366313 off 0.05507221725475391 neg 0.052860601208614855	false	0.5
profan	neg 1.0		__DUMMY__ 0.8877846228107318 off 0.05716550613502154 neg 0.055049871054246566	false	0.5
korruption	neg 1.0	neg 1.0	neg 0.5154695118836345 __DUMMY__ 0.4448686287631094 off 0.03966185935325608	false	1.0
â			__DUMMY__ 0.8920812794263719 neg 0.05638273807188214 off 0.05153598250174584	false	0.0
schmutzig	neg 1.0		__DUMMY__ 0.8876163671038355 off 0.05999019723630024 neg 0.05239343565986432	false	0.5
sexy	neg 1.0		__DUMMY__ 0.8880233642189346 off 0.05775807946430086 neg 0.05421855631676463	false	0.5
abraten	neg 1.0		__DUMMY__ 0.888775437335404 off 0.0562167807331857 neg 0.05500778193141023	false	0.5
schwarz	neg 1.0		__DUMMY__ 0.887863671701781 neg 0.05621949691491015 off 0.055916831383308725	false	1.0
fotze	off 1.0		__DUMMY__ 0.8908591370816635 neg 0.05786786878810193 off 0.051272994130234534	false	0.5
verwirren	neg 1.0		__DUMMY__ 0.8878016064644395 off 0.057427893284021696 neg 0.05477050025153878	false	0.5
zahnlos	off 1.0		__DUMMY__ 0.888521285460826 neg 0.058519135540609245 off 0.05295957899856477	false	0.5
verheeren	neg 1.0		__DUMMY__ 0.8840657242143569 off 0.0684592412229791 neg 0.04747503456266393	false	0.5
hippie	neg 1.0		__DUMMY__ 0.8877205844046606 off 0.05737729280737737 neg 0.05490212278796197	false	0.5
rammen	neg 1.0		__DUMMY__ 0.8887000418598459 neg 0.056468100989245235 off 0.05483185715090895	false	1.0
unlauter	neg 1.0		__DUMMY__ 0.8832398241935671 neg 0.061688844243391196 off 0.05507133156304182	false	1.0
unheilvoll	neg 1.0		__DUMMY__ 0.8917761516477501 off 0.056413664754919705 neg 0.05181018359733012	false	0.5
niedrig	neg 1.0		__DUMMY__ 0.8927255314856436 neg 0.05696261265212642 off 0.050311855862229964	false	1.0
explosion	neg 1.0		__DUMMY__ 0.8872185506351316 off 0.05677149760693839 neg 0.056009951757930006	false	0.5
weichei	off 1.0		__DUMMY__ 0.8826853475323255 off 0.06477037338474778 neg 0.05254427908292666	false	1.0
minusmensch	off 1.0		__DUMMY__ 0.8768124618706089 off 0.06850178108168668 neg 0.05468575704770433	false	1.0
farblos	neg 1.0		__DUMMY__ 0.8963444609461527 off 0.053172533608887344 neg 0.05048300544495992	false	0.5
unwissend	neg 1.0	neg 1.0	neg 0.512073985059718 __DUMMY__ 0.44285129891168473 off 0.045074716028597264	false	1.0
traurig	neg 1.0		__DUMMY__ 0.8856970135551533 off 0.06221038706524854 neg 0.052092599379598106	false	0.5
senkung	neg 1.0		__DUMMY__ 0.8849305672479436 neg 0.05814934186802507 off 0.05692009088403139	false	1.0
ungleich	neg 1.0	neg 1.0	neg 0.5160504834517878 __DUMMY__ 0.4451853862906863 off 0.0387641302575257	false	1.0
heikel	neg 1.0		__DUMMY__ 0.8899130490085067 neg 0.05967247546535453 off 0.05041447552613883	false	1.0
drosselung	neg 1.0		__DUMMY__ 0.8875125595723121 off 0.05990991734374418 neg 0.052577523083943624	false	0.5
falsch	neg 1.0		__DUMMY__ 0.8876962131434722 off 0.05837791799282849 neg 0.05392586886369933	false	0.5
unzufriedenheit	neg 1.0		__DUMMY__ 0.8906906011428745 neg 0.05932360360682868 off 0.049985795250296866	false	1.0
kurz	neg 1.0		__DUMMY__ 0.8923408292687489 neg 0.054689077497494194 off 0.05297009323375694	false	1.0
unsinnig	neg 1.0		__DUMMY__ 0.8872393153199377 neg 0.05940971862259082 off 0.05335096605747136	false	1.0
penner	off 1.0	off 1.0	off 0.5205800182834638 __DUMMY__ 0.44018930140660006 neg 0.03923068030993619	false	1.0
seicht	neg 1.0		__DUMMY__ 0.8789775046083385 off 0.06755766191972779 neg 0.05346483347193381	false	0.5
dummheit	off 1.0	off 1.0	off 0.5134338713921011 __DUMMY__ 0.44358394780217425 neg 0.042982180805724746	false	1.0
unerfreulich	neg 1.0		__DUMMY__ 0.8921097102537888 neg 0.05844292062919564 off 0.04944736911701559	false	1.0
motherfucker	off 1.0	off 1.0	off 0.5163689300550572 __DUMMY__ 0.4419091420390112 neg 0.04172192790593156	false	1.0
pikiert	neg 1.0		__DUMMY__ 0.8844622708696182 off 0.05957153700077819 neg 0.05596619212960367	false	0.5
wrack	neg 1.0		__DUMMY__ 0.8956177161461265 neg 0.053714800341674196 off 0.05066748351219927	false	1.0
gangster	neg 1.0		__DUMMY__ 0.88845524863115 off 0.05697517003620076 neg 0.05456958133264929	false	0.5
krank	neg 1.0		__DUMMY__ 0.887638529341199 off 0.06052294490161488 neg 0.05183852575718611	false	0.5
reich	neg 1.0		__DUMMY__ 0.8860753191822888 off 0.05828922246308684 neg 0.05563545835462432	false	0.5
gnadenlos	neg 1.0		__DUMMY__ 0.8889910112430476 off 0.055557331357254006 neg 0.055451657399698435	false	0.5
niedergeschlagen	neg 1.0		__DUMMY__ 0.8926287220280884 neg 0.05398482197726035 off 0.05338645599465122	false	1.0
terrorisieren	off 1.0	off 1.0	off 0.5093606678236737 __DUMMY__ 0.44776483971207387 neg 0.04287449246425234	false	1.0
sinnlosigkeit	neg 1.0		__DUMMY__ 0.8890833790549343 neg 0.05791427228875995 off 0.05300234865630579	false	1.0
behindern	neg 1.0		__DUMMY__ 0.8883998691680723 neg 0.05782149486660693 off 0.053778635965320724	false	1.0
undemokratisch	neg 1.0		__DUMMY__ 0.8855707991313828 neg 0.0588312408563738 off 0.05559796001224343	false	1.0
wirtschaftskrise	neg 1.0		__DUMMY__ 0.8887738710154708 neg 0.05945563926335833 off 0.051770489721170924	false	1.0
neid	neg 1.0		__DUMMY__ 0.8903114851945867 off 0.05873017739132236 neg 0.050958337414090955	false	0.5
rutschen	neg 1.0	neg 1.0	neg 0.5108146347076398 __DUMMY__ 0.4529077398677618 off 0.03627762542459855	false	1.0
rezession	neg 1.0		__DUMMY__ 0.8822500370812982 off 0.06309524948153208 neg 0.05465471343716973	false	0.5
fehlgeburt	neg 1.0		__DUMMY__ 0.8917780111108008 off 0.05622122153305036 neg 0.05200076735614878	false	0.5
charakterschwach	off 1.0		__DUMMY__ 0.8860785750156047 off 0.06031450122400154 neg 0.053606923760393756	false	1.0
isolation	neg 1.0		__DUMMY__ 0.8885878064915869 off 0.058061683190701666 neg 0.053350510317711486	false	0.5
ablenkung	neg 1.0		__DUMMY__ 0.8898441893734301 neg 0.055265761320455686 off 0.05489004930611414	false	1.0
pech	neg 1.0		__DUMMY__ 0.888402623390546 off 0.057653569755277384 neg 0.05394380685417664	false	0.5
vermeidung	neg 1.0		__DUMMY__ 0.8841178607135599 off 0.06020732649933246 neg 0.055674812787107716	false	0.5
dominieren	neg 1.0		__DUMMY__ 0.8937200766977917 neg 0.054770444487134425 off 0.051509478815073784	false	1.0
schwindlig	neg 1.0		__DUMMY__ 0.8927814134644179 off 0.05641011874961815 neg 0.05080846778596397	false	0.5
lutscher	neg 1.0		__DUMMY__ 0.8791254093675049 off 0.06795512064399065 neg 0.05291946998850445	false	0.5
pflicht	neg 1.0		__DUMMY__ 0.890001426184482 neg 0.0595759511326622 off 0.050422622682855724	false	1.0
faschist	off 1.0		__DUMMY__ 0.8846559944492969 neg 0.057818205490424913 off 0.05752580006027823	false	0.5
verschleudern	neg 1.0		__DUMMY__ 0.8853724724525207 neg 0.06357809395666747 off 0.05104943359081188	false	1.0
wenn			__DUMMY__ 0.8873284614804259 off 0.05859469809441642 neg 0.054076840425157716	false	0.0
ehebruch	neg 1.0		__DUMMY__ 0.8901987813074342 neg 0.05779783769366179 off 0.05200338099890396	false	1.0
spott	off 1.0		__DUMMY__ 0.8887719612548929 neg 0.05968439202895851 off 0.0515436467161487	false	0.5
trostlosigkeit	neg 1.0		__DUMMY__ 0.8933432385085502 neg 0.05741926468351203 off 0.04923749680793773	false	1.0
lutschen	neg 1.0		__DUMMY__ 0.8867274608491144 off 0.05683561937609542 neg 0.05643691977479024	false	0.5
undiszipliniert	neg 1.0		__DUMMY__ 0.8867795462783085 off 0.061407860845683504 neg 0.05181259287600806	false	0.5
kopfschmerz	neg 1.0		__DUMMY__ 0.8926099738940446 neg 0.054539819060957125 off 0.05285020704499834	false	1.0
unvorhergesehen	neg 1.0		__DUMMY__ 0.8954482062106048 neg 0.05369705902035523 off 0.05085473476904001	false	1.0
desinteressiert	neg 1.0		__DUMMY__ 0.8847427978035965 off 0.06137098500779136 neg 0.05388621718861206	false	0.5
armselig	off 1.0		__DUMMY__ 0.8821671066446581 off 0.06234017549965391 neg 0.05549271785568796	false	1.0
desaster	neg 1.0		__DUMMY__ 0.8913115185881532 neg 0.0603964646765966 off 0.048292016735250194	false	1.0
tod	neg 1.0		__DUMMY__ 0.8954273983469836 neg 0.0530511093214455 off 0.05152149233157086	false	1.0
herzlos	neg 1.0		__DUMMY__ 0.8838730265013223 off 0.06268106216506213 neg 0.053445911333615606	false	0.5
unwissenheit	neg 1.0		__DUMMY__ 0.8868846230089314 neg 0.06029647575708473 off 0.05281890123398377	false	1.0
widersinnig	neg 1.0	neg 1.0	neg 0.516753937322057 __DUMMY__ 0.4428250173294357 off 0.040421045348507365	false	1.0
bedenklich	neg 1.0		__DUMMY__ 0.8890446904529579 neg 0.05923143112814803 off 0.051723878418894115	false	1.0
beanstanden	neg 1.0		__DUMMY__ 0.8910595933677342 neg 0.05912222475626419 off 0.04981818187600165	false	1.0
panisch	neg 1.0	neg 1.0	neg 0.5079277541533551 __DUMMY__ 0.44898963339036996 off 0.04308261245627491	false	1.0
debil	off 1.0		__DUMMY__ 0.8952658868944595 neg 0.05966820983993762 off 0.04506590326560289	false	0.5
abstrich	neg 1.0		__DUMMY__ 0.8905822766906181 neg 0.05843145797919996 off 0.05098626533018205	false	1.0
primitiv	neg 1.0		__DUMMY__ 0.8843848944944491 off 0.06094898037327375 neg 0.05466612513227704	false	0.5
abschaum	off 1.0	off 1.0	off 0.5149396463603207 __DUMMY__ 0.4432687977837361 neg 0.041791555855943054	false	1.0
provozieren	neg 1.0		__DUMMY__ 0.8878686693033995 neg 0.05673171151145711 off 0.05539961918514336	false	1.0
tot	neg 1.0		__DUMMY__ 0.8908201682077581 neg 0.05842541860387766 off 0.050754413188364246	false	1.0
instabil	neg 1.0		__DUMMY__ 0.8821886588720526 off 0.06064940251574492 neg 0.05716193861220252	false	0.5
schwuchtel	off 1.0		__DUMMY__ 0.8764041116866194 off 0.07225978323502166 neg 0.05133610507835908	false	1.0
zerren	neg 1.0		__DUMMY__ 0.8923960045494591 neg 0.053998711773051364 off 0.05360528367748956	false	1.0
kinderficker	off 1.0		__DUMMY__ 0.8801421169867056 off 0.06455846794742288 neg 0.055299415065871486	false	1.0
gefahr	neg 1.0		__DUMMY__ 0.8918496536634889 neg 0.058046783049732514 off 0.050103563286778695	false	1.0
rabiat	neg 1.0		__DUMMY__ 0.8879260010962345 neg 0.057283875089536467 off 0.054790123814229	false	1.0
verlangsamung	neg 1.0		__DUMMY__ 0.8824621788772451 off 0.06611739894614212 neg 0.05142042217661281	false	0.5
ausgestorben	neg 1.0		__DUMMY__ 0.8914134051856514 neg 0.05443524950064025 off 0.054151345313708375	false	1.0
anklagen	neg 1.0		__DUMMY__ 0.8889835502498497 neg 0.05775806039608162 off 0.05325838935406866	false	1.0
trott	neg 1.0		__DUMMY__ 0.8904701394844414 neg 0.05553159703314965 off 0.05399826348240899	false	1.0
verminderung	neg 1.0		__DUMMY__ 0.8846160863001336 off 0.060897861162751976 neg 0.05448605253711452	false	0.5
nach			__DUMMY__ 0.9003222848478283 neg 0.05321325123081903 off 0.046464463921352755	false	0.0
rost	neg 1.0		__DUMMY__ 0.8845304741299747 off 0.06477891638798579 neg 0.05069060948203958	false	0.5
destruktiv	neg 1.0		__DUMMY__ 0.8863716392685702 neg 0.05918950698363224 off 0.05443885374779749	false	1.0
unzumutbarkeit	neg 1.0		__DUMMY__ 0.8886193888430459 off 0.0586874066955345 neg 0.05269320446141961	false	0.5
labil	off 1.0	off 1.0	off 0.5148874271884518 __DUMMY__ 0.44324287709698285 neg 0.04186969571456532	false	1.0
ziemlich	neg 1.0		__DUMMY__ 0.8873348161238149 off 0.05999092387479374 neg 0.052674260001391277	false	0.5
lachnummer	off 1.0		__DUMMY__ 0.8875856233650328 neg 0.05767562670171527 off 0.054738749933252014	false	0.5
oder			__DUMMY__ 0.8910313520094315 off 0.05469366690174648 neg 0.05427498108882194	false	0.0
verfall	neg 1.0		__DUMMY__ 0.8933168142124613 neg 0.0605847781496461 off 0.046098407637892545	false	1.0
ausgrenzung	neg 1.0		__DUMMY__ 0.8861550498844695 neg 0.05759415227495173 off 0.056250797840578765	false	1.0
unordnung	neg 1.0		__DUMMY__ 0.8893929910102362 off 0.05935741468097751 neg 0.051249594308786374	false	0.5
fehlverhalten	neg 1.0		__DUMMY__ 0.8902166706090212 neg 0.05906054414529816 off 0.050722785245680586	false	1.0
eine			__DUMMY__ 0.8917386882930768 neg 0.058410759256079345 off 0.04985055245084387	false	0.0
nille	neg 1.0		__DUMMY__ 0.8899749430789137 neg 0.05633287795602547 off 0.05369217896506087	false	1.0
qual	neg 1.0		__DUMMY__ 0.8902997221339543 neg 0.055837391223643076 off 0.05386288664240265	false	1.0
verschwenden	neg 1.0		__DUMMY__ 0.8893048479850209 neg 0.05868712217688287 off 0.05200802983809639	false	1.0
riesig	neg 1.0	neg 1.0	neg 0.5106128098265869 __DUMMY__ 0.4503701671454847 off 0.03901702302792845	false	1.0
verurteilen	neg 1.0		__DUMMY__ 0.8891711270685575 neg 0.05790252597471661 off 0.05292634695672597	false	1.0
klischee	neg 1.0	neg 1.0	neg 0.5131132650782158 __DUMMY__ 0.4428285172242874 off 0.044058217697496786	false	1.0
diktatorisch	neg 1.0		__DUMMY__ 0.8845107216829526 neg 0.05933546589055462 off 0.05615381242649274	false	1.0
vorhersehbar	neg 1.0	neg 1.0	neg 0.5127431266442658 __DUMMY__ 0.44362605095036567 off 0.043630822405368426	false	1.0
sowie			__DUMMY__ 0.882838260168017 off 0.06442654190585245 neg 0.05273519792613052	false	0.0
stornieren	neg 1.0		__DUMMY__ 0.8952963750442138 off 0.05508890283640491 neg 0.04961472211938132	false	0.5
besteuerung	neg 1.0		__DUMMY__ 0.88503120698165 neg 0.059985568789752024 off 0.05498322422859785	false	1.0
ungeschminkt	neg 1.0		__DUMMY__ 0.8847206988153428 off 0.059894155342805816 neg 0.05538514584185141	false	0.5
kritisch	neg 1.0		__DUMMY__ 0.8891926924904543 neg 0.05918753326820446 off 0.0516197742413412	false	1.0
schlamperei	off 1.0		__DUMMY__ 0.8892238146498659 neg 0.06012045143870368 off 0.050655733911430474	false	0.5
sucht	neg 1.0	neg 1.0	neg 0.5103088433738592 __DUMMY__ 0.44865705535066663 off 0.041034101275474084	false	1.0
egoistisch	off 1.0		__DUMMY__ 0.8835054553497547 off 0.0648712051282309 neg 0.051623339522014464	false	1.0
ausbeuter	off 1.0		__DUMMY__ 0.8888271562556106 neg 0.060582874496232245 off 0.050589969248157146	false	0.5
arschgeburt	off 1.0		__DUMMY__ 0.875445181494963 off 0.0725309855758316 neg 0.05202383292920547	false	1.0
schubs	neg 1.0	neg 1.0	neg 0.5111121438418933 __DUMMY__ 0.4493545666201828 off 0.039533289537923844	false	1.0
unsolide	neg 1.0		__DUMMY__ 0.880885678882227 neg 0.06262832983352344 off 0.05648599128424949	false	1.0
beschwerde	neg 1.0		__DUMMY__ 0.8891378238540374 neg 0.060118336505286085 off 0.050743839640676566	false	1.0
stocken	neg 1.0		__DUMMY__ 0.8905141145101669 neg 0.05821186138203833 off 0.05127402410779474	false	1.0
isolieren	neg 1.0		__DUMMY__ 0.8888284069502347 neg 0.058907208883609355 off 0.05226438416615602	false	1.0
unheilbar	neg 1.0		__DUMMY__ 0.8919218424192031 off 0.05524296010895058 neg 0.0528351974718462	false	0.5
pisser	off 1.0		__DUMMY__ 0.8859718784566246 off 0.061139698597095615 neg 0.05288842294627976	false	1.0
löschen	neg 1.0		__DUMMY__ 0.8895296394829474 neg 0.05598596619485652 off 0.054484394322196074	false	1.0
durchfallen	neg 1.0		__DUMMY__ 0.8874727624410271 neg 0.059802774061295416 off 0.05272446349767751	false	1.0
wichser	off 1.0		__DUMMY__ 0.8807579302760759 off 0.06913611832415864 neg 0.050105951399765536	false	1.0
terror	neg 1.0		__DUMMY__ 0.8902194162659348 off 0.05684288014857865 neg 0.052937703585486655	false	0.5
krass	neg 1.0		__DUMMY__ 0.8838588352451852 off 0.06281049145776642 neg 0.053330673297048485	false	0.5
revolte	neg 1.0		__DUMMY__ 0.8857466189578382 neg 0.05754011921038666 off 0.056713261831775184	false	1.0
besorgt	neg 1.0		__DUMMY__ 0.8937067225230227 neg 0.05354451313552369 off 0.052748764341453584	false	1.0
nachlassen	neg 1.0		__DUMMY__ 0.8916598840357396 neg 0.057663482406652415 off 0.050676633557607896	false	1.0
alt	neg 1.0		__DUMMY__ 0.8914143472160945 neg 0.05733890702858797 off 0.05124674575531745	false	1.0
hundesohn	off 1.0		__DUMMY__ 0.8791615607549491 off 0.06803781486317982 neg 0.052800624381871046	false	1.0
als			__DUMMY__ 0.8922460577416562 neg 0.05477113042880395 off 0.05298281182953985	false	0.0
abschreckung	neg 1.0		__DUMMY__ 0.8920702477661023 neg 0.05853644313212151 off 0.049393309101776035	false	1.0
unqualifiziert	neg 1.0		__DUMMY__ 0.8831927475925708 neg 0.05894794429200305 off 0.057859308115426174	false	1.0
abgewichst	off 1.0		__DUMMY__ 0.8908623547427603 neg 0.056121944109545414 off 0.05301570114769432	false	0.5
schwer	neg 1.0		__DUMMY__ 0.8897677352575778 neg 0.05563013988508926 off 0.05460212485733294	false	1.0
bedeutungslosigkeit	neg 1.0		__DUMMY__ 0.890665436177547 neg 0.05914182683261094 off 0.050192736989842036	false	1.0
kapitulation	neg 1.0		__DUMMY__ 0.8878211975898718 neg 0.06069276674369479 off 0.051486035666433415	false	1.0
unscharf	neg 1.0		__DUMMY__ 0.8881054733701542 off 0.05624933602493704 neg 0.05564519060490866	false	0.5
schwinden	neg 1.0		__DUMMY__ 0.890834846275387 neg 0.05919724647139008 off 0.049967907253222844	false	1.0
versklavung	neg 1.0		__DUMMY__ 0.8848126288789065 neg 0.059474309250252336 off 0.05571306187084103	false	1.0
schlecht	neg 1.0		__DUMMY__ 0.8876307303791539 off 0.06014642304748563 neg 0.052222846573360404	false	0.5
verhasst	neg 1.0		__DUMMY__ 0.8880311950461001 neg 0.05622121482051802 off 0.05574759013338185	false	1.0
beschweren	neg 1.0		__DUMMY__ 0.8882877847740988 off 0.056397739202024115 neg 0.05531447602387704	false	0.5
scheiden	neg 1.0		__DUMMY__ 0.8950998152882549 off 0.054520721076099996 neg 0.050379463635645196	false	0.5
frustriert	neg 1.0		__DUMMY__ 0.8900948776048284 neg 0.0561996779840474 off 0.0537054444111242	false	1.0
schimmelig	neg 1.0		__DUMMY__ 0.8924112428534806 neg 0.0570871622580393 off 0.05050159488848002	false	1.0
fisch	neg 1.0		__DUMMY__ 0.8975127362312684 neg 0.05315724889614155 off 0.049330014872590075	false	1.0
schmuggel	neg 1.0		__DUMMY__ 0.8961122931861696 neg 0.05392626633517422 off 0.049961440478656194	false	1.0
auffallen	neg 1.0		__DUMMY__ 0.8882879686644495 off 0.056952623972582495 neg 0.05475940736296804	false	0.5
konkurrenz	neg 1.0	neg 1.0	neg 0.5147947242922285 __DUMMY__ 0.4479417854825843 off 0.0372634902251871	false	1.0
teufelskreis	neg 1.0		__DUMMY__ 0.8890721660911733 neg 0.05671699052472276 off 0.05421084338410384	false	1.0
aufschreien	neg 1.0		__DUMMY__ 0.8871094491428196 off 0.056901578458332394 neg 0.055988972398847967	false	0.5
schuldner	neg 1.0		__DUMMY__ 0.8917869948662296 neg 0.05800386526952722 off 0.05020913986424317	false	1.0
missgeburt	off 1.0	off 1.0	off 0.5188767551684795 __DUMMY__ 0.44132940863029124 neg 0.03979383620122921	false	1.0
arbeitslos	neg 1.0		__DUMMY__ 0.8875740856693783 neg 0.059414678958846216 off 0.05301123537177542	false	1.0
befallen	neg 1.0		__DUMMY__ 0.8899080548057325 neg 0.056882014976446946 off 0.05320993021782055	false	1.0
miesepetrig	off 1.0	off 1.0	off 0.5153144497348853 __DUMMY__ 0.4447173915522779 neg 0.0399681587128367	false	1.0
alarmieren	neg 1.0		__DUMMY__ 0.8850195216036935 off 0.058903308738514445 neg 0.056077169657792074	false	0.5
ungeduscht	off 1.0		__DUMMY__ 0.8888516419320112 off 0.05737658599469402 neg 0.053771772073294845	false	1.0
knappheit	neg 1.0		__DUMMY__ 0.8878098399954628 neg 0.06087105040505886 off 0.05131910959947829	false	1.0
schlange	neg 1.0		__DUMMY__ 0.8917176491996233 off 0.05613550023136169 neg 0.05214685056901508	false	0.5
harsch	neg 1.0		__DUMMY__ 0.8860927360631112 off 0.0635306370425493 neg 0.05037662689433945	false	0.5
lang	neg 1.0		__DUMMY__ 0.8898696377086919 neg 0.05524576898329404 off 0.054884593308014124	false	1.0
ziellos	neg 1.0		__DUMMY__ 0.8922167429615817 neg 0.055364711138549204 off 0.05241854589986904	false	1.0
selbstverliebt	neg 1.0		__DUMMY__ 0.8770254629541819 off 0.07004364889972839 neg 0.05293088814608973	false	0.5
beseitigen	neg 1.0	neg 1.0	neg 0.5102435249376397 __DUMMY__ 0.4490643545009044 off 0.040692120561455956	false	1.0
dumm	off 1.0		__DUMMY__ 0.8817498957252964 off 0.06570974665356928 neg 0.05254035762113437	false	1.0
arbeitsloser	neg 1.0		__DUMMY__ 0.890480734247742 neg 0.057238804323230384 off 0.0522804614290276	false	1.0
blitzen	neg 1.0		__DUMMY__ 0.888068642416291 off 0.05751877533186349 neg 0.054412582251845504	false	0.5
hilflos	neg 1.0		__DUMMY__ 0.8905238339554499 neg 0.056255272094662155 off 0.05322089394988788	false	1.0
eklig	off 1.0		__DUMMY__ 0.8816918803019376 off 0.06619661973779348 neg 0.052111499960268946	false	1.0
begriff			__DUMMY__ 0.8882254757047385 neg 0.058109596930089075 off 0.05366492736517241	false	0.0
hungersnot	neg 1.0		__DUMMY__ 0.8916605334836823 neg 0.05522903016037629 off 0.0531104363559413	false	1.0
ungesetzlich	neg 1.0		__DUMMY__ 0.8807926535597512 neg 0.06231120505217417 off 0.056896141388074625	false	1.0
verschwendung	neg 1.0		__DUMMY__ 0.8908131942788684 neg 0.05819893277498895 off 0.05098787294614266	false	1.0
schmerzvoll	neg 1.0		__DUMMY__ 0.8889520277359411 off 0.05629742851729373 neg 0.05475054374676532	false	0.5
vorzeitig	neg 1.0		__DUMMY__ 0.8902370551546553 off 0.05734966177293585 neg 0.05241328307240876	false	0.5
unvollkommenheit	neg 1.0		__DUMMY__ 0.8966793063150491 off 0.05227825974209815 neg 0.05104243394285271	false	0.5
intervenieren	neg 1.0		__DUMMY__ 0.8886611238561044 neg 0.060477485716783956 off 0.050861390427111575	false	1.0
banause	off 1.0		__DUMMY__ 0.8786556990214407 off 0.06804818990896727 neg 0.05329611106959208	false	1.0
rebell	neg 1.0		__DUMMY__ 0.8940223741915548 neg 0.05838292300742334 off 0.04759470280102188	false	1.0
unlogisch	neg 1.0		__DUMMY__ 0.8844816268830415 off 0.062381851930348044 neg 0.05313652118661037	false	0.5
leiden	neg 1.0		__DUMMY__ 0.8978957115153305 neg 0.05206612860285493 off 0.05003815988181451	false	1.0
abschaffung	neg 1.0		__DUMMY__ 0.8857426374599845 neg 0.059159218900821896 off 0.05509814363919364	false	1.0
sturz	neg 1.0		__DUMMY__ 0.8906195052656675 neg 0.05489024613005504 off 0.05449024860427743	false	1.0
verkleinerung	neg 1.0		__DUMMY__ 0.8832628597767593 neg 0.059365868326523775 off 0.05737127189671684	false	1.0
schmarotzer	off 1.0		__DUMMY__ 0.887433387394247 neg 0.059655414205694035 off 0.052911198400058916	false	0.5
bestrafung	neg 1.0		__DUMMY__ 0.8882418876126843 off 0.05603529584300872 neg 0.055722816544306907	false	0.5
achtlos	neg 1.0		__DUMMY__ 0.8909964267678683 neg 0.054533459472332055 off 0.054470113759799654	false	1.0
ungeheuer	neg 1.0		__DUMMY__ 0.8890150574590905 off 0.05732828299781899 neg 0.05365665954309045	false	0.5
