unsolidarisch	neg 1.0		__DUMMY__ 0.9269637650448113 neg 0.0392706343718483 off 0.03376560058334047	false	1.0
nachteilig	neg 1.0		__DUMMY__ 0.9326127472042437 neg 0.036950646093311196 off 0.030436606702445083	false	1.0
skeptisch	neg 1.0		__DUMMY__ 0.933329556835599 neg 0.03669350608504302 off 0.029976937079357967	false	1.0
schrecklich	neg 1.0		__DUMMY__ 0.9283759093678277 off 0.04040760209520917 neg 0.031216488536963176	false	0.5
schlapp	neg 1.0		__DUMMY__ 0.9312047653305682 off 0.036715062647090055 neg 0.03208017202234172	false	0.5
abfall	neg 1.0		__DUMMY__ 0.9347593502916307 neg 0.037280441441142426 off 0.02796020826722694	false	1.0
widerspenstig	neg 1.0		__DUMMY__ 0.9330167104507217 neg 0.033842468101308004 off 0.03314082144797027	false	1.0
abrupt	neg 1.0		__DUMMY__ 0.9362244757761816 neg 0.033930771608750916 off 0.029844752615067534	false	1.0
unwirksam	neg 1.0		__DUMMY__ 0.9284317158532926 neg 0.0382917572705902 off 0.033276526876117166	false	1.0
angreifen	neg 1.0	neg 1.0	neg 0.5034446231874593 __DUMMY__ 0.46899474100997707 off 0.027560635802563554	false	1.0
inkonsistent	neg 1.0		__DUMMY__ 0.9330823053396506 off 0.03370389610694207 neg 0.0332137985534073	false	0.5
abrutschen	neg 1.0		__DUMMY__ 0.9346448116701396 neg 0.037125547326928965 off 0.0282296410029314	false	1.0
unsicher	neg 1.0		__DUMMY__ 0.9328152592674535 neg 0.03361144905984755 off 0.03357329167269896	false	1.0
bauernkind	off 1.0	off 1.0	off 0.5063484086788855 __DUMMY__ 0.4616867035756706 neg 0.031964887745443774	false	1.0
angreifer	neg 1.0		__DUMMY__ 0.9328576587856848 off 0.03445817384141867 neg 0.032684167372896505	false	0.5
trennen	neg 1.0		__DUMMY__ 0.9371846418745565 neg 0.03250160904042806 off 0.03031374908501543	false	1.0
schmutz	neg 1.0		__DUMMY__ 0.9368383202757857 off 0.034212290568098304 neg 0.028949389156115855	false	0.5
inkonsistenz	neg 1.0		__DUMMY__ 0.9271433492168251 off 0.03668130916027013 neg 0.03617534162290473	false	0.5
erschreckend	neg 1.0		__DUMMY__ 0.9313423103888891 neg 0.03579010686795191 off 0.03286758274315894	false	1.0
ertrinken	neg 1.0		__DUMMY__ 0.9355163729652264 neg 0.03354402998103022 off 0.030939597053743398	false	1.0
pickelface	off 1.0		__DUMMY__ 0.9328411830778204 neg 0.03523033188686664 off 0.03192848503531291	false	0.5
seiner			__DUMMY__ 0.9349320111398726 neg 0.03485073088571289 off 0.030217257974414626	false	0.0
lauch	neg 1.0		__DUMMY__ 0.9338271428826891 neg 0.038144658482891565 off 0.02802819863441931	false	1.0
unwichtig	neg 1.0		__DUMMY__ 0.9293832361794838 off 0.03703491913782504 neg 0.03358184468269118	false	0.5
steuerhinterziehung	neg 1.0		__DUMMY__ 0.9302538209626716 neg 0.03733134046637757 off 0.032414838570950795	false	1.0
schock	neg 1.0		__DUMMY__ 0.9352972152432476 off 0.03273593513144966 neg 0.031966849625302725	false	0.5
beule	neg 1.0		__DUMMY__ 0.9315509569283414 off 0.03681674227897614 neg 0.031632300792682325	false	0.5
vergelten	neg 1.0		__DUMMY__ 0.9319520909005025 off 0.03953239355494595 neg 0.028515515544551565	false	0.5
verdorbenheit	neg 1.0		__DUMMY__ 0.9335109116726695 neg 0.03391594516456205 off 0.03257314316276843	false	1.0
trauma	neg 1.0		__DUMMY__ 0.9319232731411324 off 0.034176135978396825 neg 0.033900590880470684	false	0.5
sinnlos	neg 1.0		__DUMMY__ 0.9324516718669247 off 0.0352126408324598 neg 0.03233568730061564	false	0.5
fettsack	off 1.0	off 1.0	off 0.5076272077997793 __DUMMY__ 0.4635793298373084 neg 0.028793462362912282	false	1.0
feige	off 1.0	off 1.0	off 0.5043214630915734 __DUMMY__ 0.46459551123553966 neg 0.031083025672886944	false	1.0
abdanken	neg 1.0		__DUMMY__ 0.9305313121152822 neg 0.03623720479050642 off 0.033231483094211436	false	1.0
wichtigtuer	off 1.0	off 1.0	off 0.5022862195652413 __DUMMY__ 0.46613883559906977 neg 0.0315749448356889	false	1.0
misslingen	neg 1.0		__DUMMY__ 0.9375209216396538 off 0.03375600967746035 neg 0.028723068682885825	false	0.5
untreu	off 1.0		__DUMMY__ 0.9285988689887689 off 0.037904422145611155 neg 0.033496708865619965	false	1.0
missmutig	neg 1.0		__DUMMY__ 0.9300758243561572 off 0.036913060215984214 neg 0.03301111542785854	false	0.5
hurenbock	off 1.0		__DUMMY__ 0.9335686868664677 off 0.03408778046222262 neg 0.03234353267130973	false	1.0
betrunken	neg 1.0		__DUMMY__ 0.9313480710441683 off 0.03860932850538396 neg 0.030042600450447675	false	0.5
korrupt	off 1.0		__DUMMY__ 0.928971006429204 neg 0.03894208780091733 off 0.03208690576987866	false	0.5
unmut	neg 1.0		__DUMMY__ 0.9342471854052087 neg 0.03754024852562271 off 0.02821256606916871	false	1.0
hackfresse	off 1.0		__DUMMY__ 0.9254665520438928 off 0.04292061642763551 neg 0.03161283152847168	false	1.0
aufblasen	neg 1.0		__DUMMY__ 0.9335511741162358 off 0.034245920316019585 neg 0.032202905567744716	false	0.5
gewaltsam	neg 1.0		__DUMMY__ 0.9332256067568241 neg 0.03394685732966066 off 0.03282753591351526	false	1.0
unbeliebtheit	neg 1.0		__DUMMY__ 0.924106387638499 neg 0.038962371056828454 off 0.03693124130467255	false	1.0
sturheit	neg 1.0		__DUMMY__ 0.931200615878133 neg 0.03580155386681419 off 0.03299783025505282	false	1.0
kuh	neg 1.0		__DUMMY__ 0.9301421815123498 neg 0.03655501641957293 off 0.033302802068077196	false	1.0
erschrecken	neg 1.0		__DUMMY__ 0.9313326311594488 off 0.03642654194558832 neg 0.032240826894962916	false	0.5
opfer	neg 1.0		__DUMMY__ 0.9347681290453785 neg 0.03409400819839133 off 0.031137862756230095	false	1.0
sinken	neg 1.0		__DUMMY__ 0.9348933991216452 neg 0.0366826517906648 off 0.02842394908768999	false	1.0
stinktier	neg 1.0		__DUMMY__ 0.9264614538696619 off 0.04074535573545709 neg 0.03279319039488088	false	0.5
tucke	off 1.0		__DUMMY__ 0.9222542607022136 off 0.04318442522013421 neg 0.034561314077652165	false	1.0
ein			__DUMMY__ 0.9331301150333335 off 0.03368939253582116 neg 0.0331804924308453	false	0.0
abstieg	neg 1.0		__DUMMY__ 0.9363175626950145 neg 0.03327241395985151 off 0.030410023345133978	false	1.0
missverstehen	neg 1.0		__DUMMY__ 0.9299769496567429 off 0.03550524838435932 neg 0.034517801958897726	false	0.5
ergebnislos	neg 1.0		__DUMMY__ 0.9331982719899693 neg 0.036384136846504135 off 0.030417591163526516	false	1.0
unter			__DUMMY__ 0.9403430268085555 neg 0.03500471875526306 off 0.024652254436181475	false	0.0
manipulieren	neg 1.0		__DUMMY__ 0.9334038013803647 neg 0.036492955981478024 off 0.030103242638157217	false	1.0
unbewiesen	neg 1.0		__DUMMY__ 0.9260407568516903 neg 0.03992482755853205 off 0.03403441558977769	false	1.0
verschleppen	neg 1.0		__DUMMY__ 0.933337271350814 neg 0.034992385147312156 off 0.031670343501873796	false	1.0
weib	off 1.0		__DUMMY__ 0.9253428541195825 off 0.04290319634349746 neg 0.03175394953692004	false	1.0
opposition	neg 1.0		__DUMMY__ 0.9295690809045198 neg 0.0358909209274968 off 0.034539998167983435	false	1.0
verkehrswidrig	neg 1.0	neg 1.0	neg 0.49255564811596625 __DUMMY__ 0.47186733391798386 off 0.03557701796605	false	1.0
inkorrekt	neg 1.0		__DUMMY__ 0.9261411113686622 off 0.03903480915808548 neg 0.03482407947325244	false	0.5
vermeiden	neg 1.0		__DUMMY__ 0.9373331229294816 neg 0.0363928455340571 off 0.0262740315364613	false	1.0
abweichung	neg 1.0		__DUMMY__ 0.93276384847307 neg 0.03659018343839864 off 0.030645968088531365	false	1.0
alkoholisiert	neg 1.0		__DUMMY__ 0.9397911861706627 neg 0.031058431049693372 off 0.029150382779643984	false	1.0
scheiss	off 1.0	off 1.0	off 0.5036658496740637 __DUMMY__ 0.4669973532276695 neg 0.029336797098266865	false	1.0
herausforderung	neg 1.0	neg 1.0	neg 0.49678817947677145 __DUMMY__ 0.4760733661748593 off 0.027138454348369322	false	1.0
pervers	off 1.0		__DUMMY__ 0.9242178207757669 off 0.04523669971125116 neg 0.030545479512982022	false	1.0
wackelig	neg 1.0		__DUMMY__ 0.9367794452478162 neg 0.03196326309277295 off 0.03125729165941093	false	1.0
verwickeln	neg 1.0		__DUMMY__ 0.9298090003655037 off 0.035477237524750176 neg 0.03471376210974607	false	0.5
vorwand	neg 1.0		__DUMMY__ 0.9343229047914463 neg 0.03620277021760119 off 0.029474324990952556	false	1.0
muschi	off 1.0		__DUMMY__ 0.9326784859354605 neg 0.034982390132544616 off 0.032339123931994763	false	0.5
entmutigung	neg 1.0		__DUMMY__ 0.9288692294881221 neg 0.036269436027971586 off 0.03486133448390639	false	1.0
unangemessen	neg 1.0		__DUMMY__ 0.9312664103385072 neg 0.03640975484136547 off 0.03232383482012725	false	1.0
unstetig	neg 1.0		__DUMMY__ 0.9340871325400889 off 0.03371435208883891 neg 0.0321985153710722	false	0.5
entmutigen	neg 1.0		__DUMMY__ 0.9316863918210258 off 0.03448364603767998 neg 0.03382996214129426	false	0.5
schwanz	neg 1.0		__DUMMY__ 0.9347184174891485 neg 0.03549354882320299 off 0.029788033687648464	false	1.0
verbot	neg 1.0		__DUMMY__ 0.9308791348473552 neg 0.037290110608438246 off 0.03183075454420663	false	1.0
leid	neg 1.0		__DUMMY__ 0.9286229063241157 off 0.041121318175657805 neg 0.030255775500226484	false	0.5
archaisch	neg 1.0		__DUMMY__ 0.9331978753896878 neg 0.034799780319727434 off 0.03200234429058469	false	1.0
gegen			__DUMMY__ 0.9358226112411122 neg 0.035047984097798315 off 0.029129404661089438	false	0.0
scheidung	neg 1.0		__DUMMY__ 0.9242070071046997 off 0.048095993888299896 neg 0.027696999007000487	false	0.5
einschlag	neg 1.0	neg 1.0	neg 0.4973812681280398 __DUMMY__ 0.4668947125504253 off 0.035724019321535024	false	1.0
m			__DUMMY__ 0.9344285494551278 neg 0.033921221857496 off 0.03165022868737622	false	0.0
abgestanden	neg 1.0		__DUMMY__ 0.933854453537497 off 0.03314403972010707 neg 0.03300150674239598	false	0.5
schmierig	off 1.0		__DUMMY__ 0.9286867138458578 off 0.040790923820558406 neg 0.03052236233358381	false	1.0
unpraktisch	neg 1.0		__DUMMY__ 0.934114675588389 off 0.0337656416286888 neg 0.03211968278292217	false	0.5
wixxer	off 1.0		__DUMMY__ 0.9234818542781744 off 0.04508008656206692 neg 0.031438059159758565	false	1.0
bezeichnet			__DUMMY__ 0.9314908535757774 neg 0.03521535306105107 off 0.03329379336317151	false	0.0
jammerlappen	off 1.0		__DUMMY__ 0.9297035192745517 off 0.03714363262510859 neg 0.0331528481003397	false	1.0
farce	neg 1.0		__DUMMY__ 0.9296405836872103 neg 0.037999363433423854 off 0.032360052879366	false	1.0
zwecklos	neg 1.0		__DUMMY__ 0.9315558144342403 neg 0.036199125348886564 off 0.03224506021687309	false	1.0
turbulent	neg 1.0		__DUMMY__ 0.929533566937352 off 0.03731088191087473 neg 0.033155551151773203	false	0.5
invasion	neg 1.0		__DUMMY__ 0.932007334596931 off 0.0352044261358862 neg 0.03278823926718276	false	0.5
schuld	neg 1.0		__DUMMY__ 0.9313726351750165 neg 0.034367783696529604 off 0.03425958112845395	false	1.0
risiko	neg 1.0		__DUMMY__ 0.9342999651448813 off 0.03358887488501043 neg 0.03211115997010827	false	0.5
finster	neg 1.0		__DUMMY__ 0.9331543099584239 off 0.033515576309591975 neg 0.033330113731984155	false	0.5
geisteskrank	off 1.0		__DUMMY__ 0.9277887593725432 off 0.03849494077057786 neg 0.03371629985687889	false	1.0
zusammenbrechen	neg 1.0		__DUMMY__ 0.9336558031722367 neg 0.03384463827961431 off 0.03249955854814895	false	1.0
ausbeute	neg 1.0		__DUMMY__ 0.9372156288285067 neg 0.03330567158056052 off 0.029478699590932758	false	1.0
hinterhalt	neg 1.0		__DUMMY__ 0.935452417222465 neg 0.03278830711036182 off 0.031759275667173195	false	1.0
kritik	neg 1.0		__DUMMY__ 0.9303280065110967 neg 0.03740977353596096 off 0.03226221995294238	false	1.0
einschrumpfen	neg 1.0		__DUMMY__ 0.9281900059689593 neg 0.036099866262553224 off 0.0357101277684875	false	1.0
riskant	neg 1.0		__DUMMY__ 0.9326691844544532 neg 0.0363349159929559 off 0.030995899552590828	false	1.0
frustrieren	neg 1.0		__DUMMY__ 0.9332112827168655 neg 0.035719836727504894 off 0.031068880555629525	false	1.0
groll	neg 1.0		__DUMMY__ 0.9330087376596914 neg 0.03496396624190198 off 0.03202729609840663	false	1.0
gibt			__DUMMY__ 0.9323382612222009 neg 0.035321917399390446 off 0.03233982137840871	false	0.0
qualvoll	neg 1.0		__DUMMY__ 0.9326047058264058 off 0.03577687894982949 neg 0.03161841522376476	false	0.5
wackeln	neg 1.0	neg 1.0	neg 0.49849763028789373 __DUMMY__ 0.4707513843157998 off 0.030750985396306444	false	1.0
klagen	neg 1.0		__DUMMY__ 0.9347198658804605 neg 0.036738646254153545 off 0.028541487865385896	false	1.0
bankrott	neg 1.0		__DUMMY__ 0.9311789777223696 off 0.036085424060490014 neg 0.03273559821714042	false	0.5
trauern	neg 1.0		__DUMMY__ 0.9352317629053832 neg 0.033874841210279526 off 0.03089339588433719	false	1.0
ablehnung	neg 1.0		__DUMMY__ 0.9304231126756205 neg 0.03722831624762027 off 0.03234857107675918	false	1.0
stur	neg 1.0		__DUMMY__ 0.9304295580936747 neg 0.03488021289674126 off 0.034690229009584135	false	1.0
aufruhr	neg 1.0		__DUMMY__ 0.9330040721444729 neg 0.034147567198982376 off 0.03284836065654466	false	1.0
melancholie	neg 1.0		__DUMMY__ 0.9346434701544076 neg 0.034153881868904924 off 0.031202647976687373	false	1.0
ist			__DUMMY__ 0.931320724338368 off 0.034782873160474535 neg 0.033896402501157406	false	0.0
torheit	neg 1.0		__DUMMY__ 0.9301569321683603 neg 0.035548423527664554 off 0.0342946443039751	false	1.0
dreckskind	off 1.0		__DUMMY__ 0.9253332831122874 off 0.04182648980147593 neg 0.032840227086236747	false	1.0
umtauschen	neg 1.0		__DUMMY__ 0.9329896725297601 neg 0.034436378127290695 off 0.03257394934294926	false	1.0
zum			__DUMMY__ 0.9409409247749229 neg 0.03280836130523308 off 0.02625071391984403	false	0.0
zersetzen	neg 1.0		__DUMMY__ 0.9323894068517187 neg 0.03761382889171738 off 0.029996764256563946	false	1.0
zur			__DUMMY__ 0.9381052723239907 neg 0.035792987334036824 off 0.026101740341972577	false	0.0
frust	neg 1.0		__DUMMY__ 0.9332425924006081 neg 0.0343064464334534 off 0.032450961165938416	false	1.0
unerbittlichkeit	neg 1.0		__DUMMY__ 0.9329193609455891 neg 0.03700363685686646 off 0.030077002197544347	false	1.0
zwei			__DUMMY__ 0.9387910591854159 neg 0.03334415613912741 off 0.02786478467545657	false	0.0
unkorrekt	neg 1.0		__DUMMY__ 0.92518915198172 off 0.03931215809435787 neg 0.0354986899239221	false	0.5
hexe	off 1.0		__DUMMY__ 0.9298112459504644 off 0.037232829090858705 neg 0.03295592495867687	false	1.0
lasch	neg 1.0		__DUMMY__ 0.9282488735523704 off 0.03638966818334086 neg 0.03536145826428863	false	0.5
rivale	neg 1.0		__DUMMY__ 0.9299277255869945 off 0.03889909175069661 neg 0.031173182662308854	false	0.5
mutlos	off 1.0	off 1.0	off 0.49831450886331413 __DUMMY__ 0.467280946190913 neg 0.03440454494577288	false	1.0
wirr	off 1.0		__DUMMY__ 0.9253820451465626 off 0.03939398323550547 neg 0.03522397161793188	false	1.0
jahr			__DUMMY__ 0.9376930112451223 neg 0.033191174404272286 off 0.02911581435060546	false	0.0
wird			__DUMMY__ 0.9334684273673516 neg 0.03535299360501154 off 0.031178579027636925	false	0.0
strafbar	neg 1.0		__DUMMY__ 0.9322407328650171 neg 0.03659734383087983 off 0.031161923304103133	false	1.0
erosion	neg 1.0		__DUMMY__ 0.9336781492940557 off 0.03371456740712645 neg 0.032607283298817825	false	0.5
eingehen	neg 1.0		__DUMMY__ 0.9311632572938571 neg 0.03703688532073952 off 0.031799857385403425	false	1.0
faul	off 1.0		__DUMMY__ 0.9320106955120622 off 0.03610220682547379 neg 0.03188709766246408	false	1.0
provisorium	neg 1.0		__DUMMY__ 0.9392812909195534 neg 0.03637274566751193 off 0.024345963412934695	false	1.0
schmerzen	neg 1.0		__DUMMY__ 0.9332181901497942 neg 0.03390706209434959 off 0.03287474775585609	false	1.0
schrumpfen	neg 1.0		__DUMMY__ 0.9347633962237489 neg 0.038725627211708066 off 0.026510976564543015	false	1.0
geistlos	off 1.0		__DUMMY__ 0.9265552378721125 neg 0.0376714532824854 off 0.03577330884540219	false	0.5
fehlkauf	neg 1.0		__DUMMY__ 0.93132277171079 off 0.03473955110321572 neg 0.03393767718599429	false	0.5
frustrierend	neg 1.0		__DUMMY__ 0.9319175164045201 off 0.03638344126319105 neg 0.031699042332288714	false	0.5
unzufrieden	neg 1.0		__DUMMY__ 0.9312389713717553 neg 0.03658323028282819 off 0.03217779834541645	false	1.0
verzweifeln	neg 1.0		__DUMMY__ 0.9324359794374724 neg 0.03433017762558848 off 0.033233842936939054	false	1.0
verzweifelt	neg 1.0		__DUMMY__ 0.9310179088798606 off 0.034721521744791595 neg 0.03426056937534778	false	0.5
misstrauensantrag	neg 1.0		__DUMMY__ 0.9301823921507425 off 0.0349716978501999 neg 0.03484590999905754	false	0.5
abfallen	neg 1.0		__DUMMY__ 0.9342678251701492 off 0.03398744597999109 neg 0.03174472884985971	false	0.5
fucker	off 1.0		__DUMMY__ 0.9280159201553713 off 0.038833844322699235 neg 0.03315023552192955	false	1.0
ungezogen	neg 1.0		__DUMMY__ 0.9261929701356434 off 0.04390560062284981 neg 0.029901429241506773	false	0.5
irrsinnig	neg 1.0	neg 1.0	neg 0.5020107336515007 __DUMMY__ 0.46662322975221576 off 0.0313660365962835	false	1.0
unfassbar	neg 1.0		__DUMMY__ 0.928950823255325 off 0.037625053299800613 neg 0.033424123444874394	false	0.5
hart	neg 1.0		__DUMMY__ 0.9311990216720163 off 0.035726277292691844 neg 0.033074701035291955	false	0.5
widerlich	off 1.0		__DUMMY__ 0.9278236185977707 off 0.038352587657550466 neg 0.03382379374467874	false	1.0
fatal	neg 1.0		__DUMMY__ 0.9311057715845256 off 0.035017153221594065 neg 0.03387707519388034	false	0.5
bruch	neg 1.0		__DUMMY__ 0.933713148322015 neg 0.03754141120576486 off 0.028745440472220194	false	1.0
aushungern	neg 1.0		__DUMMY__ 0.9303426428744256 neg 0.0365407867467564 off 0.033116570378818065	false	1.0
anspannung	neg 1.0	neg 1.0	neg 0.49893932028580734 __DUMMY__ 0.4768147171715232 off 0.024245962542669423	false	1.0
von			__DUMMY__ 0.9375416794118933 neg 0.03378899889709275 off 0.02866932169101404	false	0.0
kraftlos	neg 1.0		__DUMMY__ 0.9356962114309991 neg 0.03249826169518314 off 0.03180552687381774	false	1.0
vom			__DUMMY__ 0.940636907910655 neg 0.03468006494109843 off 0.024683027148246516	false	0.0
grenzdebil	off 1.0		__DUMMY__ 0.9293172744527648 off 0.03828224550093171 neg 0.03240048004630348	false	1.0
vor			__DUMMY__ 0.9354917377609366 neg 0.03512437190878999 off 0.029383890330273388	false	0.0
unterwerfen	neg 1.0		__DUMMY__ 0.9335437903809205 neg 0.03555563819096279 off 0.030900571428116672	false	1.0
versenkung	neg 1.0		__DUMMY__ 0.9332382602856665 neg 0.03595089771799194 off 0.030810841996341588	false	1.0
entziehen	neg 1.0		__DUMMY__ 0.9343493692055405 neg 0.03665704050680613 off 0.0289935902876534	false	1.0
finanzkrise	neg 1.0		__DUMMY__ 0.9300387278659077 neg 0.03715658235498132 off 0.032804689779110906	false	1.0
schimpfend	neg 1.0		__DUMMY__ 0.9345693196760951 off 0.03366013147403308 neg 0.0317705488498718	false	0.5
profan	neg 1.0		__DUMMY__ 0.9308353262995628 off 0.03554845482273597 neg 0.033616218877701255	false	0.5
korruption	neg 1.0	neg 1.0	neg 0.5041264843515553 __DUMMY__ 0.46701631912989217 off 0.028857196518552567	false	1.0
â			__DUMMY__ 0.934547061148415 neg 0.034592443470450325 off 0.0308604953811347	false	0.0
schmutzig	neg 1.0		__DUMMY__ 0.9307225806644932 off 0.03782447692354375 neg 0.031452942411963	false	0.5
sexy	neg 1.0		__DUMMY__ 0.9310524485939285 off 0.03603033939776117 neg 0.03291721200831021	false	0.5
abraten	neg 1.0		__DUMMY__ 0.931700590010627 off 0.034738750614063514 neg 0.033560659375309554	false	0.5
schwarz	neg 1.0		__DUMMY__ 0.9309118239955337 neg 0.03454610632924097 off 0.03454206967522523	false	1.0
fotze	off 1.0		__DUMMY__ 0.9334962755357382 neg 0.03579199639772696 off 0.0307117280665348	false	0.5
verwirren	neg 1.0		__DUMMY__ 0.9308489753190682 off 0.03577974348867704 neg 0.03337128119225483	false	0.5
zahnlos	off 1.0		__DUMMY__ 0.9314429558231226 neg 0.03635378458960962 off 0.032203259587267836	false	0.5
verheeren	neg 1.0		__DUMMY__ 0.9276920745080856 off 0.04487389853659789 neg 0.02743402695531657	false	0.5
hippie	neg 1.0		__DUMMY__ 0.9307791668559865 off 0.0357460590953118 neg 0.033474774048701784	false	0.5
rammen	neg 1.0		__DUMMY__ 0.9316682320900711 neg 0.034815328419692745 off 0.03351643949023606	false	1.0
unlauter	neg 1.0		__DUMMY__ 0.9269312394239019 neg 0.039092190602305774 off 0.03397656997379234	false	1.0
unheilvoll	neg 1.0		__DUMMY__ 0.934341995408652 off 0.03479418985536428 neg 0.030863814735983697	false	0.5
niedrig	neg 1.0		__DUMMY__ 0.9351255172025695 neg 0.03499950070494 off 0.02987498209249044	false	1.0
explosion	neg 1.0		__DUMMY__ 0.930380520080106 off 0.035223872945879586 neg 0.034395606974014434	false	0.5
weichei	off 1.0		__DUMMY__ 0.9265361274632491 off 0.04174887638171683 neg 0.03171499615503406	false	1.0
minusmensch	off 1.0		__DUMMY__ 0.9213714349405547 off 0.045116597895120195 neg 0.03351196716432504	false	1.0
farblos	neg 1.0		__DUMMY__ 0.9383585392128594 off 0.03203596319653595 neg 0.02960549759060476	false	0.5
unwissend	neg 1.0	neg 1.0	neg 0.5009800138885223 __DUMMY__ 0.46493469817667676 off 0.0340852879348009	false	1.0
traurig	neg 1.0		__DUMMY__ 0.9290981143107302 off 0.03966033502544438 neg 0.031241550663825512	false	0.5
senkung	neg 1.0		__DUMMY__ 0.9284070870018815 neg 0.03621724839196246 off 0.03537566460615615	false	1.0
ungleich	neg 1.0	neg 1.0	neg 0.5047306016230532 __DUMMY__ 0.46731281027004795 off 0.02795658810689888	false	1.0
heikel	neg 1.0		__DUMMY__ 0.9326536570128181 neg 0.03727048462586892 off 0.030075858361312883	false	1.0
drosselung	neg 1.0		__DUMMY__ 0.9306593096050364 off 0.037736371742850085 neg 0.031604318652113515	false	0.5
falsch	neg 1.0		__DUMMY__ 0.9308133189996459 off 0.03652341717396231 neg 0.03266326382639183	false	0.5
unzufriedenheit	neg 1.0		__DUMMY__ 0.9333065428477723 neg 0.03693867711844302 off 0.029754780033784747	false	1.0
kurz	neg 1.0		__DUMMY__ 0.9347292832000682 neg 0.03324613627842812 off 0.032024580521503636	false	1.0
unsinnig	neg 1.0		__DUMMY__ 0.9303478437095034 neg 0.037127273631970895 off 0.032524882658525746	false	1.0
penner	off 1.0	off 1.0	off 0.5095067772733411 __DUMMY__ 0.4622033554264723 neg 0.028289867300186573	false	1.0
seicht	neg 1.0		__DUMMY__ 0.9233149568133158 off 0.04419197654381868 neg 0.03249306664286549	false	0.5
dummheit	off 1.0	off 1.0	off 0.5025100231328979 __DUMMY__ 0.4656726266963394 neg 0.031817350170762725	false	1.0
unerfreulich	neg 1.0		__DUMMY__ 0.9345344494278472 neg 0.03624365970959154 off 0.029221890862561196	false	1.0
motherfucker	off 1.0	off 1.0	off 0.505441061867009 __DUMMY__ 0.46390817340642104 neg 0.030650764726570027	false	1.0
pikiert	neg 1.0		__DUMMY__ 0.9280220424208417 off 0.03756462633871788 neg 0.03441333124044043	false	0.5
wrack	neg 1.0		__DUMMY__ 0.93763649395815 neg 0.03230066701581678 off 0.030062839026033173	false	1.0
gangster	neg 1.0		__DUMMY__ 0.9314325651111126 off 0.035378618703593094 neg 0.03318881618529428	false	0.5
krank	neg 1.0		__DUMMY__ 0.930786248234285 off 0.038203956954367145 neg 0.03100979481134786	false	0.5
reich	neg 1.0		__DUMMY__ 0.929350372663466 off 0.03651946296276981 neg 0.034130164373764225	false	0.5
gnadenlos	neg 1.0		__DUMMY__ 0.9318373966826157 off 0.0342824253163608 neg 0.033880178001023525	false	0.5
niedergeschlagen	neg 1.0		__DUMMY__ 0.934968138279642 neg 0.03262573864826678 off 0.03240612307209119	false	1.0
terrorisieren	off 1.0	off 1.0	off 0.49851368141056046 __DUMMY__ 0.46996181020557815 neg 0.03152450838386137	false	1.0
sinnlosigkeit	neg 1.0		__DUMMY__ 0.9319132992624404 neg 0.035876540966745425 off 0.03221015977081418	false	1.0
behindern	neg 1.0		__DUMMY__ 0.9313774095220115 neg 0.035872998343110404 off 0.03274959213487807	false	1.0
undemokratisch	neg 1.0		__DUMMY__ 0.9289632682683016 neg 0.03658995605837376 off 0.03444677567332466	false	1.0
wirtschaftskrise	neg 1.0		__DUMMY__ 0.9316948037092376 neg 0.03708400574506671 off 0.031221190545695693	false	1.0
neid	neg 1.0		__DUMMY__ 0.9330815043722157 off 0.03672808756203504 neg 0.030190408065749255	false	0.5
rutschen	neg 1.0	neg 1.0	neg 0.49947500877626544 __DUMMY__ 0.475251118803188 off 0.02527387242054653	false	1.0
rezession	neg 1.0		__DUMMY__ 0.9260712009230813 off 0.04053727999687467 neg 0.03339151908004408	false	0.5
fehlgeburt	neg 1.0		__DUMMY__ 0.9343039230979331 off 0.03470821702037049 neg 0.03098785988169651	false	0.5
charakterschwach	off 1.0		__DUMMY__ 0.9294231471420383 off 0.03817801213978515 neg 0.03239884071817654	false	1.0
isolation	neg 1.0		__DUMMY__ 0.9315542598219392 off 0.036242203817696314 neg 0.03220353636036453	false	0.5
ablenkung	neg 1.0		__DUMMY__ 0.9325763221862591 neg 0.03374420779473012 off 0.033679470019010865	false	1.0
pech	neg 1.0		__DUMMY__ 0.931440664822344 off 0.03580870713632481 neg 0.032750628041331165	false	0.5
vermeidung	neg 1.0		__DUMMY__ 0.9276729785799829 off 0.038059781214408325 neg 0.03426724020560874	false	0.5
dominieren	neg 1.0		__DUMMY__ 0.9359356178892543 neg 0.03317166327399423 off 0.03089271883675156	false	1.0
schwindlig	neg 1.0		__DUMMY__ 0.9352597566903078 off 0.03469291850773213 neg 0.03004732480196007	false	0.5
lutscher	neg 1.0		__DUMMY__ 0.9234811220817326 off 0.04444712245730596 neg 0.032071755460961464	false	0.5
pflicht	neg 1.0		__DUMMY__ 0.9326665151720526 neg 0.037183959345871695 off 0.03014952548207572	false	1.0
faschist	off 1.0		__DUMMY__ 0.9281827283697068 off 0.0360227471093779 neg 0.03579452452091527	false	1.0
verschleudern	neg 1.0		__DUMMY__ 0.9287154365030504 neg 0.04058178222624356 off 0.030702781270705984	false	1.0
wenn			__DUMMY__ 0.9304489863914519 off 0.03672395466453889 neg 0.03282705894400924	false	0.0
ehebruch	neg 1.0		__DUMMY__ 0.9329201209511007 neg 0.03567496387351968 off 0.031404915175379695	false	1.0
spott	off 1.0		__DUMMY__ 0.9316891075596991 neg 0.03724649480262353 off 0.03106439763767738	false	0.5
trostlosigkeit	neg 1.0		__DUMMY__ 0.9355985548936644 neg 0.03533375550481843 off 0.029067689601517135	false	1.0
lutschen	neg 1.0		__DUMMY__ 0.9299672868448585 off 0.03530828597748483 neg 0.034724427177656655	false	0.5
undiszipliniert	neg 1.0		__DUMMY__ 0.9300461282088488 off 0.03897556812818863 neg 0.030978303662962513	false	0.5
kopfschmerz	neg 1.0		__DUMMY__ 0.9350082711146033 neg 0.03314741305135775 off 0.03184431583403901	false	1.0
unvorhergesehen	neg 1.0		__DUMMY__ 0.9374394500094198 neg 0.032363756602026575 off 0.030196793388553664	false	1.0
desinteressiert	neg 1.0		__DUMMY__ 0.9282798440473806 off 0.03900510451993542 neg 0.032715051432683925	false	0.5
armselig	off 1.0		__DUMMY__ 0.926049167121316 off 0.039877827884065395 neg 0.03407300499461855	false	1.0
desaster	neg 1.0		__DUMMY__ 0.9338319093093244 neg 0.03778480775024432 off 0.028383282940431336	false	1.0
tod	neg 1.0		__DUMMY__ 0.9374455237864663 neg 0.031741945719545174 off 0.03081253049398846	false	1.0
herzlos	neg 1.0		__DUMMY__ 0.927520510662597 off 0.040089801147403924 neg 0.032389688189999	false	0.5
unwissenheit	neg 1.0		__DUMMY__ 0.9300527792437133 neg 0.03783626263399988 off 0.03211095812228674	false	1.0
widersinnig	neg 1.0	neg 1.0	neg 0.5054454599475969 __DUMMY__ 0.46488325888565984 off 0.02967128116674325	false	1.0
bedenklich	neg 1.0		__DUMMY__ 0.9319044631282805 neg 0.03692902832660457 off 0.031166508545114966	false	1.0
beanstanden	neg 1.0		__DUMMY__ 0.9336261631140643 neg 0.036756506722054064 off 0.029617330163881652	false	1.0
panisch	neg 1.0	neg 1.0	neg 0.49674319125408517 __DUMMY__ 0.47129179092461704 off 0.031965017821297834	false	1.0
debil	off 1.0		__DUMMY__ 0.937262538156406 neg 0.037187603317521 off 0.02554985852607303	false	0.5
abstrich	neg 1.0		__DUMMY__ 0.9333461885521195 neg 0.03644252350699539 off 0.030211287940885147	false	1.0
primitiv	neg 1.0		__DUMMY__ 0.9279729829897804 off 0.03869347151827856 neg 0.03333354549194106	false	0.5
abschaum	off 1.0	off 1.0	off 0.5040009114861155 __DUMMY__ 0.4653804683207211 neg 0.030618620193163398	false	1.0
provozieren	neg 1.0		__DUMMY__ 0.9309110182385228 neg 0.03492916144200579 off 0.03415982031947131	false	1.0
tot	neg 1.0		__DUMMY__ 0.9335001834361436 neg 0.03631085848938255 off 0.030188958074473828	false	1.0
instabil	neg 1.0		__DUMMY__ 0.9259922488333397 off 0.03851952063474833 neg 0.03548823053191186	false	0.5
schwuchtel	off 1.0		__DUMMY__ 0.9210975292402217 off 0.04810398571338956 neg 0.030798485046388806	false	1.0
zerren	neg 1.0		__DUMMY__ 0.9347694839436902 off 0.032623696120253336 neg 0.032606819936056436	false	0.5
kinderficker	off 1.0		__DUMMY__ 0.9243375850956096 off 0.04175277731459879 neg 0.033909637589791555	false	1.0
gefahr	neg 1.0		__DUMMY__ 0.9342942973085019 neg 0.03584758065703438 off 0.02985812203446374	false	1.0
rabiat	neg 1.0		__DUMMY__ 0.9308844092339367 neg 0.03543479813186641 off 0.03368079263419684	false	1.0
verlangsamung	neg 1.0		__DUMMY__ 0.9262978519247564 off 0.04301875225879422 neg 0.03068339581644935	false	0.5
ausgestorben	neg 1.0		__DUMMY__ 0.9339366415045468 off 0.033066291084295645 neg 0.032997067411157564	false	0.5
anklagen	neg 1.0		__DUMMY__ 0.9318665575520027 neg 0.035676131898887437 off 0.032457310549109955	false	1.0
trott	neg 1.0		__DUMMY__ 0.9331596954756642 neg 0.03393815560333605 off 0.032902148920999734	false	1.0
verminderung	neg 1.0		__DUMMY__ 0.9281303416626097 off 0.038595945037485264 neg 0.03327371329990514	false	0.5
nach			__DUMMY__ 0.9415741762747968 neg 0.03180117120666544 off 0.0266246525185378	false	0.0
rost	neg 1.0		__DUMMY__ 0.928156064945073 off 0.04179802561427318 neg 0.030045909440653863	false	0.5
destruktiv	neg 1.0		__DUMMY__ 0.9296328124720153 neg 0.036942686891474896 off 0.033424500636509764	false	1.0
unzumutbarkeit	neg 1.0		__DUMMY__ 0.9316258739964219 off 0.0367507845717582 neg 0.0316233414318198	false	0.5
labil	off 1.0	off 1.0	off 0.503974044852323 __DUMMY__ 0.46528938793224456 neg 0.030736567215432498	false	1.0
ziemlich	neg 1.0		__DUMMY__ 0.9304782940630858 off 0.03784196561668564 neg 0.031679740320228585	false	0.5
lachnummer	off 1.0		__DUMMY__ 0.9306419128229646 neg 0.035659967024540676 off 0.03369812015249468	false	0.5
oder			__DUMMY__ 0.9336305790487905 off 0.03343984644114225 neg 0.03292957451006725	false	0.0
verfall	neg 1.0		__DUMMY__ 0.9355834547091042 neg 0.03792084975531184 off 0.02649569553558399	false	1.0
ausgrenzung	neg 1.0		__DUMMY__ 0.9294786074157229 neg 0.03556321318675495 off 0.03495817939752218	false	1.0
unordnung	neg 1.0		__DUMMY__ 0.9323131661234015 off 0.03728261614126608 neg 0.030404217735332313	false	0.5
fehlverhalten	neg 1.0		__DUMMY__ 0.9329210444809484 neg 0.036696474670286146 off 0.030382480848765495	false	1.0
eine			__DUMMY__ 0.934156799954441 neg 0.03627741633666161 off 0.029565783708897352	false	0.0
nille	neg 1.0		__DUMMY__ 0.9327108244261166 neg 0.03453753910279039 off 0.0327516364710929	false	1.0
qual	neg 1.0		__DUMMY__ 0.9330137254995224 neg 0.03418046275943852 off 0.03280581174103904	false	1.0
verschwenden	neg 1.0		__DUMMY__ 0.9320903778840558 neg 0.036546130845080176 off 0.03136349127086401	false	1.0
riesig	neg 1.0	neg 1.0	neg 0.4992556455072203 __DUMMY__ 0.4727556892074098 off 0.027988665285369883	false	1.0
verurteilen	neg 1.0		__DUMMY__ 0.932048112445631 neg 0.035764441045878274 off 0.03218744650849065	false	1.0
klischee	neg 1.0	neg 1.0	neg 0.5019956852920463 __DUMMY__ 0.4648627771916037 off 0.0331415375163501	false	1.0
diktatorisch	neg 1.0		__DUMMY__ 0.9280470904259438 neg 0.037014607662362566 off 0.03493830191169355	false	1.0
vorhersehbar	neg 1.0	neg 1.0	neg 0.5015717552320568 __DUMMY__ 0.4657001179406824 off 0.032728126827260694	false	1.0
sowie			__DUMMY__ 0.926623558740448 off 0.041561060343864524 neg 0.031815380915687516	false	0.0
stornieren	neg 1.0		__DUMMY__ 0.9373486396688795 off 0.03372746916141165 neg 0.02892389116970884	false	0.5
besteuerung	neg 1.0		__DUMMY__ 0.928504836460423 neg 0.03770695042889244 off 0.033788213110684494	false	1.0
ungeschminkt	neg 1.0		__DUMMY__ 0.9283080899180649 off 0.03769927086293358 neg 0.03399263921900149	false	0.5
kritisch	neg 1.0		__DUMMY__ 0.9320369521691318 neg 0.03684976460834353 off 0.031113283222524556	false	1.0
schlamperei	off 1.0		__DUMMY__ 0.9320689350959918 neg 0.03759034812773108 off 0.030340716776277216	false	0.5
sucht	neg 1.0	neg 1.0	neg 0.4990395102316254 __DUMMY__ 0.4710280988815824 off 0.029932390886792146	false	1.0
egoistisch	off 1.0		__DUMMY__ 0.9272345616623259 off 0.041884301683246944 neg 0.030881136654427255	false	1.0
ausbeuter	off 1.0		__DUMMY__ 0.9317335280342227 neg 0.03797367475759959 off 0.03029279720817771	false	0.5
arschgeburt	off 1.0		__DUMMY__ 0.9202307767312884 off 0.048409654601250705 neg 0.03135956866746101	false	1.0
schubs	neg 1.0	neg 1.0	neg 0.4998692129021446 __DUMMY__ 0.4717135159650562 off 0.028417271132799213	false	1.0
unsolide	neg 1.0		__DUMMY__ 0.9248555718839647 neg 0.03989266811291786 off 0.03525176000311739	false	1.0
beschwerde	neg 1.0		__DUMMY__ 0.9319918356900155 neg 0.03761804841307758 off 0.0303901158969069	false	1.0
stocken	neg 1.0		__DUMMY__ 0.9331399890850299 neg 0.0360561188293273 off 0.030803892085642767	false	1.0
isolieren	neg 1.0		__DUMMY__ 0.9317324409344615 neg 0.036632595934718806 off 0.03163496313081976	false	1.0
unheilbar	neg 1.0		__DUMMY__ 0.9343899895630725 off 0.03399672674745105 neg 0.03161328368947644	false	0.5
pisser	off 1.0		__DUMMY__ 0.9293541327762411 off 0.0388245278687978 neg 0.03182133935496105	false	1.0
löschen	neg 1.0		__DUMMY__ 0.9323443338712861 neg 0.0343085232788173 off 0.03334714284989654	false	1.0
durchfallen	neg 1.0		__DUMMY__ 0.9305240796532427 neg 0.03745556671469221 off 0.03202035363206515	false	1.0
wichser	off 1.0		__DUMMY__ 0.9248707390001042 off 0.04540615650918749 neg 0.029723104490708366	false	1.0
terror	neg 1.0		__DUMMY__ 0.9329627272303747 off 0.03519099376616068 neg 0.03184627900346464	false	0.5
krass	neg 1.0		__DUMMY__ 0.9275782356244688 off 0.04009435671583211 neg 0.032327407659699145	false	0.5
revolte	neg 1.0		__DUMMY__ 0.9290671097076536 neg 0.03560002411268342 off 0.035332866179663025	false	1.0
besorgt	neg 1.0		__DUMMY__ 0.9359055001018565 neg 0.03220142330578146 off 0.031893076592362055	false	1.0
nachlassen	neg 1.0		__DUMMY__ 0.9341569903182007 neg 0.03564598907617634 off 0.03019702060562294	false	1.0
alt	neg 1.0		__DUMMY__ 0.9340680492204054 neg 0.03540864786121395 off 0.030523302918380627	false	1.0
hundesohn	off 1.0		__DUMMY__ 0.9234334403125134 off 0.04468990939546052 neg 0.031876650292026076	false	1.0
als			__DUMMY__ 0.9346537686354001 neg 0.033238607654564475 off 0.032107623710035456	false	0.0
abschreckung	neg 1.0		__DUMMY__ 0.9345432077820958 neg 0.036198454774045985 off 0.029258337443858282	false	1.0
unqualifiziert	neg 1.0		__DUMMY__ 0.9268958412885111 neg 0.03682150416098899 off 0.036282654550499886	false	1.0
abgewichst	off 1.0		__DUMMY__ 0.9334998893838612 neg 0.0343673290501387 off 0.03213278156600016	false	0.5
schwer	neg 1.0		__DUMMY__ 0.9324775142281146 neg 0.03404680525285107 off 0.0334756805190342	false	1.0
bedeutungslosigkeit	neg 1.0		__DUMMY__ 0.9333070738366448 neg 0.036766924369167724 off 0.029926001794187505	false	1.0
kapitulation	neg 1.0		__DUMMY__ 0.9308701440214288 neg 0.03808380900072641 off 0.031046046977844775	false	1.0
unscharf	neg 1.0		__DUMMY__ 0.9312189913400007 off 0.03462668373956914 neg 0.03415432492043005	false	0.5
schwinden	neg 1.0		__DUMMY__ 0.9334227048649175 neg 0.03684727105584043 off 0.029730024079242117	false	1.0
versklavung	neg 1.0		__DUMMY__ 0.9282656165077233 neg 0.03719124872062343 off 0.03454313477165335	false	1.0
schlecht	neg 1.0		__DUMMY__ 0.9307230103388319 off 0.037988301265970977 neg 0.03128868839519721	false	0.5
verhasst	neg 1.0		__DUMMY__ 0.9310595395468784 neg 0.03449839606271215 off 0.034442064390409595	false	1.0
beschweren	neg 1.0		__DUMMY__ 0.9312496841932569 off 0.03495040512190901 neg 0.03379991068483409	false	0.5
scheiden	neg 1.0		__DUMMY__ 0.9372178164488608 off 0.03320252520317142 neg 0.02957965834796777	false	0.5
frustriert	neg 1.0		__DUMMY__ 0.9327806951646976 neg 0.03446857223274049 off 0.032750732602561804	false	1.0
schimmelig	neg 1.0		__DUMMY__ 0.934956367969877 neg 0.035205326864064385 off 0.02983830516605855	false	1.0
fisch	neg 1.0		__DUMMY__ 0.9394110231605329 neg 0.03178551121936128 off 0.02880346562010568	false	1.0
schmuggel	neg 1.0		__DUMMY__ 0.9379463847542575 neg 0.03241506248158759 off 0.029638552764154936	false	1.0
auffallen	neg 1.0		__DUMMY__ 0.9312625950125255 off 0.03538295022788533 neg 0.03335445475958911	false	0.5
konkurrenz	neg 1.0	neg 1.0	neg 0.5034356361389432 __DUMMY__ 0.4700671103883134 off 0.026497253472743332	false	1.0
teufelskreis	neg 1.0		__DUMMY__ 0.9318915145665644 neg 0.03490902670970153 off 0.033199458723734025	false	1.0
aufschreien	neg 1.0		__DUMMY__ 0.9302819808936699 off 0.035359769617414535 neg 0.03435824948891562	false	0.5
schuldner	neg 1.0		__DUMMY__ 0.9343270795937945 neg 0.0357736125412902 off 0.029899307864915448	false	1.0
missgeburt	off 1.0	off 1.0	off 0.5078248005578205 __DUMMY__ 0.46344018460051506 neg 0.02873501484166432	false	1.0
arbeitslos	neg 1.0		__DUMMY__ 0.930588032496468 neg 0.03713846683988845 off 0.032273500663643505	false	1.0
befallen	neg 1.0		__DUMMY__ 0.9326391314130962 neg 0.034982123761813776 off 0.03237874482509003	false	1.0
miesepetrig	off 1.0	off 1.0	off 0.5041895956934505 __DUMMY__ 0.466915390789358 neg 0.028895013517191624	false	1.0
alarmieren	neg 1.0		__DUMMY__ 0.9284111046525261 off 0.03714984804020037 neg 0.034439047307273575	false	0.5
ungeduscht	off 1.0		__DUMMY__ 0.9318965007815939 off 0.03550361512892906 neg 0.03259988408947709	false	1.0
knappheit	neg 1.0		__DUMMY__ 0.9308735216557729 neg 0.03827857786811797 off 0.030847900476109132	false	1.0
schlange	neg 1.0		__DUMMY__ 0.934198554392616 off 0.03463992783905025 neg 0.031161517768333785	false	0.5
harsch	neg 1.0		__DUMMY__ 0.9293363278691651 off 0.040787601263711434 neg 0.029876070867123523	false	0.5
lang	neg 1.0		__DUMMY__ 0.9326368840261254 neg 0.033700052823925325 off 0.03366306314994921	false	1.0
ziellos	neg 1.0		__DUMMY__ 0.9345695902585323 neg 0.03376664289795985 off 0.031663766843507885	false	1.0
selbstverliebt	neg 1.0		__DUMMY__ 0.9216235449016653 off 0.046250325090429756 neg 0.03212613000790503	false	0.5
beseitigen	neg 1.0	neg 1.0	neg 0.4989100005292676 __DUMMY__ 0.4713713378718363 off 0.029718661598896075	false	1.0
dumm	off 1.0		__DUMMY__ 0.9257264730546725 off 0.042576846110137255 neg 0.03169668083519031	false	1.0
arbeitsloser	neg 1.0		__DUMMY__ 0.9331057812965888 neg 0.03522642495843824 off 0.03166779374497295	false	1.0
blitzen	neg 1.0		__DUMMY__ 0.931126762833108 off 0.035853180497913556 neg 0.03302005666897838	false	0.5
hilflos	neg 1.0		__DUMMY__ 0.9331791279454477 neg 0.03450490601901365 off 0.032315966035538754	false	1.0
eklig	off 1.0		__DUMMY__ 0.9256750351781723 off 0.042951179497176396 neg 0.031373785324651335	false	1.0
begriff			__DUMMY__ 0.9312333918760465 neg 0.03602137421344079 off 0.0327452339105127	false	0.0
hungersnot	neg 1.0		__DUMMY__ 0.934190292287294 neg 0.03353969762905371 off 0.0322700100836523	false	1.0
ungesetzlich	neg 1.0		__DUMMY__ 0.9247597778244068 neg 0.03956611222963303 off 0.035674109945960195	false	1.0
verschwendung	neg 1.0		__DUMMY__ 0.9334182605210882 neg 0.03605817587644488 off 0.030523563602466875	false	1.0
schmerzvoll	neg 1.0		__DUMMY__ 0.9318259874832917 off 0.034834686164818114 neg 0.03333932635189014	false	0.5
vorzeitig	neg 1.0		__DUMMY__ 0.9329674136031156 off 0.03568156364525331 neg 0.031351022751631104	false	0.5
unvollkommenheit	neg 1.0		__DUMMY__ 0.9385758779489948 off 0.031400185236001944 neg 0.030023936815003247	false	0.5
intervenieren	neg 1.0		__DUMMY__ 0.9316024973394688 neg 0.03787561556908595 off 0.030521887091445377	false	1.0
banause	off 1.0		__DUMMY__ 0.923045457821956 off 0.044528782031287184 neg 0.03242576014675687	false	1.0
rebell	neg 1.0		__DUMMY__ 0.9362554379677247 neg 0.03615280746977465 off 0.027591754562500556	false	1.0
unlogisch	neg 1.0		__DUMMY__ 0.9280607384304626 off 0.03982947431291936 neg 0.03210978725661816	false	0.5
leiden	neg 1.0		__DUMMY__ 0.9396159075957138 neg 0.03089824677276962 off 0.029485845631516475	false	1.0
abschaffung	neg 1.0		__DUMMY__ 0.9291160873958305 neg 0.036923144664952307 off 0.03396076793921721	false	1.0
sturz	neg 1.0		__DUMMY__ 0.9332312656303049 neg 0.033390189958422724 off 0.033378544411272346	false	1.0
verkleinerung	neg 1.0		__DUMMY__ 0.9269327729701928 neg 0.03719664315524159 off 0.03587058387456547	false	1.0
schmarotzer	off 1.0		__DUMMY__ 0.9305231859998566 neg 0.037289307048613274 off 0.032187506951530165	false	0.5
bestrafung	neg 1.0		__DUMMY__ 0.9312314477626135 off 0.03469017520362947 neg 0.03407837703375698	false	0.5
achtlos	neg 1.0		__DUMMY__ 0.9335571350958459 off 0.033328084376538565 neg 0.03311478052761549	false	0.5
