unsolidarisch	neg 1.0		__DUMMY__ 0.8832882223657139 neg 0.061992046552428806 off 0.05471973108185723	false	1.0
nachteilig	neg 1.0		__DUMMY__ 0.8898198069620316 neg 0.059313530160785374 off 0.050866662877183076	false	1.0
skeptisch	neg 1.0		__DUMMY__ 0.8907059379403387 neg 0.05899796106590592 off 0.05029610099375539	false	1.0
schrecklich	neg 1.0		__DUMMY__ 0.8848584278519701 off 0.06311405075775695 neg 0.052027521390273	false	0.5
schlapp	neg 1.0		__DUMMY__ 0.8881146497025321 off 0.05875561631560753 neg 0.053129733981860466	false	0.5
abfall	neg 1.0		__DUMMY__ 0.892440789628429 neg 0.05971217925084325 off 0.04784703112072784	false	1.0
widerspenstig	neg 1.0		__DUMMY__ 0.8902751429045612 neg 0.05537542373198799 off 0.05434943336345084	false	1.0
abrupt	neg 1.0		__DUMMY__ 0.8941021313244045 neg 0.05559705023823204 off 0.05030081843736339	false	1.0
unwirksam	neg 1.0		__DUMMY__ 0.8849670209255865 neg 0.060714973843063964 off 0.05431800523134959	false	1.0
angreifen	neg 1.0	neg 1.0	neg 0.5147533299354617 __DUMMY__ 0.44687547301550923 off 0.03837119704902892	false	1.0
inkonsistent	neg 1.0		__DUMMY__ 0.8903000953854848 off 0.05504067153266753 neg 0.05465923308184759	false	0.5
abrutschen	neg 1.0		__DUMMY__ 0.8923075198843567 neg 0.05951010417739219 off 0.04818237593825108	false	1.0
unsicher	neg 1.0		__DUMMY__ 0.8901381940339828 neg 0.05513665053104762 off 0.054725155434969634	false	1.0
bauernkind	off 1.0	off 1.0	off 0.5174564615424864 __DUMMY__ 0.4396069941727133 neg 0.04293654428480029	false	1.0
angreifer	neg 1.0		__DUMMY__ 0.890176923165222 off 0.05576760639182425 neg 0.05405547044295381	false	0.5
trennen	neg 1.0		__DUMMY__ 0.89524160057235 neg 0.053918098553506474 off 0.050840300874143415	false	1.0
schmutz	neg 1.0		__DUMMY__ 0.8946560180597459 off 0.055699466306038344 neg 0.04964451563421577	false	0.5
inkonsistenz	neg 1.0		__DUMMY__ 0.8834427214776862 off 0.05840368870386266 neg 0.05815358981845124	false	0.5
erschreckend	neg 1.0		__DUMMY__ 0.8884095991836966 neg 0.05779115654591901 off 0.053799244270384336	false	1.0
ertrinken	neg 1.0		__DUMMY__ 0.8933222853443719 neg 0.05513381544506427 off 0.05154389921056386	false	1.0
pickelface	off 1.0		__DUMMY__ 0.8900612220820926 neg 0.05717843054176587 off 0.052760347376141443	false	0.5
seiner			__DUMMY__ 0.8926026282399574 neg 0.056756951412171755 off 0.05064042034787078	false	0.0
lauch	neg 1.0		__DUMMY__ 0.8912670790357567 neg 0.06071751205025195 off 0.04801540891399131	false	1.0
unwichtig	neg 1.0		__DUMMY__ 0.8860563447182144 off 0.058941379389497534 neg 0.05500227589228819	false	0.5
steuerhinterziehung	neg 1.0		__DUMMY__ 0.8870998545606021 neg 0.059734152612539025 off 0.053165992826858764	false	1.0
schock	neg 1.0		__DUMMY__ 0.8930476440664763 off 0.05377909594181779 neg 0.05317325999170601	false	0.5
beule	neg 1.0		__DUMMY__ 0.888461338708482 off 0.05892879134884055 neg 0.05260986994267743	false	0.5
vergelten	neg 1.0		__DUMMY__ 0.8890153343386255 off 0.06197051855555362 neg 0.04901414710582092	false	0.5
verdorbenheit	neg 1.0		__DUMMY__ 0.8908335045361637 neg 0.05545965315431402 off 0.05370684230952232	false	1.0
trauma	neg 1.0		__DUMMY__ 0.8890341863722413 off 0.055496345608359574 neg 0.055469468019399205	false	0.5
sinnlos	neg 1.0		__DUMMY__ 0.8896459309474538 off 0.05675843482893945 neg 0.05359563422360675	false	0.5
fettsack	off 1.0	off 1.0	off 0.5187502895604512 __DUMMY__ 0.44144289588733376 neg 0.03980681455221509	false	1.0
feige	off 1.0	off 1.0	off 0.515265524617349 __DUMMY__ 0.4425181530327609 neg 0.04221632234989005	false	1.0
abdanken	neg 1.0		__DUMMY__ 0.8874577743783355 neg 0.058433403972300624 off 0.0541088216493639	false	1.0
wichtigtuer	off 1.0	off 1.0	off 0.5132080051297351 __DUMMY__ 0.44402225353671015 neg 0.04276974133355478	false	1.0
misslingen	neg 1.0		__DUMMY__ 0.8954259948316181 off 0.05515829287292699 neg 0.049415712295454925	false	0.5
untreu	off 1.0		__DUMMY__ 0.8851817681930508 off 0.0600011634543269 neg 0.05481706835262224	false	1.0
missmutig	neg 1.0		__DUMMY__ 0.8869076358852892 off 0.05883701032021765 neg 0.054255353794493075	false	0.5
hurenbock	off 1.0		__DUMMY__ 0.8909304986478956 off 0.055470510415283954 neg 0.05359899093682037	false	1.0
betrunken	neg 1.0		__DUMMY__ 0.8882753318790652 off 0.06104677001991508 neg 0.050677898101019685	false	0.5
korrupt	off 1.0		__DUMMY__ 0.8856086007791489 neg 0.06167918306857966 off 0.05271221615227145	false	0.5
unmut	neg 1.0		__DUMMY__ 0.8917747955932928 neg 0.060106996410442134 off 0.04811820799626515	false	1.0
hackfresse	off 1.0		__DUMMY__ 0.8814399316401111 off 0.06615411418544091 neg 0.05240595417444797	false	1.0
aufblasen	neg 1.0		__DUMMY__ 0.8909298388617205 off 0.055670582963852695 neg 0.0533995781744269	false	0.5
gewaltsam	neg 1.0		__DUMMY__ 0.890602566781243 neg 0.05559743268205228 off 0.053800000536704744	false	1.0
unbeliebtheit	neg 1.0		__DUMMY__ 0.8799973868263157 neg 0.061417130318340854 off 0.05858548285534338	false	1.0
sturheit	neg 1.0		__DUMMY__ 0.8882233372296381 neg 0.057875955278117466 off 0.05390070749224447	false	1.0
kuh	neg 1.0		__DUMMY__ 0.8868381934138153 neg 0.058587565618860166 off 0.054574240967324446	false	1.0
erschrecken	neg 1.0		__DUMMY__ 0.8883571294638721 off 0.05826691914255348 neg 0.05337595139357446	false	0.5
opfer	neg 1.0		__DUMMY__ 0.8923648608225428 neg 0.05589326947023143 off 0.05174186970722571	false	1.0
sinken	neg 1.0		__DUMMY__ 0.8925461614636947 neg 0.05902699635034266 off 0.04842684218596261	false	1.0
stinktier	neg 1.0		__DUMMY__ 0.8825879925317576 off 0.06350367984051927 neg 0.053908327627723115	false	0.5
tucke	off 1.0		__DUMMY__ 0.8777112202703501 off 0.06644139997683185 neg 0.0558473797528181	false	1.0
ein			__DUMMY__ 0.8904777822009724 off 0.054983245074956735 neg 0.05453897272407087	false	0.0
abstieg	neg 1.0		__DUMMY__ 0.8941909939430388 neg 0.054949675735974465 off 0.05085933032098677	false	1.0
missverstehen	neg 1.0		__DUMMY__ 0.8867613209847702 off 0.05704110319619504 neg 0.056197575819034756	false	0.5
ergebnislos	neg 1.0		__DUMMY__ 0.8905837875138255 neg 0.058619069213709706 off 0.050797143272464804	false	1.0
unter			__DUMMY__ 0.8989075548878009 neg 0.05710450846138049 off 0.04398793665081859	false	0.0
manipulieren	neg 1.0		__DUMMY__ 0.89078552934324 neg 0.058802374881894034 off 0.05041209577486604	false	1.0
unbewiesen	neg 1.0		__DUMMY__ 0.8822478124639378 neg 0.06275423794720385 off 0.05499794958885835	false	1.0
verschleppen	neg 1.0		__DUMMY__ 0.8907004906843969 neg 0.05698812524036909 off 0.052311384075233884	false	1.0
weib	off 1.0		__DUMMY__ 0.8812929618708741 off 0.06611404362813256 neg 0.05259299450099321	false	1.0
opposition	neg 1.0		__DUMMY__ 0.8862969230564155 neg 0.05777186879346872 off 0.05593120815011573	false	1.0
verkehrswidrig	neg 1.0	neg 1.0	neg 0.5037311457625064 __DUMMY__ 0.44944356771051447 off 0.046825286526979114	false	1.0
inkorrekt	neg 1.0		__DUMMY__ 0.8822641461846168 off 0.06125015074037834 neg 0.05648570307500475	false	0.5
vermeiden	neg 1.0		__DUMMY__ 0.8953147955393388 neg 0.05874010229772266 off 0.04594510216293858	false	1.0
abweichung	neg 1.0		__DUMMY__ 0.8899884895223695 neg 0.058896240731975094 off 0.05111526974565538	false	1.0
alkoholisiert	neg 1.0		__DUMMY__ 0.8981031332825361 neg 0.05222146877935481 off 0.04967539793810904	false	1.0
scheiss	off 1.0	off 1.0	off 0.5148765268156434 __DUMMY__ 0.4447230470770961 neg 0.04040042610726053	false	1.0
herausforderung	neg 1.0	neg 1.0	neg 0.5082420015089929 __DUMMY__ 0.45362648792701815 off 0.03813151056398903	false	1.0
pervers	off 1.0		__DUMMY__ 0.8799655989694889 off 0.06895092474005536 neg 0.051083476290455704	false	1.0
wackelig	neg 1.0		__DUMMY__ 0.8946800015725247 neg 0.053207314426968015 off 0.0521126840005072	false	1.0
verwickeln	neg 1.0		__DUMMY__ 0.8865961799227832 off 0.05697942518153445 neg 0.05642439489568244	false	0.5
vorwand	neg 1.0		__DUMMY__ 0.8918407817458842 neg 0.05846150745420956 off 0.04969771079990614	false	1.0
muschi	off 1.0		__DUMMY__ 0.8899114201784307 neg 0.05686834447239468 off 0.053220235349174624	false	0.5
entmutigung	neg 1.0		__DUMMY__ 0.8854826649570362 neg 0.058412276318753606 off 0.0561050587242103	false	1.0
unangemessen	neg 1.0		__DUMMY__ 0.8882724347622817 neg 0.0586199275302492 off 0.05310763770746916	false	1.0
unstetig	neg 1.0		__DUMMY__ 0.8914703380726343 off 0.055066926476840486 neg 0.05346273545052521	false	0.5
entmutigen	neg 1.0		__DUMMY__ 0.8887736365487674 off 0.055834379087544836 neg 0.05539198436368769	false	0.5
schwanz	neg 1.0		__DUMMY__ 0.8922207867383165 neg 0.05753998407472379 off 0.05023922918695972	false	1.0
verbot	neg 1.0		__DUMMY__ 0.8878276762539625 neg 0.059738993309541515 off 0.05243333043649596	false	1.0
leid	neg 1.0		__DUMMY__ 0.8850844247536241 off 0.06404609527678788 neg 0.050869479969588	false	0.5
archaisch	neg 1.0		__DUMMY__ 0.8905207020178465 neg 0.056657739566604665 off 0.052821558415548794	false	1.0
gegen			__DUMMY__ 0.8936579995372855 neg 0.05712923215292194 off 0.04921276830979243	false	0.0
scheidung	neg 1.0		__DUMMY__ 0.8800761914943397 off 0.07223615717764095 neg 0.04768765132801933	false	0.5
einschlag	neg 1.0	neg 1.0	neg 0.5085328083955958 __DUMMY__ 0.44468067203382644 off 0.04678651957057767	false	1.0
m			__DUMMY__ 0.8919490795959633 neg 0.05556074466131907 off 0.052490175742717624	false	0.0
abgestanden	neg 1.0		__DUMMY__ 0.8911456958378856 off 0.05452753513753031 neg 0.05432676902458413	false	0.5
schmierig	off 1.0		__DUMMY__ 0.8851814326580452 off 0.06361975381303005 neg 0.05119881352892479	false	1.0
unpraktisch	neg 1.0		__DUMMY__ 0.891525869829941 off 0.05516840800166754 neg 0.05330572216839147	false	0.5
wixxer	off 1.0		__DUMMY__ 0.8791129957821411 off 0.06874297059352663 neg 0.0521440336243323	false	1.0
bezeichnet			__DUMMY__ 0.888526408652953 neg 0.05713211267809907 off 0.054341478668948055	false	0.0
jammerlappen	off 1.0		__DUMMY__ 0.886451703028615 off 0.05907925876706389 neg 0.05446903820432127	false	1.0
farce	neg 1.0		__DUMMY__ 0.8863716629118903 neg 0.06054960391964232 off 0.053078733168467285	false	1.0
zwecklos	neg 1.0		__DUMMY__ 0.888655326491177 neg 0.05831801649413704 off 0.05302665701468597	false	1.0
turbulent	neg 1.0		__DUMMY__ 0.8861969144193287 off 0.05929959804677012 neg 0.054503487533901246	false	0.5
invasion	neg 1.0		__DUMMY__ 0.8891178712283937 off 0.056765692659284515 neg 0.054116436112321836	false	0.5
schuld	neg 1.0		__DUMMY__ 0.8884118362727611 neg 0.056054105903456164 off 0.05553405782378272	false	1.0
risiko	neg 1.0		__DUMMY__ 0.8917257503029079 off 0.054787697640194484 neg 0.05348655205689761	false	0.5
finster	neg 1.0		__DUMMY__ 0.8904142194145488 off 0.05491272331353614 neg 0.05467305727191517	false	0.5
geisteskrank	off 1.0		__DUMMY__ 0.8841767251608582 off 0.06067865941934142 neg 0.055144615419800355	false	1.0
zusammenbrechen	neg 1.0		__DUMMY__ 0.8911290046187721 neg 0.05545817361634428 off 0.05341282176488358	false	1.0
ausbeute	neg 1.0		__DUMMY__ 0.8951376738447345 neg 0.05487739976881337 off 0.04998492638645218	false	1.0
hinterhalt	neg 1.0		__DUMMY__ 0.8931427045153865 neg 0.05422484435612706 off 0.05263245112848645	false	1.0
kritik	neg 1.0		__DUMMY__ 0.8871692326844418 neg 0.05986524578125113 off 0.05296552153430717	false	1.0
einschrumpfen	neg 1.0		__DUMMY__ 0.8846606799888661 neg 0.058049705374669996 off 0.057289614636463926	false	1.0
riskant	neg 1.0		__DUMMY__ 0.8899888399773279 neg 0.05849660596944155 off 0.051514554053230424	false	1.0
frustrieren	neg 1.0		__DUMMY__ 0.8905844097290962 neg 0.05777787493061497 off 0.05163771534028887	false	1.0
groll	neg 1.0		__DUMMY__ 0.8903053898252037 neg 0.056907594320911824 off 0.05278701585388451	false	1.0
gibt			__DUMMY__ 0.8896292381955677 neg 0.05721894074165343 off 0.05315182106277894	false	0.0
qualvoll	neg 1.0		__DUMMY__ 0.8898597141920821 off 0.05750514150049201 neg 0.0526351443074259	false	0.5
wackeln	neg 1.0	neg 1.0	neg 0.5097045169008211 __DUMMY__ 0.4485273266413181 off 0.04176815645786085	false	1.0
klagen	neg 1.0		__DUMMY__ 0.8922811198519125 neg 0.05917953572821103 off 0.048539344419876396	false	1.0
bankrott	neg 1.0		__DUMMY__ 0.8881691915446367 off 0.05789990187996612 neg 0.053930906575397224	false	0.5
trauern	neg 1.0		__DUMMY__ 0.8929260763129029 neg 0.055616484386582586 off 0.0514574393005145	false	1.0
ablehnung	neg 1.0		__DUMMY__ 0.887271959033874 neg 0.059669168826456655 off 0.05305887213966944	false	1.0
stur	neg 1.0		__DUMMY__ 0.8873252537134813 neg 0.05663188944817301 off 0.05604285683834583	false	1.0
aufruhr	neg 1.0		__DUMMY__ 0.890319800455938 neg 0.05588320687914564 off 0.05379699266491646	false	1.0
melancholie	neg 1.0		__DUMMY__ 0.8922056935337226 neg 0.05578242662871485 off 0.05201187983756246	false	1.0
ist			__DUMMY__ 0.8883843198433519 off 0.05620753378392776 neg 0.055408146372720325	false	0.0
torheit	neg 1.0		__DUMMY__ 0.8869839190482538 neg 0.057535299775523005 off 0.055480781176223216	false	1.0
dreckskind	off 1.0		__DUMMY__ 0.8812855839438583 off 0.06478244178811088 neg 0.05393197426803087	false	1.0
umtauschen	neg 1.0		__DUMMY__ 0.8902489391501849 neg 0.05603283243758655 off 0.053718228412228564	false	1.0
zum			__DUMMY__ 0.8995901555842534 neg 0.05440651353347317 off 0.04600333088227333	false	0.0
zersetzen	neg 1.0		__DUMMY__ 0.8896123800546658 neg 0.06009674844896389 off 0.05029087149637032	false	1.0
zur			__DUMMY__ 0.8962718733186218 neg 0.05806380695264128 off 0.045664319728736975	false	0.0
frust	neg 1.0		__DUMMY__ 0.8906789194016324 neg 0.056010475176137865 off 0.05331060542222984	false	1.0
unerbittlichkeit	neg 1.0		__DUMMY__ 0.8902069926447832 neg 0.0593919171070087 off 0.050401090248208165	false	1.0
zwei			__DUMMY__ 0.8971415491689142 neg 0.05493444831584302 off 0.04792400251524286	false	0.0
unkorrekt	neg 1.0		__DUMMY__ 0.8811615056044138 off 0.061608640504612046 neg 0.05722985389097425	false	0.5
hexe	off 1.0		__DUMMY__ 0.8865182352133949 off 0.05930759117523062 neg 0.05417417361137443	false	1.0
lasch	neg 1.0		__DUMMY__ 0.8847641837874407 off 0.058066837043077614 neg 0.05716897916948161	false	0.5
rivale	neg 1.0		__DUMMY__ 0.8866478933815632 off 0.06128920524121981 neg 0.0520629013772169	false	0.5
mutlos	off 1.0	off 1.0	off 0.5091028228689796 __DUMMY__ 0.4451603991458345 neg 0.04573677798518596	false	1.0
wirr	off 1.0		__DUMMY__ 0.8814481744607938 off 0.0617429313806277 neg 0.05680889415857854	false	1.0
jahr			__DUMMY__ 0.8958144707318529 neg 0.05474536640764482 off 0.049440162860502145	false	0.0
wird			__DUMMY__ 0.890905175091616 neg 0.05727320964653855 off 0.0518216152618454	false	0.0
strafbar	neg 1.0		__DUMMY__ 0.889400032457686 neg 0.05892451919424613 off 0.05167544834806787	false	1.0
erosion	neg 1.0		__DUMMY__ 0.8910784216744992 off 0.055007165917808375 neg 0.05391441240769243	false	0.5
eingehen	neg 1.0		__DUMMY__ 0.8882491880509842 neg 0.05931042057684218 off 0.052440391372173684	false	1.0
faul	off 1.0		__DUMMY__ 0.8890465696371516 off 0.05801677456115674 neg 0.05293665580169171	false	1.0
provisorium	neg 1.0		__DUMMY__ 0.8976707047103737 neg 0.05868965418357994 off 0.04363964110604643	false	1.0
schmerzen	neg 1.0		__DUMMY__ 0.8905100387549009 neg 0.055399698116560064 off 0.054090263128539054	false	1.0
schrumpfen	neg 1.0		__DUMMY__ 0.8924160775969183 neg 0.06151813173929731 off 0.04606579066378442	false	1.0
geistlos	off 1.0		__DUMMY__ 0.8828207377143628 neg 0.05998305590162495 off 0.05719620638401221	false	0.5
fehlkauf	neg 1.0		__DUMMY__ 0.8882953821090226 off 0.05617446013244244 neg 0.05553015775853496	false	0.5
frustrierend	neg 1.0		__DUMMY__ 0.8890353373217229 off 0.05819181896548301 neg 0.05277284371279405	false	0.5
unzufrieden	neg 1.0		__DUMMY__ 0.8883294114387826 neg 0.058754338635489706 off 0.05291624992572761	false	1.0
verzweifeln	neg 1.0		__DUMMY__ 0.8897050241157413 neg 0.056009344712755156 off 0.05428563117150367	false	1.0
verzweifelt	neg 1.0		__DUMMY__ 0.8880526410227872 off 0.05609938131054756 neg 0.05584797766666512	false	0.5
misstrauensantrag	neg 1.0		__DUMMY__ 0.8870105936277227 neg 0.05650563554675805 off 0.0564837708255191	false	1.0
abfallen	neg 1.0		__DUMMY__ 0.8917213936547981 off 0.055436506518106665 neg 0.05284209982709526	false	0.5
fucker	off 1.0		__DUMMY__ 0.8845249151193131 off 0.061071710674062044 neg 0.05440337420662491	false	1.0
ungezogen	neg 1.0		__DUMMY__ 0.8822560620394122 off 0.06739314551732593 neg 0.05035079244326182	false	0.5
irrsinnig	neg 1.0	neg 1.0	neg 0.5131750675568029 __DUMMY__ 0.4445522027266898 off 0.04227272971650726	false	1.0
unfassbar	neg 1.0		__DUMMY__ 0.8855857718780612 off 0.05966944327930653 neg 0.054744784842632226	false	0.5
hart	neg 1.0		__DUMMY__ 0.8880787045742534 off 0.057474809205228926 neg 0.05444648622051762	false	0.5
widerlich	off 1.0		__DUMMY__ 0.8842189141326111 off 0.060537404840738045 neg 0.05524368102665082	false	1.0
fatal	neg 1.0		__DUMMY__ 0.8880855891792514 off 0.05648940664111508 neg 0.05542500417963344	false	0.5
bruch	neg 1.0		__DUMMY__ 0.8911998025130724 neg 0.06007692445194337 off 0.04872327303498421	false	1.0
aushungern	neg 1.0		__DUMMY__ 0.8872337149241831 neg 0.058821062442384775 off 0.053945222633432224	false	1.0
anspannung	neg 1.0	neg 1.0	neg 0.5103798258962349 __DUMMY__ 0.45442706895749924 off 0.03519310514626592	false	1.0
von			__DUMMY__ 0.8956426902899761 neg 0.05549620224879535 off 0.04886110746122862	false	0.0
kraftlos	neg 1.0		__DUMMY__ 0.8934521891196082 neg 0.05387235844251923 off 0.05267545243787247	false	1.0
vom			__DUMMY__ 0.8992687515395275 neg 0.056631542664240524 off 0.044099705796231986	false	0.0
grenzdebil	off 1.0		__DUMMY__ 0.8859654665869515 off 0.06051637519919773 neg 0.053518158213850746	false	1.0
vor			__DUMMY__ 0.8932978021104016 neg 0.05707822131221906 off 0.04962397657737938	false	0.0
unterwerfen	neg 1.0		__DUMMY__ 0.8908967248175782 neg 0.057668948037832034 off 0.051434327144589766	false	1.0
versenkung	neg 1.0		__DUMMY__ 0.8906785516631048 neg 0.05806338359155878 off 0.05125806474533639	false	1.0
entziehen	neg 1.0		__DUMMY__ 0.8918837988893179 neg 0.05901994216047991 off 0.049096258950202136	false	1.0
finanzkrise	neg 1.0		__DUMMY__ 0.8868284789039647 neg 0.059460270023832584 off 0.0537112510722028	false	1.0
schimpfend	neg 1.0		__DUMMY__ 0.8920671815366313 off 0.05507221725475384 neg 0.05286060120861481	false	0.5
profan	neg 1.0		__DUMMY__ 0.8877846228107317 off 0.05716550613502169 neg 0.05504987105424671	false	0.5
korruption	neg 1.0	neg 1.0	neg 0.5154695118836345 __DUMMY__ 0.4448686287631095 off 0.03966185935325603	false	1.0
â			__DUMMY__ 0.8920812794263723 neg 0.05638273807188199 off 0.0515359825017457	false	0.0
schmutzig	neg 1.0		__DUMMY__ 0.8876163671038355 off 0.05999019723630028 neg 0.05239343565986428	false	0.5
sexy	neg 1.0		__DUMMY__ 0.8880233642189345 off 0.05775807946430091 neg 0.05421855631676466	false	0.5
abraten	neg 1.0		__DUMMY__ 0.8887754373354042 off 0.05621678073318563 neg 0.055007781931410156	false	0.5
schwarz	neg 1.0		__DUMMY__ 0.8878636717017812 neg 0.05621949691491008 off 0.05591683138330883	false	1.0
fotze	off 1.0		__DUMMY__ 0.8908591370816638 neg 0.05786786878810186 off 0.05127299413023446	false	0.5
verwirren	neg 1.0		__DUMMY__ 0.8878016064644393 off 0.05742789328402181 neg 0.05477050025153879	false	0.5
zahnlos	off 1.0		__DUMMY__ 0.8885212854608261 neg 0.05851913554060916 off 0.0529595789985647	false	0.5
verheeren	neg 1.0		__DUMMY__ 0.8840657242143571 off 0.06845924122297907 neg 0.047475034562663825	false	0.5
hippie	neg 1.0		__DUMMY__ 0.8877205844046604 off 0.057377292807377495 neg 0.054902122787962124	false	0.5
rammen	neg 1.0		__DUMMY__ 0.8887000418598459 neg 0.05646810098924525 off 0.05483185715090886	false	1.0
unlauter	neg 1.0		__DUMMY__ 0.883239824193567 neg 0.061688844243391154 off 0.05507133156304185	false	1.0
unheilvoll	neg 1.0		__DUMMY__ 0.8917761516477503 off 0.05641366475491962 neg 0.05181018359733009	false	0.5
niedrig	neg 1.0		__DUMMY__ 0.8927255314856434 neg 0.05696261265212651 off 0.05031185586223006	false	1.0
explosion	neg 1.0		__DUMMY__ 0.8872185506351319 off 0.05677149760693824 neg 0.056009951757929936	false	0.5
weichei	off 1.0		__DUMMY__ 0.8826853475323255 off 0.06477037338474782 neg 0.05254427908292669	false	1.0
minusmensch	off 1.0		__DUMMY__ 0.8768124618706089 off 0.0685017810816867 neg 0.05468575704770437	false	1.0
farblos	neg 1.0		__DUMMY__ 0.8963444609461527 off 0.05317253360888733 neg 0.050483005444959914	false	0.5
unwissend	neg 1.0	neg 1.0	neg 0.512073985059718 __DUMMY__ 0.4428512989116845 off 0.04507471602859744	false	1.0
traurig	neg 1.0		__DUMMY__ 0.8856970135551534 off 0.06221038706524848 neg 0.052092599379598134	false	0.5
senkung	neg 1.0		__DUMMY__ 0.8849305672479433 neg 0.05814934186802519 off 0.056920090884031486	false	1.0
ungleich	neg 1.0	neg 1.0	neg 0.516050483451788 __DUMMY__ 0.4451853862906862 off 0.03876413025752576	false	1.0
heikel	neg 1.0		__DUMMY__ 0.8899130490085065 neg 0.05967247546535463 off 0.05041447552613877	false	1.0
drosselung	neg 1.0		__DUMMY__ 0.887512559572312 off 0.05990991734374429 neg 0.05257752308394376	false	0.5
falsch	neg 1.0		__DUMMY__ 0.8876962131434724 off 0.05837791799282834 neg 0.05392586886369926	false	0.5
unzufriedenheit	neg 1.0		__DUMMY__ 0.8906906011428742 neg 0.05932360360682885 off 0.049985795250297	false	1.0
kurz	neg 1.0		__DUMMY__ 0.8923408292687489 neg 0.05468907749749428 off 0.05297009323375688	false	1.0
unsinnig	neg 1.0		__DUMMY__ 0.8872393153199379 neg 0.05940971862259074 off 0.05335096605747134	false	1.0
penner	off 1.0	off 1.0	off 0.5205800182834638 __DUMMY__ 0.4401893014066 neg 0.039230680309936185	false	1.0
seicht	neg 1.0		__DUMMY__ 0.8789775046083385 off 0.06755766191972779 neg 0.05346483347193379	false	0.5
dummheit	off 1.0	off 1.0	off 0.5134338713921011 __DUMMY__ 0.44358394780217414 neg 0.04298218080572481	false	1.0
unerfreulich	neg 1.0		__DUMMY__ 0.8921097102537888 neg 0.058442920629195726 off 0.049447369117015506	false	1.0
motherfucker	off 1.0	off 1.0	off 0.5163689300550571 __DUMMY__ 0.4419091420390112 neg 0.04172192790593158	false	1.0
pikiert	neg 1.0		__DUMMY__ 0.8844622708696179 off 0.05957153700077831 neg 0.05596619212960374	false	0.5
wrack	neg 1.0		__DUMMY__ 0.8956177161461265 neg 0.05371480034167424 off 0.050667483512199234	false	1.0
gangster	neg 1.0		__DUMMY__ 0.8884552486311501 off 0.056975170036200715 neg 0.05456958133264922	false	0.5
krank	neg 1.0		__DUMMY__ 0.8876385293411989 off 0.06052294490161488 neg 0.05183852575718618	false	0.5
reich	neg 1.0		__DUMMY__ 0.8860753191822888 off 0.05828922246308685 neg 0.05563545835462433	false	0.5
gnadenlos	neg 1.0		__DUMMY__ 0.8889910112430476 off 0.055557331357253825 neg 0.05545165739969853	false	0.5
niedergeschlagen	neg 1.0		__DUMMY__ 0.8926287220280885 neg 0.05398482197726048 off 0.053386455994651055	false	1.0
terrorisieren	off 1.0	off 1.0	off 0.5093606678236737 __DUMMY__ 0.44776483971207404 neg 0.04287449246425232	false	1.0
sinnlosigkeit	neg 1.0		__DUMMY__ 0.8890833790549343 neg 0.057914272288759984 off 0.053002348656305806	false	1.0
behindern	neg 1.0		__DUMMY__ 0.8883998691680723 neg 0.05782149486660697 off 0.05377863596532074	false	1.0
undemokratisch	neg 1.0		__DUMMY__ 0.8855707991313826 neg 0.058831240856373965 off 0.055597960012243486	false	1.0
wirtschaftskrise	neg 1.0		__DUMMY__ 0.8887738710154708 neg 0.05945563926335833 off 0.05177048972117087	false	1.0
neid	neg 1.0		__DUMMY__ 0.8903114851945866 off 0.058730177391322455 neg 0.05095833741409098	false	0.5
rutschen	neg 1.0	neg 1.0	neg 0.5108146347076398 __DUMMY__ 0.4529077398677618 off 0.0362776254245985	false	1.0
rezession	neg 1.0		__DUMMY__ 0.882250037081298 off 0.06309524948153215 neg 0.054654713437169745	false	0.5
fehlgeburt	neg 1.0		__DUMMY__ 0.8917780111108009 off 0.05622122153305027 neg 0.052000767356148815	false	0.5
charakterschwach	off 1.0		__DUMMY__ 0.8860785750156047 off 0.06031450122400157 neg 0.05360692376039371	false	1.0
isolation	neg 1.0		__DUMMY__ 0.8885878064915864 off 0.058061683190701784 neg 0.05335051031771167	false	0.5
ablenkung	neg 1.0		__DUMMY__ 0.8898441893734301 neg 0.05526576132045567 off 0.05489004930611413	false	1.0
pech	neg 1.0		__DUMMY__ 0.8884026233905459 off 0.05765356975527739 neg 0.05394380685417671	false	0.5
vermeidung	neg 1.0		__DUMMY__ 0.8841178607135599 off 0.06020732649933243 neg 0.05567481278710767	false	0.5
dominieren	neg 1.0		__DUMMY__ 0.8937200766977919 neg 0.05477044448713439 off 0.05150947881507371	false	1.0
schwindlig	neg 1.0		__DUMMY__ 0.8927814134644182 off 0.056410118749618036 neg 0.05080846778596384	false	0.5
lutscher	neg 1.0		__DUMMY__ 0.8791254093675049 off 0.06795512064399063 neg 0.05291946998850442	false	0.5
pflicht	neg 1.0		__DUMMY__ 0.890001426184482 neg 0.05957595113266223 off 0.05042262268285579	false	1.0
faschist	off 1.0		__DUMMY__ 0.8846559944492968 neg 0.057818205490425 off 0.05752580006027821	false	0.5
verschleudern	neg 1.0		__DUMMY__ 0.8853724724525207 neg 0.06357809395666744 off 0.05104943359081188	false	1.0
wenn			__DUMMY__ 0.8873284614804255 off 0.05859469809441659 neg 0.05407684042515781	false	0.0
ehebruch	neg 1.0		__DUMMY__ 0.8901987813074344 neg 0.05779783769366166 off 0.052003380998903954	false	1.0
spott	off 1.0		__DUMMY__ 0.8887719612548929 neg 0.05968439202895849 off 0.05154364671614859	false	0.5
trostlosigkeit	neg 1.0		__DUMMY__ 0.8933432385085502 neg 0.057419264683512036 off 0.04923749680793766	false	1.0
lutschen	neg 1.0		__DUMMY__ 0.8867274608491145 off 0.056835619376095305 neg 0.056436919774790234	false	0.5
undiszipliniert	neg 1.0		__DUMMY__ 0.8867795462783082 off 0.061407860845683594 neg 0.05181259287600807	false	0.5
kopfschmerz	neg 1.0		__DUMMY__ 0.8926099738940445 neg 0.05453981906095714 off 0.0528502070449983	false	1.0
unvorhergesehen	neg 1.0		__DUMMY__ 0.8954482062106047 neg 0.05369705902035519 off 0.05085473476904004	false	1.0
desinteressiert	neg 1.0		__DUMMY__ 0.8847427978035964 off 0.06137098500779136 neg 0.0538862171886121	false	0.5
armselig	off 1.0		__DUMMY__ 0.8821671066446581 off 0.06234017549965399 neg 0.05549271785568787	false	1.0
desaster	neg 1.0		__DUMMY__ 0.8913115185881534 neg 0.060396464676596553 off 0.04829201673525008	false	1.0
tod	neg 1.0		__DUMMY__ 0.8954273983469836 neg 0.05305110932144548 off 0.05152149233157094	false	1.0
herzlos	neg 1.0		__DUMMY__ 0.8838730265013223 off 0.06268106216506215 neg 0.0534459113336157	false	0.5
unwissenheit	neg 1.0		__DUMMY__ 0.8868846230089317 neg 0.06029647575708473 off 0.052818901233983695	false	1.0
widersinnig	neg 1.0	neg 1.0	neg 0.516753937322057 __DUMMY__ 0.44282501732943563 off 0.04042104534850739	false	1.0
bedenklich	neg 1.0		__DUMMY__ 0.889044690452958 neg 0.059231431128147986 off 0.05172387841889413	false	1.0
beanstanden	neg 1.0		__DUMMY__ 0.891059593367734 neg 0.05912222475626422 off 0.04981818187600183	false	1.0
panisch	neg 1.0	neg 1.0	neg 0.5079277541533551 __DUMMY__ 0.44898963339037 off 0.04308261245627489	false	1.0
debil	off 1.0		__DUMMY__ 0.8952658868944595 neg 0.059668209839937605 off 0.04506590326560285	false	0.5
abstrich	neg 1.0		__DUMMY__ 0.8905822766906181 neg 0.058431457979199956 off 0.050986265330182	false	1.0
primitiv	neg 1.0		__DUMMY__ 0.884384894494449 off 0.060948980373273905 neg 0.054666125132277144	false	0.5
abschaum	off 1.0	off 1.0	off 0.5149396463603209 __DUMMY__ 0.44326879778373607 neg 0.04179155585594305	false	1.0
provozieren	neg 1.0		__DUMMY__ 0.8878686693033995 neg 0.056731711511457165 off 0.0553996191851434	false	1.0
tot	neg 1.0		__DUMMY__ 0.8908201682077581 neg 0.0584254186038777 off 0.05075441318836421	false	1.0
instabil	neg 1.0		__DUMMY__ 0.8821886588720523 off 0.060649402515744945 neg 0.05716193861220262	false	0.5
schwuchtel	off 1.0		__DUMMY__ 0.8764041116866195 off 0.07225978323502158 neg 0.051336105078358965	false	1.0
zerren	neg 1.0		__DUMMY__ 0.8923960045494588 neg 0.05399871177305149 off 0.053605283677489735	false	1.0
kinderficker	off 1.0		__DUMMY__ 0.8801421169867055 off 0.06455846794742297 neg 0.05529941506587159	false	1.0
gefahr	neg 1.0		__DUMMY__ 0.8918496536634886 neg 0.0580467830497326 off 0.050103563286778834	false	1.0
rabiat	neg 1.0		__DUMMY__ 0.8879260010962347 neg 0.05728387508953635 off 0.054790123814229	false	1.0
verlangsamung	neg 1.0		__DUMMY__ 0.882462178877245 off 0.06611739894614217 neg 0.05142042217661276	false	0.5
ausgestorben	neg 1.0		__DUMMY__ 0.8914134051856514 neg 0.05443524950064019 off 0.054151345313708424	false	1.0
anklagen	neg 1.0		__DUMMY__ 0.8889835502498497 neg 0.05775806039608164 off 0.053258389354068646	false	1.0
trott	neg 1.0		__DUMMY__ 0.8904701394844413 neg 0.05553159703314974 off 0.05399826348240903	false	1.0
verminderung	neg 1.0		__DUMMY__ 0.8846160863001336 off 0.06089786116275197 neg 0.05448605253711453	false	0.5
nach			__DUMMY__ 0.9003222848478283 neg 0.05321325123081893 off 0.046464463921352846	false	0.0
rost	neg 1.0		__DUMMY__ 0.8845304741299747 off 0.06477891638798572 neg 0.05069060948203963	false	0.5
destruktiv	neg 1.0		__DUMMY__ 0.8863716392685704 neg 0.05918950698363221 off 0.054438853747797375	false	1.0
unzumutbarkeit	neg 1.0		__DUMMY__ 0.888619388843046 off 0.058687406695534426 neg 0.05269320446141959	false	0.5
labil	off 1.0	off 1.0	off 0.5148874271884517 __DUMMY__ 0.4432428770969829 neg 0.04186969571456537	false	1.0
ziemlich	neg 1.0		__DUMMY__ 0.8873348161238149 off 0.05999092387479372 neg 0.052674260001391325	false	0.5
lachnummer	off 1.0		__DUMMY__ 0.8875856233650328 neg 0.05767562670171522 off 0.054738749933251944	false	0.5
oder			__DUMMY__ 0.8910313520094315 off 0.05469366690174653 neg 0.054274981088821936	false	0.0
verfall	neg 1.0		__DUMMY__ 0.8933168142124615 neg 0.06058477814964608 off 0.04609840763789248	false	1.0
ausgrenzung	neg 1.0		__DUMMY__ 0.8861550498844697 neg 0.05759415227495164 off 0.05625079784057869	false	1.0
unordnung	neg 1.0		__DUMMY__ 0.8893929910102361 off 0.059357414680977535 neg 0.05124959430878644	false	0.5
fehlverhalten	neg 1.0		__DUMMY__ 0.8902166706090213 neg 0.059060544145298155 off 0.05072278524568056	false	1.0
eine			__DUMMY__ 0.8917386882930768 neg 0.058410759256079386 off 0.049850552450843806	false	0.0
nille	neg 1.0		__DUMMY__ 0.8899749430789139 neg 0.056332877956025346 off 0.053692178965060795	false	1.0
qual	neg 1.0		__DUMMY__ 0.8902997221339543 neg 0.055837391223643104 off 0.05386288664240257	false	1.0
verschwenden	neg 1.0		__DUMMY__ 0.8893048479850206 neg 0.05868712217688287 off 0.052008029838096395	false	1.0
riesig	neg 1.0	neg 1.0	neg 0.5106128098265869 __DUMMY__ 0.4503701671454845 off 0.03901702302792858	false	1.0
verurteilen	neg 1.0		__DUMMY__ 0.8891711270685575 neg 0.05790252597471663 off 0.05292634695672585	false	1.0
klischee	neg 1.0	neg 1.0	neg 0.5131132650782156 __DUMMY__ 0.44282851722428757 off 0.04405821769749674	false	1.0
diktatorisch	neg 1.0		__DUMMY__ 0.8845107216829526 neg 0.059335465890554634 off 0.05615381242649269	false	1.0
vorhersehbar	neg 1.0	neg 1.0	neg 0.5127431266442659 __DUMMY__ 0.44362605095036556 off 0.043630822405368544	false	1.0
sowie			__DUMMY__ 0.882838260168017 off 0.06442654190585241 neg 0.052735197926130566	false	0.0
stornieren	neg 1.0		__DUMMY__ 0.8952963750442138 off 0.05508890283640489 neg 0.04961472211938132	false	0.5
besteuerung	neg 1.0		__DUMMY__ 0.8850312069816503 neg 0.05998556878975195 off 0.05498322422859777	false	1.0
ungeschminkt	neg 1.0		__DUMMY__ 0.884720698815343 off 0.05989415534280574 neg 0.05538514584185135	false	0.5
kritisch	neg 1.0		__DUMMY__ 0.8891926924904543 neg 0.05918753326820452 off 0.05161977424134124	false	1.0
schlamperei	off 1.0		__DUMMY__ 0.8892238146498657 neg 0.06012045143870381 off 0.0506557339114305	false	0.5
sucht	neg 1.0	neg 1.0	neg 0.5103088433738592 __DUMMY__ 0.44865705535066674 off 0.04103410127547405	false	1.0
egoistisch	off 1.0		__DUMMY__ 0.8835054553497547 off 0.06487120512823083 neg 0.05162333952201444	false	1.0
ausbeuter	off 1.0		__DUMMY__ 0.8888271562556106 neg 0.06058287449623222 off 0.05058996924815718	false	0.5
arschgeburt	off 1.0		__DUMMY__ 0.8754451814949628 off 0.0725309855758317 neg 0.052023832929205586	false	1.0
schubs	neg 1.0	neg 1.0	neg 0.5111121438418932 __DUMMY__ 0.4493545666201829 off 0.03953328953792381	false	1.0
unsolide	neg 1.0		__DUMMY__ 0.880885678882227 neg 0.0626283298335235 off 0.056485991284249394	false	1.0
beschwerde	neg 1.0		__DUMMY__ 0.8891378238540373 neg 0.060118336505286134 off 0.050743839640676594	false	1.0
stocken	neg 1.0		__DUMMY__ 0.8905141145101669 neg 0.05821186138203838 off 0.05127402410779469	false	1.0
isolieren	neg 1.0		__DUMMY__ 0.8888284069502344 neg 0.05890720888360947 off 0.052264384166156114	false	1.0
unheilbar	neg 1.0		__DUMMY__ 0.8919218424192031 off 0.0552429601089506 neg 0.05283519747184618	false	0.5
pisser	off 1.0		__DUMMY__ 0.8859718784566248 off 0.061139698597095504 neg 0.0528884229462797	false	1.0
löschen	neg 1.0		__DUMMY__ 0.8895296394829475 neg 0.05598596619485647 off 0.054484394322196074	false	1.0
durchfallen	neg 1.0		__DUMMY__ 0.8874727624410269 neg 0.05980277406129551 off 0.052724463497677565	false	1.0
wichser	off 1.0		__DUMMY__ 0.8807579302760759 off 0.06913611832415859 neg 0.050105951399765515	false	1.0
terror	neg 1.0		__DUMMY__ 0.8902194162659345 off 0.05684288014857869 neg 0.052937703585486835	false	0.5
krass	neg 1.0		__DUMMY__ 0.8838588352451849 off 0.06281049145776646 neg 0.053330673297048534	false	0.5
revolte	neg 1.0		__DUMMY__ 0.8857466189578382 neg 0.05754011921038661 off 0.05671326183177511	false	1.0
besorgt	neg 1.0		__DUMMY__ 0.8937067225230225 neg 0.05354451313552378 off 0.05274876434145364	false	1.0
nachlassen	neg 1.0		__DUMMY__ 0.8916598840357396 neg 0.057663482406652464 off 0.050676633557607924	false	1.0
alt	neg 1.0		__DUMMY__ 0.8914143472160945 neg 0.05733890702858801 off 0.05124674575531745	false	1.0
hundesohn	off 1.0		__DUMMY__ 0.8791615607549491 off 0.06803781486317972 neg 0.052800624381871046	false	1.0
als			__DUMMY__ 0.8922460577416562 neg 0.05477113042880387 off 0.052982811829539865	false	0.0
abschreckung	neg 1.0		__DUMMY__ 0.8920702477661026 neg 0.058536443132121516 off 0.04939330910177602	false	1.0
unqualifiziert	neg 1.0		__DUMMY__ 0.8831927475925706 neg 0.058947944292003146 off 0.057859308115426215	false	1.0
abgewichst	off 1.0		__DUMMY__ 0.8908623547427601 neg 0.05612194410954545 off 0.053015701147694376	false	0.5
schwer	neg 1.0		__DUMMY__ 0.8897677352575779 neg 0.05563013988508926 off 0.05460212485733286	false	1.0
bedeutungslosigkeit	neg 1.0		__DUMMY__ 0.8906654361775472 neg 0.059141826832611 off 0.05019273698984186	false	1.0
kapitulation	neg 1.0		__DUMMY__ 0.8878211975898719 neg 0.06069276674369477 off 0.05148603566643336	false	1.0
unscharf	neg 1.0		__DUMMY__ 0.8881054733701542 off 0.05624933602493706 neg 0.05564519060490869	false	0.5
schwinden	neg 1.0		__DUMMY__ 0.8908348462753869 neg 0.05919724647139012 off 0.04996790725322295	false	1.0
versklavung	neg 1.0		__DUMMY__ 0.8848126288789064 neg 0.05947430925025243 off 0.05571306187084112	false	1.0
schlecht	neg 1.0		__DUMMY__ 0.8876307303791537 off 0.06014642304748576 neg 0.05222284657336048	false	0.5
verhasst	neg 1.0		__DUMMY__ 0.8880311950461001 neg 0.05622121482051805 off 0.05574759013338184	false	1.0
beschweren	neg 1.0		__DUMMY__ 0.8882877847740991 off 0.05639773920202397 neg 0.055314476023876916	false	0.5
scheiden	neg 1.0		__DUMMY__ 0.8950998152882549 off 0.05452072107609999 neg 0.050379463635645175	false	0.5
frustriert	neg 1.0		__DUMMY__ 0.8900948776048283 neg 0.05619967798404745 off 0.05370544441112424	false	1.0
schimmelig	neg 1.0		__DUMMY__ 0.8924112428534806 neg 0.05708716225803933 off 0.050501594888480085	false	1.0
fisch	neg 1.0		__DUMMY__ 0.8975127362312683 neg 0.053157248896141616 off 0.04933001487259011	false	1.0
schmuggel	neg 1.0		__DUMMY__ 0.8961122931861696 neg 0.05392626633517428 off 0.04996144047865615	false	1.0
auffallen	neg 1.0		__DUMMY__ 0.8882879686644494 off 0.056952623972582606 neg 0.054759407362967985	false	0.5
konkurrenz	neg 1.0	neg 1.0	neg 0.5147947242922286 __DUMMY__ 0.44794178548258423 off 0.037263490225187115	false	1.0
teufelskreis	neg 1.0		__DUMMY__ 0.8890721660911733 neg 0.05671699052472275 off 0.0542108433841039	false	1.0
aufschreien	neg 1.0		__DUMMY__ 0.8871094491428196 off 0.05690157845833239 neg 0.055988972398847994	false	0.5
schuldner	neg 1.0		__DUMMY__ 0.8917869948662297 neg 0.05800386526952719 off 0.05020913986424312	false	1.0
missgeburt	off 1.0	off 1.0	off 0.5188767551684795 __DUMMY__ 0.4413294086302913 neg 0.039793836201229144	false	1.0
arbeitslos	neg 1.0		__DUMMY__ 0.8875740856693781 neg 0.05941467895884631 off 0.05301123537177557	false	1.0
befallen	neg 1.0		__DUMMY__ 0.8899080548057325 neg 0.056882014976446925 off 0.053209930217820556	false	1.0
miesepetrig	off 1.0	off 1.0	off 0.5153144497348853 __DUMMY__ 0.444717391552278 neg 0.03996815871283664	false	1.0
alarmieren	neg 1.0		__DUMMY__ 0.8850195216036936 off 0.058903308738514445 neg 0.05607716965779198	false	0.5
ungeduscht	off 1.0		__DUMMY__ 0.8888516419320114 off 0.05737658599469394 neg 0.05377177207329475	false	1.0
knappheit	neg 1.0		__DUMMY__ 0.8878098399954629 neg 0.060871050405058906 off 0.05131910959947819	false	1.0
schlange	neg 1.0		__DUMMY__ 0.8917176491996233 off 0.05613550023136164 neg 0.05214685056901513	false	0.5
harsch	neg 1.0		__DUMMY__ 0.8860927360631112 off 0.0635306370425492 neg 0.0503766268943395	false	0.5
lang	neg 1.0		__DUMMY__ 0.8898696377086919 neg 0.05524576898329402 off 0.054884593308014054	false	1.0
ziellos	neg 1.0		__DUMMY__ 0.892216742961582 neg 0.05536471113854912 off 0.0524185458998689	false	1.0
selbstverliebt	neg 1.0		__DUMMY__ 0.8770254629541819 off 0.07004364889972828 neg 0.05293088814608978	false	0.5
beseitigen	neg 1.0	neg 1.0	neg 0.5102435249376397 __DUMMY__ 0.4490643545009044 off 0.04069212056145594	false	1.0
dumm	off 1.0		__DUMMY__ 0.8817498957252964 off 0.06570974665356921 neg 0.05254035762113439	false	1.0
arbeitsloser	neg 1.0		__DUMMY__ 0.8904807342477421 neg 0.057238804323230315 off 0.05228046142902763	false	1.0
blitzen	neg 1.0		__DUMMY__ 0.888068642416291 off 0.057518775331863496 neg 0.05441258225184543	false	0.5
hilflos	neg 1.0		__DUMMY__ 0.8905238339554501 neg 0.05625527209466206 off 0.05322089394988789	false	1.0
eklig	off 1.0		__DUMMY__ 0.8816918803019376 off 0.06619661973779357 neg 0.052111499960268926	false	1.0
begriff			__DUMMY__ 0.8882254757047385 neg 0.05810959693008895 off 0.053664927365172505	false	0.0
hungersnot	neg 1.0		__DUMMY__ 0.8916605334836823 neg 0.0552290301603763 off 0.05311043635594129	false	1.0
ungesetzlich	neg 1.0		__DUMMY__ 0.8807926535597512 neg 0.06231120505217407 off 0.056896141388074646	false	1.0
verschwendung	neg 1.0		__DUMMY__ 0.8908131942788682 neg 0.058198932774989 off 0.05098787294614283	false	1.0
schmerzvoll	neg 1.0		__DUMMY__ 0.8889520277359411 off 0.056297428517293614 neg 0.054750543746765246	false	0.5
vorzeitig	neg 1.0		__DUMMY__ 0.8902370551546553 off 0.05734966177293589 neg 0.0524132830724088	false	0.5
unvollkommenheit	neg 1.0		__DUMMY__ 0.896679306315049 off 0.0522782597420982 neg 0.05104243394285273	false	0.5
intervenieren	neg 1.0		__DUMMY__ 0.8886611238561046 neg 0.06047748571678394 off 0.05086139042711152	false	1.0
banause	off 1.0		__DUMMY__ 0.8786556990214407 off 0.06804818990896729 neg 0.053296111069592096	false	1.0
rebell	neg 1.0		__DUMMY__ 0.8940223741915548 neg 0.05838292300742337 off 0.047594702801021786	false	1.0
unlogisch	neg 1.0		__DUMMY__ 0.8844816268830415 off 0.06238185193034808 neg 0.05313652118661037	false	0.5
leiden	neg 1.0		__DUMMY__ 0.8978957115153305 neg 0.05206612860285488 off 0.05003815988181451	false	1.0
abschaffung	neg 1.0		__DUMMY__ 0.8857426374599842 neg 0.059159218900822055 off 0.055098143639193686	false	1.0
sturz	neg 1.0		__DUMMY__ 0.8906195052656676 neg 0.05489024613005506 off 0.054490248604277376	false	1.0
verkleinerung	neg 1.0		__DUMMY__ 0.8832628597767593 neg 0.059365868326523755 off 0.057371271896716904	false	1.0
schmarotzer	off 1.0		__DUMMY__ 0.8874333873942472 neg 0.05965541420569401 off 0.05291119840005885	false	0.5
bestrafung	neg 1.0		__DUMMY__ 0.8882418876126842 off 0.05603529584300879 neg 0.055722816544307004	false	0.5
achtlos	neg 1.0		__DUMMY__ 0.8909964267678683 neg 0.05453345947233198 off 0.05447011375979968	false	1.0
ungeheuer	neg 1.0		__DUMMY__ 0.8890150574590905 off 0.057328282997819016 neg 0.05365665954309046	false	0.5
