unsolidarisch	neg 1.0		neg 0.4782114105895237 off 0.452608258519749 __DUMMY__ 0.06918033089072724	false	1.0
nachteilig	neg 1.0		neg 0.4786443795806895 off 0.4514310585403685 __DUMMY__ 0.06992456187894189	false	1.0
skeptisch	neg 1.0		neg 0.47880130741573385 off 0.4511413133476434 __DUMMY__ 0.07005737923662286	false	1.0
schrecklich	neg 1.0		off 0.4670665583749829 neg 0.4635842605201788 __DUMMY__ 0.0693491811048383	false	0.5
schlapp	neg 1.0		neg 0.4672806108791511 off 0.4630095384547131 __DUMMY__ 0.06970985066613578	false	1.0
abfall	neg 1.0		neg 0.48102729188055404 off 0.4487155631641895 __DUMMY__ 0.07025714495525652	false	1.0
widerspenstig	neg 1.0		neg 0.47242309437469937 off 0.45760716388948913 __DUMMY__ 0.06996974173581143	false	1.0
abrupt	neg 1.0		neg 0.4756963323126811 off 0.453904066140688 __DUMMY__ 0.07039960154663101	false	1.0
unwirksam	neg 1.0		neg 0.47689369800161646 off 0.4537516227456833 __DUMMY__ 0.06935467925270009	false	1.0
angreifen	neg 1.0	neg 1.0	neg 0.7255041519439221 off 0.2409191208678656 __DUMMY__ 0.03357672718821228	false	1.0
inkonsistent	neg 1.0		neg 0.4715054976226478 off 0.4585527798342138 __DUMMY__ 0.06994172254313834	false	1.0
abrutschen	neg 1.0		neg 0.48058677931481214 off 0.4491568785087882 __DUMMY__ 0.07025634217639967	false	1.0
unsicher	neg 1.0		neg 0.47234615848007966 off 0.4576599450014725 __DUMMY__ 0.06999389651844788	false	1.0
bauernkind	off 1.0	off 1.0	off 0.7176639066613325 neg 0.24939719237317745 __DUMMY__ 0.03293890096548999	false	1.0
angreifer	neg 1.0		neg 0.4709929180833934 off 0.45904847311293095 __DUMMY__ 0.06995860880367571	false	1.0
trennen	neg 1.0		neg 0.4741739910943713 off 0.45524573067171725 __DUMMY__ 0.07058027823391162	false	1.0
schmutz	neg 1.0		neg 0.4673786782886385 off 0.4622067267864635 __DUMMY__ 0.07041459492489797	false	1.0
inkonsistenz	neg 1.0		neg 0.4722403903262279 off 0.45858333857552835 __DUMMY__ 0.06917627109824377	false	1.0
erschreckend	neg 1.0		neg 0.47523650256092453 off 0.45496617617864743 __DUMMY__ 0.06979732126042808	false	1.0
ertrinken	neg 1.0		neg 0.47466256204279145 off 0.4549755187792243 __DUMMY__ 0.07036191917798439	false	1.0
pickelface	off 1.0		neg 0.4754517233276342 off 0.45460187039985794 __DUMMY__ 0.0699464062725079	false	0.5
seiner			neg 0.47670051524545953 off 0.45301820386783015 __DUMMY__ 0.0702812808867104	false	0.0
lauch	neg 1.0		neg 0.48147316039428883 off 0.44842661968488556 __DUMMY__ 0.07010021992082568	false	1.0
unwichtig	neg 1.0		neg 0.46915212072899215 off 0.4613468716541536 __DUMMY__ 0.06950100761685421	false	1.0
steuerhinterziehung	neg 1.0		neg 0.4775337567547087 off 0.4528597643743032 __DUMMY__ 0.06960647887098802	false	1.0
schock	neg 1.0		neg 0.4714000755043414 off 0.45827929639930787 __DUMMY__ 0.07032062809635081	false	1.0
beule	neg 1.0		neg 0.4667252006724891 off 0.463546921764818 __DUMMY__ 0.06972787756269286	false	1.0
vergelten	neg 1.0		off 0.4674560177382395 neg 0.4627631461753332 __DUMMY__ 0.06978083608642742	false	0.5
verdorbenheit	neg 1.0		neg 0.47282889314994936 off 0.4571411109144676 __DUMMY__ 0.0700299959355831	false	1.0
trauma	neg 1.0		neg 0.4719817878167331 off 0.45815335627597575 __DUMMY__ 0.06986485590729104	false	1.0
sinnlos	neg 1.0		neg 0.4696879274779132 off 0.46038755834064643 __DUMMY__ 0.06992451418144031	false	1.0
fettsack	off 1.0	off 1.0	off 0.7197491235710007 neg 0.24715807419223543 __DUMMY__ 0.03309280223676389	false	1.0
feige	off 1.0	off 1.0	off 0.7162955335313521 neg 0.2505000784038617 __DUMMY__ 0.03320438806478618	false	1.0
abdanken	neg 1.0		neg 0.476044540273359 off 0.45429995414584484 __DUMMY__ 0.06965550558079625	false	1.0
wichtigtuer	off 1.0	off 1.0	off 0.7147968431254058 neg 0.2518737503374671 __DUMMY__ 0.03332940653712712	false	1.0
misslingen	neg 1.0		neg 0.46764881921072776 off 0.46183086063794215 __DUMMY__ 0.07052032015132993	false	1.0
untreu	off 1.0		neg 0.46809211270403667 off 0.46250166234132956 __DUMMY__ 0.06940622495463389	false	0.5
missmutig	neg 1.0		neg 0.46842484625457353 off 0.46198191577264053 __DUMMY__ 0.06959323797278583	false	1.0
hurenbock	off 1.0		neg 0.4704305678851294 off 0.45955894805893904 __DUMMY__ 0.07001048405593163	false	0.5
betrunken	neg 1.0		off 0.4664060507505293 neg 0.46386445696038336 __DUMMY__ 0.06972949228908734	false	0.5
korrupt	off 1.0		neg 0.479463376503722 off 0.4510885386800477 __DUMMY__ 0.0694480848162302	false	0.5
unmut	neg 1.0		neg 0.4814119147200255 off 0.4484112700343691 __DUMMY__ 0.07017681524560543	false	1.0
hackfresse	off 1.0		off 0.4694305732587136 neg 0.46162882835380725 __DUMMY__ 0.06894059838747911	false	1.0
aufblasen	neg 1.0		neg 0.4700162765865403 off 0.45992264498116114 __DUMMY__ 0.07006107843229858	false	1.0
gewaltsam	neg 1.0		neg 0.4735537715431537 off 0.45643606570710427 __DUMMY__ 0.07001016274974213	false	1.0
unbeliebtheit	neg 1.0		neg 0.47465069575585805 off 0.4565758256126703 __DUMMY__ 0.06877347863147151	false	1.0
sturheit	neg 1.0		neg 0.47552468188025787 off 0.454713600066655 __DUMMY__ 0.06976171805308706	false	1.0
kuh	neg 1.0		neg 0.47460862502447776 off 0.45587000433928127 __DUMMY__ 0.0695213706362409	false	1.0
erschrecken	neg 1.0		neg 0.4681849560076 off 0.4620419232908065 __DUMMY__ 0.06977312070159343	false	1.0
opfer	neg 1.0		neg 0.4754421554357779 off 0.4543199567169791 __DUMMY__ 0.07023788784724297	false	1.0
sinken	neg 1.0		neg 0.4801577851538435 off 0.44960097755220085 __DUMMY__ 0.07024123729395558	false	1.0
stinktier	neg 1.0		off 0.466145011401955 neg 0.46479904672534644 __DUMMY__ 0.06905594187269845	false	0.5
tucke	off 1.0		off 0.46758244242055186 neg 0.46393575680075855 __DUMMY__ 0.06848180077868964	false	1.0
ein			neg 0.4713181765474697 off 0.45868615244016947 __DUMMY__ 0.06999567101236065	false	0.0
abstieg	neg 1.0		neg 0.4754125263280377 off 0.45416761487727686 __DUMMY__ 0.07041985879468539	false	1.0
missverstehen	neg 1.0		neg 0.4716053171347719 off 0.4588087036637464 __DUMMY__ 0.06958597920148174	false	1.0
ergebnislos	neg 1.0		neg 0.4782425775925597 off 0.4517330288044675 __DUMMY__ 0.07002439360297279	false	1.0
unter			neg 0.4816308081186874 off 0.44736783745216885 __DUMMY__ 0.07100135442914374	false	0.0
manipulieren	neg 1.0		neg 0.47875199513132144 off 0.45119743843714366 __DUMMY__ 0.07005056643153498	false	1.0
unbewiesen	neg 1.0		neg 0.4786464442185816 off 0.45229239182960107 __DUMMY__ 0.06906116395181733	false	1.0
verschleppen	neg 1.0		neg 0.4760760526713991 off 0.4539017795386525 __DUMMY__ 0.07002216778994849	false	1.0
weib	off 1.0		off 0.4691997087849584 neg 0.4618899383627312 __DUMMY__ 0.06891035285231031	false	1.0
opposition	neg 1.0		neg 0.4732672423078157 off 0.4572159397328146 __DUMMY__ 0.06951681795936976	false	1.0
verkehrswidrig	neg 1.0	neg 1.0	neg 0.7148638625434274 off 0.25140326626339976 __DUMMY__ 0.03373287119317292	false	1.0
inkorrekt	neg 1.0		neg 0.46896008087439073 off 0.4620038270102225 __DUMMY__ 0.06903609211538674	false	1.0
vermeiden	neg 1.0		neg 0.48150630481566553 off 0.44793471552638153 __DUMMY__ 0.070558979657953	false	1.0
abweichung	neg 1.0		neg 0.47820820658581 off 0.45186311088401626 __DUMMY__ 0.06992868253017377	false	1.0
alkoholisiert	neg 1.0		neg 0.4733244173394169 off 0.45585948048377434 __DUMMY__ 0.07081610217680878	false	1.0
scheiss	off 1.0	off 1.0	off 0.7174175041290501 neg 0.24922653887761442 __DUMMY__ 0.0333559569933355	false	1.0
herausforderung	neg 1.0	neg 1.0	neg 0.7220895359160394 off 0.2438103520484186 __DUMMY__ 0.03410011203554199	false	1.0
pervers	off 1.0		off 0.4725739146067793 neg 0.4586717111072946 __DUMMY__ 0.06875437428592615	false	1.0
wackelig	neg 1.0		neg 0.472359343944429 off 0.45715025117599084 __DUMMY__ 0.07049040487958011	false	1.0
verwickeln	neg 1.0		neg 0.4718521593778382 off 0.45857510188481315 __DUMMY__ 0.06957273873734851	false	1.0
vorwand	neg 1.0		neg 0.47890187805222645 off 0.4509168321883889 __DUMMY__ 0.07018128975938479	false	1.0
muschi	off 1.0		neg 0.4749375695540904 off 0.4551193298739962 __DUMMY__ 0.06994310057191326	false	0.5
entmutigung	neg 1.0		neg 0.4744986963953433 off 0.4560892007153867 __DUMMY__ 0.06941210288927002	false	1.0
unangemessen	neg 1.0		neg 0.47660279530983657 off 0.45363237200308115 __DUMMY__ 0.0697648326870822	false	1.0
unstetig	neg 1.0		neg 0.4705985199212603 off 0.4593462438298658 __DUMMY__ 0.0700552362488739	false	1.0
entmutigen	neg 1.0		neg 0.47178657246517974 off 0.45839985955615803 __DUMMY__ 0.06981356797866224	false	1.0
schwanz	neg 1.0		neg 0.4773869157023691 off 0.4524272183448917 __DUMMY__ 0.07018586595273915	false	1.0
verbot	neg 1.0		neg 0.47820605825094936 off 0.45209590573804054 __DUMMY__ 0.06969803601101003	false	1.0
leid	neg 1.0		off 0.46869276996517223 neg 0.4619524995463487 __DUMMY__ 0.0693547304884791	false	0.5
archaisch	neg 1.0		neg 0.47503248656212743 off 0.4549521243499021 __DUMMY__ 0.0700153890879705	false	1.0
gegen			neg 0.47847342564239426 off 0.45113380388061686 __DUMMY__ 0.07039277047698896	false	0.0
scheidung	neg 1.0		off 0.4769936899163117 neg 0.454255301922143 __DUMMY__ 0.06875100816154525	false	0.5
einschlag	neg 1.0	neg 1.0	neg 0.7176757369933205 off 0.24896428431320822 __DUMMY__ 0.03335997869347119	false	1.0
m			neg 0.4741177367000761 off 0.4556794679139881 __DUMMY__ 0.07020279538593566	false	0.0
abgestanden	neg 1.0		neg 0.4710964322109186 off 0.45888116832290277 __DUMMY__ 0.07002239946617862	false	1.0
schmierig	off 1.0		off 0.46808305991373533 neg 0.4625443058664265 __DUMMY__ 0.06937263421983822	false	1.0
unpraktisch	neg 1.0		neg 0.47014777021798027 off 0.4597379768300665 __DUMMY__ 0.07011425295195312	false	1.0
wixxer	off 1.0		off 0.47170894749031805 neg 0.45963569043471586 __DUMMY__ 0.06865536207496604	false	1.0
bezeichnet			neg 0.4744096506380368 off 0.4557964617210236 __DUMMY__ 0.06979388764093963	false	0.0
jammerlappen	off 1.0		neg 0.4685923582675842 off 0.46185458083503245 __DUMMY__ 0.0695530608973832	false	0.5
farce	neg 1.0		neg 0.47828878343680453 off 0.45218644881897474 __DUMMY__ 0.06952476774422071	false	1.0
zwecklos	neg 1.0		neg 0.47628145854031645 off 0.4538963767590022 __DUMMY__ 0.0698221647006814	false	1.0
turbulent	neg 1.0		neg 0.4685504996964277 off 0.46200762438372583 __DUMMY__ 0.06944187591984642	false	1.0
invasion	neg 1.0		neg 0.4700061410769282 off 0.46012985813356394 __DUMMY__ 0.06986400078950794	false	1.0
schuld	neg 1.0		neg 0.472582667994336 off 0.4576272017446158 __DUMMY__ 0.0697901302610482	false	1.0
risiko	neg 1.0		neg 0.47131461934629215 off 0.4585813797564486 __DUMMY__ 0.0701040008972593	false	1.0
finster	neg 1.0		neg 0.47108680946339404 off 0.45894303707608747 __DUMMY__ 0.06997015346051842	false	1.0
geisteskrank	off 1.0		neg 0.46812690063105505 off 0.46259637738329534 __DUMMY__ 0.06927672198564946	false	0.5
zusammenbrechen	neg 1.0		neg 0.47359305203348684 off 0.4562916552678102 __DUMMY__ 0.07011529269870302	false	1.0
ausbeute	neg 1.0		neg 0.4751929347943173 off 0.4543062556586655 __DUMMY__ 0.07050080954701711	false	1.0
hinterhalt	neg 1.0		neg 0.47307639055400397 off 0.4566530809705146 __DUMMY__ 0.07027052847548144	false	1.0
kritik	neg 1.0		neg 0.4778846940870984 off 0.4524969422729247 __DUMMY__ 0.06961836363997698	false	1.0
einschrumpfen	neg 1.0		neg 0.4727611538935016 off 0.4579132835710988 __DUMMY__ 0.0693255625353995	false	1.0
riskant	neg 1.0		neg 0.47746341745592785 off 0.45254841386765016 __DUMMY__ 0.06998816867642202	false	1.0
frustrieren	neg 1.0		neg 0.47680932418470384 off 0.453144497678559 __DUMMY__ 0.07004617813673708	false	1.0
groll	neg 1.0		neg 0.47550162586948963 off 0.45450073466282154 __DUMMY__ 0.06999763946768883	false	1.0
gibt			neg 0.47521667833366416 off 0.4548340460057224 __DUMMY__ 0.0699492756606134	false	0.0
qualvoll	neg 1.0		neg 0.46811190368828043 off 0.46195178576906426 __DUMMY__ 0.06993631054265524	false	1.0
wackeln	neg 1.0	neg 1.0	neg 0.7207554422802401 off 0.24554548456980974 __DUMMY__ 0.033699073149950194	false	1.0
klagen	neg 1.0		neg 0.48045651802780787 off 0.4493262172941242 __DUMMY__ 0.070217264678068	false	1.0
bankrott	neg 1.0		neg 0.46869487056063436 off 0.4615602739118558 __DUMMY__ 0.0697448555275099	false	1.0
trauern	neg 1.0		neg 0.4753689177437139 off 0.4543390411115534 __DUMMY__ 0.07029204114473264	false	1.0
ablehnung	neg 1.0		neg 0.47773911855011797 off 0.45262861240940266 __DUMMY__ 0.06963226904047924	false	1.0
stur	neg 1.0		neg 0.4726192319037424 off 0.4577172457529179 __DUMMY__ 0.06966352234333972	false	1.0
aufruhr	neg 1.0		neg 0.4739143141533565 off 0.4561066738864618 __DUMMY__ 0.0699790119601817	false	1.0
melancholie	neg 1.0		neg 0.47435667910173773 off 0.45544793884734425 __DUMMY__ 0.07019538205091798	false	1.0
ist			neg 0.4713586998092906 off 0.45885179390412323 __DUMMY__ 0.06978950628658612	false	0.0
torheit	neg 1.0		neg 0.4741114818737284 off 0.4562964245649483 __DUMMY__ 0.06959209356132313	false	1.0
dreckskind	off 1.0		off 0.46713456490252386 neg 0.46395205094272174 __DUMMY__ 0.06891338415475447	false	1.0
umtauschen	neg 1.0		neg 0.4731038986931178 off 0.4569321582851248 __DUMMY__ 0.06996394302175749	false	1.0
zum			neg 0.4779189591519433 off 0.45101759630568095 __DUMMY__ 0.07106344454237583	false	0.0
zersetzen	neg 1.0		neg 0.47969262896964854 off 0.45038140872780025 __DUMMY__ 0.06992596230255133	false	1.0
zur			neg 0.4814270776754876 off 0.4478870714693006 __DUMMY__ 0.07068585085521183	false	0.0
frust	neg 1.0		neg 0.4741624839107024 off 0.4557690183811483 __DUMMY__ 0.07006849770814925	false	1.0
unerbittlichkeit	neg 1.0		neg 0.47912872053233657 off 0.45088453210650975 __DUMMY__ 0.0699867473611538	false	1.0
zwei			neg 0.4768338900529386 off 0.4523678402432015 __DUMMY__ 0.07079826970385993	false	0.0
unkorrekt	neg 1.0		neg 0.46910130000920636 off 0.46199832983338796 __DUMMY__ 0.0689003701574057	false	1.0
hexe	off 1.0		neg 0.4678606489443807 off 0.46263170132815107 __DUMMY__ 0.06950764972746826	false	0.5
lasch	neg 1.0		neg 0.47165688424673174 off 0.4589934959744528 __DUMMY__ 0.06934961977881551	false	1.0
rivale	neg 1.0		off 0.46541521352562853 neg 0.46505674970222105 __DUMMY__ 0.06952803677215032	false	0.5
mutlos	off 1.0	off 1.0	off 0.7108027422108043 neg 0.2557711978316747 __DUMMY__ 0.03342605995752115	false	1.0
wirr	off 1.0		neg 0.4684192872533435 off 0.46264298349274996 __DUMMY__ 0.06893772925390669	false	0.5
jahr			neg 0.4756540778823895 off 0.45373085813738473 __DUMMY__ 0.07061506398022578	false	0.0
wird			neg 0.47604653879676173 off 0.4538633561609171 __DUMMY__ 0.07009010504232116	false	0.0
strafbar	neg 1.0		neg 0.4780304901147853 off 0.45208232956549205 __DUMMY__ 0.06988718031972256	false	1.0
erosion	neg 1.0		neg 0.47098555341103193 off 0.4589226765541499 __DUMMY__ 0.0700917700348181	false	1.0
eingehen	neg 1.0		neg 0.47748449088893635 off 0.45272869493358625 __DUMMY__ 0.06978681417747751	false	1.0
faul	off 1.0		neg 0.46771371560294617 off 0.4624668833069301 __DUMMY__ 0.0698194010901238	false	0.5
provisorium	neg 1.0		neg 0.48289993833133765 off 0.4462435136256145 __DUMMY__ 0.07085654804304799	false	1.0
schmerzen	neg 1.0		neg 0.4723654583889866 off 0.4576405151433118 __DUMMY__ 0.06999402646770167	false	1.0
schrumpfen	neg 1.0		neg 0.48382337583156654 off 0.44593119342372695 __DUMMY__ 0.07024543074470661	false	1.0
geistlos	off 1.0		neg 0.47473762142145814 off 0.4561396447322881 __DUMMY__ 0.06912273384625375	false	0.5
fehlkauf	neg 1.0		neg 0.47163343367507604 off 0.45861014997575567 __DUMMY__ 0.06975641634916833	false	1.0
frustrierend	neg 1.0		neg 0.46792470350040505 off 0.4622260506261697 __DUMMY__ 0.06984924587342518	false	1.0
unzufrieden	neg 1.0		neg 0.47668080686123876 off 0.45352384031593634 __DUMMY__ 0.06979535282282487	false	1.0
verzweifeln	neg 1.0		neg 0.47338724601471893 off 0.45666228436834305 __DUMMY__ 0.06995046961693803	false	1.0
verzweifelt	neg 1.0		neg 0.4718458300372256 off 0.4583956755621308 __DUMMY__ 0.06975849440064365	false	1.0
misstrauensantrag	neg 1.0		neg 0.471841076592933 off 0.45855659545721955 __DUMMY__ 0.06960232794984743	false	1.0
abfallen	neg 1.0		neg 0.4695782076421763 off 0.46027817351744005 __DUMMY__ 0.07014361884038363	false	1.0
fucker	off 1.0		neg 0.46716388595897235 off 0.4634911421232385 __DUMMY__ 0.06934497191778909	false	0.5
ungezogen	neg 1.0		off 0.47183839581077064 neg 0.4591438897959769 __DUMMY__ 0.06901771439325245	false	0.5
irrsinnig	neg 1.0	neg 1.0	neg 0.7224803139926408 off 0.24413714797387398 __DUMMY__ 0.033382538033485065	false	1.0
unfassbar	neg 1.0		neg 0.4682813383939276 off 0.4622691202402196 __DUMMY__ 0.06944954136585271	false	1.0
hart	neg 1.0		neg 0.4696536450518826 off 0.46067817392037347 __DUMMY__ 0.06966818102774379	false	1.0
widerlich	off 1.0		neg 0.46815454750947166 off 0.46256429321759646 __DUMMY__ 0.06928115927293185	false	0.5
fatal	neg 1.0		neg 0.4712939022452604 off 0.4589505328632187 __DUMMY__ 0.06975556489152088	false	1.0
bruch	neg 1.0		neg 0.48099519577919975 off 0.44890960398902435 __DUMMY__ 0.0700952002317759	false	1.0
aushungern	neg 1.0		neg 0.47654252029554495 off 0.45382551207571514 __DUMMY__ 0.06963196762873992	false	1.0
anspannung	neg 1.0	neg 1.0	neg 0.7246367214789342 off 0.24118147301619866 __DUMMY__ 0.03418180550486723	false	1.0
von			neg 0.4767796999545317 off 0.45263639021923974 __DUMMY__ 0.07058390982622867	false	0.0
kraftlos	neg 1.0		neg 0.47274703750792535 off 0.4568915495274757 __DUMMY__ 0.07036141296459895	false	1.0
vom			neg 0.4808692822918156 off 0.4480978336222525 __DUMMY__ 0.07103288408593203	false	0.0
grenzdebil	off 1.0		neg 0.46667216394609895 off 0.46384313345141936 __DUMMY__ 0.0694847026024816	false	0.5
vor			neg 0.47761365240635056 off 0.4520126247437463 __DUMMY__ 0.07037372284990326	false	0.0
unterwerfen	neg 1.0		neg 0.4770837736492728 off 0.4528604407773726 __DUMMY__ 0.07005578557335464	false	1.0
versenkung	neg 1.0		neg 0.47743403366708626 off 0.4524999218237989 __DUMMY__ 0.07006604450911474	false	1.0
entziehen	neg 1.0		neg 0.47979692729387596 off 0.45001177197542613 __DUMMY__ 0.07019130073069792	false	1.0
finanzkrise	neg 1.0		neg 0.476668774275404 off 0.45376105692282126 __DUMMY__ 0.06957016880177469	false	1.0
schimpfend	neg 1.0		neg 0.4697718084640453 off 0.4600740220009196 __DUMMY__ 0.07015416953503496	false	1.0
profan	neg 1.0		neg 0.47033529531507245 off 0.4599600252280897 __DUMMY__ 0.0697046794568378	false	1.0
korruption	neg 1.0	neg 1.0	neg 0.7253601878797498 off 0.24124737247814393 __DUMMY__ 0.033392439642106315	false	1.0
â			neg 0.4754227526908272 off 0.4543614536367728 __DUMMY__ 0.07021579367239998	false	0.0
schmutzig	neg 1.0		neg 0.46613052773815916 off 0.4641942216038529 __DUMMY__ 0.06967525065798803	false	1.0
sexy	neg 1.0		neg 0.46930882702752535 off 0.4609453292112284 __DUMMY__ 0.06974584376124629	false	1.0
abraten	neg 1.0		neg 0.47093750916808896 off 0.4592499332754793 __DUMMY__ 0.06981255755643169	false	1.0
schwarz	neg 1.0		neg 0.47226464247881805 off 0.4580085669718631 __DUMMY__ 0.06972679054931895	false	1.0
fotze	off 1.0		neg 0.4770297177141967 off 0.4529201823725174 __DUMMY__ 0.07005009991328583	false	0.5
verwirren	neg 1.0		neg 0.4700124144710582 off 0.4602726863315987 __DUMMY__ 0.06971489919734312	false	1.0
zahnlos	off 1.0		neg 0.4765469563058494 off 0.4536457983241953 __DUMMY__ 0.06980724536995526	false	0.5
verheeren	neg 1.0		off 0.47414997699571315 neg 0.4566271220081972 __DUMMY__ 0.06922290099608959	false	0.5
hippie	neg 1.0		neg 0.4701906466488161 off 0.46009312287478454 __DUMMY__ 0.06971623047639927	false	1.0
rammen	neg 1.0		neg 0.47271585040119535 off 0.4575284875159676 __DUMMY__ 0.06975566208283708	false	1.0
unlauter	neg 1.0		neg 0.4773468003013051 off 0.4534993409691134 __DUMMY__ 0.06915385872958145	false	1.0
unheilvoll	neg 1.0		neg 0.4682245866122116 off 0.46164997239764577 __DUMMY__ 0.07012544099014263	false	1.0
niedrig	neg 1.0		neg 0.47697100967789413 off 0.45280398359414725 __DUMMY__ 0.07022500672795852	false	1.0
explosion	neg 1.0		neg 0.47139850830665864 off 0.45896309248045314 __DUMMY__ 0.06963839921288809	false	1.0
weichei	off 1.0		off 0.4682925567911281 neg 0.46262384626421615 __DUMMY__ 0.06908359694465568	false	1.0
minusmensch	off 1.0		off 0.46916308144106206 neg 0.46242213339292326 __DUMMY__ 0.06841478516601479	false	1.0
farblos	neg 1.0		neg 0.4696611206716371 off 0.4597410563084135 __DUMMY__ 0.07059782301994937	false	1.0
unwissend	neg 1.0	neg 1.0	neg 0.7203747210645337 off 0.24639315795570957 __DUMMY__ 0.0332321209797568	false	1.0
traurig	neg 1.0		off 0.4662280951516658 neg 0.46432452927969714 __DUMMY__ 0.06944737556863714	false	0.5
senkung	neg 1.0		neg 0.47289311116569777 off 0.457756092409298 __DUMMY__ 0.0693507964250042	false	1.0
ungleich	neg 1.0	neg 1.0	neg 0.7260409757375319 off 0.2405323422287072 __DUMMY__ 0.03342668203376087	false	1.0
heikel	neg 1.0		neg 0.4791964238189808 off 0.4508406635239142 __DUMMY__ 0.06996291265710507	false	1.0
drosselung	neg 1.0		neg 0.4663162288432246 off 0.4640533934897579 __DUMMY__ 0.06963037766701749	false	1.0
falsch	neg 1.0		neg 0.46865541189685317 off 0.4616591102127693 __DUMMY__ 0.06968547789037752	false	1.0
unzufriedenheit	neg 1.0		neg 0.4794200116547664 off 0.4505260422809737 __DUMMY__ 0.07005394606425992	false	1.0
kurz	neg 1.0		neg 0.4729262737686403 off 0.4568353463832712 __DUMMY__ 0.07023837984808833	false	1.0
unsinnig	neg 1.0		neg 0.4768673996756348 off 0.45347847767123567 __DUMMY__ 0.06965412265312966	false	1.0
penner	off 1.0	off 1.0	off 0.7210502391706936 neg 0.24594122063764734 __DUMMY__ 0.033008540191659115	false	1.0
seicht	neg 1.0		off 0.4695663697622332 neg 0.4617751554759304 __DUMMY__ 0.06865847476183648	false	0.5
dummheit	off 1.0	off 1.0	off 0.7148716703898385 neg 0.25183279910821205 __DUMMY__ 0.033295530501949486	false	1.0
unerfreulich	neg 1.0		neg 0.4787775596868252 off 0.4510108892861358 __DUMMY__ 0.07021155102703894	false	1.0
motherfucker	off 1.0	off 1.0	off 0.7171980920549978 neg 0.2496374469953589 __DUMMY__ 0.033164460949643405	false	1.0
pikiert	neg 1.0		neg 0.46942199258720263 off 0.46126849736477066 __DUMMY__ 0.06930951004802674	false	1.0
wrack	neg 1.0		neg 0.47400951717214834 off 0.45544785488312234 __DUMMY__ 0.07054262794472924	false	1.0
gangster	neg 1.0		neg 0.4701525714484704 off 0.46005283470203584 __DUMMY__ 0.06979459384949382	false	1.0
krank	neg 1.0		off 0.46517696530437136 neg 0.465163189334605 __DUMMY__ 0.06965984536102374	false	0.5
reich	neg 1.0		neg 0.47010470861529785 off 0.4604554002931178 __DUMMY__ 0.06943989109158427	false	1.0
gnadenlos	neg 1.0		neg 0.47206730899022253 off 0.4580671275365285 __DUMMY__ 0.06986556347324896	false	1.0
niedergeschlagen	neg 1.0		neg 0.4723258052602886 off 0.4574091061799926 __DUMMY__ 0.0702650885597188	false	1.0
terrorisieren	off 1.0	off 1.0	off 0.7123005942297933 neg 0.25405916596858585 __DUMMY__ 0.03364023980162094	false	1.0
sinnlosigkeit	neg 1.0		neg 0.4759162427955785 off 0.4542105839457936 __DUMMY__ 0.06987317325862784	false	1.0
behindern	neg 1.0		neg 0.47487568780942147 off 0.45533874040323635 __DUMMY__ 0.06978557178734208	false	1.0
undemokratisch	neg 1.0		neg 0.4752323973401541 off 0.45533983336366923 __DUMMY__ 0.06942776929617668	false	1.0
wirtschaftskrise	neg 1.0		neg 0.4782130681413684 off 0.45198489691133187 __DUMMY__ 0.06980203494729968	false	1.0
neid	neg 1.0		neg 0.465960416965987 off 0.4640712710974586 __DUMMY__ 0.06996831193655438	false	1.0
rutschen	neg 1.0	neg 1.0	neg 0.7241192516745332 off 0.24182188540202734 __DUMMY__ 0.034058862923439355	false	1.0
rezession	neg 1.0		neg 0.4659878550661551 off 0.46497049460048784 __DUMMY__ 0.06904165033335712	false	1.0
fehlgeburt	neg 1.0		neg 0.46880012123970793 off 0.46110741324582954 __DUMMY__ 0.07009246551446253	false	1.0
charakterschwach	off 1.0		neg 0.46725831419626435 off 0.46325538059400945 __DUMMY__ 0.06948630520972629	false	0.5
isolation	neg 1.0		neg 0.4683299266530946 off 0.4618767708591145 __DUMMY__ 0.06979330248779086	false	1.0
ablenkung	neg 1.0		neg 0.4721917342169426 off 0.45785122357180913 __DUMMY__ 0.06995704221124828	false	1.0
pech	neg 1.0		neg 0.46869602417998707 off 0.46157288624634213 __DUMMY__ 0.06973108957367086	false	1.0
vermeidung	neg 1.0		neg 0.4684190045336594 off 0.4623140078329736 __DUMMY__ 0.06926698763336714	false	1.0
dominieren	neg 1.0		neg 0.474568306889599 off 0.4550718368095437 __DUMMY__ 0.07035985630085731	false	1.0
schwindlig	neg 1.0		neg 0.46715856488237434 off 0.4626023773791325 __DUMMY__ 0.0702390577384932	false	1.0
lutscher	neg 1.0		off 0.4705088904480379 neg 0.4608313878295917 __DUMMY__ 0.06865972172237043	false	0.5
pflicht	neg 1.0		neg 0.47929394737203407 off 0.45071736459581785 __DUMMY__ 0.0699886880321481	false	1.0
faschist	off 1.0		neg 0.4730209742639403 off 0.4576629558218435 __DUMMY__ 0.0693160699142163	false	0.5
verschleudern	neg 1.0		neg 0.48183789561555057 off 0.4487467444763569 __DUMMY__ 0.0694153599080927	false	1.0
wenn			neg 0.4685608412784067 off 0.46178244971870264 __DUMMY__ 0.06965670900289078	false	0.0
ehebruch	neg 1.0		neg 0.4768628054456454 off 0.4531629661797135 __DUMMY__ 0.06997422837464114	false	1.0
spott	off 1.0		neg 0.47869007613711156 off 0.4514920509083225 __DUMMY__ 0.06981787295456603	false	0.5
trostlosigkeit	neg 1.0		neg 0.47836177733454377 off 0.4512986059550813 __DUMMY__ 0.07033961671037486	false	1.0
lutschen	neg 1.0		neg 0.471870962011627 off 0.45857567460091736 __DUMMY__ 0.06955336338745556	false	1.0
undiszipliniert	neg 1.0		off 0.465753870274288 neg 0.4646866444723534 __DUMMY__ 0.06955948525335862	false	0.5
kopfschmerz	neg 1.0		neg 0.4726368538492123 off 0.45713687012354914 __DUMMY__ 0.07022627602723867	false	1.0
unvorhergesehen	neg 1.0		neg 0.47356061208503214 off 0.45587952948791255 __DUMMY__ 0.07055985842705537	false	1.0
desinteressiert	neg 1.0		neg 0.4664090907470276 off 0.4642517906812231 __DUMMY__ 0.06933911857174947	false	1.0
armselig	off 1.0		neg 0.4671107535440349 off 0.4638427406073117 __DUMMY__ 0.06904650584865331	false	0.5
desaster	neg 1.0		neg 0.481568654650885 off 0.4483101313099256 __DUMMY__ 0.07012121403918933	false	1.0
tod	neg 1.0		neg 0.47304930868930684 off 0.4564247211562771 __DUMMY__ 0.070525970154416	false	1.0
herzlos	neg 1.0		off 0.46567305563529154 neg 0.465086392414556 __DUMMY__ 0.06924055195015248	false	0.5
unwissenheit	neg 1.0		neg 0.47806186917737065 off 0.4523317886563485 __DUMMY__ 0.06960634216628088	false	1.0
widersinnig	neg 1.0	neg 1.0	neg 0.7257163168291777 off 0.24105247779630481 __DUMMY__ 0.033231205374517535	false	1.0
bedenklich	neg 1.0		neg 0.4779313396014032 off 0.45220321295542454 __DUMMY__ 0.06986544744317214	false	1.0
beanstanden	neg 1.0		neg 0.4794147975929466 off 0.45049287733452986 __DUMMY__ 0.07009232507252351	false	1.0
panisch	neg 1.0	neg 1.0	neg 0.7190222472654921 off 0.24725163734358105 __DUMMY__ 0.03372611539092678	false	1.0
debil	off 1.0		neg 0.48277927213386007 off 0.44666521961112643 __DUMMY__ 0.07055550825501361	false	0.5
abstrich	neg 1.0		neg 0.47657386758089537 off 0.45349827285578687 __DUMMY__ 0.06992785956331762	false	1.0
primitiv	neg 1.0		neg 0.46747242330794825 off 0.4632284126721302 __DUMMY__ 0.06929916401992157	false	1.0
abschaum	off 1.0	off 1.0	off 0.7162400996880258 neg 0.2504960543170931 __DUMMY__ 0.03326384599488119	false	1.0
provozieren	neg 1.0		neg 0.473234052862927 off 0.4570414624142737 __DUMMY__ 0.06972448472279935	false	1.0
tot	neg 1.0		neg 0.4774361075551277 off 0.4525802395706574 __DUMMY__ 0.06998365287421494	false	1.0
instabil	neg 1.0		neg 0.46955229120109615 off 0.46143032112508914 __DUMMY__ 0.06901738767381475	false	1.0
schwuchtel	off 1.0		off 0.4747961545201708 neg 0.456846553625049 __DUMMY__ 0.06835729185478026	false	1.0
zerren	neg 1.0		neg 0.47233653338453263 off 0.45740906715278856 __DUMMY__ 0.07025439946267874	false	1.0
kinderficker	off 1.0		neg 0.4656121198249175 off 0.4656043184083519 __DUMMY__ 0.06878356176673049	false	0.5
gefahr	neg 1.0		neg 0.4784659631113126 off 0.45136103368945346 __DUMMY__ 0.07017300319923388	false	1.0
rabiat	neg 1.0		neg 0.4739941965870646 off 0.45626530315602803 __DUMMY__ 0.06974050025690733	false	1.0
verlangsamung	neg 1.0		off 0.4694688701463486 neg 0.46149244177580917 __DUMMY__ 0.06903868807784222	false	0.5
ausgestorben	neg 1.0		neg 0.47221012640325644 off 0.45765630211698444 __DUMMY__ 0.07013357147975927	false	1.0
anklagen	neg 1.0		neg 0.47592169623448133 off 0.454251915170687 __DUMMY__ 0.06982638859483162	false	1.0
trott	neg 1.0		neg 0.472985549673931 off 0.4569834222120289 __DUMMY__ 0.0700310281140401	false	1.0
verminderung	neg 1.0		neg 0.46697732163646116 off 0.463704264587678 __DUMMY__ 0.06931841377586073	false	1.0
nach			neg 0.47672865163507866 off 0.4521120185636809 __DUMMY__ 0.07115932980124032	false	0.0
rost	neg 1.0		off 0.4690690879735591 neg 0.46168113668866223 __DUMMY__ 0.0692497753377787	false	0.5
destruktiv	neg 1.0		neg 0.4759879022230538 off 0.45447160473676596 __DUMMY__ 0.06954049304018023	false	1.0
unzumutbarkeit	neg 1.0		neg 0.46748204189720927 off 0.4627666159072532 __DUMMY__ 0.06975134219553743	false	1.0
labil	off 1.0	off 1.0	off 0.7162057213058977 neg 0.2505209391543911 __DUMMY__ 0.03327333953971117	false	1.0
ziemlich	neg 1.0		neg 0.4664048805504529 off 0.4639504522298479 __DUMMY__ 0.0696446672196992	false	1.0
lachnummer	off 1.0		neg 0.47474795249139545 off 0.4555579911411369 __DUMMY__ 0.06969405636746763	false	0.5
oder			neg 0.4713521041288824 off 0.45856757312804175 __DUMMY__ 0.07008032274307585	false	0.0
verfall	neg 1.0		neg 0.4830764130698608 off 0.44657376834977197 __DUMMY__ 0.07034981858036723	false	1.0
ausgrenzung	neg 1.0		neg 0.473777552751662 off 0.45673060580347824 __DUMMY__ 0.06949184144485972	false	1.0
unordnung	neg 1.0		neg 0.465963996701386 off 0.4642288467702714 __DUMMY__ 0.06980715652834252	false	1.0
fehlverhalten	neg 1.0		neg 0.47883043628061694 off 0.45117695221101883 __DUMMY__ 0.06999261150836429	false	1.0
eine			neg 0.47834312168867854 off 0.4514685839850569 __DUMMY__ 0.07018829432626461	false	0.0
nille	neg 1.0		neg 0.47425875621331814 off 0.45578010854655426 __DUMMY__ 0.06996113524012756	false	1.0
qual	neg 1.0		neg 0.47338176015497585 off 0.4566068881590207 __DUMMY__ 0.07001135168600357	false	1.0
verschwenden	neg 1.0		neg 0.47703117339406054 off 0.45307059968497043 __DUMMY__ 0.0698982269209689	false	1.0
riesig	neg 1.0	neg 1.0	neg 0.7227672051491757 off 0.2434074913792353 __DUMMY__ 0.03382530347158896	false	1.0
verurteilen	neg 1.0		neg 0.4763524587906863 off 0.45378857563463065 __DUMMY__ 0.06985896557468307	false	1.0
klischee	neg 1.0	neg 1.0	neg 0.7215397331359384 off 0.24522143143446423 __DUMMY__ 0.03323883542959735	false	1.0
diktatorisch	neg 1.0		neg 0.47531345799761426 off 0.4553828072872602 __DUMMY__ 0.06930373471512555	false	1.0
vorhersehbar	neg 1.0	neg 1.0	neg 0.7216432897037097 off 0.2450558349077116 __DUMMY__ 0.033300875388578656	false	1.0
sowie			off 0.4674898826164877 neg 0.4633996951750076 __DUMMY__ 0.06911042220850466	false	0.0
stornieren	neg 1.0		neg 0.46780501912305866 off 0.4616758474193827 __DUMMY__ 0.07051913345755878	false	1.0
besteuerung	neg 1.0		neg 0.475735399186913 off 0.454904401920624 __DUMMY__ 0.06936019889246302	false	1.0
ungeschminkt	neg 1.0		neg 0.46828419637746804 off 0.4624101576140146 __DUMMY__ 0.06930564600851738	false	1.0
kritisch	neg 1.0		neg 0.4781636122282289 off 0.4519592805607503 __DUMMY__ 0.0698771072110209	false	1.0
schlamperei	off 1.0		neg 0.4796943649796549 off 0.4504465011063151 __DUMMY__ 0.06985913391402995	false	0.5
sucht	neg 1.0	neg 1.0	neg 0.7214249438528266 off 0.24490136220624645 __DUMMY__ 0.03367369394092696	false	1.0
egoistisch	off 1.0		off 0.46864369210056966 neg 0.4621749348228445 __DUMMY__ 0.06918137307658581	false	1.0
ausbeuter	off 1.0		neg 0.48010279936302835 off 0.4500702047212693 __DUMMY__ 0.06982699591570242	false	0.5
arschgeburt	off 1.0		off 0.4743327980448401 neg 0.4574146552703785 __DUMMY__ 0.06825254668478152	false	1.0
schubs	neg 1.0	neg 1.0	neg 0.7224809069097843 off 0.2437761565006228 __DUMMY__ 0.03374293658959285	false	1.0
unsolide	neg 1.0		neg 0.47732784674322803 off 0.4537838562076082 __DUMMY__ 0.06888829704916373	false	1.0
beschwerde	neg 1.0		neg 0.47949212974527067 off 0.4506615818274673 __DUMMY__ 0.06984628842726204	false	1.0
stocken	neg 1.0		neg 0.47754945277738703 off 0.4524339247545928 __DUMMY__ 0.07001662246802008	false	1.0
isolieren	neg 1.0		neg 0.4774485074032066 off 0.45274953094642506 __DUMMY__ 0.06980196165036823	false	1.0
unheilbar	neg 1.0		neg 0.4704834277409815 off 0.45934599871250437 __DUMMY__ 0.07017057354651407	false	1.0
pisser	off 1.0		neg 0.4660390021719078 off 0.46450962272128393 __DUMMY__ 0.06945137510680843	false	0.5
löschen	neg 1.0		neg 0.4731371907130246 off 0.45694594578150305 __DUMMY__ 0.06991686350547234	false	1.0
durchfallen	neg 1.0		neg 0.47761341602137153 off 0.4527025239206444 __DUMMY__ 0.06968406005798397	false	1.0
wichser	off 1.0		off 0.47329048099863996 neg 0.457848418778773 __DUMMY__ 0.06886110022258712	false	1.0
terror	neg 1.0		neg 0.4687620588435477 off 0.4612617293583121 __DUMMY__ 0.06997621179814005	false	1.0
krass	neg 1.0		off 0.46620428817803133 neg 0.4645924924709074 __DUMMY__ 0.06920321935106127	false	0.5
revolte	neg 1.0		neg 0.4732013355839074 off 0.4573451383558379 __DUMMY__ 0.06945352606025466	false	1.0
besorgt	neg 1.0		neg 0.472591833773054 off 0.45702497934448827 __DUMMY__ 0.07038318688245761	false	1.0
nachlassen	neg 1.0		neg 0.4771388786775726 off 0.4527287119718711 __DUMMY__ 0.07013240935055633	false	1.0
alt	neg 1.0		neg 0.47610382523195993 off 0.45383709413408 __DUMMY__ 0.07005908063395994	false	1.0
hundesohn	off 1.0		off 0.46995307099904665 neg 0.4613646079438885 __DUMMY__ 0.06868232105706497	false	1.0
als			neg 0.47337238806056403 off 0.45640395423010505 __DUMMY__ 0.0702236577093309	false	0.0
abschreckung	neg 1.0		neg 0.47943602023842885 off 0.4503710158777737 __DUMMY__ 0.0701929638837976	false	1.0
unqualifiziert	neg 1.0		neg 0.47335863506739645 off 0.45747363838660143 __DUMMY__ 0.06916772654600196	false	1.0
abgewichst	off 1.0		neg 0.4743914653147761 off 0.4555475080700191 __DUMMY__ 0.07006102661520483	false	0.5
schwer	neg 1.0		neg 0.4727544663384868 off 0.4572869944436551 __DUMMY__ 0.06995853921785801	false	1.0
bedeutungslosigkeit	neg 1.0		neg 0.47919542542043103 off 0.4507587309100546 __DUMMY__ 0.07004584366951434	false	1.0
kapitulation	neg 1.0		neg 0.47957310846084406 off 0.45072588743830116 __DUMMY__ 0.06970100410085482	false	1.0
unscharf	neg 1.0		neg 0.4709384101966974 off 0.45937687454933823 __DUMMY__ 0.06968471525396445	false	1.0
schwinden	neg 1.0		neg 0.47927066067709384 off 0.4506775397026616 __DUMMY__ 0.07005179962024463	false	1.0
versklavung	neg 1.0		neg 0.47548336190834634 off 0.4551687083878627 __DUMMY__ 0.0693479297037909	false	1.0
schlecht	neg 1.0		neg 0.46603829993292867 off 0.4642777866575423 __DUMMY__ 0.06968391340952898	false	1.0
verhasst	neg 1.0		neg 0.47262038574896215 off 0.4576426736714408 __DUMMY__ 0.069736940579597	false	1.0
beschweren	neg 1.0		neg 0.47123803792774765 off 0.45898658016876276 __DUMMY__ 0.0697753819034895	false	1.0
scheiden	neg 1.0		neg 0.4686001454818742 off 0.4609205267698072 __DUMMY__ 0.07047932774831858	false	1.0
frustriert	neg 1.0		neg 0.47397272710829697 off 0.45603312587078665 __DUMMY__ 0.06999414702091632	false	1.0
schimmelig	neg 1.0		neg 0.4762364284897709 off 0.453596280374075 __DUMMY__ 0.07016729113615408	false	1.0
fisch	neg 1.0		neg 0.47425752404156024 off 0.45502230669259713 __DUMMY__ 0.07072016926584258	false	1.0
schmuggel	neg 1.0		neg 0.47519601856336663 off 0.45416767847545525 __DUMMY__ 0.07063630296117827	false	1.0
auffallen	neg 1.0		neg 0.4703304890999988 off 0.4599001856929189 __DUMMY__ 0.0697693252070824	false	1.0
konkurrenz	neg 1.0	neg 1.0	neg 0.7261734107047887 off 0.2401638537727082 __DUMMY__ 0.03366273552250308	false	1.0
teufelskreis	neg 1.0		neg 0.47408102769468724 off 0.45604500061805764 __DUMMY__ 0.06987397168725513	false	1.0
aufschreien	neg 1.0		neg 0.4714227020955381 off 0.45894938596309043 __DUMMY__ 0.06962791194137141	false	1.0
schuldner	neg 1.0		neg 0.4783490581019687 off 0.45151055669557355 __DUMMY__ 0.07014038520245768	false	1.0
missgeburt	off 1.0	off 1.0	off 0.7196413412236892 neg 0.24727479611122516 __DUMMY__ 0.033083862665085687	false	1.0
arbeitslos	neg 1.0		neg 0.477150661871398 off 0.4531421060962116 __DUMMY__ 0.06970723203239054	false	1.0
befallen	neg 1.0		neg 0.4750979568804946 off 0.4549854608679941 __DUMMY__ 0.06991658225151136	false	1.0
miesepetrig	off 1.0	off 1.0	off 0.7177188003300349 neg 0.2489098562582394 __DUMMY__ 0.03337134341172584	false	1.0
alarmieren	neg 1.0		neg 0.4704682645949585 off 0.4601581841894297 __DUMMY__ 0.06937355121561183	false	1.0
ungeduscht	off 1.0		neg 0.46859439699521466 off 0.4616319684403976 __DUMMY__ 0.06977363456438766	false	0.5
knappheit	neg 1.0		neg 0.47953233919251115 off 0.45078589199034524 __DUMMY__ 0.06968176881714364	false	1.0
schlange	neg 1.0		neg 0.46876955687761873 off 0.4610708026203066 __DUMMY__ 0.07015964050207474	false	1.0
harsch	neg 1.0		off 0.46846314048556315 neg 0.4620450423728285 __DUMMY__ 0.06949181714160835	false	0.5
lang	neg 1.0		neg 0.4722443355461826 off 0.4577956658583152 __DUMMY__ 0.06995999859550228	false	1.0
ziellos	neg 1.0		neg 0.4741540025175629 off 0.4556069327926329 __DUMMY__ 0.07023906468980406	false	1.0
selbstverliebt	neg 1.0		off 0.4720663161443856 neg 0.4594948030749957 __DUMMY__ 0.06843888078061866	false	0.5
beseitigen	neg 1.0	neg 1.0	neg 0.7218166950592888 off 0.24445885136429382 __DUMMY__ 0.033724453576417415	false	1.0
dumm	off 1.0		off 0.46885839458889034 neg 0.46215990276127866 __DUMMY__ 0.068981702649831	false	1.0
arbeitsloser	neg 1.0		neg 0.47626583606623635 off 0.45371191067770494 __DUMMY__ 0.07002225325605864	false	1.0
blitzen	neg 1.0		neg 0.4698495763478192 off 0.46041818015603897 __DUMMY__ 0.06973224349614189	false	1.0
hilflos	neg 1.0		neg 0.47429542872692204 off 0.4556687181978756 __DUMMY__ 0.07003585307520226	false	1.0
eklig	off 1.0		off 0.4696874284062396 neg 0.46134464086157195 __DUMMY__ 0.0689679307321884	false	1.0
begriff			neg 0.4756475388950233 off 0.45459755482882114 __DUMMY__ 0.06975490627615555	false	0.0
hungersnot	neg 1.0		neg 0.47402462125998057 off 0.455855561724189 __DUMMY__ 0.07011981701583037	false	1.0
ungesetzlich	neg 1.0		neg 0.4771703964785819 off 0.45393305089689023 __DUMMY__ 0.06889655262452773	false	1.0
verschwendung	neg 1.0		neg 0.4775861953715189 off 0.452340929317112 __DUMMY__ 0.07007287531136912	false	1.0
schmerzvoll	neg 1.0		neg 0.4707719173508098 off 0.45937789780097393 __DUMMY__ 0.06985018484821633	false	1.0
vorzeitig	neg 1.0		neg 0.46837858225041473 off 0.46167239976119867 __DUMMY__ 0.06994901798838662	false	1.0
unvollkommenheit	neg 1.0		neg 0.4710366195894223 off 0.4582886478089652 __DUMMY__ 0.07067473260161249	false	1.0
intervenieren	neg 1.0		neg 0.47987895390389046 off 0.4503204770927724 __DUMMY__ 0.06980056900333728	false	1.0
banause	off 1.0		off 0.4704384514835471 neg 0.46094869935383453 __DUMMY__ 0.06861284916261827	false	1.0
rebell	neg 1.0		neg 0.4798954847661269 off 0.4497198193993936 __DUMMY__ 0.07038469583447951	false	1.0
unlogisch	neg 1.0		off 0.46562166832769053 neg 0.4650752947739755 __DUMMY__ 0.06930303689833403	false	0.5
leiden	neg 1.0		neg 0.47309793630148134 off 0.4560724999527683 __DUMMY__ 0.07082956374575053	false	1.0
abschaffung	neg 1.0		neg 0.47547563504555196 off 0.4550781916485734 __DUMMY__ 0.06944617330587449	false	1.0
sturz	neg 1.0		neg 0.47240975821077674 off 0.45758049680967305 __DUMMY__ 0.07000974497955016	false	1.0
verkleinerung	neg 1.0		neg 0.4739118009079464 off 0.45693170044142667 __DUMMY__ 0.06915649865062705	false	1.0
schmarotzer	off 1.0		neg 0.47753942193652443 off 0.4527884774152417 __DUMMY__ 0.06967210064823379	false	0.5
bestrafung	neg 1.0		neg 0.4720844159670292 off 0.4581595442420549 __DUMMY__ 0.06975603979091584	false	1.0
achtlos	neg 1.0		neg 0.4719617462126272 off 0.4579495131337518 __DUMMY__ 0.07008874065362106	false	1.0
ungeheuer	neg 1.0		neg 0.46917064218562143 off 0.4610030570434835 __DUMMY__ 0.06982630077089505	false	1.0
unaufrichtig	neg 1.0		neg 0.47345719481811355 off 0.45715811627066605 __DUMMY__ 0.06938468891122053	false	1.0
groggy	neg 1.0		neg 0.47069014258986874 off 0.4596042013753182 __DUMMY__ 0.06970565603481314	false	1.0
