unsolidarisch	neg 1.0		neg 0.5098488986207422 off 0.4829303781405649 __DUMMY__ 0.007220723238692859	false	1.0
nachteilig	neg 1.0		neg 0.5106236823982038 off 0.48207740350971745 __DUMMY__ 0.007298914092078758	false	1.0
skeptisch	neg 1.0		neg 0.5108434688630753 off 0.4818435410092479 __DUMMY__ 0.007312990127676772	false	1.0
schrecklich	neg 1.0		off 0.4975947295698531 neg 0.4951667973561032 __DUMMY__ 0.007238473074043751	false	0.5
schlapp	neg 1.0		neg 0.4990515371211983 off 0.493672140310214 __DUMMY__ 0.007276322568587591	false	1.0
abfall	neg 1.0		neg 0.5131767879963689 off 0.47948930633409054 __DUMMY__ 0.007333905669540485	false	1.0
widerspenstig	neg 1.0		neg 0.5043597712647041 off 0.4883365917729537 __DUMMY__ 0.007303636962342276	false	1.0
abrupt	neg 1.0		neg 0.5078615584425912 off 0.4847898007459299 __DUMMY__ 0.007348640811478948	false	1.0
unwirksam	neg 1.0		neg 0.5085868712314467 off 0.4841741601438696 __DUMMY__ 0.007238968624683678	false	1.0
angreifen	neg 1.0	neg 1.0	neg 0.7408525233401922 off 0.2556509095023147 __DUMMY__ 0.003496567157493065	false	1.0
inkonsistent	neg 1.0		neg 0.5034254921825383 off 0.48927393653436385 __DUMMY__ 0.007300571283097859	false	1.0
abrutschen	neg 1.0		neg 0.5127315939230874 off 0.4799345015325806 __DUMMY__ 0.00733390454433185	false	1.0
unsicher	neg 1.0		neg 0.5043024040414033 off 0.4883912941669303 __DUMMY__ 0.007306301791666541	false	1.0
bauernkind	off 1.0	off 1.0	off 0.7321378946261655 neg 0.26443225716232227 __DUMMY__ 0.00342984821151228	false	1.0
angreifer	neg 1.0		neg 0.5029282629445349 off 0.48976935585925274 __DUMMY__ 0.007302381196212497	false	1.0
trennen	neg 1.0		neg 0.5064155437258554 off 0.4862165738242245 __DUMMY__ 0.007367882449920036	false	1.0
schmutz	neg 1.0		neg 0.49949115763187446 off 0.4931587375000373 __DUMMY__ 0.007350104868088269	false	1.0
inkonsistenz	neg 1.0		neg 0.5038219859527386 off 0.4889577862521514 __DUMMY__ 0.007220227795109983	false	1.0
erschreckend	neg 1.0		neg 0.5071281183896909 off 0.48558620494120747 __DUMMY__ 0.0072856766691016565	false	1.0
ertrinken	neg 1.0		neg 0.5068080665393371 off 0.4858469997898131 __DUMMY__ 0.007344933670849867	false	1.0
pickelface	off 1.0		neg 0.5074131192909668 off 0.4852856779391936 __DUMMY__ 0.007301202769839657	false	0.5
seiner			neg 0.5088277129073591 off 0.48383577393015925 __DUMMY__ 0.007336513162481757	false	0.0
lauch	neg 1.0		neg 0.5135488288515437 off 0.479133782611997 __DUMMY__ 0.007317388536459314	false	1.0
unwichtig	neg 1.0		neg 0.5008542730059511 off 0.4918912508693271 __DUMMY__ 0.00725447612472169	false	1.0
steuerhinterziehung	neg 1.0		neg 0.5093623552146624 off 0.483372200779867 __DUMMY__ 0.007265444005470501	false	1.0
schock	neg 1.0		neg 0.5034982061871354 off 0.4891612338122086 __DUMMY__ 0.007340560000656174	false	1.0
beule	neg 1.0		neg 0.49849966246273253 off 0.4942221862653369 __DUMMY__ 0.007278151271930508	false	1.0
vergelten	neg 1.0		off 0.4981607274683771 neg 0.4945557063181685 __DUMMY__ 0.007283566213454428	false	0.5
verdorbenheit	neg 1.0		neg 0.504793824951662 off 0.4878962108129163 __DUMMY__ 0.007309964235421756	false	1.0
trauma	neg 1.0		neg 0.5038742240853568 off 0.48883297329513686 __DUMMY__ 0.007292802619506446	false	1.0
sinnlos	neg 1.0		neg 0.5015916090685285 off 0.49110937966398105 __DUMMY__ 0.007299011267490469	false	1.0
fettsack	off 1.0	off 1.0	off 0.7342898795371431 neg 0.2622641801874822 __DUMMY__ 0.00344594027537478	false	1.0
feige	off 1.0	off 1.0	off 0.7308743920697458 neg 0.2656679502746656 __DUMMY__ 0.0034576576555885967	false	1.0
abdanken	neg 1.0		neg 0.507889424043736 off 0.48483997546747104 __DUMMY__ 0.007270600488792871	false	1.0
wichtigtuer	off 1.0	off 1.0	off 0.729427746436403 neg 0.26710153378606694 __DUMMY__ 0.0034707197775301476	false	1.0
misslingen	neg 1.0		neg 0.4998141460463559 off 0.4928245196219319 __DUMMY__ 0.007361334331712276	false	1.0
untreu	off 1.0		neg 0.49973845832058866 off 0.49301702885753035 __DUMMY__ 0.007244512821880907	false	0.5
missmutig	neg 1.0		neg 0.5001585938741456 off 0.4925773189521081 __DUMMY__ 0.007264087173746151	false	1.0
hurenbock	off 1.0		neg 0.502375128737824 off 0.49031716044274104 __DUMMY__ 0.007307710819434995	false	0.5
betrunken	neg 1.0		off 0.49710010896503426 neg 0.49562149203112893 __DUMMY__ 0.007278399003836714	false	0.5
korrupt	off 1.0		neg 0.5112358824053647 off 0.48151524499301024 __DUMMY__ 0.00724887260162495	false	0.5
unmut	neg 1.0		neg 0.5135339530393431 off 0.4791405316338601 __DUMMY__ 0.007325515326796704	false	1.0
hackfresse	off 1.0		off 0.49979882487842253 neg 0.49300568109602116 __DUMMY__ 0.0071954940255561746	false	1.0
aufblasen	neg 1.0		neg 0.5019782704702312 off 0.490708438346402 __DUMMY__ 0.007313291183366855	false	1.0
gewaltsam	neg 1.0		neg 0.5055317798821841 off 0.48716040609246 __DUMMY__ 0.007307814025355989	false	1.0
unbeliebtheit	neg 1.0		neg 0.5060640279201751 off 0.48675818190563164 __DUMMY__ 0.007177790174193218	false	1.0
sturheit	neg 1.0		neg 0.5074092426106849 off 0.48530888152058027 __DUMMY__ 0.007281875868734802	false	1.0
kuh	neg 1.0		neg 0.5063511551798658 off 0.4863925188095544 __DUMMY__ 0.007256326010579705	false	1.0
erschrecken	neg 1.0		neg 0.5000008965963557 off 0.49271602856376323 __DUMMY__ 0.0072830748398810255	false	1.0
opfer	neg 1.0		neg 0.5075445621887833 off 0.4851235277311871 __DUMMY__ 0.007331910080029613	false	1.0
sinken	neg 1.0		neg 0.5122949500320522 off 0.4803729229997863 __DUMMY__ 0.007332126968161459	false	1.0
stinktier	neg 1.0		off 0.49653636331298595 neg 0.49625610820302735 __DUMMY__ 0.007207528483986671	false	0.5
tucke	off 1.0		off 0.4977386788682723 neg 0.49511420563586134 __DUMMY__ 0.007147115495866461	false	1.0
ein			neg 0.5032581150681295 off 0.48943558322222974 __DUMMY__ 0.007306301709640766	false	0.0
abstieg	neg 1.0		neg 0.5076001570947972 off 0.48504899724781114 __DUMMY__ 0.007350845657391675	false	1.0
missverstehen	neg 1.0		neg 0.5033696041920394 off 0.4893669851384368 __DUMMY__ 0.007263410669523916	false	1.0
ergebnislos	neg 1.0		neg 0.5102674683835084 off 0.4824231451262006 __DUMMY__ 0.007309386490290957	false	1.0
unter			neg 0.5141263191376005 off 0.47846155597197243 __DUMMY__ 0.0074121248904270125	false	0.0
manipulieren	neg 1.0		neg 0.5107949041512742 off 0.4818929056874077 __DUMMY__ 0.007312190161318232	false	1.0
unbewiesen	neg 1.0		neg 0.5102330378172495 off 0.4825587894609057 __DUMMY__ 0.007208172721844795	false	1.0
verschleppen	neg 1.0		neg 0.508087647730873 off 0.4846032412918548 __DUMMY__ 0.007309110977272133	false	1.0
weib	off 1.0		off 0.49955082488215624 neg 0.49325692912948405 __DUMMY__ 0.007192245988359911	false	1.0
opposition	neg 1.0		neg 0.5050035111622875 off 0.4877404394402066 __DUMMY__ 0.007256049397505987	false	1.0
verkehrswidrig	neg 1.0	neg 1.0	neg 0.7302629005364976 off 0.26622436244326925 __DUMMY__ 0.003512737020233166	false	1.0
inkorrekt	neg 1.0		neg 0.5004529967285654 off 0.4923415154928153 __DUMMY__ 0.00720548777861938	false	1.0
vermeiden	neg 1.0		neg 0.5137960980435774 off 0.47883832536092996 __DUMMY__ 0.007365576595492633	false	1.0
abweichung	neg 1.0		neg 0.5101875434314218 off 0.4825131879616121 __DUMMY__ 0.007299268606966206	false	1.0
alkoholisiert	neg 1.0		neg 0.5056600231932437 off 0.486947674000237 __DUMMY__ 0.007392302806519249	false	1.0
scheiss	off 1.0	off 1.0	off 0.7320753334466532 neg 0.2644512477842636 __DUMMY__ 0.0034734187690832097	false	1.0
herausforderung	neg 1.0	neg 1.0	neg 0.7376749478550895 off 0.2587738988865977 __DUMMY__ 0.0035511532583129756	false	1.0
pervers	off 1.0		off 0.5028826587499421 neg 0.4899414827173685 __DUMMY__ 0.007175858532689424	false	1.0
wackelig	neg 1.0		neg 0.504536661150649 off 0.48810494765916285 __DUMMY__ 0.0073583911901882884	false	1.0
verwickeln	neg 1.0		neg 0.5036127855001342 off 0.48912519430455087 __DUMMY__ 0.007262020195314842	false	1.0
vorwand	neg 1.0		neg 0.5110043753655285 off 0.48166963364283205 __DUMMY__ 0.007325990991639625	false	1.0
muschi	off 1.0		neg 0.5068947138902826 off 0.485804391308043 __DUMMY__ 0.007300894801674388	false	0.5
entmutigung	neg 1.0		neg 0.5062164745950158 off 0.4865385440773819 __DUMMY__ 0.007244981327602268	false	1.0
unangemessen	neg 1.0		neg 0.5084953164634471 off 0.48422246691989246 __DUMMY__ 0.007282216616660502	false	1.0
unstetig	neg 1.0		neg 0.5025647883472096 off 0.49012283599204687 __DUMMY__ 0.007312375660743428	false	1.0
entmutigen	neg 1.0		neg 0.5036560878319875 off 0.48905663694730644 __DUMMY__ 0.0072872752207060396	false	1.0
schwanz	neg 1.0		neg 0.5094702940067942 off 0.4832033699539209 __DUMMY__ 0.007326336039284969	false	1.0
verbot	neg 1.0		neg 0.5100857550414262 off 0.48263913975563105 __DUMMY__ 0.007275105202942834	false	1.0
leid	neg 1.0		off 0.4992371926065954 neg 0.49352380542780117 __DUMMY__ 0.00723900196560342	false	0.5
archaisch	neg 1.0		neg 0.5070229356044161 off 0.4856685698276324 __DUMMY__ 0.007308494567951564	false	1.0
gegen			neg 0.5106766914743586 off 0.4819751593953432 __DUMMY__ 0.007348149130298241	false	0.0
scheidung	neg 1.0		off 0.5073221029094694 neg 0.48550260550319524 __DUMMY__ 0.007175291587335419	false	0.5
einschlag	neg 1.0	neg 1.0	neg 0.7329105246516523 off 0.2636156340808576 __DUMMY__ 0.0034738412674900944	false	1.0
m			neg 0.506180835262813 off 0.48649084221283045 __DUMMY__ 0.007328322524356486	false	0.0
abgestanden	neg 1.0		neg 0.5030381617084222 off 0.4896528295662273 __DUMMY__ 0.007309008725350327	false	1.0
schmierig	off 1.0		off 0.4986302086031438 neg 0.4941288921337009 __DUMMY__ 0.007240899263155286	false	1.0
unpraktisch	neg 1.0		neg 0.5021317448442928 off 0.4905494028553609 __DUMMY__ 0.007318852300346147	false	1.0
wixxer	off 1.0		off 0.5019677180901299 neg 0.4908668352760723 __DUMMY__ 0.007165446633797725	false	1.0
bezeichnet			neg 0.5062953627814545 off 0.4864193616000561 __DUMMY__ 0.007285275618489559	false	0.0
jammerlappen	off 1.0		neg 0.5003131365621606 off 0.49242690403564193 __DUMMY__ 0.007259959402197381	false	0.5
farce	neg 1.0		neg 0.5100868497188685 off 0.4826562657850806 __DUMMY__ 0.00725688449605101	false	1.0
zwecklos	neg 1.0		neg 0.5081945776812251 off 0.4845171531003487 __DUMMY__ 0.007288269218426192	false	1.0
turbulent	neg 1.0		neg 0.5002213597677458 off 0.49253076721458955 __DUMMY__ 0.007247873017664615	false	1.0
invasion	neg 1.0		neg 0.501882535157544 off 0.49082479689649683 __DUMMY__ 0.007292667945959274	false	1.0
schuld	neg 1.0		neg 0.504449175716727 off 0.48826591149800685 __DUMMY__ 0.00728491278526608	false	1.0
risiko	neg 1.0		neg 0.503320530508232 off 0.4893618684406959 __DUMMY__ 0.007317601051072101	false	1.0
finster	neg 1.0		neg 0.5030039147093398 off 0.48969246982294307 __DUMMY__ 0.007303615467717192	false	1.0
geisteskrank	off 1.0		neg 0.49972021032908565 off 0.4930488996359236 __DUMMY__ 0.007230890034990857	false	0.5
zusammenbrechen	neg 1.0		neg 0.5056164866291455 off 0.4870644284326361 __DUMMY__ 0.007319084938218363	false	1.0
ausbeute	neg 1.0		neg 0.5073973555150768 off 0.4852433518744983 __DUMMY__ 0.007359292610425061	false	1.0
hinterhalt	neg 1.0		neg 0.5051648972491868 off 0.48750006286352515 __DUMMY__ 0.0073350398872880215	false	1.0
kritik	neg 1.0		neg 0.509724111391922 off 0.4830091582426845 __DUMMY__ 0.007266730365393543	false	1.0
einschrumpfen	neg 1.0		neg 0.5044113601783605 off 0.4883526716425024 __DUMMY__ 0.0072359681791370895	false	1.0
riskant	neg 1.0		neg 0.5094614630615233 off 0.48323279398209634 __DUMMY__ 0.007305742956380468	false	1.0
frustrieren	neg 1.0		neg 0.5088289915209567 off 0.48385919464397126 __DUMMY__ 0.007311813835072073	false	1.0
groll	neg 1.0		neg 0.5074936408759028 off 0.4851996956476986 __DUMMY__ 0.007306663476398699	false	1.0
gibt			neg 0.5071773561672075 off 0.48552099801658993 __DUMMY__ 0.007301645816202552	false	0.0
qualvoll	neg 1.0		neg 0.5000018327002954 off 0.492698025748518 __DUMMY__ 0.007300141551186598	false	1.0
wackeln	neg 1.0	neg 1.0	neg 0.7361475644648354 off 0.2603431221611032 __DUMMY__ 0.0035093133740612785	false	1.0
klagen	neg 1.0		neg 0.5125914404241997 off 0.4800788500514422 __DUMMY__ 0.007329709524358154	false	1.0
bankrott	neg 1.0		neg 0.5004974992914575 off 0.49222242179390424 __DUMMY__ 0.0072800789146382425	false	1.0
trauern	neg 1.0		neg 0.5074941746976963 off 0.48516830680382667 __DUMMY__ 0.007337518498477063	false	1.0
ablehnung	neg 1.0		neg 0.5095855755481871 off 0.48314621392969537 __DUMMY__ 0.007268210522117447	false	1.0
stur	neg 1.0		neg 0.5044261857320345 off 0.4883022233065252 __DUMMY__ 0.007271590961440382	false	1.0
aufruhr	neg 1.0		neg 0.5058837151607201 off 0.48681171028242826 __DUMMY__ 0.007304574556851729	false	1.0
melancholie	neg 1.0		neg 0.5064111142261424 off 0.48626156056716846 __DUMMY__ 0.007327325206689074	false	1.0
ist			neg 0.5032094860072757 off 0.48950568447313886 __DUMMY__ 0.007284829519585482	false	0.0
torheit	neg 1.0		neg 0.5059062026354989 off 0.48682986898357383 __DUMMY__ 0.007263928380927197	false	1.0
dreckskind	off 1.0		off 0.4974693340098708 neg 0.49533808437243326 __DUMMY__ 0.007192581617695933	false	1.0
umtauschen	neg 1.0		neg 0.5050361499135989 off 0.4876608424359588 __DUMMY__ 0.007303007650442225	false	1.0
zum			neg 0.510410443031111 off 0.4821709887417567 __DUMMY__ 0.007418568227132158	false	0.0
zersetzen	neg 1.0		neg 0.5116816165034281 off 0.481019232578623 __DUMMY__ 0.007299150917948832	false	1.0
zur			neg 0.5137810247842111 off 0.47884003474364506 __DUMMY__ 0.007378940472143799	false	0.0
frust	neg 1.0		neg 0.5061701897809142 off 0.4865156450836684 __DUMMY__ 0.0073141651354174725	false	1.0
unerbittlichkeit	neg 1.0		neg 0.5111431491079675 off 0.48155133499832364 __DUMMY__ 0.007305515893708715	false	1.0
zwei			neg 0.5091915671509921 off 0.48341768285279424 __DUMMY__ 0.007390749996213672	false	0.0
unkorrekt	neg 1.0		neg 0.5005281894157836 off 0.4922806364812106 __DUMMY__ 0.0071911741030058094	false	1.0
hexe	off 1.0		neg 0.4995463928263741 off 0.4931986578263597 __DUMMY__ 0.007254949347266264	false	0.5
lasch	neg 1.0		neg 0.5033128732608401 off 0.4894486011500268 __DUMMY__ 0.007238525589133157	false	1.0
rivale	neg 1.0		neg 0.4967367187112171 off 0.4960061506975138 __DUMMY__ 0.007257130591269156	false	1.0
mutlos	off 1.0	off 1.0	off 0.7254662097363397 neg 0.27105297768326175 __DUMMY__ 0.0034808125803985567	false	1.0
wirr	off 1.0		neg 0.49985207841863216 off 0.49295285899742197 __DUMMY__ 0.007195062583945879	false	0.5
jahr			neg 0.5079188571505441 off 0.48470976424749673 __DUMMY__ 0.007371378601959144	false	0.0
wird			neg 0.5080749235877542 off 0.4846086282632334 __DUMMY__ 0.007316448149012301	false	0.0
strafbar	neg 1.0		neg 0.5099944698496979 off 0.48271049605387767 __DUMMY__ 0.007295034096424343	false	1.0
erosion	neg 1.0		neg 0.5029720298758749 off 0.4897113769821718 __DUMMY__ 0.007316593141953173	false	1.0
eingehen	neg 1.0		neg 0.5093906014929184 off 0.48332482969311263 __DUMMY__ 0.007284568813969064	false	1.0
faul	off 1.0		neg 0.4995400347476884 off 0.49317211372501013 __DUMMY__ 0.007287851527301527	false	0.5
provisorium	neg 1.0		neg 0.5153330613669647 off 0.4772700392043682 __DUMMY__ 0.007396899428667175	false	1.0
schmerzen	neg 1.0		neg 0.5043065566276415 off 0.4883872695832226 __DUMMY__ 0.007306173789135984	false	1.0
schrumpfen	neg 1.0		neg 0.5159917233730891 off 0.4766756229010224 __DUMMY__ 0.007332653725888612	false	1.0
geistlos	off 1.0		neg 0.5063187202138155 off 0.48646663718608524 __DUMMY__ 0.007214642600099313	false	0.5
fehlkauf	neg 1.0		neg 0.5034752073613995 off 0.48924347570257126 __DUMMY__ 0.007281316936029059	false	1.0
frustrierend	neg 1.0		neg 0.4997774897803664 off 0.49293144630312274 __DUMMY__ 0.007291063916510712	false	1.0
unzufrieden	neg 1.0		neg 0.508584027602113 off 0.48413050261023916 __DUMMY__ 0.007285469787647978	false	1.0
verzweifeln	neg 1.0		neg 0.5053326081825341 off 0.4873656242083211 __DUMMY__ 0.007301767609144806	false	1.0
verzweifelt	neg 1.0		neg 0.503687766082117 off 0.48903064344804925 __DUMMY__ 0.007281590469833816	false	1.0
misstrauensantrag	neg 1.0		neg 0.5036048782129178 off 0.4891300693158999 __DUMMY__ 0.007265052471182379	false	1.0
abfallen	neg 1.0		neg 0.5015709564279541 off 0.4911070854763963 __DUMMY__ 0.007321958095649578	false	1.0
fucker	off 1.0		neg 0.4987786594374714 off 0.4939832017171596 __DUMMY__ 0.007238138845369069	false	0.5
ungezogen	neg 1.0		off 0.5022590904625328 neg 0.4905373771386502 __DUMMY__ 0.0072035323988169945	false	0.5
irrsinnig	neg 1.0	neg 1.0	neg 0.7377309908005744 off 0.2587927277899168 __DUMMY__ 0.003476281409508826	false	1.0
unfassbar	neg 1.0		neg 0.49994933562800625 off 0.49280161397598155 __DUMMY__ 0.007249050396012208	false	1.0
hart	neg 1.0		neg 0.5014343932841143 off 0.49129384353038924 __DUMMY__ 0.007271763185496538	false	1.0
widerlich	off 1.0		neg 0.49974630060757824 off 0.49302234600559386 __DUMMY__ 0.0072313533868279215	false	0.5
fatal	neg 1.0		neg 0.5031318714936243 off 0.48958681196946585 __DUMMY__ 0.007281316536909966	false	1.0
bruch	neg 1.0		neg 0.5130769866545453 off 0.4796062079080734 __DUMMY__ 0.0073168054373813065	false	1.0
aushungern	neg 1.0		neg 0.5083821215245568 off 0.4843497330610547 __DUMMY__ 0.007268145414388541	false	1.0
anspannung	neg 1.0	neg 1.0	neg 0.7402603699616622 off 0.2561799144102207 __DUMMY__ 0.0035597156281171514	false	1.0
von			neg 0.5090417619315992 off 0.48359020315651846 __DUMMY__ 0.007368034911882172	false	0.0
kraftlos	neg 1.0		neg 0.5048743808235718 off 0.48778074466833654 __DUMMY__ 0.007344874508091617	false	1.0
vom			neg 0.5133660485866357 off 0.4792185905330756 __DUMMY__ 0.007415360880288747	false	0.0
grenzdebil	off 1.0		neg 0.4983427979664127 off 0.49440445694887963 __DUMMY__ 0.007252745084707669	false	0.5
vor			neg 0.5097889353835139 off 0.4828648121678757 __DUMMY__ 0.007346252448610317	false	0.0
unterwerfen	neg 1.0		neg 0.5091152565606489 off 0.48357199501463344 __DUMMY__ 0.007312748424717631	false	1.0
versenkung	neg 1.0		neg 0.5094707869104854 off 0.4832153266424394 __DUMMY__ 0.007313886447075169	false	1.0
entziehen	neg 1.0		neg 0.5119116241131281 off 0.48076131657932303 __DUMMY__ 0.007327059307548981	false	1.0
finanzkrise	neg 1.0		neg 0.5084676848300745 off 0.4842706923698905 __DUMMY__ 0.007261622800034937	false	1.0
schimpfend	neg 1.0		neg 0.5017689912387674 off 0.4909081051417692 __DUMMY__ 0.007322903619463354	false	1.0
profan	neg 1.0		neg 0.5021375152955219 off 0.4905866214270175 __DUMMY__ 0.007275863277460684	false	1.0
korruption	neg 1.0	neg 1.0	neg 0.7406262914211612 off 0.2558964353520581 __DUMMY__ 0.0034772732267807594	false	1.0
â			neg 0.5075014994347201 off 0.48516881951684776 __DUMMY__ 0.00732968104843204	false	0.0
schmutzig	neg 1.0		neg 0.49788393946599047 off 0.49484330734159826 __DUMMY__ 0.0072727531924112795	false	1.0
sexy	neg 1.0		neg 0.5011236447486961 off 0.4915960731418817 __DUMMY__ 0.007280282109422309	false	1.0
abraten	neg 1.0		neg 0.502793205664224 off 0.48991961649062293 __DUMMY__ 0.00728717784515304	false	1.0
schwarz	neg 1.0		neg 0.5040953960295711 off 0.48862633303354286 __DUMMY__ 0.007278270936885841	false	1.0
fotze	off 1.0		neg 0.5090505633079141 off 0.48363730794195275 __DUMMY__ 0.007312128750133131	false	0.5
verwirren	neg 1.0		neg 0.501818944175245 off 0.49090407342300646 __DUMMY__ 0.007276982401748469	false	1.0
zahnlos	off 1.0		neg 0.50845666805032 off 0.4842566253196244 __DUMMY__ 0.0072867066300555654	false	0.5
verheeren	neg 1.0		off 0.504667565027611 neg 0.488107426340441 __DUMMY__ 0.007225008631947838	false	0.5
hippie	neg 1.0		neg 0.5020004055111903 off 0.49072240977360226 __DUMMY__ 0.007277184715207463	false	1.0
rammen	neg 1.0		neg 0.5045503549371477 off 0.4881686784827106 __DUMMY__ 0.0072809665801416516	false	1.0
unlauter	neg 1.0		neg 0.5089560719771103 off 0.4838260896496412 __DUMMY__ 0.007217838373248541	false	1.0
unheilvoll	neg 1.0		neg 0.5002023685043598 off 0.4924776901317731 __DUMMY__ 0.007319941363866859	false	1.0
niedrig	neg 1.0		neg 0.5090705361151888 off 0.4835991572343662 __DUMMY__ 0.007330306650444824	false	1.0
explosion	neg 1.0		neg 0.5031792579802806 off 0.48955180984437413 __DUMMY__ 0.007268932175345317	false	1.0
weichei	off 1.0		off 0.49871757799953986 neg 0.4940719061791647 __DUMMY__ 0.007210515821295491	false	1.0
minusmensch	off 1.0		off 0.49928130342292903 neg 0.4935785476789718 __DUMMY__ 0.007140148898099213	false	1.0
farblos	neg 1.0		neg 0.5018723558350269 off 0.49075826759635766 __DUMMY__ 0.007369376568615419	false	1.0
unwissend	neg 1.0	neg 1.0	neg 0.7355516198937633 off 0.26098782535686327 __DUMMY__ 0.00346055474937352	false	1.0
traurig	neg 1.0		off 0.4967918770593406 neg 0.4959593222174201 __DUMMY__ 0.0072488007232392486	false	0.5
senkung	neg 1.0		neg 0.5045503840402692 off 0.48821104450779484 __DUMMY__ 0.00723857145193576	false	1.0
ungleich	neg 1.0	neg 1.0	neg 0.741321493435583 off 0.2551976319048693 __DUMMY__ 0.0034808746595477807	false	1.0
heikel	neg 1.0		neg 0.5111967813420956 off 0.48150016487606806 __DUMMY__ 0.007303053781836402	false	1.0
drosselung	neg 1.0		neg 0.4980502006363474 off 0.4946819129288532 __DUMMY__ 0.00726788643479929	false	1.0
falsch	neg 1.0		neg 0.5004375523249563 off 0.4922885897012493 __DUMMY__ 0.007273857973794333	false	1.0
unzufriedenheit	neg 1.0		neg 0.5114688461842124 off 0.4812185457029708 __DUMMY__ 0.007312608112816717	false	1.0
kurz	neg 1.0		neg 0.504992190815988 off 0.48767584664357183 __DUMMY__ 0.007331962540439981	false	1.0
unsinnig	neg 1.0		neg 0.5087063588644991 off 0.48402304461328144 __DUMMY__ 0.007270596522219469	false	1.0
penner	off 1.0	off 1.0	off 0.7355553707279707 neg 0.26100744599713754 __DUMMY__ 0.0034371832748918228	false	1.0
seicht	neg 1.0		off 0.49980372158509206 neg 0.4930304608393101 __DUMMY__ 0.007165817575597839	false	0.5
dummheit	off 1.0	off 1.0	off 0.7294888884722026 neg 0.2670439280155196 __DUMMY__ 0.00346718351227774	false	1.0
unerfreulich	neg 1.0		neg 0.5108858841924224 off 0.4817849705074107 __DUMMY__ 0.007329145300167036	false	1.0
motherfucker	off 1.0	off 1.0	off 0.7317615560013605 neg 0.2647849423725178 __DUMMY__ 0.0034535016261216882	false	1.0
pikiert	neg 1.0		neg 0.501037060559965 off 0.4917286186820164 __DUMMY__ 0.007234320758018561	false	1.0
wrack	neg 1.0		neg 0.5062293041873892 off 0.48640707529250155 __DUMMY__ 0.007363620520109252	false	1.0
gangster	neg 1.0		neg 0.5019967557308521 off 0.4907178355278652 __DUMMY__ 0.007285408741282707	false	1.0
krank	neg 1.0		neg 0.496898414924734 off 0.49583050015677466 __DUMMY__ 0.007271084918491363	false	1.0
reich	neg 1.0		neg 0.5017852606340247 off 0.49096709791923565 __DUMMY__ 0.007247641446739609	false	1.0
gnadenlos	neg 1.0		neg 0.5039639224254993 off 0.48874322814638166 __DUMMY__ 0.007292849428119099	false	1.0
niedergeschlagen	neg 1.0		neg 0.504405793873297 off 0.48825948637987215 __DUMMY__ 0.007334719746830846	false	1.0
terrorisieren	off 1.0	off 1.0	off 0.7270597950253453 neg 0.2694370214270957 __DUMMY__ 0.003503183547558917	false	1.0
sinnlosigkeit	neg 1.0		neg 0.507848515004519 off 0.48485785831051564 __DUMMY__ 0.0072936266849653614	false	1.0
behindern	neg 1.0		neg 0.5067495754434596 off 0.4859659884853197 __DUMMY__ 0.00728443607122076	false	1.0
undemokratisch	neg 1.0		neg 0.5069639952143484 off 0.4857893250241138 __DUMMY__ 0.007246679761537705	false	1.0
wirtschaftskrise	neg 1.0		neg 0.5101351112874073 off 0.4825788814062907 __DUMMY__ 0.0072860073063022186	false	1.0
neid	neg 1.0		neg 0.4978495112528795 off 0.49484699373738833 __DUMMY__ 0.007303495009732252	false	1.0
rutschen	neg 1.0	neg 1.0	neg 0.7396806400063306 off 0.25677247493387306 __DUMMY__ 0.0035468850597962687	false	1.0
rezession	neg 1.0		neg 0.497454584301258 off 0.4953393650196857 __DUMMY__ 0.0072060506790564	false	1.0
fehlgeburt	neg 1.0		neg 0.5007739406385728 off 0.4919098176386708 __DUMMY__ 0.007316241722756465	false	1.0
charakterschwach	off 1.0		neg 0.4989433805869758 off 0.49380376188360675 __DUMMY__ 0.0072528575294174506	false	0.5
isolation	neg 1.0		neg 0.5001570253302634 off 0.4925577862908891 __DUMMY__ 0.007285188378847403	false	1.0
ablenkung	neg 1.0		neg 0.5041264543469934 off 0.48857111593068436 __DUMMY__ 0.007302429722322311	false	1.0
pech	neg 1.0		neg 0.500487643559698 off 0.49223388421551934 __DUMMY__ 0.007278472224782589	false	1.0
vermeidung	neg 1.0		neg 0.4999985677883456 off 0.4927716532760845 __DUMMY__ 0.007229778935569744	false	1.0
dominieren	neg 1.0		neg 0.5067158249996542 off 0.48593963940238 __DUMMY__ 0.0073445355979659	false	1.0
schwindlig	neg 1.0		neg 0.49917363088216143 off 0.4934944376222574 __DUMMY__ 0.007331931495581245	false	1.0
lutscher	neg 1.0		off 0.5007597034240819 neg 0.49207438869963865 __DUMMY__ 0.007165907876279521	false	0.5
pflicht	neg 1.0		neg 0.511311276546556 off 0.4813829487065385 __DUMMY__ 0.007305774746905641	false	1.0
faschist	off 1.0		neg 0.5046832858949748 off 0.4880818016551742 __DUMMY__ 0.007234912449851133	false	0.5
verschleudern	neg 1.0		neg 0.5136061076987423 off 0.4791485499757453 __DUMMY__ 0.007245342325512336	false	1.0
wenn			neg 0.5003274528150244 off 0.4924016916264307 __DUMMY__ 0.007270855558544997	false	0.0
ehebruch	neg 1.0		neg 0.5088570632353947 off 0.48383879302111366 __DUMMY__ 0.007304143743491474	false	1.0
spott	off 1.0		neg 0.510626576298807 off 0.482085669075155 __DUMMY__ 0.0072877546260379554	false	0.5
trostlosigkeit	neg 1.0		neg 0.5105318755808338 off 0.4821255991348114 __DUMMY__ 0.007342525284354657	false	1.0
lutschen	neg 1.0		neg 0.5036207427790695 off 0.4891194105949877 __DUMMY__ 0.007259846625942731	false	1.0
undiszipliniert	neg 1.0		neg 0.4963762039575308 off 0.4963632660384102 __DUMMY__ 0.0072605300040590225	false	1.0
kopfschmerz	neg 1.0		neg 0.5046884217034954 off 0.48798107318495376 __DUMMY__ 0.007330505111550906	false	1.0
unvorhergesehen	neg 1.0		neg 0.5057772989757767 off 0.48685712219080324 __DUMMY__ 0.0073655788334200945	false	1.0
desinteressiert	neg 1.0		neg 0.49801199248087313 off 0.49475057004407746 __DUMMY__ 0.00723743747504935	false	1.0
armselig	off 1.0		neg 0.49858726082948623 off 0.49420604488780656 __DUMMY__ 0.007206694282707228	false	0.5
desaster	neg 1.0		neg 0.5136673783934648 off 0.4790129810438996 __DUMMY__ 0.007319640562635679	false	1.0
tod	neg 1.0		neg 0.5052580194844212 off 0.4873801099244759 __DUMMY__ 0.007361870591102965	false	1.0
herzlos	neg 1.0		neg 0.49663253078946534 off 0.49614039270973725 __DUMMY__ 0.00722707650079751	false	1.0
unwissenheit	neg 1.0		neg 0.5098910731612704 off 0.4828433794583557 __DUMMY__ 0.007265547380373803	false	1.0
widersinnig	neg 1.0	neg 1.0	neg 0.7409094860383947 off 0.2556300640997641 __DUMMY__ 0.003460449861841374	false	1.0
bedenklich	neg 1.0		neg 0.5098772979286608 off 0.4828298775035727 __DUMMY__ 0.007292824567766461	false	1.0
beanstanden	neg 1.0		neg 0.5114819556396961 off 0.4812014245894671 __DUMMY__ 0.0073166197708366965	false	1.0
panisch	neg 1.0	neg 1.0	neg 0.7344224347748384 off 0.2620654437417796 __DUMMY__ 0.003512121483381947	false	1.0
debil	off 1.0		neg 0.5150757843525618 off 0.47755902297529523 __DUMMY__ 0.007365192672142781	false	0.5
abstrich	neg 1.0		neg 0.5085081213113305 off 0.48419299987338404 __DUMMY__ 0.007298878815285372	false	1.0
primitiv	neg 1.0		neg 0.49906888562845186 off 0.4936978679567086 __DUMMY__ 0.007233246414839475	false	1.0
abschaum	off 1.0	off 1.0	off 0.7308433068083855 neg 0.2656928293855646 __DUMMY__ 0.0034638638060499253	false	1.0
provozieren	neg 1.0		neg 0.5050759607518795 off 0.4876460361191911 __DUMMY__ 0.007278003128929361	false	1.0
tot	neg 1.0		neg 0.5094191418338831 off 0.4832760160511603 __DUMMY__ 0.007304842114956774	false	1.0
instabil	neg 1.0		neg 0.5010319211093602 off 0.49176470918997817 __DUMMY__ 0.007203369700661661	false	1.0
schwuchtel	off 1.0		off 0.5049389572488697 neg 0.48792690169455666 __DUMMY__ 0.0071341410565736165	false	1.0
zerren	neg 1.0		neg 0.5044152309145742 off 0.48825107805155554 __DUMMY__ 0.007333691033870372	false	1.0
kinderficker	off 1.0		neg 0.4969613705479158 off 0.4958596970404429 __DUMMY__ 0.007178932411641194	false	0.5
gefahr	neg 1.0		neg 0.510565476433007 off 0.48210949827213995 __DUMMY__ 0.007325025294853202	false	1.0
rabiat	neg 1.0		neg 0.5058466688294495 off 0.48687368195101577 __DUMMY__ 0.007279649219534668	false	1.0
verlangsamung	neg 1.0		off 0.49986689388074307 neg 0.49292746970715073 __DUMMY__ 0.007205636412106124	false	0.5
ausgestorben	neg 1.0		neg 0.5042300785387548 off 0.4884489557139472 __DUMMY__ 0.00732096574729818	false	1.0
anklagen	neg 1.0		neg 0.507839743211788 off 0.4848716975310211 __DUMMY__ 0.00728855925719084	false	1.0
trott	neg 1.0		neg 0.5049597758160267 off 0.48772995453086965 __DUMMY__ 0.007310269653103586	false	1.0
verminderung	neg 1.0		neg 0.4985691198766474 off 0.49419569711838984 __DUMMY__ 0.007235183004962835	false	1.0
nach			neg 0.5092573613722199 off 0.4833139243798582 __DUMMY__ 0.0074287142479219324	false	0.0
rost	neg 1.0		off 0.49956126266900636 neg 0.4932109824737009 __DUMMY__ 0.007227754857292747	false	0.5
destruktiv	neg 1.0		neg 0.5077693526903657 off 0.4849720314718967 __DUMMY__ 0.007258615837737723	false	1.0
unzumutbarkeit	neg 1.0		neg 0.49928544755021514 off 0.49343397721255555 __DUMMY__ 0.007280575237229338	false	1.0
labil	off 1.0	off 1.0	off 0.7308142121434663 neg 0.265720912972924 __DUMMY__ 0.0034648748836097988	false	1.0
ziemlich	neg 1.0		neg 0.49814761365304844 off 0.49458283976297734 __DUMMY__ 0.007269546583974257	false	1.0
lachnummer	off 1.0		neg 0.506594610902472 off 0.4861306026214776 __DUMMY__ 0.007274786476050308	false	0.5
oder			neg 0.5033323126041208 off 0.4893523400722927 __DUMMY__ 0.00731534732358638	false	0.0
verfall	neg 1.0		neg 0.5152877674417049 off 0.4773685524951088 __DUMMY__ 0.007343680063186365	false	1.0
ausgrenzung	neg 1.0		neg 0.5055271156451234 off 0.48721947445516034 __DUMMY__ 0.00725340989971614	false	1.0
unordnung	neg 1.0		neg 0.49778385869621156 off 0.4949298662996513 __DUMMY__ 0.007286275004137101	false	1.0
fehlverhalten	neg 1.0		neg 0.5108497178979663 off 0.4818441314530626 __DUMMY__ 0.007306150648971045	false	1.0
eine			neg 0.5104345836150411 off 0.48223867350458294 __DUMMY__ 0.007326742880375902	false	0.0
nille	neg 1.0		neg 0.5062208597959992 off 0.4864763169008285 __DUMMY__ 0.007302823303172367	false	1.0
qual	neg 1.0		neg 0.5053514007722312 off 0.4873403969941282 __DUMMY__ 0.007308202233640735	false	1.0
verschwenden	neg 1.0		neg 0.5089786193255335 off 0.4837251393709233 __DUMMY__ 0.007296241303543123	false	1.0
riesig	neg 1.0	neg 1.0	neg 0.7382231523451113 off 0.25825441525081855 __DUMMY__ 0.0035224324040701075	false	1.0
verurteilen	neg 1.0		neg 0.508290986547568 off 0.48441694914154887 __DUMMY__ 0.007292064310883	false	1.0
klischee	neg 1.0	neg 1.0	neg 0.7367231091434742 off 0.2598156210146409 __DUMMY__ 0.0034612698418849622	false	1.0
diktatorisch	neg 1.0		neg 0.5069903977877261 off 0.4857759720565882 __DUMMY__ 0.007233630155685698	false	1.0
vorhersehbar	neg 1.0	neg 1.0	neg 0.7368574421158759 off 0.2596748153146041 __DUMMY__ 0.003467742569519974	false	1.0
sowie			off 0.4979112638865721 neg 0.4948754002216323 __DUMMY__ 0.007213335891795526	false	0.0
stornieren	neg 1.0		neg 0.49996959450519807 off 0.49266918937437065 __DUMMY__ 0.00736121612043128	false	1.0
besteuerung	neg 1.0		neg 0.5074194919941815 off 0.4853409484786655 __DUMMY__ 0.0072395595271531905	false	1.0
ungeschminkt	neg 1.0		neg 0.499877774726871 off 0.49288842115988946 __DUMMY__ 0.007233804113239568	false	1.0
kritisch	neg 1.0		neg 0.5101212829885726 off 0.48258469248497177 __DUMMY__ 0.007294024526455642	false	1.0
schlamperei	off 1.0		neg 0.5116581758898995 off 0.4810498030998748 __DUMMY__ 0.007292021010225864	false	0.5
sucht	neg 1.0	neg 1.0	neg 0.7368056084428 off 0.2596878270168834 __DUMMY__ 0.0035065645403166076	false	1.0
egoistisch	off 1.0		off 0.4991060218049301 neg 0.493673179144465 __DUMMY__ 0.007220799050604904	false	1.0
ausbeuter	off 1.0		neg 0.5120549536418579 off 0.4806563204111792 __DUMMY__ 0.007288725946962665	false	0.5
arschgeburt	off 1.0		off 0.5044206346834651 neg 0.48845624827258827 __DUMMY__ 0.007123117043946636	false	1.0
schubs	neg 1.0	neg 1.0	neg 0.7378913532348677 off 0.25859480821398007 __DUMMY__ 0.00351383855115229	false	1.0
unsolide	neg 1.0		neg 0.5088204386509109 off 0.4839896579439946 __DUMMY__ 0.0071899034050943835	false	1.0
beschwerde	neg 1.0		neg 0.511445028365832 off 0.4812643193061414 __DUMMY__ 0.007290652328026423	false	1.0
stocken	neg 1.0		neg 0.5095643771005847 off 0.4831270494865135 __DUMMY__ 0.0073085734129016275	false	1.0
isolieren	neg 1.0		neg 0.5093646813234892 off 0.4833493662127662 __DUMMY__ 0.007285952463744623	false	1.0
unheilbar	neg 1.0		neg 0.5025144879655644 off 0.4901607616704539 __DUMMY__ 0.007324750363981658	false	1.0
pisser	off 1.0		neg 0.49769706042260126 off 0.495053850807382 __DUMMY__ 0.007249088770016893	false	0.5
löschen	neg 1.0		neg 0.5050632328470932 off 0.48763853484198855 __DUMMY__ 0.007298232310918324	false	1.0
durchfallen	neg 1.0		neg 0.509471667609199 off 0.48325460234502265 __DUMMY__ 0.007273730045778402	false	1.0
wichser	off 1.0		off 0.5036500630870409 neg 0.48916281233895037 __DUMMY__ 0.007187124574008583	false	1.0
terror	neg 1.0		neg 0.5006741698800702 off 0.49202144466243264 __DUMMY__ 0.007304385457497186	false	1.0
krass	neg 1.0		off 0.49666685649185593 neg 0.49611010801306776 __DUMMY__ 0.007223035495076281	false	0.5
revolte	neg 1.0		neg 0.5049241359101159 off 0.48782650132684585 __DUMMY__ 0.007249362763038143	false	1.0
besorgt	neg 1.0		neg 0.5047318074107433 off 0.48792108664425815 __DUMMY__ 0.007347105944998469	false	1.0
nachlassen	neg 1.0		neg 0.5091943405037557 off 0.4834849750416029 __DUMMY__ 0.0073206844546413324	false	1.0
alt	neg 1.0		neg 0.5081087096473141 off 0.484578417308582 __DUMMY__ 0.007312873044104043	false	1.0
hundesohn	off 1.0		off 0.5001931661770789 neg 0.49263854206235796 __DUMMY__ 0.00716829176056316	false	1.0
als			neg 0.505444400527596 off 0.48722520007470055 __DUMMY__ 0.007330399397703479	false	0.0
abschreckung	neg 1.0		neg 0.5115541324133956 off 0.4811187068230346 __DUMMY__ 0.007327160763569837	false	1.0
unqualifiziert	neg 1.0		neg 0.5049473872937704 off 0.4878332061605664 __DUMMY__ 0.007219406545663139	false	1.0
abgewichst	off 1.0		neg 0.5063963431357961 off 0.48629031898393815 __DUMMY__ 0.007313337880265691	false	0.5
schwer	neg 1.0		neg 0.504696114316065 off 0.4880012800949745 __DUMMY__ 0.007302605588960589	false	1.0
bedeutungslosigkeit	neg 1.0		neg 0.5112402846654921 off 0.481447962731804 __DUMMY__ 0.007311752602704022	false	1.0
kapitulation	neg 1.0		neg 0.5114635400463992 off 0.4812610265068831 __DUMMY__ 0.007275433446717629	false	1.0
unscharf	neg 1.0		neg 0.5027239093883529 off 0.4900025182334762 __DUMMY__ 0.007273572378170967	false	1.0
schwinden	neg 1.0		neg 0.5113155040019829 off 0.4813722287802294 __DUMMY__ 0.007312267217787723	false	1.0
versklavung	neg 1.0		neg 0.5071761703951512 off 0.48558554901147605 __DUMMY__ 0.007238280593372813	false	1.0
schlecht	neg 1.0		neg 0.4977986935519937 off 0.4949276186150766 __DUMMY__ 0.007273687832929716	false	1.0
verhasst	neg 1.0		neg 0.5044641829199915 off 0.48825653053454926 __DUMMY__ 0.007279286545459316	false	1.0
beschweren	neg 1.0		neg 0.5030835123232954 off 0.489633145829583 __DUMMY__ 0.007283341847121614	false	1.0
scheiden	neg 1.0		neg 0.5007475588506267 off 0.4918954622264169 __DUMMY__ 0.007356978922956561	false	1.0
frustriert	neg 1.0		neg 0.5059434036160708 off 0.4867502352898357 __DUMMY__ 0.007306361094093429	false	1.0
schimmelig	neg 1.0		neg 0.5082876381626633 off 0.48438811756772926 __DUMMY__ 0.0073242442696074715	false	1.0
fisch	neg 1.0		neg 0.506554702084027 off 0.4860630798325774 __DUMMY__ 0.0073822180833954315	false	1.0
schmuggel	neg 1.0		neg 0.5074808099536796 off 0.4851456576321089 __DUMMY__ 0.007373532414211489	false	1.0
auffallen	neg 1.0		neg 0.5021642220938676 off 0.49055309131266495 __DUMMY__ 0.00728268659346755	false	1.0
konkurrenz	neg 1.0	neg 1.0	neg 0.7415640564089367 off 0.254930416416313 __DUMMY__ 0.003505527174750269	false	1.0
teufelskreis	neg 1.0		neg 0.5059985512441747 off 0.48670774058703364 __DUMMY__ 0.007293708168791673	false	1.0
aufschreien	neg 1.0		neg 0.5032020626185166 off 0.4895301038187446 __DUMMY__ 0.007267833562738753	false	1.0
schuldner	neg 1.0		neg 0.5104321473085837 off 0.48224629465038393 __DUMMY__ 0.007321558041032355	false	1.0
missgeburt	off 1.0	off 1.0	off 0.7341735009309691 neg 0.2623815054144997 __DUMMY__ 0.0034449936545312546	false	1.0
arbeitslos	neg 1.0		neg 0.5090173118440703 off 0.4837064858126379 __DUMMY__ 0.00727620234329179	false	1.0
befallen	neg 1.0		neg 0.5070469235183345 off 0.48565516160208994 __DUMMY__ 0.007297914879575708	false	1.0
miesepetrig	off 1.0	off 1.0	off 0.7323805406974235 neg 0.2641443979821734 __DUMMY__ 0.0034750613204030567	false	1.0
alarmieren	neg 1.0		neg 0.5021322972596785 off 0.49062675816781504 __DUMMY__ 0.007240944572506711	false	1.0
ungeduscht	off 1.0		neg 0.500401136530417 off 0.4923158878310747 __DUMMY__ 0.007282975638508345	false	0.5
knappheit	neg 1.0		neg 0.5114058837014133 off 0.481320788477045 __DUMMY__ 0.0072733278215416815	false	1.0
schlange	neg 1.0		neg 0.5007691310620151 off 0.49190721303920887 __DUMMY__ 0.007323655898775976	false	1.0
harsch	neg 1.0		off 0.4990639456100109 neg 0.4936827067120429 __DUMMY__ 0.007253347677946307	false	0.5
lang	neg 1.0		neg 0.5041827818534302 off 0.4885144306771496 __DUMMY__ 0.007302787469420147	false	1.0
ziellos	neg 1.0		neg 0.5062370371962752 off 0.4864309075187841 __DUMMY__ 0.007332055284940588	false	1.0
selbstverliebt	neg 1.0		off 0.5022282569219675 neg 0.4906289829343274 __DUMMY__ 0.007142760143705224	false	0.5
beseitigen	neg 1.0	neg 1.0	neg 0.7372271157686137 off 0.25926097529607856 __DUMMY__ 0.003511908935307726	false	1.0
dumm	off 1.0		off 0.4992377160121285 neg 0.49356244917363756 __DUMMY__ 0.007199834814233924	false	1.0
arbeitsloser	neg 1.0		neg 0.5082783410641996 off 0.48441244877029493 __DUMMY__ 0.007309210165505599	false	1.0
blitzen	neg 1.0		neg 0.5016676595456699 off 0.49105355320146554 __DUMMY__ 0.007278787252864369	false	1.0
hilflos	neg 1.0		neg 0.5062864183109782 off 0.48640284712359966 __DUMMY__ 0.007310734565422225	false	1.0
eklig	off 1.0		off 0.5000703763887463 neg 0.49273127515987025 __DUMMY__ 0.007198348451383447	false	1.0
begriff			neg 0.507524325671527 off 0.48519451663937085 __DUMMY__ 0.0072811576891020436	false	0.0
hungersnot	neg 1.0		neg 0.5060630240577842 off 0.4866176447809896 __DUMMY__ 0.007319331161226257	false	1.0
ungesetzlich	neg 1.0		neg 0.5086747934251613 off 0.484134347830722 __DUMMY__ 0.00719085874411673	false	1.0
verschwendung	neg 1.0		neg 0.5096239182098917 off 0.48306144879104784 __DUMMY__ 0.007314632999060298	false	1.0
schmerzvoll	neg 1.0		neg 0.5026460660556773 off 0.4900627351387582 __DUMMY__ 0.007291198805564531	false	1.0
vorzeitig	neg 1.0		neg 0.5002844165030547 off 0.4924142348230146 __DUMMY__ 0.007301348673930772	false	1.0
unvollkommenheit	neg 1.0		neg 0.5033010489842069 off 0.48932136101406004 __DUMMY__ 0.0073775900017331	false	1.0
intervenieren	neg 1.0		neg 0.5118183377425229 off 0.4808957402441587 __DUMMY__ 0.007285922013318457	false	1.0
banause	off 1.0		off 0.5006708529155016 neg 0.4921681610237027 __DUMMY__ 0.007160986060795782	false	1.0
rebell	neg 1.0		neg 0.5120889723740614 off 0.48056386359478337 __DUMMY__ 0.007347164031155138	false	1.0
unlogisch	neg 1.0		neg 0.4966504808090523 off 0.49611590037290537 __DUMMY__ 0.0072336188180424305	false	1.0
leiden	neg 1.0		neg 0.5054416789657612 off 0.48716438802092016 __DUMMY__ 0.007393933013318541	false	1.0
abschaffung	neg 1.0		neg 0.5072087154811329 off 0.48554267046154637 __DUMMY__ 0.007248614057320904	false	1.0
sturz	neg 1.0		neg 0.5043762559968982 off 0.48831599836871076 __DUMMY__ 0.007307745634390926	false	1.0
verkleinerung	neg 1.0		neg 0.505496422164638 off 0.4872854833790438 __DUMMY__ 0.0072180944563181625	false	1.0
schmarotzer	off 1.0		neg 0.5093959617178206 off 0.4833315691735946 __DUMMY__ 0.007272469108584869	false	0.5
bestrafung	neg 1.0		neg 0.5039342050096567 off 0.4887845430311587 __DUMMY__ 0.007281251959184729	false	1.0
achtlos	neg 1.0		neg 0.5039566071772035 off 0.48872714333829326 __DUMMY__ 0.007316249484503103	false	1.0
ungeheuer	neg 1.0		neg 0.5010208898381772 off 0.491690604631307 __DUMMY__ 0.007288505530515876	false	1.0
