unsolidarisch	neg 1.0		neg 0.47821141058952327 off 0.45260825851974934 __DUMMY__ 0.06918033089072735	false	1.0
nachteilig	neg 1.0		neg 0.47864437958068984 off 0.45143105854036836 __DUMMY__ 0.06992456187894185	false	1.0
skeptisch	neg 1.0		neg 0.4788013074157344 off 0.45114131334764274 __DUMMY__ 0.07005737923662282	false	1.0
schrecklich	neg 1.0		off 0.46706655837498245 neg 0.46358426052017926 __DUMMY__ 0.06934918110483826	false	0.5
schlapp	neg 1.0		neg 0.4672806108791514 off 0.4630095384547128 __DUMMY__ 0.06970985066613584	false	1.0
abfall	neg 1.0		neg 0.4810272918805546 off 0.44871556316418887 __DUMMY__ 0.07025714495525659	false	1.0
widerspenstig	neg 1.0		neg 0.47242309437469937 off 0.45760716388948913 __DUMMY__ 0.06996974173581151	false	1.0
abrupt	neg 1.0		neg 0.4756963323126809 off 0.4539040661406881 __DUMMY__ 0.07039960154663097	false	1.0
unwirksam	neg 1.0		neg 0.4768936980016171 off 0.45375162274568287 __DUMMY__ 0.06935467925270003	false	1.0
angreifen	neg 1.0	neg 1.0	neg 0.7255041519439219 off 0.24091912086786577 __DUMMY__ 0.033576727188212294	false	1.0
inkonsistent	neg 1.0		neg 0.47150549762264754 off 0.4585527798342144 __DUMMY__ 0.06994172254313821	false	1.0
abrutschen	neg 1.0		neg 0.48058677931481214 off 0.4491568785087881 __DUMMY__ 0.07025634217639967	false	1.0
unsicher	neg 1.0		neg 0.47234615848007955 off 0.4576599450014726 __DUMMY__ 0.0699938965184478	false	1.0
bauernkind	off 1.0	off 1.0	off 0.7176639066613323 neg 0.24939719237317776 __DUMMY__ 0.03293890096548993	false	1.0
angreifer	neg 1.0		neg 0.47099291808339355 off 0.45904847311293073 __DUMMY__ 0.06995860880367559	false	1.0
trennen	neg 1.0		neg 0.47417399109437125 off 0.455245730671717 __DUMMY__ 0.07058027823391162	false	1.0
schmutz	neg 1.0		neg 0.4673786782886386 off 0.4622067267864635 __DUMMY__ 0.07041459492489793	false	1.0
inkonsistenz	neg 1.0		neg 0.47224039032622767 off 0.45858333857552847 __DUMMY__ 0.0691762710982439	false	1.0
erschreckend	neg 1.0		neg 0.4752365025609244 off 0.45496617617864743 __DUMMY__ 0.06979732126042808	false	1.0
ertrinken	neg 1.0		neg 0.4746625620427914 off 0.45497551877922415 __DUMMY__ 0.07036191917798455	false	1.0
pickelface	off 1.0		neg 0.47545172332763386 off 0.4546018703998582 __DUMMY__ 0.06994640627250791	false	0.5
seiner			neg 0.47670051524545975 off 0.45301820386782987 __DUMMY__ 0.07028128088671041	false	0.0
lauch	neg 1.0		neg 0.48147316039428945 off 0.44842661968488495 __DUMMY__ 0.07010021992082564	false	1.0
unwichtig	neg 1.0		neg 0.46915212072899193 off 0.46134687165415383 __DUMMY__ 0.06950100761685424	false	1.0
steuerhinterziehung	neg 1.0		neg 0.4775337567547088 off 0.45285976437430303 __DUMMY__ 0.06960647887098803	false	1.0
schock	neg 1.0		neg 0.47140007550434093 off 0.45827929639930814 __DUMMY__ 0.07032062809635091	false	1.0
beule	neg 1.0		neg 0.466725200672489 off 0.46354692176481804 __DUMMY__ 0.06972787756269276	false	1.0
vergelten	neg 1.0		off 0.4674560177382394 neg 0.4627631461753332 __DUMMY__ 0.06978083608642738	false	0.5
verdorbenheit	neg 1.0		neg 0.47282889314994886 off 0.45714111091446785 __DUMMY__ 0.0700299959355832	false	1.0
trauma	neg 1.0		neg 0.47198178781673306 off 0.45815335627597603 __DUMMY__ 0.06986485590729098	false	1.0
sinnlos	neg 1.0		neg 0.46968792747791294 off 0.4603875583406468 __DUMMY__ 0.0699245141814402	false	1.0
fettsack	off 1.0	off 1.0	off 0.7197491235710007 neg 0.2471580741922354 __DUMMY__ 0.03309280223676388	false	1.0
feige	off 1.0	off 1.0	off 0.7162955335313523 neg 0.25050007840386146 __DUMMY__ 0.033204388064786136	false	1.0
abdanken	neg 1.0		neg 0.4760445402733587 off 0.45429995414584495 __DUMMY__ 0.06965550558079636	false	1.0
wichtigtuer	off 1.0	off 1.0	off 0.7147968431254057 neg 0.25187375033746723 __DUMMY__ 0.033329406537127126	false	1.0
misslingen	neg 1.0		neg 0.46764881921072804 off 0.461830860637942 __DUMMY__ 0.07052032015132999	false	1.0
untreu	off 1.0		neg 0.4680921127040364 off 0.4625016623413296 __DUMMY__ 0.06940622495463393	false	0.5
missmutig	neg 1.0		neg 0.468424846254574 off 0.4619819157726401 __DUMMY__ 0.06959323797278583	false	1.0
hurenbock	off 1.0		neg 0.47043056788512927 off 0.45955894805893893 __DUMMY__ 0.07001048405593165	false	0.5
betrunken	neg 1.0		off 0.4664060507505296 neg 0.4638644569603832 __DUMMY__ 0.06972949228908733	false	0.5
korrupt	off 1.0		neg 0.47946337650372167 off 0.4510885386800479 __DUMMY__ 0.06944808481623028	false	0.5
unmut	neg 1.0		neg 0.4814119147200249 off 0.4484112700343696 __DUMMY__ 0.07017681524560564	false	1.0
hackfresse	off 1.0		off 0.4694305732587131 neg 0.4616288283538078 __DUMMY__ 0.06894059838747921	false	1.0
aufblasen	neg 1.0		neg 0.47001627658654 off 0.45992264498116125 __DUMMY__ 0.07006107843229868	false	1.0
gewaltsam	neg 1.0		neg 0.4735537715431534 off 0.45643606570710443 __DUMMY__ 0.07001016274974219	false	1.0
unbeliebtheit	neg 1.0		neg 0.4746506957558583 off 0.45657582561267035 __DUMMY__ 0.06877347863147142	false	1.0
sturheit	neg 1.0		neg 0.47552468188025737 off 0.4547136000666557 __DUMMY__ 0.06976171805308702	false	1.0
kuh	neg 1.0		neg 0.47460862502447804 off 0.455870004339281 __DUMMY__ 0.06952137063624102	false	1.0
erschrecken	neg 1.0		neg 0.46818495600760135 off 0.4620419232908054 __DUMMY__ 0.06977312070159322	false	1.0
opfer	neg 1.0		neg 0.4754421554357781 off 0.45431995671697883 __DUMMY__ 0.07023788784724296	false	1.0
sinken	neg 1.0		neg 0.48015778515384394 off 0.44960097755220046 __DUMMY__ 0.07024123729395552	false	1.0
stinktier	neg 1.0		off 0.46614501140195497 neg 0.46479904672534667 __DUMMY__ 0.06905594187269838	false	0.5
tucke	off 1.0		off 0.4675824424205518 neg 0.4639357568007586 __DUMMY__ 0.06848180077868962	false	1.0
ein			neg 0.4713181765474693 off 0.4586861524401698 __DUMMY__ 0.06999567101236076	false	0.0
abstieg	neg 1.0		neg 0.4754125263280377 off 0.4541676148772769 __DUMMY__ 0.07041985879468535	false	1.0
missverstehen	neg 1.0		neg 0.4716053171347722 off 0.4588087036637459 __DUMMY__ 0.06958597920148187	false	1.0
ergebnislos	neg 1.0		neg 0.47824257759256045 off 0.4517330288044665 __DUMMY__ 0.07002439360297298	false	1.0
unter			neg 0.48163080811868747 off 0.4473678374521687 __DUMMY__ 0.07100135442914386	false	0.0
manipulieren	neg 1.0		neg 0.47875199513132066 off 0.4511974384371443 __DUMMY__ 0.070050566431535	false	1.0
unbewiesen	neg 1.0		neg 0.47864644421858177 off 0.4522923918296008 __DUMMY__ 0.06906116395181736	false	1.0
verschleppen	neg 1.0		neg 0.47607605267139924 off 0.45390177953865213 __DUMMY__ 0.07002216778994853	false	1.0
weib	off 1.0		off 0.4691997087849588 neg 0.4618899383627309 __DUMMY__ 0.06891035285231031	false	1.0
opposition	neg 1.0		neg 0.4732672423078159 off 0.4572159397328144 __DUMMY__ 0.06951681795936969	false	1.0
verkehrswidrig	neg 1.0	neg 1.0	neg 0.7148638625434276 off 0.25140326626339954 __DUMMY__ 0.03373287119317288	false	1.0
inkorrekt	neg 1.0		neg 0.4689600808743908 off 0.4620038270102224 __DUMMY__ 0.06903609211538674	false	1.0
vermeiden	neg 1.0		neg 0.4815063048156649 off 0.4479347155263819 __DUMMY__ 0.07055897965795309	false	1.0
abweichung	neg 1.0		neg 0.47820820658581076 off 0.45186311088401554 __DUMMY__ 0.06992868253017377	false	1.0
alkoholisiert	neg 1.0		neg 0.47332441733941677 off 0.45585948048377456 __DUMMY__ 0.07081610217680868	false	1.0
scheiss	off 1.0	off 1.0	off 0.71741750412905 neg 0.24922653887761448 __DUMMY__ 0.03335595699333547	false	1.0
herausforderung	neg 1.0	neg 1.0	neg 0.7220895359160393 off 0.24381035204841864 __DUMMY__ 0.034100112035542085	false	1.0
pervers	off 1.0		off 0.4725739146067797 neg 0.4586717111072941 __DUMMY__ 0.06875437428592619	false	1.0
wackelig	neg 1.0		neg 0.4723593439444289 off 0.45715025117599084 __DUMMY__ 0.07049040487958011	false	1.0
verwickeln	neg 1.0		neg 0.4718521593778383 off 0.45857510188481326 __DUMMY__ 0.06957273873734848	false	1.0
vorwand	neg 1.0		neg 0.47890187805222595 off 0.45091683218838924 __DUMMY__ 0.07018128975938481	false	1.0
muschi	off 1.0		neg 0.47493756955409033 off 0.4551193298739964 __DUMMY__ 0.06994310057191337	false	0.5
entmutigung	neg 1.0		neg 0.47449869639534414 off 0.45608920071538583 __DUMMY__ 0.06941210288927008	false	1.0
unangemessen	neg 1.0		neg 0.4766027953098355 off 0.4536323720030822 __DUMMY__ 0.06976483268708217	false	1.0
unstetig	neg 1.0		neg 0.4705985199212605 off 0.45934624382986555 __DUMMY__ 0.07005523624887386	false	1.0
entmutigen	neg 1.0		neg 0.4717865724651799 off 0.4583998595561581 __DUMMY__ 0.06981356797866212	false	1.0
schwanz	neg 1.0		neg 0.4773869157023692 off 0.4524272183448915 __DUMMY__ 0.0701858659527392	false	1.0
verbot	neg 1.0		neg 0.47820605825094964 off 0.45209590573804026 __DUMMY__ 0.06969803601101006	false	1.0
leid	neg 1.0		off 0.4686927699651719 neg 0.4619524995463489 __DUMMY__ 0.06935473048847908	false	0.5
archaisch	neg 1.0		neg 0.4750324865621267 off 0.4549521243499026 __DUMMY__ 0.07001538908797063	false	1.0
gegen			neg 0.4784734256423934 off 0.4511338038806175 __DUMMY__ 0.07039277047698903	false	0.0
scheidung	neg 1.0		off 0.47699368991631164 neg 0.4542553019221429 __DUMMY__ 0.06875100816154531	false	0.5
einschlag	neg 1.0	neg 1.0	neg 0.7176757369933205 off 0.24896428431320827 __DUMMY__ 0.03335997869347119	false	1.0
m			neg 0.47411773670007545 off 0.45567946791398867 __DUMMY__ 0.07020279538593577	false	0.0
abgestanden	neg 1.0		neg 0.47109643221091846 off 0.458881168322903 __DUMMY__ 0.07002239946617857	false	1.0
schmierig	off 1.0		off 0.468083059913736 neg 0.46254430586642575 __DUMMY__ 0.06937263421983819	false	1.0
unpraktisch	neg 1.0		neg 0.4701477702179806 off 0.45973797683006634 __DUMMY__ 0.0701142529519531	false	1.0
wixxer	off 1.0		off 0.4717089474903177 neg 0.45963569043471614 __DUMMY__ 0.06865536207496621	false	1.0
bezeichnet			neg 0.47440965063803653 off 0.45579646172102356 __DUMMY__ 0.0697938876409398	false	0.0
jammerlappen	off 1.0		neg 0.468592358267585 off 0.4618545808350318 __DUMMY__ 0.06955306089738315	false	0.5
farce	neg 1.0		neg 0.4782887834368052 off 0.4521864488189743 __DUMMY__ 0.06952476774422064	false	1.0
zwecklos	neg 1.0		neg 0.4762814585403168 off 0.4538963767590019 __DUMMY__ 0.0698221647006813	false	1.0
turbulent	neg 1.0		neg 0.46855049969642754 off 0.46200762438372606 __DUMMY__ 0.06944187591984638	false	1.0
invasion	neg 1.0		neg 0.4700061410769279 off 0.46012985813356416 __DUMMY__ 0.06986400078950791	false	1.0
schuld	neg 1.0		neg 0.472582667994336 off 0.45762720174461563 __DUMMY__ 0.06979013026104833	false	1.0
risiko	neg 1.0		neg 0.47131461934629204 off 0.4585813797564488 __DUMMY__ 0.07010400089725916	false	1.0
finster	neg 1.0		neg 0.47108680946339443 off 0.45894303707608686 __DUMMY__ 0.06997015346051859	false	1.0
geisteskrank	off 1.0		neg 0.46812690063105517 off 0.46259637738329534 __DUMMY__ 0.06927672198564952	false	0.5
zusammenbrechen	neg 1.0		neg 0.4735930520334872 off 0.45629165526780974 __DUMMY__ 0.07011529269870302	false	1.0
ausbeute	neg 1.0		neg 0.4751929347943173 off 0.4543062556586655 __DUMMY__ 0.07050080954701705	false	1.0
hinterhalt	neg 1.0		neg 0.47307639055400413 off 0.45665308097051444 __DUMMY__ 0.07027052847548151	false	1.0
kritik	neg 1.0		neg 0.477884694087098 off 0.4524969422729252 __DUMMY__ 0.06961836363997692	false	1.0
einschrumpfen	neg 1.0		neg 0.47276115389350204 off 0.45791328357109834 __DUMMY__ 0.06932556253539954	false	1.0
riskant	neg 1.0		neg 0.47746341745592763 off 0.4525484138676502 __DUMMY__ 0.06998816867642203	false	1.0
frustrieren	neg 1.0		neg 0.4768093241847035 off 0.4531444976785594 __DUMMY__ 0.07004617813673705	false	1.0
groll	neg 1.0		neg 0.4755016258694895 off 0.45450073466282154 __DUMMY__ 0.0699976394676889	false	1.0
gibt			neg 0.4752166783336645 off 0.45483404600572225 __DUMMY__ 0.06994927566061321	false	0.0
qualvoll	neg 1.0		neg 0.4681119036882806 off 0.46195178576906415 __DUMMY__ 0.06993631054265528	false	1.0
wackeln	neg 1.0	neg 1.0	neg 0.7207554422802402 off 0.24554548456980968 __DUMMY__ 0.03369907314995013	false	1.0
klagen	neg 1.0		neg 0.4804565180278079 off 0.44932621729412403 __DUMMY__ 0.07021726467806803	false	1.0
bankrott	neg 1.0		neg 0.46869487056063447 off 0.46156027391185556 __DUMMY__ 0.06974485552750995	false	1.0
trauern	neg 1.0		neg 0.47536891774371487 off 0.4543390411115524 __DUMMY__ 0.07029204114473275	false	1.0
ablehnung	neg 1.0		neg 0.4777391185501183 off 0.4526286124094024 __DUMMY__ 0.06963226904047926	false	1.0
stur	neg 1.0		neg 0.47261923190374217 off 0.457717245752918 __DUMMY__ 0.06966352234333975	false	1.0
aufruhr	neg 1.0		neg 0.4739143141533569 off 0.45610667388646126 __DUMMY__ 0.06997901196018175	false	1.0
melancholie	neg 1.0		neg 0.47435667910173857 off 0.4554479388473434 __DUMMY__ 0.07019538205091802	false	1.0
ist			neg 0.4713586998092901 off 0.4588517939041239 __DUMMY__ 0.06978950628658603	false	0.0
torheit	neg 1.0		neg 0.47411148187372815 off 0.4562964245649486 __DUMMY__ 0.06959209356132318	false	1.0
dreckskind	off 1.0		off 0.46713456490252414 neg 0.4639520509427213 __DUMMY__ 0.06891338415475451	false	1.0
umtauschen	neg 1.0		neg 0.4731038986931173 off 0.4569321582851251 __DUMMY__ 0.0699639430217576	false	1.0
zum			neg 0.4779189591519431 off 0.45101759630568095 __DUMMY__ 0.07106344454237593	false	0.0
zersetzen	neg 1.0		neg 0.4796926289696481 off 0.45038140872780047 __DUMMY__ 0.06992596230255148	false	1.0
zur			neg 0.4814270776754871 off 0.447887071469301 __DUMMY__ 0.07068585085521184	false	0.0
frust	neg 1.0		neg 0.474162483910703 off 0.45576901838114803 __DUMMY__ 0.07006849770814913	false	1.0
unerbittlichkeit	neg 1.0		neg 0.4791287205323367 off 0.4508845321065095 __DUMMY__ 0.06998674736115378	false	1.0
zwei			neg 0.4768338900529385 off 0.4523678402432016 __DUMMY__ 0.07079826970385993	false	0.0
unkorrekt	neg 1.0		neg 0.4691013000092066 off 0.46199832983338773 __DUMMY__ 0.06890037015740572	false	1.0
hexe	off 1.0		neg 0.4678606489443812 off 0.4626317013281505 __DUMMY__ 0.06950764972746826	false	0.5
lasch	neg 1.0		neg 0.4716568842467313 off 0.4589934959744531 __DUMMY__ 0.06934961977881551	false	1.0
rivale	neg 1.0		off 0.4654152135256289 neg 0.4650567497022207 __DUMMY__ 0.06952803677215035	false	0.5
mutlos	off 1.0	off 1.0	off 0.7108027422108044 neg 0.25577119783167457 __DUMMY__ 0.03342605995752111	false	1.0
wirr	off 1.0		neg 0.4684192872533435 off 0.4626429834927498 __DUMMY__ 0.06893772925390672	false	0.5
jahr			neg 0.47565407788238934 off 0.4537308581373847 __DUMMY__ 0.0706150639802259	false	0.0
wird			neg 0.47604653879676123 off 0.45386335616091744 __DUMMY__ 0.07009010504232127	false	0.0
strafbar	neg 1.0		neg 0.4780304901147851 off 0.4520823295654922 __DUMMY__ 0.0698871803197226	false	1.0
erosion	neg 1.0		neg 0.47098555341103154 off 0.45892267655415037 __DUMMY__ 0.07009177003481805	false	1.0
eingehen	neg 1.0		neg 0.47748449088893635 off 0.45272869493358614 __DUMMY__ 0.06978681417747754	false	1.0
faul	off 1.0		neg 0.46771371560294606 off 0.4624668833069301 __DUMMY__ 0.06981940109012398	false	0.5
provisorium	neg 1.0		neg 0.48289993833133843 off 0.4462435136256137 __DUMMY__ 0.070856548043048	false	1.0
schmerzen	neg 1.0		neg 0.4723654583889871 off 0.4576405151433113 __DUMMY__ 0.06999402646770159	false	1.0
schrumpfen	neg 1.0		neg 0.48382337583156665 off 0.44593119342372667 __DUMMY__ 0.07024543074470672	false	1.0
geistlos	off 1.0		neg 0.474737621421458 off 0.45613964473228824 __DUMMY__ 0.06912273384625375	false	0.5
fehlkauf	neg 1.0		neg 0.47163343367507643 off 0.45861014997575533 __DUMMY__ 0.06975641634916821	false	1.0
frustrierend	neg 1.0		neg 0.46792470350040494 off 0.4622260506261698 __DUMMY__ 0.06984924587342518	false	1.0
unzufrieden	neg 1.0		neg 0.47668080686123837 off 0.4535238403159366 __DUMMY__ 0.06979535282282488	false	1.0
verzweifeln	neg 1.0		neg 0.47338724601471877 off 0.45666228436834333 __DUMMY__ 0.06995046961693788	false	1.0
verzweifelt	neg 1.0		neg 0.47184583003722574 off 0.45839567556213073 __DUMMY__ 0.06975849440064362	false	1.0
misstrauensantrag	neg 1.0		neg 0.4718410765929325 off 0.4585565954572203 __DUMMY__ 0.06960232794984726	false	1.0
abfallen	neg 1.0		neg 0.46957820764217534 off 0.4602781735174409 __DUMMY__ 0.07014361884038367	false	1.0
fucker	off 1.0		neg 0.4671638859589723 off 0.46349114212323866 __DUMMY__ 0.06934497191778909	false	0.5
ungezogen	neg 1.0		off 0.4718383958107707 neg 0.4591438897959768 __DUMMY__ 0.06901771439325248	false	0.5
irrsinnig	neg 1.0	neg 1.0	neg 0.7224803139926407 off 0.2441371479738742 __DUMMY__ 0.03338253803348506	false	1.0
unfassbar	neg 1.0		neg 0.4682813383939278 off 0.4622691202402195 __DUMMY__ 0.06944954136585266	false	1.0
hart	neg 1.0		neg 0.46965364505188256 off 0.4606781739203737 __DUMMY__ 0.06966818102774379	false	1.0
widerlich	off 1.0		neg 0.468154547509472 off 0.4625642932175961 __DUMMY__ 0.06928115927293192	false	0.5
fatal	neg 1.0		neg 0.4712939022452605 off 0.4589505328632184 __DUMMY__ 0.06975556489152096	false	1.0
bruch	neg 1.0		neg 0.4809951957791998 off 0.44890960398902424 __DUMMY__ 0.07009520023177594	false	1.0
aushungern	neg 1.0		neg 0.4765425202955447 off 0.4538255120757154 __DUMMY__ 0.06963196762873984	false	1.0
anspannung	neg 1.0	neg 1.0	neg 0.724636721478934 off 0.24118147301619863 __DUMMY__ 0.03418180550486727	false	1.0
von			neg 0.4767796999545319 off 0.45263639021923935 __DUMMY__ 0.07058390982622861	false	0.0
kraftlos	neg 1.0		neg 0.4727470375079255 off 0.45689154952747535 __DUMMY__ 0.07036141296459905	false	1.0
vom			neg 0.4808692822918153 off 0.44809783362225275 __DUMMY__ 0.07103288408593206	false	0.0
grenzdebil	off 1.0		neg 0.46667216394609856 off 0.46384313345141975 __DUMMY__ 0.06948470260248159	false	0.5
vor			neg 0.47761365240635095 off 0.4520126247437459 __DUMMY__ 0.07037372284990327	false	0.0
unterwerfen	neg 1.0		neg 0.47708377364927296 off 0.4528604407773723 __DUMMY__ 0.07005578557335461	false	1.0
versenkung	neg 1.0		neg 0.47743403366708587 off 0.4524999218237992 __DUMMY__ 0.07006604450911479	false	1.0
entziehen	neg 1.0		neg 0.4797969272938761 off 0.4500117719754262 __DUMMY__ 0.07019130073069772	false	1.0
finanzkrise	neg 1.0		neg 0.47666877427540455 off 0.45376105692282076 __DUMMY__ 0.06957016880177454	false	1.0
schimpfend	neg 1.0		neg 0.4697718084640452 off 0.46007402200091996 __DUMMY__ 0.07015416953503482	false	1.0
profan	neg 1.0		neg 0.4703352953150719 off 0.45996002522809015 __DUMMY__ 0.06970467945683793	false	1.0
korruption	neg 1.0	neg 1.0	neg 0.7253601878797498 off 0.2412473724781438 __DUMMY__ 0.03339243964210639	false	1.0
â			neg 0.47542275269082707 off 0.454361453636773 __DUMMY__ 0.07021579367239993	false	0.0
schmutzig	neg 1.0		neg 0.4661305277381586 off 0.4641942216038534 __DUMMY__ 0.069675250657988	false	1.0
sexy	neg 1.0		neg 0.4693088270275254 off 0.4609453292112284 __DUMMY__ 0.06974584376124628	false	1.0
abraten	neg 1.0		neg 0.47093750916808885 off 0.4592499332754795 __DUMMY__ 0.0698125575564317	false	1.0
schwarz	neg 1.0		neg 0.47226464247881733 off 0.4580085669718637 __DUMMY__ 0.06972679054931881	false	1.0
fotze	off 1.0		neg 0.47702971771419683 off 0.4529201823725174 __DUMMY__ 0.07005009991328592	false	0.5
verwirren	neg 1.0		neg 0.4700124144710585 off 0.4602726863315984 __DUMMY__ 0.06971489919734318	false	1.0
zahnlos	off 1.0		neg 0.4765469563058499 off 0.45364579832419477 __DUMMY__ 0.06980724536995535	false	0.5
verheeren	neg 1.0		off 0.4741499769957127 neg 0.4566271220081976 __DUMMY__ 0.06922290099608965	false	0.5
hippie	neg 1.0		neg 0.4701906466488153 off 0.4600931228747853 __DUMMY__ 0.06971623047639924	false	1.0
rammen	neg 1.0		neg 0.47271585040119546 off 0.4575284875159674 __DUMMY__ 0.06975566208283718	false	1.0
unlauter	neg 1.0		neg 0.4773468003013047 off 0.45349934096911365 __DUMMY__ 0.06915385872958155	false	1.0
unheilvoll	neg 1.0		neg 0.4682245866122114 off 0.46164997239764594 __DUMMY__ 0.0701254409901427	false	1.0
niedrig	neg 1.0		neg 0.47697100967789424 off 0.4528039835941472 __DUMMY__ 0.07022500672795855	false	1.0
explosion	neg 1.0		neg 0.47139850830665886 off 0.45896309248045297 __DUMMY__ 0.06963839921288827	false	1.0
weichei	off 1.0		off 0.4682925567911279 neg 0.4626238462642164 __DUMMY__ 0.06908359694465577	false	1.0
minusmensch	off 1.0		off 0.4691630814410617 neg 0.4624221333929234 __DUMMY__ 0.06841478516601485	false	1.0
farblos	neg 1.0		neg 0.46966112067163723 off 0.4597410563084134 __DUMMY__ 0.07059782301994934	false	1.0
unwissend	neg 1.0	neg 1.0	neg 0.7203747210645336 off 0.24639315795570968 __DUMMY__ 0.03323212097975673	false	1.0
traurig	neg 1.0		off 0.4662280951516652 neg 0.4643245292796977 __DUMMY__ 0.06944737556863707	false	0.5
senkung	neg 1.0		neg 0.47289311116569777 off 0.45775609240929804 __DUMMY__ 0.0693507964250042	false	1.0
ungleich	neg 1.0	neg 1.0	neg 0.726040975737532 off 0.2405323422287071 __DUMMY__ 0.0334266820337609	false	1.0
heikel	neg 1.0		neg 0.47919642381898025 off 0.45084066352391455 __DUMMY__ 0.06996291265710522	false	1.0
drosselung	neg 1.0		neg 0.4663162288432241 off 0.4640533934897585 __DUMMY__ 0.06963037766701739	false	1.0
falsch	neg 1.0		neg 0.46865541189685356 off 0.4616591102127688 __DUMMY__ 0.06968547789037756	false	1.0
unzufriedenheit	neg 1.0		neg 0.4794200116547662 off 0.45052604228097376 __DUMMY__ 0.07005394606426013	false	1.0
kurz	neg 1.0		neg 0.47292627376864055 off 0.45683534638327106 __DUMMY__ 0.07023837984808833	false	1.0
unsinnig	neg 1.0		neg 0.47686739967563513 off 0.45347847767123517 __DUMMY__ 0.06965412265312966	false	1.0
penner	off 1.0	off 1.0	off 0.7210502391706937 neg 0.24594122063764717 __DUMMY__ 0.03300854019165911	false	1.0
seicht	neg 1.0		off 0.4695663697622335 neg 0.46177515547593007 __DUMMY__ 0.06865847476183636	false	0.5
dummheit	off 1.0	off 1.0	off 0.7148716703898387 neg 0.2518327991082117 __DUMMY__ 0.03329553050194951	false	1.0
unerfreulich	neg 1.0		neg 0.47877755968682545 off 0.45101088928613564 __DUMMY__ 0.07021155102703902	false	1.0
motherfucker	off 1.0	off 1.0	off 0.7171980920549976 neg 0.24963744699535892 __DUMMY__ 0.03316446094964348	false	1.0
pikiert	neg 1.0		neg 0.46942199258720296 off 0.4612684973647704 __DUMMY__ 0.06930951004802668	false	1.0
wrack	neg 1.0		neg 0.474009517172148 off 0.45544785488312267 __DUMMY__ 0.07054262794472921	false	1.0
gangster	neg 1.0		neg 0.47015257144847045 off 0.46005283470203573 __DUMMY__ 0.06979459384949388	false	1.0
krank	neg 1.0		off 0.4651769653043708 neg 0.4651631893346056 __DUMMY__ 0.06965984536102375	false	0.5
reich	neg 1.0		neg 0.4701047086152979 off 0.4604554002931178 __DUMMY__ 0.06943989109158433	false	1.0
gnadenlos	neg 1.0		neg 0.47206730899022264 off 0.4580671275365285 __DUMMY__ 0.06986556347324896	false	1.0
niedergeschlagen	neg 1.0		neg 0.4723258052602878 off 0.45740910617999336 __DUMMY__ 0.0702650885597188	false	1.0
terrorisieren	off 1.0	off 1.0	off 0.7123005942297934 neg 0.2540591659685857 __DUMMY__ 0.033640239801620946	false	1.0
sinnlosigkeit	neg 1.0		neg 0.4759162427955779 off 0.45421058394579417 __DUMMY__ 0.06987317325862796	false	1.0
behindern	neg 1.0		neg 0.4748756878094212 off 0.45533874040323663 __DUMMY__ 0.06978557178734224	false	1.0
undemokratisch	neg 1.0		neg 0.47523239734015477 off 0.45533983336366846 __DUMMY__ 0.06942776929617671	false	1.0
wirtschaftskrise	neg 1.0		neg 0.47821306814136905 off 0.4519848969113313 __DUMMY__ 0.06980203494729971	false	1.0
neid	neg 1.0		neg 0.4659604169659874 off 0.46407127109745827 __DUMMY__ 0.06996831193655441	false	1.0
rutschen	neg 1.0	neg 1.0	neg 0.7241192516745334 off 0.2418218854020273 __DUMMY__ 0.03405886292343932	false	1.0
rezession	neg 1.0		neg 0.465987855066155 off 0.46497049460048795 __DUMMY__ 0.06904165033335712	false	1.0
fehlgeburt	neg 1.0		neg 0.46880012123970766 off 0.4611074132458298 __DUMMY__ 0.07009246551446259	false	1.0
charakterschwach	off 1.0		neg 0.46725831419626446 off 0.46325538059400917 __DUMMY__ 0.06948630520972635	false	0.5
isolation	neg 1.0		neg 0.4683299266530938 off 0.4618767708591154 __DUMMY__ 0.06979330248779088	false	1.0
ablenkung	neg 1.0		neg 0.4721917342169427 off 0.45785122357180924 __DUMMY__ 0.06995704221124815	false	1.0
pech	neg 1.0		neg 0.46869602417998724 off 0.4615728862463418 __DUMMY__ 0.06973108957367087	false	1.0
vermeidung	neg 1.0		neg 0.4684190045336592 off 0.46231400783297383 __DUMMY__ 0.06926698763336703	false	1.0
dominieren	neg 1.0		neg 0.47456830688959906 off 0.45507183680954344 __DUMMY__ 0.07035985630085739	false	1.0
schwindlig	neg 1.0		neg 0.46715856488237506 off 0.4626023773791317 __DUMMY__ 0.07023905773849316	false	1.0
lutscher	neg 1.0		off 0.4705088904480384 neg 0.4608313878295912 __DUMMY__ 0.0686597217223704	false	0.5
pflicht	neg 1.0		neg 0.4792939473720347 off 0.45071736459581724 __DUMMY__ 0.06998868803214804	false	1.0
faschist	off 1.0		neg 0.47302097426393996 off 0.45766295582184363 __DUMMY__ 0.06931606991421635	false	0.5
verschleudern	neg 1.0		neg 0.48183789561555085 off 0.44874674447635643 __DUMMY__ 0.06941535990809271	false	1.0
wenn			neg 0.4685608412784065 off 0.4617824497187028 __DUMMY__ 0.06965670900289074	false	0.0
ehebruch	neg 1.0		neg 0.47686280544564547 off 0.45316296617971347 __DUMMY__ 0.06997422837464111	false	1.0
spott	off 1.0		neg 0.47869007613711156 off 0.4514920509083224 __DUMMY__ 0.06981787295456615	false	0.5
trostlosigkeit	neg 1.0		neg 0.47836177733454405 off 0.45129860595508087 __DUMMY__ 0.07033961671037504	false	1.0
lutschen	neg 1.0		neg 0.4718709620116272 off 0.45857567460091747 __DUMMY__ 0.06955336338745553	false	1.0
undiszipliniert	neg 1.0		off 0.46575387027428744 neg 0.46468664447235386 __DUMMY__ 0.06955948525335864	false	0.5
kopfschmerz	neg 1.0		neg 0.4726368538492122 off 0.4571368701235489 __DUMMY__ 0.07022627602723878	false	1.0
unvorhergesehen	neg 1.0		neg 0.4735606120850321 off 0.4558795294879125 __DUMMY__ 0.07055985842705541	false	1.0
desinteressiert	neg 1.0		neg 0.4664090907470279 off 0.4642517906812225 __DUMMY__ 0.06933911857174961	false	1.0
armselig	off 1.0		neg 0.46711075354403503 off 0.46384274060731145 __DUMMY__ 0.06904650584865345	false	0.5
desaster	neg 1.0		neg 0.4815686546508849 off 0.4483101313099258 __DUMMY__ 0.0701212140391893	false	1.0
tod	neg 1.0		neg 0.4730493086893068 off 0.45642472115627725 __DUMMY__ 0.07052597015441611	false	1.0
herzlos	neg 1.0		off 0.46567305563529166 neg 0.4650863924145558 __DUMMY__ 0.06924055195015258	false	0.5
unwissenheit	neg 1.0		neg 0.47806186917737015 off 0.45233178865634893 __DUMMY__ 0.06960634216628094	false	1.0
widersinnig	neg 1.0	neg 1.0	neg 0.7257163168291776 off 0.24105247779630487 __DUMMY__ 0.03323120537451751	false	1.0
bedenklich	neg 1.0		neg 0.4779313396014032 off 0.45220321295542454 __DUMMY__ 0.06986544744317218	false	1.0
beanstanden	neg 1.0		neg 0.4794147975929466 off 0.45049287733452975 __DUMMY__ 0.07009232507252364	false	1.0
panisch	neg 1.0	neg 1.0	neg 0.7190222472654921 off 0.24725163734358113 __DUMMY__ 0.033726115390926785	false	1.0
debil	off 1.0		neg 0.48277927213386046 off 0.44666521961112604 __DUMMY__ 0.07055550825501357	false	0.5
abstrich	neg 1.0		neg 0.47657386758089526 off 0.4534982728557872 __DUMMY__ 0.06992785956331751	false	1.0
primitiv	neg 1.0		neg 0.46747242330794764 off 0.46322841267213055 __DUMMY__ 0.06929916401992164	false	1.0
abschaum	off 1.0	off 1.0	off 0.7162400996880254 neg 0.2504960543170934 __DUMMY__ 0.03326384599488119	false	1.0
provozieren	neg 1.0		neg 0.4732340528629273 off 0.4570414624142735 __DUMMY__ 0.06972448472279924	false	1.0
tot	neg 1.0		neg 0.47743610755512755 off 0.4525802395706574 __DUMMY__ 0.069983652874215	false	1.0
instabil	neg 1.0		neg 0.4695522912010956 off 0.46143032112508975 __DUMMY__ 0.06901738767381477	false	1.0
schwuchtel	off 1.0		off 0.47479615452017127 neg 0.4568465536250484 __DUMMY__ 0.06835729185478016	false	1.0
zerren	neg 1.0		neg 0.4723365333845333 off 0.45740906715278784 __DUMMY__ 0.07025439946267885	false	1.0
kinderficker	off 1.0		neg 0.46561211982491774 off 0.46560431840835165 __DUMMY__ 0.06878356176673053	false	0.5
gefahr	neg 1.0		neg 0.47846596311131245 off 0.4513610336894537 __DUMMY__ 0.07017300319923396	false	1.0
rabiat	neg 1.0		neg 0.473994196587064 off 0.4562653031560286 __DUMMY__ 0.06974050025690737	false	1.0
verlangsamung	neg 1.0		off 0.46946887014634825 neg 0.46149244177580934 __DUMMY__ 0.06903868807784228	false	0.5
ausgestorben	neg 1.0		neg 0.4722101264032572 off 0.45765630211698355 __DUMMY__ 0.0701335714797592	false	1.0
anklagen	neg 1.0		neg 0.4759216962344813 off 0.4542519151706871 __DUMMY__ 0.06982638859483158	false	1.0
trott	neg 1.0		neg 0.4729855496739307 off 0.45698342221202926 __DUMMY__ 0.07003102811404006	false	1.0
verminderung	neg 1.0		neg 0.46697732163646155 off 0.4637042645876778 __DUMMY__ 0.0693184137758607	false	1.0
nach			neg 0.4767286516350789 off 0.45211201856368094 __DUMMY__ 0.07115932980124033	false	0.0
rost	neg 1.0		off 0.4690690879735597 neg 0.4616811366886616 __DUMMY__ 0.06924977533777865	false	0.5
destruktiv	neg 1.0		neg 0.4759879022230535 off 0.4544716047367662 __DUMMY__ 0.0695404930401804	false	1.0
unzumutbarkeit	neg 1.0		neg 0.4674820418972093 off 0.46276661590725315 __DUMMY__ 0.06975134219553744	false	1.0
labil	off 1.0	off 1.0	off 0.716205721305897 neg 0.25052093915439183 __DUMMY__ 0.0332733395397111	false	1.0
ziemlich	neg 1.0		neg 0.4664048805504532 off 0.4639504522298476 __DUMMY__ 0.06964466721969924	false	1.0
lachnummer	off 1.0		neg 0.4747479524913958 off 0.45555799114113643 __DUMMY__ 0.06969405636746771	false	0.5
oder			neg 0.47135210412888295 off 0.45856757312804114 __DUMMY__ 0.07008032274307593	false	0.0
verfall	neg 1.0		neg 0.4830764130698609 off 0.4465737683497719 __DUMMY__ 0.07034981858036718	false	1.0
ausgrenzung	neg 1.0		neg 0.473777552751661 off 0.45673060580347935 __DUMMY__ 0.06949184144485963	false	1.0
unordnung	neg 1.0		neg 0.46596399670138605 off 0.46422884677027143 __DUMMY__ 0.0698071565283424	false	1.0
fehlverhalten	neg 1.0		neg 0.4788304362806164 off 0.4511769522110193 __DUMMY__ 0.06999261150836436	false	1.0
eine			neg 0.47834312168867865 off 0.4514685839850569 __DUMMY__ 0.07018829432626447	false	0.0
nille	neg 1.0		neg 0.474258756213318 off 0.45578010854655443 __DUMMY__ 0.06996113524012758	false	1.0
qual	neg 1.0		neg 0.473381760154976 off 0.45660688815902023 __DUMMY__ 0.07001135168600361	false	1.0
verschwenden	neg 1.0		neg 0.47703117339406015 off 0.45307059968497093 __DUMMY__ 0.06989822692096893	false	1.0
riesig	neg 1.0	neg 1.0	neg 0.7227672051491757 off 0.2434074913792353 __DUMMY__ 0.03382530347158892	false	1.0
verurteilen	neg 1.0		neg 0.4763524587906861 off 0.453788575634631 __DUMMY__ 0.06985896557468312	false	1.0
klischee	neg 1.0	neg 1.0	neg 0.7215397331359382 off 0.24522143143446443 __DUMMY__ 0.03323883542959737	false	1.0
diktatorisch	neg 1.0		neg 0.4753134579976136 off 0.45538280728726094 __DUMMY__ 0.06930373471512556	false	1.0
vorhersehbar	neg 1.0	neg 1.0	neg 0.72164328970371 off 0.24505583490771135 __DUMMY__ 0.03330087538857868	false	1.0
sowie			off 0.46748988261648755 neg 0.4633996951750079 __DUMMY__ 0.06911042220850461	false	0.0
stornieren	neg 1.0		neg 0.46780501912305944 off 0.4616758474193818 __DUMMY__ 0.07051913345755877	false	1.0
besteuerung	neg 1.0		neg 0.4757353991869126 off 0.45490440192062426 __DUMMY__ 0.0693601988924631	false	1.0
ungeschminkt	neg 1.0		neg 0.4682841963774674 off 0.46241015761401527 __DUMMY__ 0.06930564600851745	false	1.0
kritisch	neg 1.0		neg 0.47816361222822906 off 0.45195928056075013 __DUMMY__ 0.06987710721102094	false	1.0
schlamperei	off 1.0		neg 0.4796943649796545 off 0.45044650110631557 __DUMMY__ 0.06985913391402994	false	0.5
sucht	neg 1.0	neg 1.0	neg 0.7214249438528266 off 0.2449013622062463 __DUMMY__ 0.033673693940927	false	1.0
egoistisch	off 1.0		off 0.46864369210056994 neg 0.4621749348228442 __DUMMY__ 0.0691813730765858	false	1.0
ausbeuter	off 1.0		neg 0.4801027993630278 off 0.45007020472126974 __DUMMY__ 0.06982699591570235	false	0.5
arschgeburt	off 1.0		off 0.47433279804484013 neg 0.45741465527037845 __DUMMY__ 0.06825254668478137	false	1.0
schubs	neg 1.0	neg 1.0	neg 0.7224809069097844 off 0.24377615650062281 __DUMMY__ 0.033742936589592855	false	1.0
unsolide	neg 1.0		neg 0.47732784674322826 off 0.4537838562076081 __DUMMY__ 0.06888829704916376	false	1.0
beschwerde	neg 1.0		neg 0.47949212974527083 off 0.4506615818274671 __DUMMY__ 0.06984628842726211	false	1.0
stocken	neg 1.0		neg 0.4775494527773867 off 0.4524339247545932 __DUMMY__ 0.07001662246802005	false	1.0
isolieren	neg 1.0		neg 0.4774485074032065 off 0.45274953094642534 __DUMMY__ 0.06980196165036828	false	1.0
unheilbar	neg 1.0		neg 0.4704834277409816 off 0.45934599871250426 __DUMMY__ 0.07017057354651401	false	1.0
pisser	off 1.0		neg 0.46603900217190825 off 0.4645096227212834 __DUMMY__ 0.06945137510680838	false	0.5
löschen	neg 1.0		neg 0.4731371907130247 off 0.45694594578150305 __DUMMY__ 0.06991686350547233	false	1.0
durchfallen	neg 1.0		neg 0.47761341602137247 off 0.45270252392064364 __DUMMY__ 0.06968406005798404	false	1.0
wichser	off 1.0		off 0.4732904809986395 neg 0.4578484187787734 __DUMMY__ 0.06886110022258704	false	1.0
terror	neg 1.0		neg 0.4687620588435478 off 0.4612617293583122 __DUMMY__ 0.06997621179813997	false	1.0
krass	neg 1.0		off 0.46620428817803095 neg 0.46459249247090784 __DUMMY__ 0.0692032193510612	false	0.5
revolte	neg 1.0		neg 0.47320133558390765 off 0.45734513835583773 __DUMMY__ 0.06945352606025465	false	1.0
besorgt	neg 1.0		neg 0.4725918337730544 off 0.45702497934448816 __DUMMY__ 0.07038318688245755	false	1.0
nachlassen	neg 1.0		neg 0.47713887867757315 off 0.45272871197187065 __DUMMY__ 0.0701324093505563	false	1.0
alt	neg 1.0		neg 0.47610382523195965 off 0.4538370941340804 __DUMMY__ 0.07005908063395998	false	1.0
hundesohn	off 1.0		off 0.4699530709990473 neg 0.46136460794388756 __DUMMY__ 0.06868232105706498	false	1.0
als			neg 0.4733723880605642 off 0.456403954230105 __DUMMY__ 0.0702236577093309	false	0.0
abschreckung	neg 1.0		neg 0.47943602023842913 off 0.45037101587777323 __DUMMY__ 0.07019296388379763	false	1.0
unqualifiziert	neg 1.0		neg 0.4733586350673966 off 0.45747363838660154 __DUMMY__ 0.06916772654600198	false	1.0
abgewichst	off 1.0		neg 0.474391465314776 off 0.4555475080700191 __DUMMY__ 0.07006102661520476	false	0.5
schwer	neg 1.0		neg 0.4727544663384869 off 0.4572869944436549 __DUMMY__ 0.06995853921785809	false	1.0
bedeutungslosigkeit	neg 1.0		neg 0.4791954254204307 off 0.4507587309100547 __DUMMY__ 0.07004584366951448	false	1.0
kapitulation	neg 1.0		neg 0.47957310846084433 off 0.4507258874383009 __DUMMY__ 0.06970100410085482	false	1.0
unscharf	neg 1.0		neg 0.47093841019669713 off 0.4593768745493384 __DUMMY__ 0.06968471525396444	false	1.0
schwinden	neg 1.0		neg 0.47927066067709384 off 0.4506775397026615 __DUMMY__ 0.07005179962024466	false	1.0
versklavung	neg 1.0		neg 0.4754833619083462 off 0.45516870838786283 __DUMMY__ 0.06934792970379094	false	1.0
schlecht	neg 1.0		neg 0.4660382999329288 off 0.4642777866575421 __DUMMY__ 0.06968391340952919	false	1.0
verhasst	neg 1.0		neg 0.47262038574896226 off 0.4576426736714406 __DUMMY__ 0.06973694057959706	false	1.0
beschweren	neg 1.0		neg 0.4712380379277474 off 0.45898658016876276 __DUMMY__ 0.06977538190348966	false	1.0
scheiden	neg 1.0		neg 0.46860014548187423 off 0.4609205267698071 __DUMMY__ 0.07047932774831867	false	1.0
frustriert	neg 1.0		neg 0.4739727271082976 off 0.45603312587078615 __DUMMY__ 0.06999414702091626	false	1.0
schimmelig	neg 1.0		neg 0.47623642848977077 off 0.45359628037407523 __DUMMY__ 0.0701672911361541	false	1.0
fisch	neg 1.0		neg 0.4742575240415601 off 0.4550223066925976 __DUMMY__ 0.07072016926584247	false	1.0
schmuggel	neg 1.0		neg 0.475196018563367 off 0.45416767847545453 __DUMMY__ 0.07063630296117827	false	1.0
auffallen	neg 1.0		neg 0.4703304890999988 off 0.45990018569291874 __DUMMY__ 0.06976932520708241	false	1.0
konkurrenz	neg 1.0	neg 1.0	neg 0.726173410704789 off 0.240163853772708 __DUMMY__ 0.03366273552250308	false	1.0
teufelskreis	neg 1.0		neg 0.47408102769468763 off 0.45604500061805714 __DUMMY__ 0.06987397168725513	false	1.0
aufschreien	neg 1.0		neg 0.47142270209553777 off 0.45894938596309093 __DUMMY__ 0.06962791194137137	false	1.0
schuldner	neg 1.0		neg 0.47834905810196876 off 0.45151055669557344 __DUMMY__ 0.07014038520245768	false	1.0
missgeburt	off 1.0	off 1.0	off 0.7196413412236892 neg 0.24727479611122516 __DUMMY__ 0.03308386266508569	false	1.0
arbeitslos	neg 1.0		neg 0.4771506618713981 off 0.45314210609621136 __DUMMY__ 0.06970723203239056	false	1.0
befallen	neg 1.0		neg 0.47509795688049433 off 0.4549854608679944 __DUMMY__ 0.06991658225151129	false	1.0
miesepetrig	off 1.0	off 1.0	off 0.7177188003300344 neg 0.24890985625823964 __DUMMY__ 0.03337134341172588	false	1.0
alarmieren	neg 1.0		neg 0.4704682645949583 off 0.46015818418943 __DUMMY__ 0.06937355121561177	false	1.0
ungeduscht	off 1.0		neg 0.4685943969952147 off 0.4616319684403976 __DUMMY__ 0.06977363456438761	false	0.5
knappheit	neg 1.0		neg 0.4795323391925104 off 0.4507858919903457 __DUMMY__ 0.06968176881714372	false	1.0
schlange	neg 1.0		neg 0.46876955687761895 off 0.46107080262030625 __DUMMY__ 0.07015964050207472	false	1.0
harsch	neg 1.0		off 0.46846314048556326 neg 0.46204504237282823 __DUMMY__ 0.06949181714160842	false	0.5
lang	neg 1.0		neg 0.47224433554618284 off 0.457795665858315 __DUMMY__ 0.06995999859550217	false	1.0
ziellos	neg 1.0		neg 0.4741540025175625 off 0.45560693279263326 __DUMMY__ 0.07023906468980406	false	1.0
selbstverliebt	neg 1.0		off 0.4720663161443852 neg 0.45949480307499607 __DUMMY__ 0.06843888078061865	false	0.5
beseitigen	neg 1.0	neg 1.0	neg 0.7218166950592889 off 0.24445885136429368 __DUMMY__ 0.0337244535764174	false	1.0
dumm	off 1.0		off 0.4688583945888904 neg 0.46215990276127866 __DUMMY__ 0.06898170264983113	false	1.0
arbeitsloser	neg 1.0		neg 0.4762658360662361 off 0.4537119106777052 __DUMMY__ 0.07002225325605864	false	1.0
blitzen	neg 1.0		neg 0.46984957634781904 off 0.46041818015603897 __DUMMY__ 0.069732243496142	false	1.0
hilflos	neg 1.0		neg 0.4742954287269216 off 0.4556687181978763 __DUMMY__ 0.07003585307520203	false	1.0
eklig	off 1.0		off 0.4696874284062396 neg 0.46134464086157184 __DUMMY__ 0.06896793073218856	false	1.0
begriff			neg 0.4756475388950224 off 0.454597554828822 __DUMMY__ 0.06975490627615562	false	0.0
hungersnot	neg 1.0		neg 0.4740246212599805 off 0.455855561724189 __DUMMY__ 0.07011981701583044	false	1.0
ungesetzlich	neg 1.0		neg 0.4771703964785821 off 0.4539330508968902 __DUMMY__ 0.06889655262452765	false	1.0
verschwendung	neg 1.0		neg 0.4775861953715192 off 0.4523409293171116 __DUMMY__ 0.07007287531136919	false	1.0
schmerzvoll	neg 1.0		neg 0.47077191735080937 off 0.4593778978009743 __DUMMY__ 0.0698501848482164	false	1.0
vorzeitig	neg 1.0		neg 0.4683785822504143 off 0.4616723997611991 __DUMMY__ 0.06994901798838662	false	1.0
unvollkommenheit	neg 1.0		neg 0.4710366195894231 off 0.4582886478089645 __DUMMY__ 0.07067473260161254	false	1.0
intervenieren	neg 1.0		neg 0.47987895390389124 off 0.4503204770927716 __DUMMY__ 0.0698005690033373	false	1.0
banause	off 1.0		off 0.4704384514835474 neg 0.4609486993538342 __DUMMY__ 0.06861284916261828	false	1.0
rebell	neg 1.0		neg 0.4798954847661272 off 0.4497198193993935 __DUMMY__ 0.07038469583447945	false	1.0
unlogisch	neg 1.0		off 0.46562166832769064 neg 0.46507529477397536 __DUMMY__ 0.06930303689833399	false	0.5
leiden	neg 1.0		neg 0.47309793630148084 off 0.45607249995276844 __DUMMY__ 0.0708295637457506	false	1.0
abschaffung	neg 1.0		neg 0.475475635045552 off 0.4550781916485735 __DUMMY__ 0.06944617330587449	false	1.0
sturz	neg 1.0		neg 0.4724097582107768 off 0.457580496809673 __DUMMY__ 0.07000974497955025	false	1.0
verkleinerung	neg 1.0		neg 0.4739118009079462 off 0.45693170044142695 __DUMMY__ 0.06915649865062698	false	1.0
schmarotzer	off 1.0		neg 0.4775394219365249 off 0.45278847741524114 __DUMMY__ 0.06967210064823398	false	0.5
bestrafung	neg 1.0		neg 0.4720844159670289 off 0.45815954424205513 __DUMMY__ 0.06975603979091594	false	1.0
achtlos	neg 1.0		neg 0.47196174621262743 off 0.45794951313375143 __DUMMY__ 0.07008874065362117	false	1.0
ungeheuer	neg 1.0		neg 0.46917064218562177 off 0.46100305704348327 __DUMMY__ 0.069826300770895	false	1.0
unaufrichtig	neg 1.0		neg 0.4734571948181136 off 0.4571581162706661 __DUMMY__ 0.06938468891122042	false	1.0
groggy	neg 1.0		neg 0.4706901425898693 off 0.4596042013753176 __DUMMY__ 0.06970565603481317	false	1.0
