unsolidarisch	neg 1.0		neg 0.47821141058952377 off 0.45260825851974906 __DUMMY__ 0.06918033089072725	false	1.0
nachteilig	neg 1.0		neg 0.47864437958068934 off 0.45143105854036863 __DUMMY__ 0.06992456187894201	false	1.0
skeptisch	neg 1.0		neg 0.4788013074157336 off 0.45114131334764346 __DUMMY__ 0.070057379236623	false	1.0
schrecklich	neg 1.0		off 0.46706655837498273 neg 0.46358426052017904 __DUMMY__ 0.0693491811048383	false	0.5
schlapp	neg 1.0		neg 0.4672806108791513 off 0.46300953845471293 __DUMMY__ 0.06970985066613583	false	1.0
abfall	neg 1.0		neg 0.4810272918805544 off 0.4487155631641892 __DUMMY__ 0.07025714495525649	false	1.0
widerspenstig	neg 1.0		neg 0.4724230943746998 off 0.4576071638894889 __DUMMY__ 0.06996974173581134	false	1.0
abrupt	neg 1.0		neg 0.47569633231268094 off 0.45390406614068807 __DUMMY__ 0.07039960154663094	false	1.0
unwirksam	neg 1.0		neg 0.47689369800161663 off 0.45375162274568337 __DUMMY__ 0.06935467925270004	false	1.0
angreifen	neg 1.0	neg 1.0	neg 0.7255041519439224 off 0.24091912086786535 __DUMMY__ 0.0335767271882123	false	1.0
inkonsistent	neg 1.0		neg 0.4715054976226476 off 0.458552779834214 __DUMMY__ 0.0699417225431384	false	1.0
abrutschen	neg 1.0		neg 0.48058677931481164 off 0.44915687850878844 __DUMMY__ 0.07025634217639981	false	1.0
unsicher	neg 1.0		neg 0.4723461584800799 off 0.45765994500147233 __DUMMY__ 0.06999389651844788	false	1.0
bauernkind	off 1.0	off 1.0	off 0.7176639066613324 neg 0.24939719237317762 __DUMMY__ 0.032938900965489945	false	1.0
angreifer	neg 1.0		neg 0.4709929180833932 off 0.4590484731129311 __DUMMY__ 0.0699586088036756	false	1.0
trennen	neg 1.0		neg 0.4741739910943714 off 0.45524573067171686 __DUMMY__ 0.07058027823391165	false	1.0
schmutz	neg 1.0		neg 0.46737867828863855 off 0.46220672678646363 __DUMMY__ 0.07041459492489793	false	1.0
inkonsistenz	neg 1.0		neg 0.4722403903262277 off 0.45858333857552835 __DUMMY__ 0.06917627109824384	false	1.0
erschreckend	neg 1.0		neg 0.4752365025609247 off 0.4549661761786474 __DUMMY__ 0.06979732126042794	false	1.0
ertrinken	neg 1.0		neg 0.47466256204279156 off 0.45497551877922415 __DUMMY__ 0.07036191917798437	false	1.0
pickelface	off 1.0		neg 0.4754517233276341 off 0.454601870399858 __DUMMY__ 0.06994640627250784	false	0.5
seiner			neg 0.4767005152454596 off 0.4530182038678301 __DUMMY__ 0.0702812808867104	false	0.0
lauch	neg 1.0		neg 0.4814731603942889 off 0.4484266196848855 __DUMMY__ 0.07010021992082559	false	1.0
unwichtig	neg 1.0		neg 0.46915212072899193 off 0.46134687165415383 __DUMMY__ 0.06950100761685425	false	1.0
steuerhinterziehung	neg 1.0		neg 0.47753375675470877 off 0.45285976437430325 __DUMMY__ 0.06960647887098795	false	1.0
schock	neg 1.0		neg 0.4714000755043416 off 0.4582792963993076 __DUMMY__ 0.07032062809635095	false	1.0
beule	neg 1.0		neg 0.46672520067248946 off 0.46354692176481777 __DUMMY__ 0.0697278775626927	false	1.0
vergelten	neg 1.0		off 0.4674560177382395 neg 0.462763146175333 __DUMMY__ 0.06978083608642749	false	0.5
verdorbenheit	neg 1.0		neg 0.47282889314994925 off 0.4571411109144675 __DUMMY__ 0.0700299959355832	false	1.0
trauma	neg 1.0		neg 0.47198178781673256 off 0.4581533562759765 __DUMMY__ 0.06986485590729108	false	1.0
sinnlos	neg 1.0		neg 0.4696879274779127 off 0.46038755834064704 __DUMMY__ 0.06992451418144031	false	1.0
fettsack	off 1.0	off 1.0	off 0.7197491235710007 neg 0.24715807419223534 __DUMMY__ 0.03309280223676387	false	1.0
feige	off 1.0	off 1.0	off 0.7162955335313523 neg 0.25050007840386146 __DUMMY__ 0.03320438806478617	false	1.0
abdanken	neg 1.0		neg 0.476044540273359 off 0.4542999541458445 __DUMMY__ 0.0696555055807963	false	1.0
wichtigtuer	off 1.0	off 1.0	off 0.7147968431254059 neg 0.25187375033746684 __DUMMY__ 0.033329406537127175	false	1.0
misslingen	neg 1.0		neg 0.4676488192107279 off 0.46183086063794204 __DUMMY__ 0.07052032015132999	false	1.0
untreu	off 1.0		neg 0.46809211270403656 off 0.46250166234132944 __DUMMY__ 0.06940622495463403	false	0.5
missmutig	neg 1.0		neg 0.46842484625457403 off 0.46198191577264014 __DUMMY__ 0.06959323797278583	false	1.0
hurenbock	off 1.0		neg 0.4704305678851292 off 0.45955894805893915 __DUMMY__ 0.07001048405593162	false	0.5
betrunken	neg 1.0		off 0.46640605075052993 neg 0.4638644569603828 __DUMMY__ 0.06972949228908726	false	0.5
korrupt	off 1.0		neg 0.47946337650372217 off 0.4510885386800474 __DUMMY__ 0.06944808481623027	false	0.5
unmut	neg 1.0		neg 0.48141191472002515 off 0.44841127003436937 __DUMMY__ 0.07017681524560548	false	1.0
hackfresse	off 1.0		off 0.46943057325871307 neg 0.4616288283538075 __DUMMY__ 0.06894059838747933	false	1.0
aufblasen	neg 1.0		neg 0.47001627658654005 off 0.4599226449811614 __DUMMY__ 0.07006107843229864	false	1.0
gewaltsam	neg 1.0		neg 0.47355377154315337 off 0.4564360657071046 __DUMMY__ 0.07001016274974213	false	1.0
unbeliebtheit	neg 1.0		neg 0.4746506957558582 off 0.4565758256126703 __DUMMY__ 0.06877347863147136	false	1.0
sturheit	neg 1.0		neg 0.4755246818802575 off 0.4547136000666557 __DUMMY__ 0.06976171805308695	false	1.0
kuh	neg 1.0		neg 0.47460862502447787 off 0.45587000433928127 __DUMMY__ 0.06952137063624092	false	1.0
erschrecken	neg 1.0		neg 0.4681849560076005 off 0.4620419232908062 __DUMMY__ 0.06977312070159333	false	1.0
opfer	neg 1.0		neg 0.4754421554357784 off 0.45431995671697867 __DUMMY__ 0.07023788784724293	false	1.0
sinken	neg 1.0		neg 0.48015778515384383 off 0.44960097755220063 __DUMMY__ 0.07024123729395561	false	1.0
stinktier	neg 1.0		off 0.4661450114019547 neg 0.46479904672534683 __DUMMY__ 0.0690559418726984	false	0.5
tucke	off 1.0		off 0.467582442420552 neg 0.4639357568007584 __DUMMY__ 0.06848180077868961	false	1.0
ein			neg 0.4713181765474696 off 0.4586861524401697 __DUMMY__ 0.06999567101236075	false	0.0
abstieg	neg 1.0		neg 0.47541252632803765 off 0.45416761487727686 __DUMMY__ 0.07041985879468543	false	1.0
missverstehen	neg 1.0		neg 0.4716053171347723 off 0.45880870366374604 __DUMMY__ 0.06958597920148163	false	1.0
ergebnislos	neg 1.0		neg 0.4782425775925604 off 0.45173302880446686 __DUMMY__ 0.07002439360297284	false	1.0
unter			neg 0.4816308081186875 off 0.4473678374521687 __DUMMY__ 0.07100135442914382	false	0.0
manipulieren	neg 1.0		neg 0.4787519951313205 off 0.4511974384371445 __DUMMY__ 0.07005056643153497	false	1.0
unbewiesen	neg 1.0		neg 0.47864644421858177 off 0.45229239182960096 __DUMMY__ 0.06906116395181724	false	1.0
verschleppen	neg 1.0		neg 0.47607605267139924 off 0.45390177953865235 __DUMMY__ 0.0700221677899485	false	1.0
weib	off 1.0		off 0.46919970878495887 neg 0.4618899383627309 __DUMMY__ 0.06891035285231027	false	1.0
opposition	neg 1.0		neg 0.47326724230781575 off 0.4572159397328146 __DUMMY__ 0.06951681795936973	false	1.0
verkehrswidrig	neg 1.0	neg 1.0	neg 0.7148638625434275 off 0.2514032662633996 __DUMMY__ 0.033732871193172864	false	1.0
inkorrekt	neg 1.0		neg 0.4689600808743904 off 0.4620038270102228 __DUMMY__ 0.06903609211538664	false	1.0
vermeiden	neg 1.0		neg 0.48150630481566503 off 0.447934715526382 __DUMMY__ 0.07055897965795305	false	1.0
abweichung	neg 1.0		neg 0.4782082065858101 off 0.4518631108840161 __DUMMY__ 0.06992868253017372	false	1.0
alkoholisiert	neg 1.0		neg 0.47332441733941655 off 0.4558594804837747 __DUMMY__ 0.07081610217680874	false	1.0
scheiss	off 1.0	off 1.0	off 0.7174175041290503 neg 0.2492265388776143 __DUMMY__ 0.03335595699333544	false	1.0
herausforderung	neg 1.0	neg 1.0	neg 0.7220895359160393 off 0.24381035204841872 __DUMMY__ 0.034100112035542036	false	1.0
pervers	off 1.0		off 0.47257391460677955 neg 0.45867171110729427 __DUMMY__ 0.06875437428592611	false	1.0
wackelig	neg 1.0		neg 0.47235934394442863 off 0.4571502511759912 __DUMMY__ 0.07049040487958011	false	1.0
verwickeln	neg 1.0		neg 0.47185215937783787 off 0.45857510188481354 __DUMMY__ 0.06957273873734858	false	1.0
vorwand	neg 1.0		neg 0.47890187805222595 off 0.45091683218838907 __DUMMY__ 0.07018128975938497	false	1.0
muschi	off 1.0		neg 0.47493756955409017 off 0.4551193298739965 __DUMMY__ 0.0699431005719134	false	0.5
entmutigung	neg 1.0		neg 0.47449869639534403 off 0.45608920071538583 __DUMMY__ 0.06941210288927017	false	1.0
unangemessen	neg 1.0		neg 0.47660279530983624 off 0.45363237200308154 __DUMMY__ 0.0697648326870822	false	1.0
unstetig	neg 1.0		neg 0.47059851992126045 off 0.4593462438298656 __DUMMY__ 0.07005523624887391	false	1.0
entmutigen	neg 1.0		neg 0.47178657246518 off 0.458399859556158 __DUMMY__ 0.0698135679786621	false	1.0
schwanz	neg 1.0		neg 0.4773869157023696 off 0.45242721834489136 __DUMMY__ 0.07018586595273911	false	1.0
verbot	neg 1.0		neg 0.47820605825094986 off 0.4520959057380401 __DUMMY__ 0.06969803601101002	false	1.0
leid	neg 1.0		off 0.46869276996517173 neg 0.46195249954634915 __DUMMY__ 0.06935473048847912	false	0.5
archaisch	neg 1.0		neg 0.4750324865621271 off 0.45495212434990234 __DUMMY__ 0.07001538908797057	false	1.0
gegen			neg 0.47847342564239376 off 0.45113380388061725 __DUMMY__ 0.07039277047698898	false	0.0
scheidung	neg 1.0		off 0.4769936899163117 neg 0.4542553019221429 __DUMMY__ 0.06875100816154531	false	0.5
einschlag	neg 1.0	neg 1.0	neg 0.7176757369933204 off 0.2489642843132083 __DUMMY__ 0.033359978693471244	false	1.0
m			neg 0.47411773670007623 off 0.4556794679139879 __DUMMY__ 0.07020279538593582	false	0.0
abgestanden	neg 1.0		neg 0.4710964322109189 off 0.45888116832290254 __DUMMY__ 0.07002239946617851	false	1.0
schmierig	off 1.0		off 0.4680830599137358 neg 0.462544305866426 __DUMMY__ 0.0693726342198382	false	1.0
unpraktisch	neg 1.0		neg 0.4701477702179807 off 0.4597379768300662 __DUMMY__ 0.07011425295195313	false	1.0
wixxer	off 1.0		off 0.47170894749031805 neg 0.4596356904347158 __DUMMY__ 0.06865536207496613	false	1.0
bezeichnet			neg 0.4744096506380369 off 0.45579646172102345 __DUMMY__ 0.06979388764093969	false	0.0
jammerlappen	off 1.0		neg 0.4685923582675846 off 0.461854580835032 __DUMMY__ 0.06955306089738332	false	0.5
farce	neg 1.0		neg 0.4782887834368046 off 0.45218644881897463 __DUMMY__ 0.06952476774422076	false	1.0
zwecklos	neg 1.0		neg 0.47628145854031667 off 0.45389637675900196 __DUMMY__ 0.0698221647006814	false	1.0
turbulent	neg 1.0		neg 0.4685504996964276 off 0.46200762438372606 __DUMMY__ 0.06944187591984632	false	1.0
invasion	neg 1.0		neg 0.4700061410769288 off 0.4601298581335632 __DUMMY__ 0.06986400078950798	false	1.0
schuld	neg 1.0		neg 0.4725826679943368 off 0.457627201744615 __DUMMY__ 0.06979013026104817	false	1.0
risiko	neg 1.0		neg 0.4713146193462924 off 0.45858137975644836 __DUMMY__ 0.07010400089725932	false	1.0
finster	neg 1.0		neg 0.471086809463394 off 0.45894303707608763 __DUMMY__ 0.06997015346051845	false	1.0
geisteskrank	off 1.0		neg 0.4681269006310549 off 0.4625963773832955 __DUMMY__ 0.06927672198564958	false	0.5
zusammenbrechen	neg 1.0		neg 0.47359305203348695 off 0.4562916552678099 __DUMMY__ 0.07011529269870308	false	1.0
ausbeute	neg 1.0		neg 0.4751929347943179 off 0.454306255658665 __DUMMY__ 0.07050080954701707	false	1.0
hinterhalt	neg 1.0		neg 0.47307639055400397 off 0.45665308097051466 __DUMMY__ 0.07027052847548144	false	1.0
kritik	neg 1.0		neg 0.47788469408709844 off 0.4524969422729245 __DUMMY__ 0.06961836363997706	false	1.0
einschrumpfen	neg 1.0		neg 0.47276115389350154 off 0.45791328357109895 __DUMMY__ 0.06932556253539957	false	1.0
riskant	neg 1.0		neg 0.47746341745592746 off 0.45254841386765043 __DUMMY__ 0.06998816867642202	false	1.0
frustrieren	neg 1.0		neg 0.4768093241847038 off 0.4531444976785592 __DUMMY__ 0.07004617813673703	false	1.0
groll	neg 1.0		neg 0.47550162586948913 off 0.454500734662822 __DUMMY__ 0.06999763946768893	false	1.0
gibt			neg 0.47521667833366416 off 0.45483404600572247 __DUMMY__ 0.06994927566061329	false	0.0
qualvoll	neg 1.0		neg 0.46811190368827976 off 0.4619517857690649 __DUMMY__ 0.06993631054265535	false	1.0
wackeln	neg 1.0	neg 1.0	neg 0.7207554422802404 off 0.24554548456980954 __DUMMY__ 0.03369907314995013	false	1.0
klagen	neg 1.0		neg 0.4804565180278076 off 0.4493262172941243 __DUMMY__ 0.0702172646780681	false	1.0
bankrott	neg 1.0		neg 0.46869487056063414 off 0.4615602739118559 __DUMMY__ 0.06974485552750996	false	1.0
trauern	neg 1.0		neg 0.4753689177437141 off 0.45433904111155315 __DUMMY__ 0.07029204114473275	false	1.0
ablehnung	neg 1.0		neg 0.4777391185501185 off 0.4526286124094024 __DUMMY__ 0.06963226904047924	false	1.0
stur	neg 1.0		neg 0.47261923190374244 off 0.457717245752918 __DUMMY__ 0.06966352234333964	false	1.0
aufruhr	neg 1.0		neg 0.4739143141533564 off 0.456106673886462 __DUMMY__ 0.06997901196018161	false	1.0
melancholie	neg 1.0		neg 0.47435667910173823 off 0.4554479388473438 __DUMMY__ 0.07019538205091791	false	1.0
ist			neg 0.4713586998092901 off 0.4588517939041237 __DUMMY__ 0.06978950628658613	false	0.0
torheit	neg 1.0		neg 0.4741114818737283 off 0.4562964245649485 __DUMMY__ 0.06959209356132322	false	1.0
dreckskind	off 1.0		off 0.4671345649025249 neg 0.4639520509427205 __DUMMY__ 0.06891338415475455	false	1.0
umtauschen	neg 1.0		neg 0.4731038986931172 off 0.45693215828512523 __DUMMY__ 0.06996394302175754	false	1.0
zum			neg 0.4779189591519435 off 0.45101759630568056 __DUMMY__ 0.07106344454237588	false	0.0
zersetzen	neg 1.0		neg 0.47969262896964815 off 0.4503814087278003 __DUMMY__ 0.06992596230255141	false	1.0
zur			neg 0.48142707767548737 off 0.4478870714693008 __DUMMY__ 0.07068585085521181	false	0.0
frust	neg 1.0		neg 0.47416248391070276 off 0.455769018381148 __DUMMY__ 0.07006849770814923	false	1.0
unerbittlichkeit	neg 1.0		neg 0.4791287205323373 off 0.45088453210650903 __DUMMY__ 0.06998674736115376	false	1.0
zwei			neg 0.47683389005293814 off 0.452367840243202 __DUMMY__ 0.07079826970385998	false	0.0
unkorrekt	neg 1.0		neg 0.46910130000920636 off 0.4619983298333879 __DUMMY__ 0.06890037015740567	false	1.0
hexe	off 1.0		neg 0.4678606489443808 off 0.46263170132815085 __DUMMY__ 0.06950764972746835	false	0.5
lasch	neg 1.0		neg 0.47165688424673147 off 0.4589934959744531 __DUMMY__ 0.06934961977881544	false	1.0
rivale	neg 1.0		off 0.4654152135256284 neg 0.4650567497022213 __DUMMY__ 0.06952803677215026	false	0.5
mutlos	off 1.0	off 1.0	off 0.7108027422108045 neg 0.2557711978316744 __DUMMY__ 0.03342605995752114	false	1.0
wirr	off 1.0		neg 0.46841928725334375 off 0.46264298349274957 __DUMMY__ 0.06893772925390658	false	0.5
jahr			neg 0.4756540778823894 off 0.4537308581373849 __DUMMY__ 0.07061506398022575	false	0.0
wird			neg 0.4760465387967615 off 0.45386335616091716 __DUMMY__ 0.07009010504232137	false	0.0
strafbar	neg 1.0		neg 0.47803049011478516 off 0.45208232956549227 __DUMMY__ 0.06988718031972262	false	1.0
erosion	neg 1.0		neg 0.4709855534110317 off 0.45892267655415037 __DUMMY__ 0.07009177003481798	false	1.0
eingehen	neg 1.0		neg 0.47748449088893663 off 0.4527286949335859 __DUMMY__ 0.06978681417747738	false	1.0
faul	off 1.0		neg 0.4677137156029461 off 0.4624668833069301 __DUMMY__ 0.06981940109012384	false	0.5
provisorium	neg 1.0		neg 0.4828999383313372 off 0.4462435136256148 __DUMMY__ 0.07085654804304797	false	1.0
schmerzen	neg 1.0		neg 0.4723654583889868 off 0.45764051514331167 __DUMMY__ 0.06999402646770167	false	1.0
schrumpfen	neg 1.0		neg 0.48382337583156637 off 0.44593119342372683 __DUMMY__ 0.07024543074470664	false	1.0
geistlos	off 1.0		neg 0.4747376214214577 off 0.4561396447322884 __DUMMY__ 0.06912273384625384	false	0.5
fehlkauf	neg 1.0		neg 0.4716334336750765 off 0.4586101499757554 __DUMMY__ 0.06975641634916825	false	1.0
frustrierend	neg 1.0		neg 0.4679247035004048 off 0.46222605062616995 __DUMMY__ 0.06984924587342518	false	1.0
unzufrieden	neg 1.0		neg 0.4766808068612381 off 0.4535238403159369 __DUMMY__ 0.06979535282282492	false	1.0
verzweifeln	neg 1.0		neg 0.4733872460147186 off 0.45666228436834344 __DUMMY__ 0.06995046961693786	false	1.0
verzweifelt	neg 1.0		neg 0.4718458300372258 off 0.4583956755621307 __DUMMY__ 0.06975849440064363	false	1.0
misstrauensantrag	neg 1.0		neg 0.47184107659293245 off 0.4585565954572202 __DUMMY__ 0.06960232794984736	false	1.0
abfallen	neg 1.0		neg 0.4695782076421759 off 0.4602781735174403 __DUMMY__ 0.07014361884038378	false	1.0
fucker	off 1.0		neg 0.46716388595897207 off 0.4634911421232389 __DUMMY__ 0.06934497191778903	false	0.5
ungezogen	neg 1.0		off 0.4718383958107709 neg 0.45914388979597653 __DUMMY__ 0.06901771439325254	false	0.5
irrsinnig	neg 1.0	neg 1.0	neg 0.7224803139926413 off 0.24413714797387362 __DUMMY__ 0.033382538033485135	false	1.0
unfassbar	neg 1.0		neg 0.4682813383939283 off 0.462269120240219 __DUMMY__ 0.06944954136585274	false	1.0
hart	neg 1.0		neg 0.46965364505188245 off 0.4606781739203739 __DUMMY__ 0.0696681810277437	false	1.0
widerlich	off 1.0		neg 0.468154547509472 off 0.4625642932175961 __DUMMY__ 0.06928115927293188	false	0.5
fatal	neg 1.0		neg 0.4712939022452603 off 0.45895053286321874 __DUMMY__ 0.06975556489152102	false	1.0
bruch	neg 1.0		neg 0.4809951957791998 off 0.44890960398902435 __DUMMY__ 0.07009520023177596	false	1.0
aushungern	neg 1.0		neg 0.4765425202955449 off 0.45382551207571525 __DUMMY__ 0.06963196762873985	false	1.0
anspannung	neg 1.0	neg 1.0	neg 0.7246367214789343 off 0.24118147301619836 __DUMMY__ 0.03418180550486726	false	1.0
von			neg 0.4767796999545318 off 0.45263639021923946 __DUMMY__ 0.07058390982622866	false	0.0
kraftlos	neg 1.0		neg 0.4727470375079248 off 0.4568915495274761 __DUMMY__ 0.07036141296459898	false	1.0
vom			neg 0.48086928229181525 off 0.4480978336222527 __DUMMY__ 0.07103288408593199	false	0.0
grenzdebil	off 1.0		neg 0.4666721639460992 off 0.4638431334514192 __DUMMY__ 0.06948470260248148	false	0.5
vor			neg 0.4776136524063512 off 0.45201262474374565 __DUMMY__ 0.07037372284990316	false	0.0
unterwerfen	neg 1.0		neg 0.4770837736492727 off 0.45286044077737264 __DUMMY__ 0.07005578557335469	false	1.0
versenkung	neg 1.0		neg 0.4774340336670864 off 0.45249992182379883 __DUMMY__ 0.07006604450911466	false	1.0
entziehen	neg 1.0		neg 0.4797969272938763 off 0.45001177197542597 __DUMMY__ 0.07019130073069775	false	1.0
finanzkrise	neg 1.0		neg 0.4766687742754043 off 0.4537610569228211 __DUMMY__ 0.06957016880177457	false	1.0
schimpfend	neg 1.0		neg 0.46977180846404565 off 0.46007402200091946 __DUMMY__ 0.0701541695350348	false	1.0
profan	neg 1.0		neg 0.4703352953150718 off 0.45996002522809043 __DUMMY__ 0.06970467945683773	false	1.0
korruption	neg 1.0	neg 1.0	neg 0.7253601878797498 off 0.24124737247814382 __DUMMY__ 0.033392439642106385	false	1.0
â			neg 0.47542275269082734 off 0.4543614536367726 __DUMMY__ 0.07021579367239998	false	0.0
schmutzig	neg 1.0		neg 0.46613052773815894 off 0.46419422160385304 __DUMMY__ 0.06967525065798798	false	1.0
sexy	neg 1.0		neg 0.4693088270275252 off 0.4609453292112287 __DUMMY__ 0.06974584376124614	false	1.0
abraten	neg 1.0		neg 0.4709375091680889 off 0.4592499332754795 __DUMMY__ 0.06981255755643165	false	1.0
schwarz	neg 1.0		neg 0.4722646424788173 off 0.45800856697186393 __DUMMY__ 0.06972679054931871	false	1.0
fotze	off 1.0		neg 0.4770297177141962 off 0.45292018237251774 __DUMMY__ 0.07005009991328592	false	0.5
verwirren	neg 1.0		neg 0.4700124144710579 off 0.46027268633159896 __DUMMY__ 0.06971489919734308	false	1.0
zahnlos	off 1.0		neg 0.47654695630584976 off 0.45364579832419494 __DUMMY__ 0.06980724536995535	false	0.5
verheeren	neg 1.0		off 0.47414997699571276 neg 0.45662712200819766 __DUMMY__ 0.06922290099608965	false	0.5
hippie	neg 1.0		neg 0.47019064664881544 off 0.4600931228747852 __DUMMY__ 0.06971623047639929	false	1.0
rammen	neg 1.0		neg 0.4727158504011957 off 0.4575284875159672 __DUMMY__ 0.06975566208283714	false	1.0
unlauter	neg 1.0		neg 0.47734680030130466 off 0.4534993409691137 __DUMMY__ 0.0691538587295816	false	1.0
unheilvoll	neg 1.0		neg 0.46822458661221117 off 0.46164997239764605 __DUMMY__ 0.07012544099014273	false	1.0
niedrig	neg 1.0		neg 0.47697100967789363 off 0.4528039835941478 __DUMMY__ 0.0702250067279586	false	1.0
explosion	neg 1.0		neg 0.4713985083066593 off 0.45896309248045275 __DUMMY__ 0.06963839921288797	false	1.0
weichei	off 1.0		off 0.4682925567911275 neg 0.4626238462642167 __DUMMY__ 0.06908359694465578	false	1.0
minusmensch	off 1.0		off 0.469163081441062 neg 0.4624221333929231 __DUMMY__ 0.06841478516601482	false	1.0
farblos	neg 1.0		neg 0.46966112067163723 off 0.4597410563084135 __DUMMY__ 0.0705978230199494	false	1.0
unwissend	neg 1.0	neg 1.0	neg 0.7203747210645338 off 0.2463931579557094 __DUMMY__ 0.0332321209797568	false	1.0
traurig	neg 1.0		off 0.46622809515166597 neg 0.46432452927969703 __DUMMY__ 0.06944737556863709	false	0.5
senkung	neg 1.0		neg 0.4728931111656975 off 0.45775609240929815 __DUMMY__ 0.0693507964250042	false	1.0
ungleich	neg 1.0	neg 1.0	neg 0.7260409757375317 off 0.2405323422287074 __DUMMY__ 0.03342668203376092	false	1.0
heikel	neg 1.0		neg 0.47919642381898025 off 0.4508406635239144 __DUMMY__ 0.06996291265710532	false	1.0
drosselung	neg 1.0		neg 0.4663162288432241 off 0.46405339348975855 __DUMMY__ 0.06963037766701739	false	1.0
falsch	neg 1.0		neg 0.46865541189685306 off 0.46165911021276934 __DUMMY__ 0.06968547789037749	false	1.0
unzufriedenheit	neg 1.0		neg 0.4794200116547664 off 0.4505260422809736 __DUMMY__ 0.07005394606426013	false	1.0
kurz	neg 1.0		neg 0.4729262737686405 off 0.45683534638327106 __DUMMY__ 0.07023837984808844	false	1.0
unsinnig	neg 1.0		neg 0.4768673996756348 off 0.4534784776712354 __DUMMY__ 0.06965412265312969	false	1.0
penner	off 1.0	off 1.0	off 0.7210502391706937 neg 0.24594122063764728 __DUMMY__ 0.03300854019165909	false	1.0
seicht	neg 1.0		off 0.4695663697622336 neg 0.46177515547593007 __DUMMY__ 0.06865847476183645	false	0.5
dummheit	off 1.0	off 1.0	off 0.7148716703898387 neg 0.2518327991082118 __DUMMY__ 0.03329553050194952	false	1.0
unerfreulich	neg 1.0		neg 0.47877755968682517 off 0.45101088928613603 __DUMMY__ 0.07021155102703894	false	1.0
motherfucker	off 1.0	off 1.0	off 0.7171980920549977 neg 0.24963744699535875 __DUMMY__ 0.033164460949643426	false	1.0
pikiert	neg 1.0		neg 0.46942199258720296 off 0.46126849736477027 __DUMMY__ 0.06930951004802673	false	1.0
wrack	neg 1.0		neg 0.47400951717214806 off 0.4554478548831226 __DUMMY__ 0.07054262794472929	false	1.0
gangster	neg 1.0		neg 0.47015257144847045 off 0.46005283470203573 __DUMMY__ 0.06979459384949382	false	1.0
krank	neg 1.0		off 0.46517696530437147 neg 0.465163189334605 __DUMMY__ 0.06965984536102374	false	0.5
reich	neg 1.0		neg 0.4701047086152978 off 0.460455400293118 __DUMMY__ 0.06943989109158435	false	1.0
gnadenlos	neg 1.0		neg 0.47206730899022264 off 0.4580671275365284 __DUMMY__ 0.06986556347324897	false	1.0
niedergeschlagen	neg 1.0		neg 0.47232580526028783 off 0.4574091061799935 __DUMMY__ 0.07026508855971876	false	1.0
terrorisieren	off 1.0	off 1.0	off 0.7123005942297931 neg 0.25405916596858585 __DUMMY__ 0.03364023980162096	false	1.0
sinnlosigkeit	neg 1.0		neg 0.47591624279557837 off 0.45421058394579383 __DUMMY__ 0.06987317325862799	false	1.0
behindern	neg 1.0		neg 0.4748756878094213 off 0.45533874040323663 __DUMMY__ 0.0697855717873421	false	1.0
undemokratisch	neg 1.0		neg 0.47523239734015443 off 0.45533983336366873 __DUMMY__ 0.0694277692961768	false	1.0
wirtschaftskrise	neg 1.0		neg 0.478213068141369 off 0.4519848969113312 __DUMMY__ 0.0698020349472997	false	1.0
neid	neg 1.0		neg 0.46596041696598706 off 0.46407127109745855 __DUMMY__ 0.06996831193655444	false	1.0
rutschen	neg 1.0	neg 1.0	neg 0.7241192516745333 off 0.24182188540202734 __DUMMY__ 0.03405886292343941	false	1.0
rezession	neg 1.0		neg 0.4659878550661549 off 0.4649704946004879 __DUMMY__ 0.06904165033335706	false	1.0
fehlgeburt	neg 1.0		neg 0.4688001212397077 off 0.4611074132458297 __DUMMY__ 0.07009246551446251	false	1.0
charakterschwach	off 1.0		neg 0.467258314196264 off 0.4632553805940095 __DUMMY__ 0.06948630520972636	false	0.5
isolation	neg 1.0		neg 0.46832992665309403 off 0.46187677085911505 __DUMMY__ 0.06979330248779081	false	1.0
ablenkung	neg 1.0		neg 0.47219173421694266 off 0.45785122357180924 __DUMMY__ 0.06995704221124815	false	1.0
pech	neg 1.0		neg 0.468696024179987 off 0.4615728862463421 __DUMMY__ 0.06973108957367093	false	1.0
vermeidung	neg 1.0		neg 0.4684190045336596 off 0.46231400783297344 __DUMMY__ 0.069266987633367	false	1.0
dominieren	neg 1.0		neg 0.4745683068895992 off 0.4550718368095433 __DUMMY__ 0.07035985630085742	false	1.0
schwindlig	neg 1.0		neg 0.4671585648823749 off 0.46260237737913196 __DUMMY__ 0.07023905773849316	false	1.0
lutscher	neg 1.0		off 0.4705088904480381 neg 0.4608313878295915 __DUMMY__ 0.06865972172237027	false	0.5
pflicht	neg 1.0		neg 0.47929394737203423 off 0.45071736459581774 __DUMMY__ 0.0699886880321481	false	1.0
faschist	off 1.0		neg 0.47302097426394013 off 0.4576629558218435 __DUMMY__ 0.06931606991421632	false	0.5
verschleudern	neg 1.0		neg 0.48183789561555057 off 0.44874674447635665 __DUMMY__ 0.06941535990809276	false	1.0
wenn			neg 0.4685608412784067 off 0.46178244971870264 __DUMMY__ 0.0696567090028907	false	0.0
ehebruch	neg 1.0		neg 0.47686280544564497 off 0.4531629661797138 __DUMMY__ 0.06997422837464112	false	1.0
spott	off 1.0		neg 0.4786900761371116 off 0.45149205090832223 __DUMMY__ 0.06981787295456625	false	0.5
trostlosigkeit	neg 1.0		neg 0.4783617773345441 off 0.45129860595508087 __DUMMY__ 0.07033961671037493	false	1.0
lutschen	neg 1.0		neg 0.4718709620116273 off 0.4585756746009173 __DUMMY__ 0.0695533633874555	false	1.0
undiszipliniert	neg 1.0		off 0.4657538702742875 neg 0.46468664447235397 __DUMMY__ 0.06955948525335857	false	0.5
kopfschmerz	neg 1.0		neg 0.472636853849212 off 0.4571368701235492 __DUMMY__ 0.07022627602723872	false	1.0
unvorhergesehen	neg 1.0		neg 0.4735606120850323 off 0.4558795294879123 __DUMMY__ 0.07055985842705535	false	1.0
desinteressiert	neg 1.0		neg 0.46640909074702736 off 0.46425179068122296 __DUMMY__ 0.06933911857174958	false	1.0
armselig	off 1.0		neg 0.4671107535440348 off 0.4638427406073119 __DUMMY__ 0.0690465058486534	false	0.5
desaster	neg 1.0		neg 0.48156865465088444 off 0.4483101313099263 __DUMMY__ 0.0701212140391893	false	1.0
tod	neg 1.0		neg 0.47304930868930634 off 0.4564247211562775 __DUMMY__ 0.07052597015441604	false	1.0
herzlos	neg 1.0		off 0.4656730556352922 neg 0.46508639241455535 __DUMMY__ 0.06924055195015245	false	0.5
unwissenheit	neg 1.0		neg 0.4780618691773697 off 0.45233178865634927 __DUMMY__ 0.06960634216628105	false	1.0
widersinnig	neg 1.0	neg 1.0	neg 0.7257163168291776 off 0.24105247779630481 __DUMMY__ 0.03323120537451751	false	1.0
bedenklich	neg 1.0		neg 0.47793133960140327 off 0.4522032129554246 __DUMMY__ 0.0698654474431721	false	1.0
beanstanden	neg 1.0		neg 0.4794147975929467 off 0.4504928773345297 __DUMMY__ 0.07009232507252351	false	1.0
panisch	neg 1.0	neg 1.0	neg 0.7190222472654921 off 0.2472516373435811 __DUMMY__ 0.03372611539092676	false	1.0
debil	off 1.0		neg 0.48277927213386007 off 0.44666521961112643 __DUMMY__ 0.0705555082550136	false	0.5
abstrich	neg 1.0		neg 0.4765738675808954 off 0.4534982728557868 __DUMMY__ 0.06992785956331758	false	1.0
primitiv	neg 1.0		neg 0.46747242330794825 off 0.4632284126721302 __DUMMY__ 0.06929916401992167	false	1.0
abschaum	off 1.0	off 1.0	off 0.7162400996880257 neg 0.25049605431709304 __DUMMY__ 0.03326384599488122	false	1.0
provozieren	neg 1.0		neg 0.47323405286292725 off 0.4570414624142735 __DUMMY__ 0.0697244847227992	false	1.0
tot	neg 1.0		neg 0.4774361075551277 off 0.4525802395706573 __DUMMY__ 0.0699836528742149	false	1.0
instabil	neg 1.0		neg 0.4695522912010958 off 0.46143032112508936 __DUMMY__ 0.0690173876738148	false	1.0
schwuchtel	off 1.0		off 0.474796154520171 neg 0.4568465536250487 __DUMMY__ 0.06835729185478026	false	1.0
zerren	neg 1.0		neg 0.47233653338453335 off 0.457409067152788 __DUMMY__ 0.07025439946267878	false	1.0
kinderficker	off 1.0		neg 0.4656121198249181 off 0.46560431840835154 __DUMMY__ 0.0687835617667304	false	0.5
gefahr	neg 1.0		neg 0.47846596311131323 off 0.45136103368945274 __DUMMY__ 0.0701730031992339	false	1.0
rabiat	neg 1.0		neg 0.47399419658706415 off 0.45626530315602837 __DUMMY__ 0.06974050025690734	false	1.0
verlangsamung	neg 1.0		off 0.46946887014634825 neg 0.4614924417758095 __DUMMY__ 0.06903868807784216	false	0.5
ausgestorben	neg 1.0		neg 0.47221012640325644 off 0.4576563021169843 __DUMMY__ 0.07013357147975922	false	1.0
anklagen	neg 1.0		neg 0.4759216962344811 off 0.45425191517068736 __DUMMY__ 0.06982638859483152	false	1.0
trott	neg 1.0		neg 0.47298554967393 off 0.45698342221203 __DUMMY__ 0.07003102811404002	false	1.0
verminderung	neg 1.0		neg 0.4669773216364617 off 0.4637042645876776 __DUMMY__ 0.06931841377586069	false	1.0
nach			neg 0.4767286516350786 off 0.45211201856368105 __DUMMY__ 0.07115932980124023	false	0.0
rost	neg 1.0		off 0.4690690879735592 neg 0.461681136688662 __DUMMY__ 0.06924977533777874	false	0.5
destruktiv	neg 1.0		neg 0.47598790222305315 off 0.4544716047367666 __DUMMY__ 0.06954049304018022	false	1.0
unzumutbarkeit	neg 1.0		neg 0.46748204189720893 off 0.46276661590725365 __DUMMY__ 0.06975134219553741	false	1.0
labil	off 1.0	off 1.0	off 0.7162057213058975 neg 0.25052093915439116 __DUMMY__ 0.03327333953971119	false	1.0
ziemlich	neg 1.0		neg 0.4664048805504533 off 0.4639504522298473 __DUMMY__ 0.06964466721969931	false	1.0
lachnummer	off 1.0		neg 0.4747479524913956 off 0.45555799114113665 __DUMMY__ 0.06969405636746775	false	0.5
oder			neg 0.47135210412888223 off 0.4585675731280418 __DUMMY__ 0.07008032274307589	false	0.0
verfall	neg 1.0		neg 0.48307641306986093 off 0.4465737683497718 __DUMMY__ 0.07034981858036717	false	1.0
ausgrenzung	neg 1.0		neg 0.4737775527516614 off 0.4567306058034789 __DUMMY__ 0.06949184144485968	false	1.0
unordnung	neg 1.0		neg 0.4659639967013861 off 0.4642288467702714 __DUMMY__ 0.06980715652834249	false	1.0
fehlverhalten	neg 1.0		neg 0.4788304362806165 off 0.4511769522110195 __DUMMY__ 0.06999261150836412	false	1.0
eine			neg 0.4783431216886784 off 0.451468583985057 __DUMMY__ 0.07018829432626457	false	0.0
nille	neg 1.0		neg 0.4742587562133179 off 0.4557801085465546 __DUMMY__ 0.06996113524012748	false	1.0
qual	neg 1.0		neg 0.47338176015497563 off 0.45660688815902084 __DUMMY__ 0.07001135168600353	false	1.0
verschwenden	neg 1.0		neg 0.47703117339406037 off 0.45307059968497065 __DUMMY__ 0.06989822692096885	false	1.0
riesig	neg 1.0	neg 1.0	neg 0.7227672051491756 off 0.2434074913792355 __DUMMY__ 0.03382530347158898	false	1.0
verurteilen	neg 1.0		neg 0.47635245879068605 off 0.45378857563463104 __DUMMY__ 0.06985896557468307	false	1.0
klischee	neg 1.0	neg 1.0	neg 0.7215397331359384 off 0.24522143143446426 __DUMMY__ 0.03323883542959736	false	1.0
diktatorisch	neg 1.0		neg 0.47531345799761404 off 0.4553828072872605 __DUMMY__ 0.06930373471512559	false	1.0
vorhersehbar	neg 1.0	neg 1.0	neg 0.7216432897037097 off 0.2450558349077116 __DUMMY__ 0.03330087538857865	false	1.0
sowie			off 0.4674898826164878 neg 0.46339969517500773 __DUMMY__ 0.06911042220850461	false	0.0
stornieren	neg 1.0		neg 0.46780501912305894 off 0.46167584741938217 __DUMMY__ 0.07051913345755884	false	1.0
besteuerung	neg 1.0		neg 0.4757353991869127 off 0.4549044019206244 __DUMMY__ 0.06936019889246299	false	1.0
ungeschminkt	neg 1.0		neg 0.4682841963774682 off 0.46241015761401427 __DUMMY__ 0.06930564600851745	false	1.0
kritisch	neg 1.0		neg 0.4781636122282294 off 0.45195928056074974 __DUMMY__ 0.06987710721102088	false	1.0
schlamperei	off 1.0		neg 0.479694364979655 off 0.4504465011063153 __DUMMY__ 0.06985913391402987	false	0.5
sucht	neg 1.0	neg 1.0	neg 0.7214249438528266 off 0.2449013622062463 __DUMMY__ 0.03367369394092703	false	1.0
egoistisch	off 1.0		off 0.46864369210056994 neg 0.4621749348228443 __DUMMY__ 0.06918137307658573	false	1.0
ausbeuter	off 1.0		neg 0.4801027993630276 off 0.4500702047212701 __DUMMY__ 0.0698269959157023	false	0.5
arschgeburt	off 1.0		off 0.47433279804483974 neg 0.45741465527037883 __DUMMY__ 0.06825254668478142	false	1.0
schubs	neg 1.0	neg 1.0	neg 0.7224809069097842 off 0.24377615650062306 __DUMMY__ 0.03374293658959279	false	1.0
unsolide	neg 1.0		neg 0.47732784674322803 off 0.4537838562076083 __DUMMY__ 0.06888829704916377	false	1.0
beschwerde	neg 1.0		neg 0.4794921297452709 off 0.4506615818274672 __DUMMY__ 0.06984628842726207	false	1.0
stocken	neg 1.0		neg 0.4775494527773873 off 0.4524339247545928 __DUMMY__ 0.07001662246802001	false	1.0
isolieren	neg 1.0		neg 0.4774485074032063 off 0.4527495309464255 __DUMMY__ 0.0698019616503683	false	1.0
unheilbar	neg 1.0		neg 0.47048342774098195 off 0.4593459987125039 __DUMMY__ 0.07017057354651411	false	1.0
pisser	off 1.0		neg 0.4660390021719082 off 0.4645096227212835 __DUMMY__ 0.06945137510680828	false	0.5
löschen	neg 1.0		neg 0.4731371907130243 off 0.4569459457815032 __DUMMY__ 0.06991686350547256	false	1.0
durchfallen	neg 1.0		neg 0.47761341602137175 off 0.45270252392064436 __DUMMY__ 0.06968406005798401	false	1.0
wichser	off 1.0		off 0.4732904809986397 neg 0.4578484187787734 __DUMMY__ 0.06886110022258694	false	1.0
terror	neg 1.0		neg 0.4687620588435477 off 0.46126172935831217 __DUMMY__ 0.06997621179814018	false	1.0
krass	neg 1.0		off 0.4662042881780312 neg 0.46459249247090745 __DUMMY__ 0.06920321935106134	false	0.5
revolte	neg 1.0		neg 0.4732013355839079 off 0.4573451383558374 __DUMMY__ 0.0694535260602546	false	1.0
besorgt	neg 1.0		neg 0.47259183377305425 off 0.45702497934448816 __DUMMY__ 0.07038318688245758	false	1.0
nachlassen	neg 1.0		neg 0.47713887867757304 off 0.45272871197187053 __DUMMY__ 0.07013240935055637	false	1.0
alt	neg 1.0		neg 0.4761038252319595 off 0.45383709413408047 __DUMMY__ 0.07005908063395995	false	1.0
hundesohn	off 1.0		off 0.46995307099904726 neg 0.4613646079438879 __DUMMY__ 0.06868232105706494	false	1.0
als			neg 0.4733723880605638 off 0.4564039542301053 __DUMMY__ 0.0702236577093309	false	0.0
abschreckung	neg 1.0		neg 0.4794360202384293 off 0.4503710158777732 __DUMMY__ 0.07019296388379756	false	1.0
unqualifiziert	neg 1.0		neg 0.47335863506739734 off 0.4574736383866007 __DUMMY__ 0.06916772654600198	false	1.0
abgewichst	off 1.0		neg 0.47439146531477594 off 0.45554750807001915 __DUMMY__ 0.07006102661520477	false	0.5
schwer	neg 1.0		neg 0.47275446633848717 off 0.4572869944436546 __DUMMY__ 0.06995853921785809	false	1.0
bedeutungslosigkeit	neg 1.0		neg 0.479195425420431 off 0.4507587309100544 __DUMMY__ 0.07004584366951447	false	1.0
kapitulation	neg 1.0		neg 0.47957310846084455 off 0.45072588743830067 __DUMMY__ 0.06970100410085489	false	1.0
unscharf	neg 1.0		neg 0.4709384101966976 off 0.45937687454933784 __DUMMY__ 0.06968471525396445	false	1.0
schwinden	neg 1.0		neg 0.47927066067709345 off 0.450677539702662 __DUMMY__ 0.07005179962024463	false	1.0
versklavung	neg 1.0		neg 0.47548336190834667 off 0.4551687083878624 __DUMMY__ 0.0693479297037909	false	1.0
schlecht	neg 1.0		neg 0.4660382999329289 off 0.464277786657542 __DUMMY__ 0.06968391340952908	false	1.0
verhasst	neg 1.0		neg 0.47262038574896204 off 0.45764267367144096 __DUMMY__ 0.06973694057959699	false	1.0
beschweren	neg 1.0		neg 0.4712380379277479 off 0.45898658016876254 __DUMMY__ 0.06977538190348949	false	1.0
scheiden	neg 1.0		neg 0.4686001454818745 off 0.4609205267698068 __DUMMY__ 0.07047932774831857	false	1.0
frustriert	neg 1.0		neg 0.473972727108297 off 0.4560331258707866 __DUMMY__ 0.0699941470209164	false	1.0
schimmelig	neg 1.0		neg 0.47623642848977127 off 0.4535962803740746 __DUMMY__ 0.07016729113615405	false	1.0
fisch	neg 1.0		neg 0.47425752404155974 off 0.45502230669259774 __DUMMY__ 0.07072016926584257	false	1.0
schmuggel	neg 1.0		neg 0.4751960185633666 off 0.45416767847545525 __DUMMY__ 0.07063630296117825	false	1.0
auffallen	neg 1.0		neg 0.470330489099999 off 0.4599001856929186 __DUMMY__ 0.0697693252070824	false	1.0
konkurrenz	neg 1.0	neg 1.0	neg 0.7261734107047888 off 0.24016385377270819 __DUMMY__ 0.03366273552250308	false	1.0
teufelskreis	neg 1.0		neg 0.47408102769468746 off 0.4560450006180574 __DUMMY__ 0.06987397168725513	false	1.0
aufschreien	neg 1.0		neg 0.47142270209553816 off 0.45894938596309043 __DUMMY__ 0.06962791194137143	false	1.0
schuldner	neg 1.0		neg 0.47834905810196904 off 0.4515105566955731 __DUMMY__ 0.07014038520245773	false	1.0
missgeburt	off 1.0	off 1.0	off 0.7196413412236888 neg 0.24727479611122538 __DUMMY__ 0.03308386266508571	false	1.0
arbeitslos	neg 1.0		neg 0.47715066187139815 off 0.4531421060962113 __DUMMY__ 0.0697072320323905	false	1.0
befallen	neg 1.0		neg 0.47509795688049455 off 0.4549854608679941 __DUMMY__ 0.06991658225151134	false	1.0
miesepetrig	off 1.0	off 1.0	off 0.7177188003300347 neg 0.2489098562582394 __DUMMY__ 0.03337134341172588	false	1.0
alarmieren	neg 1.0		neg 0.47046826459495783 off 0.4601581841894304 __DUMMY__ 0.06937355121561185	false	1.0
ungeduscht	off 1.0		neg 0.46859439699521505 off 0.4616319684403975 __DUMMY__ 0.0697736345643875	false	0.5
knappheit	neg 1.0		neg 0.47953233919251087 off 0.45078589199034547 __DUMMY__ 0.06968176881714368	false	1.0
schlange	neg 1.0		neg 0.4687695568776188 off 0.46107080262030653 __DUMMY__ 0.0701596405020747	false	1.0
harsch	neg 1.0		off 0.46846314048556326 neg 0.46204504237282845 __DUMMY__ 0.06949181714160842	false	0.5
lang	neg 1.0		neg 0.4722443355461827 off 0.4577956658583151 __DUMMY__ 0.06995999859550221	false	1.0
ziellos	neg 1.0		neg 0.47415400251756207 off 0.45560693279263365 __DUMMY__ 0.07023906468980416	false	1.0
selbstverliebt	neg 1.0		off 0.4720663161443855 neg 0.45949480307499574 __DUMMY__ 0.06843888078061866	false	0.5
beseitigen	neg 1.0	neg 1.0	neg 0.7218166950592888 off 0.2444588513642937 __DUMMY__ 0.03372445357641744	false	1.0
dumm	off 1.0		off 0.46885839458889017 neg 0.46215990276127883 __DUMMY__ 0.06898170264983093	false	1.0
arbeitsloser	neg 1.0		neg 0.47626583606623596 off 0.4537119106777053 __DUMMY__ 0.07002225325605867	false	1.0
blitzen	neg 1.0		neg 0.46984957634781926 off 0.46041818015603897 __DUMMY__ 0.06973224349614189	false	1.0
hilflos	neg 1.0		neg 0.4742954287269225 off 0.45566871819787547 __DUMMY__ 0.07003585307520205	false	1.0
eklig	off 1.0		off 0.46968742840623995 neg 0.4613446408615716 __DUMMY__ 0.06896793073218845	false	1.0
begriff			neg 0.4756475388950231 off 0.4545975548288214 __DUMMY__ 0.06975490627615548	false	0.0
hungersnot	neg 1.0		neg 0.4740246212599804 off 0.45585556172418906 __DUMMY__ 0.07011981701583042	false	1.0
ungesetzlich	neg 1.0		neg 0.47717039647858184 off 0.45393305089689034 __DUMMY__ 0.06889655262452773	false	1.0
verschwendung	neg 1.0		neg 0.47758619537151914 off 0.4523409293171116 __DUMMY__ 0.07007287531136921	false	1.0
schmerzvoll	neg 1.0		neg 0.4707719173508091 off 0.4593778978009745 __DUMMY__ 0.06985018484821642	false	1.0
vorzeitig	neg 1.0		neg 0.4683785822504143 off 0.461672399761199 __DUMMY__ 0.06994901798838675	false	1.0
unvollkommenheit	neg 1.0		neg 0.4710366195894228 off 0.4582886478089646 __DUMMY__ 0.07067473260161257	false	1.0
intervenieren	neg 1.0		neg 0.47987895390389135 off 0.45032047709277156 __DUMMY__ 0.06980056900333718	false	1.0
banause	off 1.0		off 0.4704384514835475 neg 0.4609486993538344 __DUMMY__ 0.06861284916261809	false	1.0
rebell	neg 1.0		neg 0.479895484766127 off 0.4497198193993936 __DUMMY__ 0.07038469583447944	false	1.0
unlogisch	neg 1.0		off 0.4656216683276904 neg 0.4650752947739754 __DUMMY__ 0.06930303689833411	false	0.5
leiden	neg 1.0		neg 0.4730979363014811 off 0.45607249995276833 __DUMMY__ 0.07082956374575058	false	1.0
abschaffung	neg 1.0		neg 0.47547563504555157 off 0.4550781916485739 __DUMMY__ 0.06944617330587452	false	1.0
sturz	neg 1.0		neg 0.47240975821077663 off 0.4575804968096732 __DUMMY__ 0.07000974497955025	false	1.0
verkleinerung	neg 1.0		neg 0.4739118009079462 off 0.4569317004414268 __DUMMY__ 0.06915649865062709	false	1.0
schmarotzer	off 1.0		neg 0.4775394219365244 off 0.45278847741524164 __DUMMY__ 0.0696721006482339	false	0.5
bestrafung	neg 1.0		neg 0.4720844159670296 off 0.4581595442420546 __DUMMY__ 0.06975603979091591	false	1.0
achtlos	neg 1.0		neg 0.4719617462126273 off 0.45794951313375165 __DUMMY__ 0.07008874065362113	false	1.0
ungeheuer	neg 1.0		neg 0.4691706421856216 off 0.46100305704348327 __DUMMY__ 0.06982630077089508	false	1.0
unaufrichtig	neg 1.0		neg 0.4734571948181136 off 0.4571581162706658 __DUMMY__ 0.06938468891122054	false	1.0
groggy	neg 1.0		neg 0.47069014258986847 off 0.45960420137531843 __DUMMY__ 0.06970565603481302	false	1.0
