unsolidarisch	neg 1.0		__DUMMY__ 0.9269637650448113 neg 0.03927063437184832 off 0.03376560058334049	false	1.0
nachteilig	neg 1.0		__DUMMY__ 0.9326127472042437 neg 0.036950646093311244 off 0.03043660670244509	false	1.0
skeptisch	neg 1.0		__DUMMY__ 0.9333295568355989 neg 0.03669350608504305 off 0.02997693707935798	false	1.0
schrecklich	neg 1.0		__DUMMY__ 0.9283759093678277 off 0.04040760209520914 neg 0.031216488536963183	false	0.5
schlapp	neg 1.0		__DUMMY__ 0.9312047653305682 off 0.03671506264709007 neg 0.03208017202234178	false	0.5
abfall	neg 1.0		__DUMMY__ 0.9347593502916307 neg 0.03728044144114245 off 0.02796020826722691	false	1.0
widerspenstig	neg 1.0		__DUMMY__ 0.9330167104507217 neg 0.03384246810130797 off 0.0331408214479703	false	1.0
abrupt	neg 1.0		__DUMMY__ 0.9362244757761814 neg 0.033930771608750986 off 0.029844752615067537	false	1.0
unwirksam	neg 1.0		__DUMMY__ 0.9284317158532926 neg 0.038291757270590185 off 0.033276526876117145	false	1.0
angreifen	neg 1.0	neg 1.0	neg 0.5034446231874593 __DUMMY__ 0.46899474100997723 off 0.02756063580256348	false	1.0
inkonsistent	neg 1.0		__DUMMY__ 0.9330823053396505 off 0.03370389610694204 neg 0.03321379855340737	false	0.5
abrutschen	neg 1.0		__DUMMY__ 0.9346448116701395 neg 0.03712554732692899 off 0.02822964100293146	false	1.0
unsicher	neg 1.0		__DUMMY__ 0.9328152592674536 neg 0.033611449059847594 off 0.033573291672698874	false	1.0
bauernkind	off 1.0	off 1.0	off 0.5063484086788856 __DUMMY__ 0.46168670357567054 neg 0.03196488774544378	false	1.0
angreifer	neg 1.0		__DUMMY__ 0.9328576587856848 off 0.034458173841418624 neg 0.0326841673728965	false	0.5
trennen	neg 1.0		__DUMMY__ 0.9371846418745564 neg 0.03250160904042809 off 0.030313749085015405	false	1.0
schmutz	neg 1.0		__DUMMY__ 0.9368383202757857 off 0.03421229056809831 neg 0.02894938915611586	false	0.5
inkonsistenz	neg 1.0		__DUMMY__ 0.9271433492168252 off 0.03668130916027008 neg 0.03617534162290475	false	0.5
erschreckend	neg 1.0		__DUMMY__ 0.9313423103888889 neg 0.03579010686795202 off 0.032867582743159006	false	1.0
ertrinken	neg 1.0		__DUMMY__ 0.9355163729652263 neg 0.03354402998103024 off 0.03093959705374344	false	1.0
pickelface	off 1.0		__DUMMY__ 0.9328411830778204 neg 0.03523033188686659 off 0.03192848503531296	false	0.5
seiner			__DUMMY__ 0.9349320111398723 neg 0.034850730885712916 off 0.03021725797441469	false	0.0
lauch	neg 1.0		__DUMMY__ 0.9338271428826892 neg 0.0381446584828915 off 0.028028198634419278	false	1.0
unwichtig	neg 1.0		__DUMMY__ 0.9293832361794838 off 0.03703491913782501 neg 0.03358184468269121	false	0.5
steuerhinterziehung	neg 1.0		__DUMMY__ 0.9302538209626716 neg 0.03733134046637759 off 0.03241483857095079	false	1.0
schock	neg 1.0		__DUMMY__ 0.9352972152432475 off 0.032735935131449706 neg 0.03196684962530276	false	0.5
beule	neg 1.0		__DUMMY__ 0.9315509569283416 off 0.03681674227897612 neg 0.03163230079268228	false	0.5
vergelten	neg 1.0		__DUMMY__ 0.9319520909005024 off 0.03953239355494596 neg 0.02851551554455159	false	0.5
verdorbenheit	neg 1.0		__DUMMY__ 0.9335109116726696 neg 0.03391594516456197 off 0.0325731431627684	false	1.0
trauma	neg 1.0		__DUMMY__ 0.9319232731411324 off 0.03417613597839692 neg 0.03390059088047063	false	0.5
sinnlos	neg 1.0		__DUMMY__ 0.9324516718669245 off 0.03521264083245982 neg 0.03233568730061564	false	0.5
fettsack	off 1.0	off 1.0	off 0.5076272077997794 __DUMMY__ 0.46357932983730843 neg 0.028793462362912216	false	1.0
feige	off 1.0	off 1.0	off 0.5043214630915733 __DUMMY__ 0.4645955112355397 neg 0.031083025672886868	false	1.0
abdanken	neg 1.0		__DUMMY__ 0.9305313121152822 neg 0.036237204790506405 off 0.033231483094211464	false	1.0
wichtigtuer	off 1.0	off 1.0	off 0.5022862195652413 __DUMMY__ 0.46613883559906966 neg 0.031574944835688935	false	1.0
misslingen	neg 1.0		__DUMMY__ 0.9375209216396538 off 0.033756009677460314 neg 0.028723068682885773	false	0.5
untreu	off 1.0		__DUMMY__ 0.928598868988769 off 0.03790442214561111 neg 0.033496708865619874	false	1.0
missmutig	neg 1.0		__DUMMY__ 0.9300758243561571 off 0.036913060215984304 neg 0.03301111542785855	false	0.5
hurenbock	off 1.0		__DUMMY__ 0.9335686868664677 off 0.03408778046222263 neg 0.032343532671309703	false	1.0
betrunken	neg 1.0		__DUMMY__ 0.9313480710441682 off 0.03860932850538401 neg 0.030042600450447713	false	0.5
korrupt	off 1.0		__DUMMY__ 0.9289710064292042 neg 0.03894208780091729 off 0.03208690576987861	false	0.5
unmut	neg 1.0		__DUMMY__ 0.9342471854052089 neg 0.03754024852562257 off 0.028212566069168558	false	1.0
hackfresse	off 1.0		__DUMMY__ 0.9254665520438927 off 0.04292061642763557 neg 0.031612831528471746	false	1.0
aufblasen	neg 1.0		__DUMMY__ 0.9335511741162357 off 0.034245920316019605 neg 0.03220290556774476	false	0.5
gewaltsam	neg 1.0		__DUMMY__ 0.9332256067568241 neg 0.03394685732966066 off 0.03282753591351528	false	1.0
unbeliebtheit	neg 1.0		__DUMMY__ 0.9241063876384991 neg 0.038962371056828385 off 0.03693124130467257	false	1.0
sturheit	neg 1.0		__DUMMY__ 0.931200615878133 neg 0.03580155386681425 off 0.0329978302550528	false	1.0
kuh	neg 1.0		__DUMMY__ 0.9301421815123498 neg 0.03655501641957301 off 0.03330280206807719	false	1.0
erschrecken	neg 1.0		__DUMMY__ 0.9313326311594485 off 0.03642654194558844 neg 0.03224082689496302	false	0.5
opfer	neg 1.0		__DUMMY__ 0.9347681290453786 neg 0.03409400819839133 off 0.031137862756230057	false	1.0
sinken	neg 1.0		__DUMMY__ 0.9348933991216453 neg 0.03668265179066473 off 0.02842394908769002	false	1.0
stinktier	neg 1.0		__DUMMY__ 0.9264614538696622 off 0.040745355735456984 neg 0.03279319039488084	false	0.5
tucke	off 1.0		__DUMMY__ 0.9222542607022137 off 0.04318442522013425 neg 0.034561314077652075	false	1.0
ein			__DUMMY__ 0.9331301150333337 off 0.03368939253582112 neg 0.03318049243084528	false	0.0
abstieg	neg 1.0		__DUMMY__ 0.9363175626950145 neg 0.03327241395985148 off 0.030410023345134013	false	1.0
missverstehen	neg 1.0		__DUMMY__ 0.9299769496567432 off 0.035505248384359214 neg 0.034517801958897636	false	0.5
ergebnislos	neg 1.0		__DUMMY__ 0.9331982719899693 neg 0.03638413684650415 off 0.030417591163526533	false	1.0
unter			__DUMMY__ 0.9403430268085555 neg 0.035004718755263065 off 0.02465225443618145	false	0.0
manipulieren	neg 1.0		__DUMMY__ 0.9334038013803648 neg 0.036492955981478024 off 0.030103242638157203	false	1.0
unbewiesen	neg 1.0		__DUMMY__ 0.9260407568516903 neg 0.03992482755853206 off 0.03403441558977771	false	1.0
verschleppen	neg 1.0		__DUMMY__ 0.933337271350814 neg 0.03499238514731212 off 0.031670343501873845	false	1.0
weib	off 1.0		__DUMMY__ 0.9253428541195826 off 0.042903196343497374 neg 0.03175394953692003	false	1.0
opposition	neg 1.0		__DUMMY__ 0.9295690809045198 neg 0.03589092092749682 off 0.03453999816798338	false	1.0
verkehrswidrig	neg 1.0	neg 1.0	neg 0.4925556481159663 __DUMMY__ 0.47186733391798374 off 0.035577017966050034	false	1.0
inkorrekt	neg 1.0		__DUMMY__ 0.9261411113686621 off 0.03903480915808547 neg 0.034824079473252494	false	0.5
vermeiden	neg 1.0		__DUMMY__ 0.9373331229294816 neg 0.036392845534057104 off 0.026274031536461313	false	1.0
abweichung	neg 1.0		__DUMMY__ 0.9327638484730699 neg 0.036590183438398705 off 0.03064596808853137	false	1.0
alkoholisiert	neg 1.0		__DUMMY__ 0.9397911861706626 neg 0.031058431049693407 off 0.029150382779644008	false	1.0
scheiss	off 1.0	off 1.0	off 0.5036658496740638 __DUMMY__ 0.46699735322766944 neg 0.029336797098266833	false	1.0
herausforderung	neg 1.0	neg 1.0	neg 0.49678817947677145 __DUMMY__ 0.47607336617485924 off 0.02713845434836934	false	1.0
pervers	off 1.0		__DUMMY__ 0.9242178207757669 off 0.04523669971125114 neg 0.03054547951298202	false	1.0
wackelig	neg 1.0		__DUMMY__ 0.9367794452478163 neg 0.03196326309277288 off 0.03125729165941087	false	1.0
verwickeln	neg 1.0		__DUMMY__ 0.9298090003655038 off 0.03547723752475019 neg 0.03471376210974599	false	0.5
vorwand	neg 1.0		__DUMMY__ 0.9343229047914461 neg 0.03620277021760124 off 0.02947432499095259	false	1.0
muschi	off 1.0		__DUMMY__ 0.9326784859354605 neg 0.034982390132544644 off 0.032339123931994805	false	0.5
entmutigung	neg 1.0		__DUMMY__ 0.9288692294881219 neg 0.03626943602797161 off 0.03486133448390639	false	1.0
unangemessen	neg 1.0		__DUMMY__ 0.9312664103385073 neg 0.03640975484136539 off 0.032323834820127274	false	1.0
unstetig	neg 1.0		__DUMMY__ 0.934087132540089 off 0.03371435208883883 neg 0.03219851537107218	false	0.5
entmutigen	neg 1.0		__DUMMY__ 0.9316863918210256 off 0.03448364603768005 neg 0.03382996214129425	false	0.5
schwanz	neg 1.0		__DUMMY__ 0.9347184174891484 neg 0.03549354882320306 off 0.029788033687648503	false	1.0
verbot	neg 1.0		__DUMMY__ 0.9308791348473552 neg 0.03729011060843824 off 0.031830754544206565	false	1.0
leid	neg 1.0		__DUMMY__ 0.9286229063241156 off 0.04112131817565784 neg 0.030255775500226567	false	0.5
archaisch	neg 1.0		__DUMMY__ 0.9331978753896878 neg 0.03479978031972745 off 0.032002344290584725	false	1.0
gegen			__DUMMY__ 0.9358226112411123 neg 0.035047984097798295 off 0.029129404661089355	false	0.0
scheidung	neg 1.0		__DUMMY__ 0.9242070071046995 off 0.04809599388829993 neg 0.02769699900700046	false	0.5
einschlag	neg 1.0	neg 1.0	neg 0.4973812681280398 __DUMMY__ 0.4668947125504251 off 0.03572401932153515	false	1.0
m			__DUMMY__ 0.9344285494551278 neg 0.033921221857496 off 0.03165022868737617	false	0.0
abgestanden	neg 1.0		__DUMMY__ 0.933854453537497 off 0.03314403972010706 neg 0.03300150674239596	false	0.5
schmierig	off 1.0		__DUMMY__ 0.9286867138458578 off 0.040790923820558385 neg 0.030522362333583863	false	1.0
unpraktisch	neg 1.0		__DUMMY__ 0.9341146755883889 off 0.03376564162868888 neg 0.032119682782922286	false	0.5
wixxer	off 1.0		__DUMMY__ 0.9234818542781744 off 0.045080086562066905 neg 0.03143805915975858	false	1.0
bezeichnet			__DUMMY__ 0.9314908535757774 neg 0.03521535306105102 off 0.03329379336317155	false	0.0
jammerlappen	off 1.0		__DUMMY__ 0.9297035192745516 off 0.037143632625108614 neg 0.033152848100339714	false	1.0
farce	neg 1.0		__DUMMY__ 0.92964058368721 neg 0.03799936343342389 off 0.03236005287936596	false	1.0
zwecklos	neg 1.0		__DUMMY__ 0.9315558144342403 neg 0.03619912534888657 off 0.03224506021687312	false	1.0
turbulent	neg 1.0		__DUMMY__ 0.929533566937352 off 0.03731088191087473 neg 0.033155551151773176	false	0.5
invasion	neg 1.0		__DUMMY__ 0.9320073345969312 off 0.035204426135886126 neg 0.032788239267182696	false	0.5
schuld	neg 1.0		__DUMMY__ 0.9313726351750163 neg 0.0343677836965296 off 0.034259581128454	false	1.0
risiko	neg 1.0		__DUMMY__ 0.9342999651448813 off 0.03358887488501037 neg 0.0321111599701083	false	0.5
finster	neg 1.0		__DUMMY__ 0.933154309958424 off 0.03351557630959194 neg 0.033330113731984114	false	0.5
geisteskrank	off 1.0		__DUMMY__ 0.9277887593725432 off 0.03849494077057793 neg 0.03371629985687887	false	1.0
zusammenbrechen	neg 1.0		__DUMMY__ 0.9336558031722365 neg 0.03384463827961446 off 0.032499558548149	false	1.0
ausbeute	neg 1.0		__DUMMY__ 0.9372156288285066 neg 0.03330567158056055 off 0.029478699590932772	false	1.0
hinterhalt	neg 1.0		__DUMMY__ 0.935452417222465 neg 0.03278830711036178 off 0.03175927566717318	false	1.0
kritik	neg 1.0		__DUMMY__ 0.9303280065110966 neg 0.03740977353596097 off 0.03226221995294244	false	1.0
einschrumpfen	neg 1.0		__DUMMY__ 0.9281900059689593 neg 0.03609986626255327 off 0.03571012776848748	false	1.0
riskant	neg 1.0		__DUMMY__ 0.9326691844544533 neg 0.03633491599295586 off 0.03099589955259084	false	1.0
frustrieren	neg 1.0		__DUMMY__ 0.9332112827168657 neg 0.0357198367275048 off 0.031068880555629542	false	1.0
groll	neg 1.0		__DUMMY__ 0.9330087376596914 neg 0.03496396624190202 off 0.032027296098406655	false	1.0
gibt			__DUMMY__ 0.9323382612222009 neg 0.0353219173993904 off 0.032339821378408795	false	0.0
qualvoll	neg 1.0		__DUMMY__ 0.9326047058264059 off 0.03577687894982949 neg 0.03161841522376474	false	0.5
wackeln	neg 1.0	neg 1.0	neg 0.4984976302878938 __DUMMY__ 0.4707513843157997 off 0.030750985396306506	false	1.0
klagen	neg 1.0		__DUMMY__ 0.9347198658804607 neg 0.03673864625415349 off 0.028541487865385868	false	1.0
bankrott	neg 1.0		__DUMMY__ 0.9311789777223697 off 0.03608542406048999 neg 0.03273559821714036	false	0.5
trauern	neg 1.0		__DUMMY__ 0.9352317629053833 neg 0.0338748412102795 off 0.03089339588433717	false	1.0
ablehnung	neg 1.0		__DUMMY__ 0.9304231126756205 neg 0.03722831624762029 off 0.032348571076759126	false	1.0
stur	neg 1.0		__DUMMY__ 0.9304295580936744 neg 0.03488021289674133 off 0.0346902290095842	false	1.0
aufruhr	neg 1.0		__DUMMY__ 0.9330040721444729 neg 0.03414756719898238 off 0.03284836065654472	false	1.0
melancholie	neg 1.0		__DUMMY__ 0.9346434701544079 neg 0.03415388186890489 off 0.031202647976687366	false	1.0
ist			__DUMMY__ 0.9313207243383682 off 0.03478287316047441 neg 0.033896402501157386	false	0.0
torheit	neg 1.0		__DUMMY__ 0.9301569321683603 neg 0.03554842352766461 off 0.03429464430397512	false	1.0
dreckskind	off 1.0		__DUMMY__ 0.9253332831122874 off 0.04182648980147582 neg 0.032840227086236774	false	1.0
umtauschen	neg 1.0		__DUMMY__ 0.9329896725297602 neg 0.034436378127290675 off 0.03257394934294922	false	1.0
zum			__DUMMY__ 0.9409409247749229 neg 0.032808361305233076 off 0.026250713919843998	false	0.0
zersetzen	neg 1.0		__DUMMY__ 0.9323894068517187 neg 0.03761382889171737 off 0.029996764256563974	false	1.0
zur			__DUMMY__ 0.9381052723239905 neg 0.03579298733403689 off 0.026101740341972598	false	0.0
frust	neg 1.0		__DUMMY__ 0.9332425924006081 neg 0.034306446433453444 off 0.0324509611659384	false	1.0
unerbittlichkeit	neg 1.0		__DUMMY__ 0.9329193609455892 neg 0.037003636856866466 off 0.030077002197544302	false	1.0
zwei			__DUMMY__ 0.938791059185416 neg 0.033344156139127376 off 0.027864784675456517	false	0.0
unkorrekt	neg 1.0		__DUMMY__ 0.92518915198172 off 0.03931215809435786 neg 0.03549868992392215	false	0.5
hexe	off 1.0		__DUMMY__ 0.9298112459504644 off 0.03723282909085877 neg 0.03295592495867689	false	1.0
lasch	neg 1.0		__DUMMY__ 0.9282488735523704 off 0.03638966818334088 neg 0.03536145826428869	false	0.5
rivale	neg 1.0		__DUMMY__ 0.9299277255869945 off 0.03889909175069661 neg 0.031173182662308882	false	0.5
mutlos	off 1.0	off 1.0	off 0.49831450886331413 __DUMMY__ 0.46728094619091287 neg 0.034404544945772886	false	1.0
wirr	off 1.0		__DUMMY__ 0.9253820451465626 off 0.03939398323550549 neg 0.03522397161793187	false	1.0
jahr			__DUMMY__ 0.9376930112451224 neg 0.03319117440427228 off 0.029115814350605423	false	0.0
wird			__DUMMY__ 0.9334684273673517 neg 0.03535299360501148 off 0.031178579027636894	false	0.0
strafbar	neg 1.0		__DUMMY__ 0.932240732865017 neg 0.036597343830879855 off 0.031161923304103164	false	1.0
erosion	neg 1.0		__DUMMY__ 0.9336781492940557 off 0.033714567407126424 neg 0.032607283298817895	false	0.5
eingehen	neg 1.0		__DUMMY__ 0.9311632572938571 neg 0.03703688532073947 off 0.03179985738540344	false	1.0
faul	off 1.0		__DUMMY__ 0.9320106955120622 off 0.03610220682547377 neg 0.03188709766246403	false	1.0
provisorium	neg 1.0		__DUMMY__ 0.9392812909195533 neg 0.03637274566751196 off 0.024345963412934726	false	1.0
schmerzen	neg 1.0		__DUMMY__ 0.9332181901497941 neg 0.03390706209434966 off 0.03287474775585619	false	1.0
schrumpfen	neg 1.0		__DUMMY__ 0.934763396223749 neg 0.038725627211708004 off 0.02651097656454298	false	1.0
geistlos	off 1.0		__DUMMY__ 0.9265552378721125 neg 0.03767145328248537 off 0.03577330884540221	false	0.5
fehlkauf	neg 1.0		__DUMMY__ 0.9313227717107901 off 0.03473955110321569 neg 0.03393767718599425	false	0.5
frustrierend	neg 1.0		__DUMMY__ 0.9319175164045201 off 0.036383441263191055 neg 0.03169904233228871	false	0.5
unzufrieden	neg 1.0		__DUMMY__ 0.9312389713717553 neg 0.03658323028282818 off 0.03217779834541647	false	1.0
verzweifeln	neg 1.0		__DUMMY__ 0.9324359794374726 neg 0.03433017762558846 off 0.03323384293693899	false	1.0
verzweifelt	neg 1.0		__DUMMY__ 0.9310179088798607 off 0.034721521744791574 neg 0.034260569375347764	false	0.5
misstrauensantrag	neg 1.0		__DUMMY__ 0.9301823921507425 off 0.03497169785019995 neg 0.03484590999905757	false	0.5
abfallen	neg 1.0		__DUMMY__ 0.9342678251701492 off 0.03398744597999113 neg 0.031744728849859724	false	0.5
fucker	off 1.0		__DUMMY__ 0.9280159201553714 off 0.038833844322699165 neg 0.03315023552192948	false	1.0
ungezogen	neg 1.0		__DUMMY__ 0.9261929701356434 off 0.04390560062284984 neg 0.029901429241506766	false	0.5
irrsinnig	neg 1.0	neg 1.0	neg 0.5020107336515006 __DUMMY__ 0.46662322975221576 off 0.03136603659628355	false	1.0
unfassbar	neg 1.0		__DUMMY__ 0.9289508232553251 off 0.03762505329980064 neg 0.03342412344487431	false	0.5
hart	neg 1.0		__DUMMY__ 0.9311990216720161 off 0.03572627729269188 neg 0.03307470103529197	false	0.5
widerlich	off 1.0		__DUMMY__ 0.9278236185977707 off 0.038352587657550494 neg 0.03382379374467871	false	1.0
fatal	neg 1.0		__DUMMY__ 0.9311057715845256 off 0.03501715322159404 neg 0.03387707519388037	false	0.5
bruch	neg 1.0		__DUMMY__ 0.933713148322015 neg 0.037541411205764784 off 0.02874544047222021	false	1.0
aushungern	neg 1.0		__DUMMY__ 0.9303426428744256 neg 0.03654078674675638 off 0.033116570378818065	false	1.0
anspannung	neg 1.0	neg 1.0	neg 0.4989393202858074 __DUMMY__ 0.4768147171715232 off 0.024245962542669384	false	1.0
von			__DUMMY__ 0.9375416794118934 neg 0.033788998897092706 off 0.02866932169101399	false	0.0
kraftlos	neg 1.0		__DUMMY__ 0.935696211430999 neg 0.03249826169518319 off 0.03180552687381789	false	1.0
vom			__DUMMY__ 0.940636907910655 neg 0.03468006494109844 off 0.0246830271482465	false	0.0
grenzdebil	off 1.0		__DUMMY__ 0.9293172744527648 off 0.03828224550093169 neg 0.032400480046303436	false	1.0
vor			__DUMMY__ 0.9354917377609366 neg 0.03512437190878998 off 0.02938389033027338	false	0.0
unterwerfen	neg 1.0		__DUMMY__ 0.9335437903809204 neg 0.03555563819096282 off 0.03090057142811671	false	1.0
versenkung	neg 1.0		__DUMMY__ 0.9332382602856665 neg 0.03595089771799194 off 0.030810841996341563	false	1.0
entziehen	neg 1.0		__DUMMY__ 0.9343493692055405 neg 0.036657040506806085 off 0.02899359028765338	false	1.0
finanzkrise	neg 1.0		__DUMMY__ 0.9300387278659078 neg 0.03715658235498127 off 0.03280468977911085	false	1.0
schimpfend	neg 1.0		__DUMMY__ 0.9345693196760951 off 0.03366013147403307 neg 0.03177054884987179	false	0.5
profan	neg 1.0		__DUMMY__ 0.9308353262995629 off 0.03554845482273591 neg 0.03361621887770122	false	0.5
korruption	neg 1.0	neg 1.0	neg 0.5041264843515553 __DUMMY__ 0.4670163191298922 off 0.02885719651855252	false	1.0
â			__DUMMY__ 0.934547061148415 neg 0.03459244347045031 off 0.030860495381134726	false	0.0
schmutzig	neg 1.0		__DUMMY__ 0.9307225806644933 off 0.037824476923543744 neg 0.03145294241196299	false	0.5
sexy	neg 1.0		__DUMMY__ 0.9310524485939287 off 0.03603033939776115 neg 0.032917212008310215	false	0.5
abraten	neg 1.0		__DUMMY__ 0.931700590010627 off 0.03473875061406344 neg 0.03356065937530963	false	0.5
schwarz	neg 1.0		__DUMMY__ 0.9309118239955341 neg 0.03454610632924086 off 0.034542069675225086	false	1.0
fotze	off 1.0		__DUMMY__ 0.9334962755357382 neg 0.03579199639772701 off 0.030711728066534803	false	0.5
verwirren	neg 1.0		__DUMMY__ 0.9308489753190681 off 0.035779743488677025 neg 0.03337128119225485	false	0.5
zahnlos	off 1.0		__DUMMY__ 0.9314429558231228 neg 0.036353784589609556 off 0.03220325958726777	false	0.5
verheeren	neg 1.0		__DUMMY__ 0.9276920745080856 off 0.044873898536597956 neg 0.027434026955316552	false	0.5
hippie	neg 1.0		__DUMMY__ 0.9307791668559865 off 0.03574605909531178 neg 0.0334747740487017	false	0.5
rammen	neg 1.0		__DUMMY__ 0.9316682320900712 neg 0.03481532841969276 off 0.033516439490236034	false	1.0
unlauter	neg 1.0		__DUMMY__ 0.9269312394239018 neg 0.03909219060230581 off 0.03397656997379235	false	1.0
unheilvoll	neg 1.0		__DUMMY__ 0.934341995408652 off 0.034794189855364234 neg 0.03086381473598372	false	0.5
niedrig	neg 1.0		__DUMMY__ 0.9351255172025695 neg 0.034999500704939984 off 0.02987498209249046	false	1.0
explosion	neg 1.0		__DUMMY__ 0.9303805200801061 off 0.035223872945879524 neg 0.0343956069740144	false	0.5
weichei	off 1.0		__DUMMY__ 0.9265361274632491 off 0.04174887638171682 neg 0.0317149961550341	false	1.0
minusmensch	off 1.0		__DUMMY__ 0.9213714349405547 off 0.04511659789512023 neg 0.033511967164325106	false	1.0
farblos	neg 1.0		__DUMMY__ 0.9383585392128594 off 0.03203596319653591 neg 0.029605497590604782	false	0.5
unwissend	neg 1.0	neg 1.0	neg 0.5009800138885223 __DUMMY__ 0.4649346981766769 off 0.03408528793480089	false	1.0
traurig	neg 1.0		__DUMMY__ 0.9290981143107302 off 0.03966033502544441 neg 0.03124155066382547	false	0.5
senkung	neg 1.0		__DUMMY__ 0.9284070870018815 neg 0.03621724839196244 off 0.03537566460615609	false	1.0
ungleich	neg 1.0	neg 1.0	neg 0.5047306016230532 __DUMMY__ 0.46731281027004806 off 0.02795658810689882	false	1.0
heikel	neg 1.0		__DUMMY__ 0.9326536570128182 neg 0.03727048462586881 off 0.030075858361312886	false	1.0
drosselung	neg 1.0		__DUMMY__ 0.9306593096050364 off 0.03773637174285015 neg 0.03160431865211352	false	0.5
falsch	neg 1.0		__DUMMY__ 0.930813318999646 off 0.03652341717396228 neg 0.03266326382639178	false	0.5
unzufriedenheit	neg 1.0		__DUMMY__ 0.933306542847772 neg 0.03693867711844309 off 0.029754780033784824	false	1.0
kurz	neg 1.0		__DUMMY__ 0.9347292832000682 neg 0.03324613627842815 off 0.032024580521503615	false	1.0
unsinnig	neg 1.0		__DUMMY__ 0.9303478437095034 neg 0.03712727363197087 off 0.03252488265852573	false	1.0
penner	off 1.0	off 1.0	off 0.5095067772733411 __DUMMY__ 0.4622033554264722 neg 0.028289867300186625	false	1.0
seicht	neg 1.0		__DUMMY__ 0.9233149568133157 off 0.04419197654381878 neg 0.0324930666428655	false	0.5
dummheit	off 1.0	off 1.0	off 0.502510023132898 __DUMMY__ 0.46567262669633913 neg 0.031817350170762836	false	1.0
unerfreulich	neg 1.0		__DUMMY__ 0.9345344494278472 neg 0.03624365970959158 off 0.029221890862561162	false	1.0
motherfucker	off 1.0	off 1.0	off 0.505441061867009 __DUMMY__ 0.463908173406421 neg 0.030650764726569975	false	1.0
pikiert	neg 1.0		__DUMMY__ 0.9280220424208417 off 0.03756462633871788 neg 0.03441333124044047	false	0.5
wrack	neg 1.0		__DUMMY__ 0.9376364939581501 neg 0.032300667015816735 off 0.030062839026033093	false	1.0
gangster	neg 1.0		__DUMMY__ 0.9314325651111127 off 0.035378618703593094 neg 0.033188816185294186	false	0.5
krank	neg 1.0		__DUMMY__ 0.930786248234285 off 0.03820395695436716 neg 0.03100979481134788	false	0.5
reich	neg 1.0		__DUMMY__ 0.929350372663466 off 0.036519462962769825 neg 0.03413016437376422	false	0.5
gnadenlos	neg 1.0		__DUMMY__ 0.9318373966826158 off 0.03428242531636079 neg 0.03388017800102348	false	0.5
niedergeschlagen	neg 1.0		__DUMMY__ 0.9349681382796421 neg 0.03262573864826676 off 0.03240612307209119	false	1.0
terrorisieren	off 1.0	off 1.0	off 0.49851368141056035 __DUMMY__ 0.4699618102055784 neg 0.031524508383861276	false	1.0
sinnlosigkeit	neg 1.0		__DUMMY__ 0.9319132992624404 neg 0.03587654096674545 off 0.03221015977081413	false	1.0
behindern	neg 1.0		__DUMMY__ 0.9313774095220115 neg 0.03587299834311036 off 0.032749592134878026	false	1.0
undemokratisch	neg 1.0		__DUMMY__ 0.9289632682683016 neg 0.036589956058373715 off 0.034446775673324714	false	1.0
wirtschaftskrise	neg 1.0		__DUMMY__ 0.9316948037092376 neg 0.03708400574506662 off 0.031221190545695676	false	1.0
neid	neg 1.0		__DUMMY__ 0.9330815043722157 off 0.03672808756203506 neg 0.030190408065749217	false	0.5
rutschen	neg 1.0	neg 1.0	neg 0.4994750087762655 __DUMMY__ 0.475251118803188 off 0.02527387242054654	false	1.0
rezession	neg 1.0		__DUMMY__ 0.9260712009230812 off 0.04053727999687472 neg 0.03339151908004408	false	0.5
fehlgeburt	neg 1.0		__DUMMY__ 0.9343039230979331 off 0.03470821702037049 neg 0.03098785988169648	false	0.5
charakterschwach	off 1.0		__DUMMY__ 0.9294231471420383 off 0.038178012139785174 neg 0.03239884071817654	false	1.0
isolation	neg 1.0		__DUMMY__ 0.9315542598219392 off 0.03624220381769633 neg 0.032203536360364486	false	0.5
ablenkung	neg 1.0		__DUMMY__ 0.9325763221862591 neg 0.03374420779473007 off 0.033679470019010914	false	1.0
pech	neg 1.0		__DUMMY__ 0.931440664822344 off 0.03580870713632486 neg 0.032750628041331234	false	0.5
vermeidung	neg 1.0		__DUMMY__ 0.9276729785799829 off 0.0380597812144084 neg 0.03426724020560874	false	0.5
dominieren	neg 1.0		__DUMMY__ 0.9359356178892542 neg 0.03317166327399422 off 0.03089271883675161	false	1.0
schwindlig	neg 1.0		__DUMMY__ 0.9352597566903077 off 0.03469291850773221 neg 0.0300473248019601	false	0.5
lutscher	neg 1.0		__DUMMY__ 0.9234811220817325 off 0.044447122457305935 neg 0.032071755460961526	false	0.5
pflicht	neg 1.0		__DUMMY__ 0.9326665151720526 neg 0.03718395934587174 off 0.030149525482075758	false	1.0
faschist	off 1.0		__DUMMY__ 0.9281827283697068 off 0.0360227471093779 neg 0.03579452452091531	false	1.0
verschleudern	neg 1.0		__DUMMY__ 0.9287154365030504 neg 0.04058178222624359 off 0.03070278127070589	false	1.0
wenn			__DUMMY__ 0.9304489863914517 off 0.03672395466453909 neg 0.0328270589440093	false	0.0
ehebruch	neg 1.0		__DUMMY__ 0.9329201209511006 neg 0.035674963873519754 off 0.031404915175379744	false	1.0
spott	off 1.0		__DUMMY__ 0.9316891075596992 neg 0.0372464948026235 off 0.031064397637677325	false	0.5
trostlosigkeit	neg 1.0		__DUMMY__ 0.9355985548936644 neg 0.03533375550481841 off 0.029067689601517167	false	1.0
lutschen	neg 1.0		__DUMMY__ 0.9299672868448584 off 0.035308285977484866 neg 0.034724427177656746	false	0.5
undiszipliniert	neg 1.0		__DUMMY__ 0.9300461282088487 off 0.03897556812818873 neg 0.030978303662962548	false	0.5
kopfschmerz	neg 1.0		__DUMMY__ 0.9350082711146034 neg 0.033147413051357724 off 0.03184431583403894	false	1.0
unvorhergesehen	neg 1.0		__DUMMY__ 0.9374394500094198 neg 0.03236375660202659 off 0.030196793388553664	false	1.0
desinteressiert	neg 1.0		__DUMMY__ 0.9282798440473807 off 0.03900510451993536 neg 0.03271505143268391	false	0.5
armselig	off 1.0		__DUMMY__ 0.926049167121316 off 0.039877827884065395 neg 0.034073004994618565	false	1.0
desaster	neg 1.0		__DUMMY__ 0.9338319093093244 neg 0.03778480775024434 off 0.028383282940431253	false	1.0
tod	neg 1.0		__DUMMY__ 0.9374455237864665 neg 0.03174194571954516 off 0.030812530493988417	false	1.0
herzlos	neg 1.0		__DUMMY__ 0.927520510662597 off 0.04008980114740391 neg 0.03238968818999906	false	0.5
unwissenheit	neg 1.0		__DUMMY__ 0.9300527792437135 neg 0.03783626263399982 off 0.032110958122286724	false	1.0
widersinnig	neg 1.0	neg 1.0	neg 0.5054454599475968 __DUMMY__ 0.46488325888565984 off 0.029671281166743276	false	1.0
bedenklich	neg 1.0		__DUMMY__ 0.9319044631282805 neg 0.03692902832660459 off 0.031166508545114917	false	1.0
beanstanden	neg 1.0		__DUMMY__ 0.9336261631140642 neg 0.036756506722054126 off 0.0296173301638817	false	1.0
panisch	neg 1.0	neg 1.0	neg 0.4967431912540851 __DUMMY__ 0.4712917909246171 off 0.031965017821297806	false	1.0
debil	off 1.0		__DUMMY__ 0.9372625381564059 neg 0.037187603317521 off 0.025549858526073055	false	0.5
abstrich	neg 1.0		__DUMMY__ 0.9333461885521195 neg 0.03644252350699539 off 0.030211287940885154	false	1.0
primitiv	neg 1.0		__DUMMY__ 0.9279729829897803 off 0.03869347151827858 neg 0.03333354549194113	false	0.5
abschaum	off 1.0	off 1.0	off 0.5040009114861156 __DUMMY__ 0.465380468320721 neg 0.030618620193163457	false	1.0
provozieren	neg 1.0		__DUMMY__ 0.9309110182385228 neg 0.0349291614420058 off 0.034159820319471325	false	1.0
tot	neg 1.0		__DUMMY__ 0.9335001834361438 neg 0.03631085848938249 off 0.030188958074473738	false	1.0
instabil	neg 1.0		__DUMMY__ 0.9259922488333397 off 0.038519520634748346 neg 0.03548823053191183	false	0.5
schwuchtel	off 1.0		__DUMMY__ 0.9210975292402217 off 0.04810398571338958 neg 0.030798485046388813	false	1.0
zerren	neg 1.0		__DUMMY__ 0.9347694839436901 off 0.03262369612025338 neg 0.0326068199360565	false	0.5
kinderficker	off 1.0		__DUMMY__ 0.9243375850956095 off 0.04175277731459883 neg 0.0339096375897916	false	1.0
gefahr	neg 1.0		__DUMMY__ 0.9342942973085018 neg 0.0358475806570344 off 0.029858122034463766	false	1.0
rabiat	neg 1.0		__DUMMY__ 0.9308844092339367 neg 0.03543479813186644 off 0.03368079263419682	false	1.0
verlangsamung	neg 1.0		__DUMMY__ 0.9262978519247566 off 0.04301875225879414 neg 0.03068339581644931	false	0.5
ausgestorben	neg 1.0		__DUMMY__ 0.9339366415045467 off 0.0330662910842957 neg 0.03299706741115755	false	0.5
anklagen	neg 1.0		__DUMMY__ 0.9318665575520027 neg 0.03567613189888742 off 0.032457310549109955	false	1.0
trott	neg 1.0		__DUMMY__ 0.9331596954756641 neg 0.033938155603336094 off 0.032902148920999776	false	1.0
verminderung	neg 1.0		__DUMMY__ 0.9281303416626098 off 0.03859594503748516 neg 0.03327371329990505	false	0.5
nach			__DUMMY__ 0.9415741762747967 neg 0.03180117120666547 off 0.026624652518537847	false	0.0
rost	neg 1.0		__DUMMY__ 0.9281560649450729 off 0.04179802561427322 neg 0.030045909440653905	false	0.5
destruktiv	neg 1.0		__DUMMY__ 0.9296328124720152 neg 0.036942686891474924 off 0.0334245006365098	false	1.0
unzumutbarkeit	neg 1.0		__DUMMY__ 0.9316258739964219 off 0.03675078457175819 neg 0.03162334143181984	false	0.5
labil	off 1.0	off 1.0	off 0.5039740448523228 __DUMMY__ 0.4652893879322446 neg 0.03073656721543249	false	1.0
ziemlich	neg 1.0		__DUMMY__ 0.9304782940630858 off 0.03784196561668559 neg 0.031679740320228585	false	0.5
lachnummer	off 1.0		__DUMMY__ 0.9306419128229645 neg 0.03565996702454077 off 0.03369812015249479	false	0.5
oder			__DUMMY__ 0.9336305790487903 off 0.033439846441142326 neg 0.032929574510067255	false	0.0
verfall	neg 1.0		__DUMMY__ 0.9355834547091042 neg 0.0379208497553118 off 0.026495695535584025	false	1.0
ausgrenzung	neg 1.0		__DUMMY__ 0.9294786074157227 neg 0.035563213186754955 off 0.034958179397522195	false	1.0
unordnung	neg 1.0		__DUMMY__ 0.9323131661234015 off 0.03728261614126608 neg 0.03040421773533234	false	0.5
fehlverhalten	neg 1.0		__DUMMY__ 0.9329210444809485 neg 0.036696474670286076 off 0.030382480848765395	false	1.0
eine			__DUMMY__ 0.934156799954441 neg 0.03627741633666162 off 0.029565783708897383	false	0.0
nille	neg 1.0		__DUMMY__ 0.9327108244261166 neg 0.03453753910279036 off 0.03275163647109293	false	1.0
qual	neg 1.0		__DUMMY__ 0.9330137254995224 neg 0.03418046275943857 off 0.03280581174103909	false	1.0
verschwenden	neg 1.0		__DUMMY__ 0.9320903778840557 neg 0.03654613084508017 off 0.031363491270864116	false	1.0
riesig	neg 1.0	neg 1.0	neg 0.4992556455072203 __DUMMY__ 0.4727556892074098 off 0.027988665285369894	false	1.0
verurteilen	neg 1.0		__DUMMY__ 0.932048112445631 neg 0.03576444104587829 off 0.032187446508490675	false	1.0
klischee	neg 1.0	neg 1.0	neg 0.5019956852920463 __DUMMY__ 0.4648627771916038 off 0.033141537516349955	false	1.0
diktatorisch	neg 1.0		__DUMMY__ 0.9280470904259441 neg 0.03701460766236256 off 0.03493830191169341	false	1.0
vorhersehbar	neg 1.0	neg 1.0	neg 0.5015717552320568 __DUMMY__ 0.4657001179406825 off 0.03272812682726069	false	1.0
sowie			__DUMMY__ 0.9266235587404479 off 0.04156106034386459 neg 0.03181538091568755	false	0.0
stornieren	neg 1.0		__DUMMY__ 0.9373486396688795 off 0.03372746916141165 neg 0.02892389116970883	false	0.5
besteuerung	neg 1.0		__DUMMY__ 0.928504836460423 neg 0.03770695042889239 off 0.03378821311068457	false	1.0
ungeschminkt	neg 1.0		__DUMMY__ 0.9283080899180649 off 0.03769927086293364 neg 0.033992639219001475	false	0.5
kritisch	neg 1.0		__DUMMY__ 0.9320369521691318 neg 0.036849764608343515 off 0.031113283222524574	false	1.0
schlamperei	off 1.0		__DUMMY__ 0.9320689350959916 neg 0.037590348127731134 off 0.0303407167762772	false	0.5
sucht	neg 1.0	neg 1.0	neg 0.49903951023162546 __DUMMY__ 0.4710280988815823 off 0.0299323908867922	false	1.0
egoistisch	off 1.0		__DUMMY__ 0.9272345616623258 off 0.04188430168324699 neg 0.03088113665442728	false	1.0
ausbeuter	off 1.0		__DUMMY__ 0.9317335280342227 neg 0.037973674757599545 off 0.030292797208177655	false	0.5
arschgeburt	off 1.0		__DUMMY__ 0.9202307767312884 off 0.04840965460125058 neg 0.031359568667461014	false	1.0
schubs	neg 1.0	neg 1.0	neg 0.4998692129021446 __DUMMY__ 0.4717135159650561 off 0.028417271132799266	false	1.0
unsolide	neg 1.0		__DUMMY__ 0.9248555718839648 neg 0.039892668112917834 off 0.03525176000311739	false	1.0
beschwerde	neg 1.0		__DUMMY__ 0.9319918356900155 neg 0.0376180484130776 off 0.030390115896906936	false	1.0
stocken	neg 1.0		__DUMMY__ 0.93313998908503 neg 0.03605611882932726 off 0.03080389208564272	false	1.0
isolieren	neg 1.0		__DUMMY__ 0.9317324409344614 neg 0.03663259593471886 off 0.031634963130819836	false	1.0
unheilbar	neg 1.0		__DUMMY__ 0.9343899895630725 off 0.033996726747451037 neg 0.03161328368947646	false	0.5
pisser	off 1.0		__DUMMY__ 0.9293541327762411 off 0.03882452786879782 neg 0.03182133935496099	false	1.0
löschen	neg 1.0		__DUMMY__ 0.932344333871286 neg 0.034308523278817296 off 0.033347142849896656	false	1.0
durchfallen	neg 1.0		__DUMMY__ 0.9305240796532429 neg 0.03745556671469203 off 0.03202035363206509	false	1.0
wichser	off 1.0		__DUMMY__ 0.9248707390001041 off 0.04540615650918755 neg 0.029723104490708394	false	1.0
terror	neg 1.0		__DUMMY__ 0.9329627272303748 off 0.03519099376616062 neg 0.03184627900346463	false	0.5
krass	neg 1.0		__DUMMY__ 0.9275782356244685 off 0.04009435671583224 neg 0.032327407659699214	false	0.5
revolte	neg 1.0		__DUMMY__ 0.9290671097076535 neg 0.03560002411268345 off 0.03533286617966309	false	1.0
besorgt	neg 1.0		__DUMMY__ 0.9359055001018565 neg 0.032201423305781504 off 0.031893076592362034	false	1.0
nachlassen	neg 1.0		__DUMMY__ 0.9341569903182008 neg 0.03564598907617631 off 0.03019702060562295	false	1.0
alt	neg 1.0		__DUMMY__ 0.9340680492204054 neg 0.035408647861213886 off 0.03052330291838062	false	1.0
hundesohn	off 1.0		__DUMMY__ 0.9234334403125134 off 0.04468990939546055 neg 0.0318766502920261	false	1.0
als			__DUMMY__ 0.9346537686354001 neg 0.03323860765456443 off 0.03210762371003552	false	0.0
abschreckung	neg 1.0		__DUMMY__ 0.9345432077820958 neg 0.03619845477404599 off 0.029258337443858307	false	1.0
unqualifiziert	neg 1.0		__DUMMY__ 0.9268958412885111 neg 0.036821504160989 off 0.036282654550499914	false	1.0
abgewichst	off 1.0		__DUMMY__ 0.9334998893838612 neg 0.03436732905013866 off 0.032132781566000135	false	0.5
schwer	neg 1.0		__DUMMY__ 0.9324775142281149 neg 0.034046805252850955 off 0.0334756805190342	false	1.0
bedeutungslosigkeit	neg 1.0		__DUMMY__ 0.9333070738366448 neg 0.03676692436916773 off 0.029926001794187435	false	1.0
kapitulation	neg 1.0		__DUMMY__ 0.930870144021429 neg 0.03808380900072632 off 0.031046046977844723	false	1.0
unscharf	neg 1.0		__DUMMY__ 0.9312189913400007 off 0.034626683739569133 neg 0.03415432492043007	false	0.5
schwinden	neg 1.0		__DUMMY__ 0.9334227048649173 neg 0.03684727105584044 off 0.02973002407924216	false	1.0
versklavung	neg 1.0		__DUMMY__ 0.9282656165077232 neg 0.037191248720623425 off 0.03454313477165343	false	1.0
schlecht	neg 1.0		__DUMMY__ 0.9307230103388319 off 0.037988301265970977 neg 0.031288688395197155	false	0.5
verhasst	neg 1.0		__DUMMY__ 0.9310595395468781 neg 0.0344983960627122 off 0.03444206439040958	false	1.0
beschweren	neg 1.0		__DUMMY__ 0.9312496841932569 off 0.03495040512190909 neg 0.03379991068483402	false	0.5
scheiden	neg 1.0		__DUMMY__ 0.9372178164488608 off 0.0332025252031714 neg 0.029579658347967813	false	0.5
frustriert	neg 1.0		__DUMMY__ 0.9327806951646975 neg 0.03446857223274056 off 0.03275073260256193	false	1.0
schimmelig	neg 1.0		__DUMMY__ 0.934956367969877 neg 0.03520532686406437 off 0.02983830516605855	false	1.0
fisch	neg 1.0		__DUMMY__ 0.9394110231605332 neg 0.03178551121936128 off 0.02880346562010566	false	1.0
schmuggel	neg 1.0		__DUMMY__ 0.9379463847542574 neg 0.0324150624815876 off 0.029638552764154936	false	1.0
auffallen	neg 1.0		__DUMMY__ 0.9312625950125255 off 0.03538295022788535 neg 0.033354454759589154	false	0.5
konkurrenz	neg 1.0	neg 1.0	neg 0.5034356361389433 __DUMMY__ 0.4700671103883134 off 0.02649725347274332	false	1.0
teufelskreis	neg 1.0		__DUMMY__ 0.9318915145665645 neg 0.03490902670970148 off 0.03319945872373402	false	1.0
aufschreien	neg 1.0		__DUMMY__ 0.9302819808936698 off 0.03535976961741449 neg 0.03435824948891572	false	0.5
schuldner	neg 1.0		__DUMMY__ 0.9343270795937942 neg 0.03577361254129028 off 0.029899307864915466	false	1.0
missgeburt	off 1.0	off 1.0	off 0.5078248005578205 __DUMMY__ 0.46344018460051506 neg 0.02873501484166432	false	1.0
arbeitslos	neg 1.0		__DUMMY__ 0.930588032496468 neg 0.03713846683988844 off 0.03227350066364346	false	1.0
befallen	neg 1.0		__DUMMY__ 0.9326391314130961 neg 0.03498212376181389 off 0.032378744825090025	false	1.0
miesepetrig	off 1.0	off 1.0	off 0.5041895956934505 __DUMMY__ 0.4669153907893579 neg 0.028895013517191655	false	1.0
alarmieren	neg 1.0		__DUMMY__ 0.9284111046525263 off 0.03714984804020028 neg 0.0344390473072735	false	0.5
ungeduscht	off 1.0		__DUMMY__ 0.9318965007815939 off 0.03550361512892909 neg 0.032599884089477026	false	1.0
knappheit	neg 1.0		__DUMMY__ 0.9308735216557729 neg 0.038278577868117926 off 0.0308479004761092	false	1.0
schlange	neg 1.0		__DUMMY__ 0.9341985543926161 off 0.034639927839050184 neg 0.031161517768333768	false	0.5
harsch	neg 1.0		__DUMMY__ 0.9293363278691652 off 0.04078760126371133 neg 0.029876070867123523	false	0.5
lang	neg 1.0		__DUMMY__ 0.9326368840261252 neg 0.03370005282392543 off 0.03366306314994931	false	1.0
ziellos	neg 1.0		__DUMMY__ 0.9345695902585324 neg 0.0337666428979598 off 0.031663766843507836	false	1.0
selbstverliebt	neg 1.0		__DUMMY__ 0.9216235449016651 off 0.046250325090429825 neg 0.03212613000790508	false	0.5
beseitigen	neg 1.0	neg 1.0	neg 0.49891000052926765 __DUMMY__ 0.4713713378718363 off 0.02971866159889607	false	1.0
dumm	off 1.0		__DUMMY__ 0.9257264730546723 off 0.042576846110137304 neg 0.03169668083519037	false	1.0
arbeitsloser	neg 1.0		__DUMMY__ 0.9331057812965888 neg 0.03522642495843818 off 0.031667793744972916	false	1.0
blitzen	neg 1.0		__DUMMY__ 0.9311267628331079 off 0.03585318049791362 neg 0.033020056668978406	false	0.5
hilflos	neg 1.0		__DUMMY__ 0.9331791279454478 neg 0.034504906019013556 off 0.032315966035538705	false	1.0
eklig	off 1.0		__DUMMY__ 0.9256750351781722 off 0.04295117949717635 neg 0.03137378532465139	false	1.0
begriff			__DUMMY__ 0.9312333918760465 neg 0.03602137421344084 off 0.032745233910512664	false	0.0
hungersnot	neg 1.0		__DUMMY__ 0.9341902922872941 neg 0.03353969762905366 off 0.03227001008365227	false	1.0
ungesetzlich	neg 1.0		__DUMMY__ 0.9247597778244067 neg 0.03956611222963316 off 0.03567410994596027	false	1.0
verschwendung	neg 1.0		__DUMMY__ 0.9334182605210882 neg 0.03605817587644487 off 0.030523563602466868	false	1.0
schmerzvoll	neg 1.0		__DUMMY__ 0.9318259874832918 off 0.03483468616481808 neg 0.033339326351890075	false	0.5
vorzeitig	neg 1.0		__DUMMY__ 0.9329674136031156 off 0.035681563645253316 neg 0.0313510227516311	false	0.5
unvollkommenheit	neg 1.0		__DUMMY__ 0.9385758779489948 off 0.03140018523600197 neg 0.030023936815003295	false	0.5
intervenieren	neg 1.0		__DUMMY__ 0.931602497339469 neg 0.0378756155690858 off 0.030521887091445273	false	1.0
banause	off 1.0		__DUMMY__ 0.9230454578219559 off 0.044528782031287205 neg 0.032425760146756834	false	1.0
rebell	neg 1.0		__DUMMY__ 0.9362554379677248 neg 0.03615280746977459 off 0.027591754562500584	false	1.0
unlogisch	neg 1.0		__DUMMY__ 0.9280607384304623 off 0.039829474312919534 neg 0.03210978725661812	false	0.5
leiden	neg 1.0		__DUMMY__ 0.9396159075957139 neg 0.030898246772769637 off 0.029485845631516478	false	1.0
abschaffung	neg 1.0		__DUMMY__ 0.9291160873958304 neg 0.0369231446649523 off 0.03396076793921724	false	1.0
sturz	neg 1.0		__DUMMY__ 0.9332312656303049 neg 0.03339018995842274 off 0.033378544411272346	false	1.0
verkleinerung	neg 1.0		__DUMMY__ 0.9269327729701928 neg 0.03719664315524166 off 0.03587058387456551	false	1.0
schmarotzer	off 1.0		__DUMMY__ 0.9305231859998565 neg 0.03728930704861331 off 0.03218750695153019	false	0.5
bestrafung	neg 1.0		__DUMMY__ 0.9312314477626135 off 0.03469017520362948 neg 0.03407837703375696	false	0.5
achtlos	neg 1.0		__DUMMY__ 0.9335571350958459 off 0.03332808437653852 neg 0.033114780527615476	false	0.5
ungeheuer	neg 1.0		__DUMMY__ 0.9318754886506079 off 0.03567497719053289 neg 0.03244953415885932	false	0.5
