unsolidarisch	neg 1.0		__DUMMY__ 0.8832882223657139 neg 0.06199204655242881 off 0.054719731081857216	false	1.0
nachteilig	neg 1.0		__DUMMY__ 0.8898198069620316 neg 0.05931353016078539 off 0.05086666287718304	false	1.0
skeptisch	neg 1.0		__DUMMY__ 0.8907059379403387 neg 0.058997961065906025 off 0.05029610099375532	false	1.0
schrecklich	neg 1.0		__DUMMY__ 0.8848584278519699 off 0.06311405075775701 neg 0.05202752139027305	false	0.5
schlapp	neg 1.0		__DUMMY__ 0.888114649702532 off 0.058755616315607634 neg 0.053129733981860494	false	0.5
abfall	neg 1.0		__DUMMY__ 0.892440789628429 neg 0.059712179250843184 off 0.04784703112072779	false	1.0
widerspenstig	neg 1.0		__DUMMY__ 0.8902751429045609 neg 0.055375423731988095 off 0.05434943336345089	false	1.0
abrupt	neg 1.0		__DUMMY__ 0.8941021313244045 neg 0.05559705023823199 off 0.05030081843736343	false	1.0
unwirksam	neg 1.0		__DUMMY__ 0.8849670209255865 neg 0.06071497384306387 off 0.054318005231349636	false	1.0
angreifen	neg 1.0	neg 1.0	neg 0.5147533299354619 __DUMMY__ 0.44687547301550923 off 0.03837119704902903	false	1.0
inkonsistent	neg 1.0		__DUMMY__ 0.8903000953854848 off 0.05504067153266759 neg 0.05465923308184765	false	0.5
abrutschen	neg 1.0		__DUMMY__ 0.8923075198843567 neg 0.05951010417739217 off 0.04818237593825104	false	1.0
unsicher	neg 1.0		__DUMMY__ 0.8901381940339828 neg 0.055136650531047625 off 0.05472515543496969	false	1.0
bauernkind	off 1.0	off 1.0	off 0.5174564615424864 __DUMMY__ 0.43960699417271326 neg 0.04293654428480031	false	1.0
angreifer	neg 1.0		__DUMMY__ 0.890176923165222 off 0.05576760639182423 neg 0.054055470442953814	false	0.5
trennen	neg 1.0		__DUMMY__ 0.8952416005723501 neg 0.05391809855350647 off 0.05084030087414336	false	1.0
schmutz	neg 1.0		__DUMMY__ 0.8946560180597458 off 0.055699466306038406 neg 0.049644515634215805	false	0.5
inkonsistenz	neg 1.0		__DUMMY__ 0.8834427214776861 off 0.058403688703862616 neg 0.0581535898184513	false	0.5
erschreckend	neg 1.0		__DUMMY__ 0.8884095991836966 neg 0.0577911565459191 off 0.05379924427038428	false	1.0
ertrinken	neg 1.0		__DUMMY__ 0.893322285344372 neg 0.05513381544506427 off 0.05154389921056378	false	1.0
pickelface	off 1.0		__DUMMY__ 0.8900612220820926 neg 0.05717843054176591 off 0.052760347376141534	false	0.5
seiner			__DUMMY__ 0.8926026282399573 neg 0.056756951412171755 off 0.050640420347870946	false	0.0
lauch	neg 1.0		__DUMMY__ 0.8912670790357565 neg 0.06071751205025208 off 0.04801540891399146	false	1.0
unwichtig	neg 1.0		__DUMMY__ 0.8860563447182143 off 0.05894137938949747 neg 0.05500227589228824	false	0.5
steuerhinterziehung	neg 1.0		__DUMMY__ 0.8870998545606021 neg 0.059734152612539074 off 0.05316599282685886	false	1.0
schock	neg 1.0		__DUMMY__ 0.8930476440664761 off 0.05377909594181789 neg 0.053173259991706086	false	0.5
beule	neg 1.0		__DUMMY__ 0.8884613387084822 off 0.05892879134884043 neg 0.05260986994267737	false	0.5
vergelten	neg 1.0		__DUMMY__ 0.8890153343386255 off 0.06197051855555367 neg 0.04901414710582088	false	0.5
verdorbenheit	neg 1.0		__DUMMY__ 0.8908335045361636 neg 0.05545965315431408 off 0.05370684230952231	false	1.0
trauma	neg 1.0		__DUMMY__ 0.8890341863722413 off 0.055496345608359525 neg 0.05546946801939913	false	0.5
sinnlos	neg 1.0		__DUMMY__ 0.8896459309474539 off 0.056758434828939386 neg 0.053595634223606706	false	0.5
fettsack	off 1.0	off 1.0	off 0.5187502895604511 __DUMMY__ 0.4414428958873339 neg 0.03980681455221507	false	1.0
feige	off 1.0	off 1.0	off 0.5152655246173489 __DUMMY__ 0.4425181530327611 neg 0.04221632234989005	false	1.0
abdanken	neg 1.0		__DUMMY__ 0.8874577743783353 neg 0.05843340397230078 off 0.05410882164936395	false	1.0
wichtigtuer	off 1.0	off 1.0	off 0.5132080051297351 __DUMMY__ 0.4440222535367102 neg 0.04276974133355467	false	1.0
misslingen	neg 1.0		__DUMMY__ 0.8954259948316181 off 0.055158292872926985 neg 0.04941571229545493	false	0.5
untreu	off 1.0		__DUMMY__ 0.8851817681930507 off 0.06000116345432689 neg 0.05481706835262229	false	1.0
missmutig	neg 1.0		__DUMMY__ 0.8869076358852892 off 0.05883701032021779 neg 0.05425535379449299	false	0.5
hurenbock	off 1.0		__DUMMY__ 0.8909304986478956 off 0.05547051041528392 neg 0.053598990936820454	false	1.0
betrunken	neg 1.0		__DUMMY__ 0.8882753318790653 off 0.06104677001991502 neg 0.05067789810101967	false	0.5
korrupt	off 1.0		__DUMMY__ 0.8856086007791488 neg 0.06167918306857971 off 0.0527122161522715	false	0.5
unmut	neg 1.0		__DUMMY__ 0.8917747955932928 neg 0.06010699641044211 off 0.04811820799626521	false	1.0
hackfresse	off 1.0		__DUMMY__ 0.881439931640111 off 0.06615411418544101 neg 0.05240595417444793	false	1.0
aufblasen	neg 1.0		__DUMMY__ 0.8909298388617205 off 0.05567058296385252 neg 0.05339957817442698	false	0.5
gewaltsam	neg 1.0		__DUMMY__ 0.890602566781243 neg 0.05559743268205226 off 0.05380000053670478	false	1.0
unbeliebtheit	neg 1.0		__DUMMY__ 0.8799973868263157 neg 0.06141713031834092 off 0.05858548285534341	false	1.0
sturheit	neg 1.0		__DUMMY__ 0.8882233372296381 neg 0.057875955278117466 off 0.053900707492244446	false	1.0
kuh	neg 1.0		__DUMMY__ 0.8868381934138155 neg 0.05858756561886008 off 0.05457424096732433	false	1.0
erschrecken	neg 1.0		__DUMMY__ 0.8883571294638725 off 0.05826691914255331 neg 0.05337595139357428	false	0.5
opfer	neg 1.0		__DUMMY__ 0.8923648608225431 neg 0.05589326947023132 off 0.05174186970722558	false	1.0
sinken	neg 1.0		__DUMMY__ 0.8925461614636946 neg 0.05902699635034271 off 0.0484268421859627	false	1.0
stinktier	neg 1.0		__DUMMY__ 0.8825879925317577 off 0.06350367984051919 neg 0.0539083276277231	false	0.5
tucke	off 1.0		__DUMMY__ 0.87771122027035 off 0.0664413999768319 neg 0.055847379752818116	false	1.0
ein			__DUMMY__ 0.8904777822009724 off 0.05498324507495674 neg 0.05453897272407086	false	0.0
abstieg	neg 1.0		__DUMMY__ 0.8941909939430388 neg 0.054949675735974396 off 0.050859330320986794	false	1.0
missverstehen	neg 1.0		__DUMMY__ 0.8867613209847702 off 0.05704110319619491 neg 0.05619757581903482	false	0.5
ergebnislos	neg 1.0		__DUMMY__ 0.8905837875138255 neg 0.05861906921370969 off 0.05079714327246482	false	1.0
unter			__DUMMY__ 0.8989075548878009 neg 0.057104508461380495 off 0.04398793665081866	false	0.0
manipulieren	neg 1.0		__DUMMY__ 0.8907855293432396 neg 0.058802374881894194 off 0.050412095774866196	false	1.0
unbewiesen	neg 1.0		__DUMMY__ 0.8822478124639378 neg 0.06275423794720388 off 0.05499794958885835	false	1.0
verschleppen	neg 1.0		__DUMMY__ 0.8907004906843972 neg 0.05698812524036906 off 0.0523113840752338	false	1.0
weib	off 1.0		__DUMMY__ 0.8812929618708741 off 0.06611404362813256 neg 0.05259299450099325	false	1.0
opposition	neg 1.0		__DUMMY__ 0.8862969230564156 neg 0.05777186879346877 off 0.05593120815011566	false	1.0
verkehrswidrig	neg 1.0	neg 1.0	neg 0.5037311457625064 __DUMMY__ 0.44944356771051436 off 0.04682528652697917	false	1.0
inkorrekt	neg 1.0		__DUMMY__ 0.882264146184617 off 0.06125015074037839 neg 0.0564857030750047	false	0.5
vermeiden	neg 1.0		__DUMMY__ 0.8953147955393388 neg 0.05874010229772264 off 0.0459451021629385	false	1.0
abweichung	neg 1.0		__DUMMY__ 0.8899884895223695 neg 0.058896240731975094 off 0.05111526974565543	false	1.0
alkoholisiert	neg 1.0		__DUMMY__ 0.8981031332825362 neg 0.05222146877935478 off 0.04967539793810902	false	1.0
scheiss	off 1.0	off 1.0	off 0.5148765268156433 __DUMMY__ 0.4447230470770962 neg 0.04040042610726045	false	1.0
herausforderung	neg 1.0	neg 1.0	neg 0.5082420015089929 __DUMMY__ 0.4536264879270181 off 0.03813151056398902	false	1.0
pervers	off 1.0		__DUMMY__ 0.879965598969489 off 0.0689509247400553 neg 0.05108347629045574	false	1.0
wackelig	neg 1.0		__DUMMY__ 0.8946800015725246 neg 0.053207314426968175 off 0.05211268400050733	false	1.0
verwickeln	neg 1.0		__DUMMY__ 0.8865961799227832 off 0.056979425181534475 neg 0.05642439489568235	false	0.5
vorwand	neg 1.0		__DUMMY__ 0.8918407817458844 neg 0.058461507454209576 off 0.049697710799905946	false	1.0
muschi	off 1.0		__DUMMY__ 0.8899114201784305 neg 0.056868344472394756 off 0.05322023534917476	false	0.5
entmutigung	neg 1.0		__DUMMY__ 0.8854826649570362 neg 0.05841227631875351 off 0.05610505872421023	false	1.0
unangemessen	neg 1.0		__DUMMY__ 0.8882724347622816 neg 0.058619927530249236 off 0.05310763770746922	false	1.0
unstetig	neg 1.0		__DUMMY__ 0.8914703380726343 off 0.05506692647684046 neg 0.053462735450525184	false	0.5
entmutigen	neg 1.0		__DUMMY__ 0.8887736365487675 off 0.05583437908754479 neg 0.055391984363687675	false	0.5
schwanz	neg 1.0		__DUMMY__ 0.8922207867383167 neg 0.05753998407472373 off 0.050239229186959646	false	1.0
verbot	neg 1.0		__DUMMY__ 0.8878276762539624 neg 0.059738993309541584 off 0.052433330436495985	false	1.0
leid	neg 1.0		__DUMMY__ 0.8850844247536241 off 0.06404609527678787 neg 0.050869479969588086	false	0.5
archaisch	neg 1.0		__DUMMY__ 0.8905207020178465 neg 0.056657739566604755 off 0.0528215584155488	false	1.0
gegen			__DUMMY__ 0.8936579995372854 neg 0.05712923215292201 off 0.04921276830979247	false	0.0
scheidung	neg 1.0		__DUMMY__ 0.8800761914943398 off 0.07223615717764088 neg 0.04768765132801933	false	0.5
einschlag	neg 1.0	neg 1.0	neg 0.508532808395596 __DUMMY__ 0.44468067203382644 off 0.046786519570577716	false	1.0
m			__DUMMY__ 0.8919490795959631 neg 0.055560744661319085 off 0.052490175742717665	false	0.0
abgestanden	neg 1.0		__DUMMY__ 0.8911456958378856 off 0.05452753513753024 neg 0.05432676902458413	false	0.5
schmierig	off 1.0		__DUMMY__ 0.8851814326580454 off 0.06361975381302991 neg 0.05119881352892475	false	1.0
unpraktisch	neg 1.0		__DUMMY__ 0.891525869829941 off 0.05516840800166766 neg 0.053305722168391356	false	0.5
wixxer	off 1.0		__DUMMY__ 0.8791129957821412 off 0.06874297059352655 neg 0.05214403362433225	false	1.0
bezeichnet			__DUMMY__ 0.8885264086529527 neg 0.057132112678099096 off 0.05434147866894807	false	0.0
jammerlappen	off 1.0		__DUMMY__ 0.886451703028615 off 0.05907925876706396 neg 0.05446903820432119	false	1.0
farce	neg 1.0		__DUMMY__ 0.8863716629118903 neg 0.0605496039196423 off 0.05307873316846734	false	1.0
zwecklos	neg 1.0		__DUMMY__ 0.8886553264911771 neg 0.05831801649413696 off 0.0530266570146859	false	1.0
turbulent	neg 1.0		__DUMMY__ 0.8861969144193288 off 0.05929959804677003 neg 0.054503487533901246	false	0.5
invasion	neg 1.0		__DUMMY__ 0.8891178712283936 off 0.05676569265928462 neg 0.054116436112321836	false	0.5
schuld	neg 1.0		__DUMMY__ 0.888411836272761 neg 0.05605410590345614 off 0.055534057823782845	false	1.0
risiko	neg 1.0		__DUMMY__ 0.8917257503029079 off 0.05478769764019451 neg 0.053486552056897625	false	0.5
finster	neg 1.0		__DUMMY__ 0.8904142194145486 off 0.05491272331353615 neg 0.05467305727191524	false	0.5
geisteskrank	off 1.0		__DUMMY__ 0.8841767251608579 off 0.060678659419341564 neg 0.05514461541980051	false	1.0
zusammenbrechen	neg 1.0		__DUMMY__ 0.8911290046187719 neg 0.05545817361634439 off 0.053412821764883635	false	1.0
ausbeute	neg 1.0		__DUMMY__ 0.8951376738447345 neg 0.054877399768813326 off 0.04998492638645216	false	1.0
hinterhalt	neg 1.0		__DUMMY__ 0.8931427045153865 neg 0.05422484435612712 off 0.0526324511284865	false	1.0
kritik	neg 1.0		__DUMMY__ 0.8871692326844416 neg 0.059865245781251186 off 0.05296552153430722	false	1.0
einschrumpfen	neg 1.0		__DUMMY__ 0.8846606799888661 neg 0.05804970537467008 off 0.05728961463646387	false	1.0
riskant	neg 1.0		__DUMMY__ 0.8899888399773281 neg 0.05849660596944152 off 0.051514554053230355	false	1.0
frustrieren	neg 1.0		__DUMMY__ 0.8905844097290962 neg 0.05777787493061497 off 0.051637715340288784	false	1.0
groll	neg 1.0		__DUMMY__ 0.8903053898252037 neg 0.056907594320911796 off 0.05278701585388461	false	1.0
gibt			__DUMMY__ 0.8896292381955678 neg 0.05721894074165336 off 0.053151821062778916	false	0.0
qualvoll	neg 1.0		__DUMMY__ 0.8898597141920822 off 0.05750514150049197 neg 0.05263514430742588	false	0.5
wackeln	neg 1.0	neg 1.0	neg 0.509704516900821 __DUMMY__ 0.4485273266413182 off 0.041768156457860826	false	1.0
klagen	neg 1.0		__DUMMY__ 0.8922811198519126 neg 0.05917953572821084 off 0.04853934441987645	false	1.0
bankrott	neg 1.0		__DUMMY__ 0.8881691915446365 off 0.057899901879966145 neg 0.053930906575397376	false	0.5
trauern	neg 1.0		__DUMMY__ 0.8929260763129028 neg 0.0556164843865826 off 0.05145743930051453	false	1.0
ablehnung	neg 1.0		__DUMMY__ 0.887271959033874 neg 0.05966916882645661 off 0.05305887213966947	false	1.0
stur	neg 1.0		__DUMMY__ 0.8873252537134813 neg 0.05663188944817295 off 0.05604285683834584	false	1.0
aufruhr	neg 1.0		__DUMMY__ 0.890319800455938 neg 0.05588320687914564 off 0.05379699266491639	false	1.0
melancholie	neg 1.0		__DUMMY__ 0.8922056935337226 neg 0.055782426628714896 off 0.05201187983756243	false	1.0
ist			__DUMMY__ 0.888384319843352 off 0.05620753378392776 neg 0.05540814637272029	false	0.0
torheit	neg 1.0		__DUMMY__ 0.8869839190482539 neg 0.0575352997755229 off 0.0554807811762232	false	1.0
dreckskind	off 1.0		__DUMMY__ 0.8812855839438584 off 0.06478244178811082 neg 0.05393197426803086	false	1.0
umtauschen	neg 1.0		__DUMMY__ 0.8902489391501845 neg 0.05603283243758666 off 0.05371822841222869	false	1.0
zum			__DUMMY__ 0.8995901555842534 neg 0.05440651353347315 off 0.046003330882273354	false	0.0
zersetzen	neg 1.0		__DUMMY__ 0.8896123800546659 neg 0.06009674844896382 off 0.05029087149637024	false	1.0
zur			__DUMMY__ 0.8962718733186218 neg 0.05806380695264127 off 0.045664319728736975	false	0.0
frust	neg 1.0		__DUMMY__ 0.8906789194016322 neg 0.0560104751761379 off 0.053310605422229825	false	1.0
unerbittlichkeit	neg 1.0		__DUMMY__ 0.8902069926447832 neg 0.05939191710700875 off 0.05040109024820813	false	1.0
zwei			__DUMMY__ 0.8971415491689141 neg 0.0549344483158431 off 0.04792400251524291	false	0.0
unkorrekt	neg 1.0		__DUMMY__ 0.8811615056044138 off 0.06160864050461196 neg 0.057229853890974264	false	0.5
hexe	off 1.0		__DUMMY__ 0.8865182352133949 off 0.05930759117523076 neg 0.054174173611374395	false	1.0
lasch	neg 1.0		__DUMMY__ 0.8847641837874408 off 0.05806683704307754 neg 0.057168979169481667	false	0.5
rivale	neg 1.0		__DUMMY__ 0.8866478933815632 off 0.06128920524121981 neg 0.0520629013772169	false	0.5
mutlos	off 1.0	off 1.0	off 0.5091028228689797 __DUMMY__ 0.4451603991458344 neg 0.04573677798518597	false	1.0
wirr	off 1.0		__DUMMY__ 0.8814481744607935 off 0.061742931380627766 neg 0.05680889415857867	false	1.0
jahr			__DUMMY__ 0.8958144707318529 neg 0.054745366407644894 off 0.04944016286050209	false	0.0
wird			__DUMMY__ 0.890905175091616 neg 0.05727320964653853 off 0.05182161526184536	false	0.0
strafbar	neg 1.0		__DUMMY__ 0.8894000324576861 neg 0.05892451919424596 off 0.051675448348067934	false	1.0
erosion	neg 1.0		__DUMMY__ 0.8910784216744995 off 0.05500716591780816 neg 0.053914412407692354	false	0.5
eingehen	neg 1.0		__DUMMY__ 0.8882491880509842 neg 0.059310420576842146 off 0.05244039137217363	false	1.0
faul	off 1.0		__DUMMY__ 0.8890465696371516 off 0.05801677456115671 neg 0.05293665580169173	false	1.0
provisorium	neg 1.0		__DUMMY__ 0.8976707047103737 neg 0.058689654183579916 off 0.04363964110604643	false	1.0
schmerzen	neg 1.0		__DUMMY__ 0.8905100387549008 neg 0.055399698116560134 off 0.054090263128539144	false	1.0
schrumpfen	neg 1.0		__DUMMY__ 0.8924160775969182 neg 0.06151813173929733 off 0.04606579066378449	false	1.0
geistlos	off 1.0		__DUMMY__ 0.8828207377143628 neg 0.059983055901625 off 0.057196206384012266	false	0.5
fehlkauf	neg 1.0		__DUMMY__ 0.8882953821090229 off 0.056174460132442317 neg 0.055530157758534815	false	0.5
frustrierend	neg 1.0		__DUMMY__ 0.8890353373217229 off 0.05819181896548302 neg 0.05277284371279409	false	0.5
unzufrieden	neg 1.0		__DUMMY__ 0.8883294114387826 neg 0.05875433863548972 off 0.05291624992572758	false	1.0
verzweifeln	neg 1.0		__DUMMY__ 0.8897050241157414 neg 0.05600934471275505 off 0.054285631171503625	false	1.0
verzweifelt	neg 1.0		__DUMMY__ 0.8880526410227875 off 0.0560993813105475 neg 0.055847977666665015	false	0.5
misstrauensantrag	neg 1.0		__DUMMY__ 0.8870105936277229 neg 0.05650563554675798 off 0.05648377082551905	false	1.0
abfallen	neg 1.0		__DUMMY__ 0.8917213936547982 off 0.0554365065181066 neg 0.052842099827095236	false	0.5
fucker	off 1.0		__DUMMY__ 0.8845249151193129 off 0.061071710674062175 neg 0.05440337420662502	false	1.0
ungezogen	neg 1.0		__DUMMY__ 0.8822560620394122 off 0.0673931455173259 neg 0.05035079244326183	false	0.5
irrsinnig	neg 1.0	neg 1.0	neg 0.513175067556803 __DUMMY__ 0.4445522027266897 off 0.042272729716507265	false	1.0
unfassbar	neg 1.0		__DUMMY__ 0.8855857718780612 off 0.05966944327930661 neg 0.05474478484263226	false	0.5
hart	neg 1.0		__DUMMY__ 0.8880787045742534 off 0.05747480920522895 neg 0.0544464862205176	false	0.5
widerlich	off 1.0		__DUMMY__ 0.8842189141326111 off 0.0605374048407381 neg 0.0552436810266508	false	1.0
fatal	neg 1.0		__DUMMY__ 0.8880855891792514 off 0.056489406641115084 neg 0.05542500417963346	false	0.5
bruch	neg 1.0		__DUMMY__ 0.8911998025130723 neg 0.06007692445194343 off 0.04872327303498428	false	1.0
aushungern	neg 1.0		__DUMMY__ 0.8872337149241829 neg 0.05882106244238469 off 0.05394522263343227	false	1.0
anspannung	neg 1.0	neg 1.0	neg 0.5103798258962349 __DUMMY__ 0.45442706895749924 off 0.03519310514626591	false	1.0
von			__DUMMY__ 0.895642690289976 neg 0.055496202248795395 off 0.04886110746122857	false	0.0
kraftlos	neg 1.0		__DUMMY__ 0.8934521891196082 neg 0.05387235844251929 off 0.05267545243787246	false	1.0
vom			__DUMMY__ 0.8992687515395276 neg 0.05663154266424052 off 0.04409970579623197	false	0.0
grenzdebil	off 1.0		__DUMMY__ 0.8859654665869515 off 0.06051637519919773 neg 0.05351815821385077	false	1.0
vor			__DUMMY__ 0.8932978021104016 neg 0.05707822131221908 off 0.04962397657737938	false	0.0
unterwerfen	neg 1.0		__DUMMY__ 0.8908967248175782 neg 0.05766894803783201 off 0.05143432714458975	false	1.0
versenkung	neg 1.0		__DUMMY__ 0.8906785516631047 neg 0.05806338359155881 off 0.051258064745336514	false	1.0
entziehen	neg 1.0		__DUMMY__ 0.8918837988893178 neg 0.059019942160479955 off 0.0490962589502023	false	1.0
finanzkrise	neg 1.0		__DUMMY__ 0.8868284789039647 neg 0.05946027002383261 off 0.05371125107220283	false	1.0
schimpfend	neg 1.0		__DUMMY__ 0.8920671815366311 off 0.05507221725475398 neg 0.052860601208614896	false	0.5
profan	neg 1.0		__DUMMY__ 0.8877846228107317 off 0.057165506135021596 neg 0.05504987105424667	false	0.5
korruption	neg 1.0	neg 1.0	neg 0.5154695118836345 __DUMMY__ 0.4448686287631095 off 0.03966185935325599	false	1.0
â			__DUMMY__ 0.8920812794263723 neg 0.056382738071882044 off 0.051535982501745764	false	0.0
schmutzig	neg 1.0		__DUMMY__ 0.8876163671038355 off 0.059990197236300245 neg 0.05239343565986433	false	0.5
sexy	neg 1.0		__DUMMY__ 0.8880233642189346 off 0.057758079464300886 neg 0.054218556316764546	false	0.5
abraten	neg 1.0		__DUMMY__ 0.8887754373354041 off 0.05621678073318571 neg 0.05500778193141021	false	0.5
schwarz	neg 1.0		__DUMMY__ 0.8878636717017814 neg 0.05621949691491 off 0.055916831383308635	false	1.0
fotze	off 1.0		__DUMMY__ 0.8908591370816638 neg 0.0578678687881019 off 0.051272994130234464	false	0.5
verwirren	neg 1.0		__DUMMY__ 0.8878016064644392 off 0.05742789328402187 neg 0.054770500251538866	false	0.5
zahnlos	off 1.0		__DUMMY__ 0.888521285460826 neg 0.05851913554060929 off 0.0529595789985647	false	0.5
verheeren	neg 1.0		__DUMMY__ 0.8840657242143571 off 0.06845924122297897 neg 0.04747503456266387	false	0.5
hippie	neg 1.0		__DUMMY__ 0.8877205844046606 off 0.05737729280737729 neg 0.05490212278796215	false	0.5
rammen	neg 1.0		__DUMMY__ 0.8887000418598459 neg 0.05646810098924528 off 0.05483185715090889	false	1.0
unlauter	neg 1.0		__DUMMY__ 0.8832398241935671 neg 0.061688844243391154 off 0.05507133156304184	false	1.0
unheilvoll	neg 1.0		__DUMMY__ 0.8917761516477504 off 0.056413664754919594 neg 0.05181018359733006	false	0.5
niedrig	neg 1.0		__DUMMY__ 0.8927255314856436 neg 0.05696261265212646 off 0.050311855862230026	false	1.0
explosion	neg 1.0		__DUMMY__ 0.8872185506351318 off 0.056771497606938254 neg 0.05600995175792996	false	0.5
weichei	off 1.0		__DUMMY__ 0.8826853475323255 off 0.06477037338474774 neg 0.05254427908292663	false	1.0
minusmensch	off 1.0		__DUMMY__ 0.8768124618706089 off 0.06850178108168668 neg 0.054685757047704384	false	1.0
farblos	neg 1.0		__DUMMY__ 0.8963444609461527 off 0.05317253360888733 neg 0.05048300544495985	false	0.5
unwissend	neg 1.0	neg 1.0	neg 0.512073985059718 __DUMMY__ 0.4428512989116845 off 0.04507471602859744	false	1.0
traurig	neg 1.0		__DUMMY__ 0.8856970135551535 off 0.06221038706524836 neg 0.052092599379598134	false	0.5
senkung	neg 1.0		__DUMMY__ 0.8849305672479435 neg 0.058149341868025145 off 0.05692009088403147	false	1.0
ungleich	neg 1.0	neg 1.0	neg 0.516050483451788 __DUMMY__ 0.44518538629068644 off 0.038764130257525745	false	1.0
heikel	neg 1.0		__DUMMY__ 0.8899130490085065 neg 0.0596724754653546 off 0.05041447552613886	false	1.0
drosselung	neg 1.0		__DUMMY__ 0.8875125595723121 off 0.059909917343744214 neg 0.052577523083943645	false	0.5
falsch	neg 1.0		__DUMMY__ 0.8876962131434726 off 0.058377917992828265 neg 0.05392586886369912	false	0.5
unzufriedenheit	neg 1.0		__DUMMY__ 0.8906906011428743 neg 0.05932360360682876 off 0.04998579525029689	false	1.0
kurz	neg 1.0		__DUMMY__ 0.8923408292687489 neg 0.054689077497494194 off 0.05297009323375692	false	1.0
unsinnig	neg 1.0		__DUMMY__ 0.8872393153199378 neg 0.05940971862259073 off 0.05335096605747141	false	1.0
penner	off 1.0	off 1.0	off 0.5205800182834638 __DUMMY__ 0.44018930140660006 neg 0.03923068030993612	false	1.0
seicht	neg 1.0		__DUMMY__ 0.8789775046083383 off 0.06755766191972787 neg 0.053464833471933794	false	0.5
dummheit	off 1.0	off 1.0	off 0.5134338713921011 __DUMMY__ 0.44358394780217425 neg 0.042982180805724746	false	1.0
unerfreulich	neg 1.0		__DUMMY__ 0.8921097102537888 neg 0.058442920629195615 off 0.04944736911701556	false	1.0
motherfucker	off 1.0	off 1.0	off 0.5163689300550571 __DUMMY__ 0.4419091420390112 neg 0.041721927905931586	false	1.0
pikiert	neg 1.0		__DUMMY__ 0.8844622708696178 off 0.05957153700077836 neg 0.05596619212960374	false	0.5
wrack	neg 1.0		__DUMMY__ 0.8956177161461266 neg 0.053714800341674196 off 0.05066748351219924	false	1.0
gangster	neg 1.0		__DUMMY__ 0.8884552486311499 off 0.05697517003620082 neg 0.05456958133264929	false	0.5
krank	neg 1.0		__DUMMY__ 0.8876385293411989 off 0.06052294490161491 neg 0.051838525757186144	false	0.5
reich	neg 1.0		__DUMMY__ 0.8860753191822888 off 0.05828922246308681 neg 0.05563545835462434	false	0.5
gnadenlos	neg 1.0		__DUMMY__ 0.8889910112430476 off 0.055557331357253874 neg 0.055451657399698526	false	0.5
niedergeschlagen	neg 1.0		__DUMMY__ 0.8926287220280885 neg 0.05398482197726042 off 0.05338645599465105	false	1.0
terrorisieren	off 1.0	off 1.0	off 0.5093606678236737 __DUMMY__ 0.44776483971207387 neg 0.04287449246425241	false	1.0
sinnlosigkeit	neg 1.0		__DUMMY__ 0.8890833790549341 neg 0.057914272288760074 off 0.053002348656305896	false	1.0
behindern	neg 1.0		__DUMMY__ 0.8883998691680725 neg 0.05782149486660697 off 0.053778635965320565	false	1.0
undemokratisch	neg 1.0		__DUMMY__ 0.8855707991313826 neg 0.0588312408563739 off 0.05559796001224352	false	1.0
wirtschaftskrise	neg 1.0		__DUMMY__ 0.8887738710154708 neg 0.05945563926335846 off 0.05177048972117088	false	1.0
neid	neg 1.0		__DUMMY__ 0.8903114851945866 off 0.05873017739132242 neg 0.05095833741409102	false	0.5
rutschen	neg 1.0	neg 1.0	neg 0.5108146347076398 __DUMMY__ 0.4529077398677616 off 0.03627762542459864	false	1.0
rezession	neg 1.0		__DUMMY__ 0.8822500370812979 off 0.06309524948153225 neg 0.05465471343716992	false	0.5
fehlgeburt	neg 1.0		__DUMMY__ 0.8917780111108009 off 0.05622122153305029 neg 0.0520007673561488	false	0.5
charakterschwach	off 1.0		__DUMMY__ 0.8860785750156045 off 0.06031450122400163 neg 0.05360692376039379	false	1.0
isolation	neg 1.0		__DUMMY__ 0.8885878064915869 off 0.05806168319070168 neg 0.053350510317711465	false	0.5
ablenkung	neg 1.0		__DUMMY__ 0.8898441893734299 neg 0.05526576132045584 off 0.05489004930611428	false	1.0
pech	neg 1.0		__DUMMY__ 0.8884026233905462 off 0.05765356975527726 neg 0.053943806854176615	false	0.5
vermeidung	neg 1.0		__DUMMY__ 0.88411786071356 off 0.060207326499332366 neg 0.05567481278710763	false	0.5
dominieren	neg 1.0		__DUMMY__ 0.8937200766977919 neg 0.05477044448713444 off 0.05150947881507369	false	1.0
schwindlig	neg 1.0		__DUMMY__ 0.8927814134644179 off 0.056410118749618134 neg 0.05080846778596395	false	0.5
lutscher	neg 1.0		__DUMMY__ 0.8791254093675049 off 0.06795512064399056 neg 0.05291946998850447	false	0.5
pflicht	neg 1.0		__DUMMY__ 0.8900014261844821 neg 0.05957595113266211 off 0.0504226226828558	false	1.0
faschist	off 1.0		__DUMMY__ 0.8846559944492967 neg 0.05781820549042499 off 0.05752580006027835	false	0.5
verschleudern	neg 1.0		__DUMMY__ 0.8853724724525207 neg 0.06357809395666744 off 0.051049433590811905	false	1.0
wenn			__DUMMY__ 0.8873284614804257 off 0.058594698094416524 neg 0.054076840425157716	false	0.0
ehebruch	neg 1.0		__DUMMY__ 0.8901987813074344 neg 0.05779783769366173 off 0.05200338099890396	false	1.0
spott	off 1.0		__DUMMY__ 0.8887719612548929 neg 0.05968439202895854 off 0.05154364671614869	false	0.5
trostlosigkeit	neg 1.0		__DUMMY__ 0.8933432385085502 neg 0.05741926468351204 off 0.0492374968079377	false	1.0
lutschen	neg 1.0		__DUMMY__ 0.8867274608491145 off 0.0568356193760953 neg 0.05643691977479024	false	0.5
undiszipliniert	neg 1.0		__DUMMY__ 0.8867795462783081 off 0.06140786084568367 neg 0.05181259287600812	false	0.5
kopfschmerz	neg 1.0		__DUMMY__ 0.8926099738940446 neg 0.05453981906095715 off 0.05285020704499828	false	1.0
unvorhergesehen	neg 1.0		__DUMMY__ 0.895448206210605 neg 0.05369705902035513 off 0.05085473476903998	false	1.0
desinteressiert	neg 1.0		__DUMMY__ 0.8847427978035965 off 0.06137098500779131 neg 0.0538862171886121	false	0.5
armselig	off 1.0		__DUMMY__ 0.8821671066446581 off 0.06234017549965397 neg 0.05549271785568785	false	1.0
desaster	neg 1.0		__DUMMY__ 0.8913115185881534 neg 0.06039646467659649 off 0.04829201673525001	false	1.0
tod	neg 1.0		__DUMMY__ 0.8954273983469836 neg 0.05305110932144552 off 0.05152149233157092	false	1.0
herzlos	neg 1.0		__DUMMY__ 0.8838730265013223 off 0.06268106216506213 neg 0.05344591133361567	false	0.5
unwissenheit	neg 1.0		__DUMMY__ 0.8868846230089317 neg 0.060296475757084585 off 0.052818901233983744	false	1.0
widersinnig	neg 1.0	neg 1.0	neg 0.5167539373220569 __DUMMY__ 0.44282501732943574 off 0.04042104534850737	false	1.0
bedenklich	neg 1.0		__DUMMY__ 0.8890446904529578 neg 0.05923143112814813 off 0.05172387841889414	false	1.0
beanstanden	neg 1.0		__DUMMY__ 0.8910595933677342 neg 0.05912222475626417 off 0.04981818187600159	false	1.0
panisch	neg 1.0	neg 1.0	neg 0.5079277541533552 __DUMMY__ 0.44898963339037 off 0.043082612456274844	false	1.0
debil	off 1.0		__DUMMY__ 0.8952658868944596 neg 0.05966820983993753 off 0.04506590326560288	false	0.5
abstrich	neg 1.0		__DUMMY__ 0.8905822766906181 neg 0.058431457979200005 off 0.050986265330182065	false	1.0
primitiv	neg 1.0		__DUMMY__ 0.884384894494449 off 0.06094898037327393 neg 0.05466612513227709	false	0.5
abschaum	off 1.0	off 1.0	off 0.5149396463603207 __DUMMY__ 0.44326879778373623 neg 0.04179155585594301	false	1.0
provozieren	neg 1.0		__DUMMY__ 0.8878686693033994 neg 0.05673171151145714 off 0.055399619185143495	false	1.0
tot	neg 1.0		__DUMMY__ 0.8908201682077582 neg 0.0584254186038776 off 0.050754413188364204	false	1.0
instabil	neg 1.0		__DUMMY__ 0.8821886588720527 off 0.06064940251574483 neg 0.057161938612202465	false	0.5
schwuchtel	off 1.0		__DUMMY__ 0.8764041116866194 off 0.0722597832350216 neg 0.05133610507835903	false	1.0
zerren	neg 1.0		__DUMMY__ 0.8923960045494588 neg 0.0539987117730515 off 0.05360528367748976	false	1.0
kinderficker	off 1.0		__DUMMY__ 0.8801421169867055 off 0.064558467947423 neg 0.055299415065871535	false	1.0
gefahr	neg 1.0		__DUMMY__ 0.8918496536634887 neg 0.05804678304973249 off 0.050103563286778764	false	1.0
rabiat	neg 1.0		__DUMMY__ 0.8879260010962345 neg 0.057283875089536376 off 0.054790123814229034	false	1.0
verlangsamung	neg 1.0		__DUMMY__ 0.8824621788772451 off 0.0661173989461421 neg 0.051420422176612815	false	0.5
ausgestorben	neg 1.0		__DUMMY__ 0.891413405185651 neg 0.05443524950064032 off 0.05415134531370854	false	1.0
anklagen	neg 1.0		__DUMMY__ 0.8889835502498495 neg 0.057758060396081765 off 0.05325838935406869	false	1.0
trott	neg 1.0		__DUMMY__ 0.8904701394844415 neg 0.05553159703314953 off 0.053998263482408985	false	1.0
verminderung	neg 1.0		__DUMMY__ 0.8846160863001336 off 0.06089786116275197 neg 0.05448605253711444	false	0.5
nach			__DUMMY__ 0.9003222848478282 neg 0.05321325123081895 off 0.04646446392135284	false	0.0
rost	neg 1.0		__DUMMY__ 0.8845304741299748 off 0.06477891638798569 neg 0.05069060948203957	false	0.5
destruktiv	neg 1.0		__DUMMY__ 0.8863716392685704 neg 0.05918950698363219 off 0.05443885374779739	false	1.0
unzumutbarkeit	neg 1.0		__DUMMY__ 0.8886193888430459 off 0.058687406695534475 neg 0.052693204461419584	false	0.5
labil	off 1.0	off 1.0	off 0.5148874271884518 __DUMMY__ 0.4432428770969827 neg 0.041869695714565495	false	1.0
ziemlich	neg 1.0		__DUMMY__ 0.8873348161238149 off 0.059990923874793746 neg 0.05267426000139128	false	0.5
lachnummer	off 1.0		__DUMMY__ 0.8875856233650327 neg 0.05767562670171529 off 0.054738749933252014	false	0.5
oder			__DUMMY__ 0.8910313520094313 off 0.054693666901746624 neg 0.05427498108882206	false	0.0
verfall	neg 1.0		__DUMMY__ 0.8933168142124615 neg 0.060584778149645996 off 0.046098407637892476	false	1.0
ausgrenzung	neg 1.0		__DUMMY__ 0.8861550498844696 neg 0.05759415227495172 off 0.056250797840578785	false	1.0
unordnung	neg 1.0		__DUMMY__ 0.8893929910102361 off 0.05935741468097757 neg 0.051249594308786374	false	0.5
fehlverhalten	neg 1.0		__DUMMY__ 0.8902166706090213 neg 0.05906054414529808 off 0.05072278524568056	false	1.0
eine			__DUMMY__ 0.8917386882930769 neg 0.05841075925607933 off 0.049850552450843806	false	0.0
nille	neg 1.0		__DUMMY__ 0.8899749430789139 neg 0.05633287795602535 off 0.053692178965060816	false	1.0
qual	neg 1.0		__DUMMY__ 0.8902997221339546 neg 0.0558373912236429 off 0.053862886642402553	false	1.0
verschwenden	neg 1.0		__DUMMY__ 0.8893048479850209 neg 0.05868712217688284 off 0.052008029838096395	false	1.0
riesig	neg 1.0	neg 1.0	neg 0.5106128098265869 __DUMMY__ 0.4503701671454847 off 0.03901702302792841	false	1.0
verurteilen	neg 1.0		__DUMMY__ 0.8891711270685575 neg 0.05790252597471665 off 0.05292634695672594	false	1.0
klischee	neg 1.0	neg 1.0	neg 0.5131132650782158 __DUMMY__ 0.44282851722428745 off 0.04405821769749674	false	1.0
diktatorisch	neg 1.0		__DUMMY__ 0.8845107216829529 neg 0.0593354658905546 off 0.05615381242649265	false	1.0
vorhersehbar	neg 1.0	neg 1.0	neg 0.5127431266442659 __DUMMY__ 0.4436260509503655 off 0.04363082240536859	false	1.0
sowie			__DUMMY__ 0.882838260168017 off 0.06442654190585242 neg 0.05273519792613047	false	0.0
stornieren	neg 1.0		__DUMMY__ 0.8952963750442139 off 0.05508890283640484 neg 0.04961472211938131	false	0.5
besteuerung	neg 1.0		__DUMMY__ 0.8850312069816503 neg 0.059985568789751954 off 0.05498322422859779	false	1.0
ungeschminkt	neg 1.0		__DUMMY__ 0.8847206988153428 off 0.05989415534280574 neg 0.055385145841851405	false	0.5
kritisch	neg 1.0		__DUMMY__ 0.8891926924904543 neg 0.05918753326820456 off 0.051619774241341135	false	1.0
schlamperei	off 1.0		__DUMMY__ 0.8892238146498658 neg 0.06012045143870379 off 0.05065573391143053	false	0.5
sucht	neg 1.0	neg 1.0	neg 0.5103088433738592 __DUMMY__ 0.44865705535066663 off 0.041034101275474105	false	1.0
egoistisch	off 1.0		__DUMMY__ 0.8835054553497547 off 0.06487120512823087 neg 0.05162333952201449	false	1.0
ausbeuter	off 1.0		__DUMMY__ 0.8888271562556106 neg 0.060582874496232224 off 0.05058996924815718	false	0.5
arschgeburt	off 1.0		__DUMMY__ 0.875445181494963 off 0.0725309855758316 neg 0.05202383292920554	false	1.0
schubs	neg 1.0	neg 1.0	neg 0.5111121438418933 __DUMMY__ 0.4493545666201829 off 0.03953328953792383	false	1.0
unsolide	neg 1.0		__DUMMY__ 0.8808856788822272 neg 0.06262832983352346 off 0.056485991284249325	false	1.0
beschwerde	neg 1.0		__DUMMY__ 0.8891378238540374 neg 0.060118336505286155 off 0.05074383964067655	false	1.0
stocken	neg 1.0		__DUMMY__ 0.8905141145101667 neg 0.05821186138203841 off 0.05127402410779483	false	1.0
isolieren	neg 1.0		__DUMMY__ 0.8888284069502344 neg 0.058907208883609494 off 0.05226438416615609	false	1.0
unheilbar	neg 1.0		__DUMMY__ 0.8919218424192031 off 0.05524296010895058 neg 0.05283519747184618	false	0.5
pisser	off 1.0		__DUMMY__ 0.8859718784566248 off 0.0611396985970956 neg 0.052888422946279635	false	1.0
löschen	neg 1.0		__DUMMY__ 0.8895296394829474 neg 0.0559859661948565 off 0.05448439432219612	false	1.0
durchfallen	neg 1.0		__DUMMY__ 0.8874727624410271 neg 0.05980277406129539 off 0.05272446349767753	false	1.0
wichser	off 1.0		__DUMMY__ 0.8807579302760761 off 0.06913611832415859 neg 0.05010595139976538	false	1.0
terror	neg 1.0		__DUMMY__ 0.8902194162659346 off 0.05684288014857861 neg 0.052937703585486794	false	0.5
krass	neg 1.0		__DUMMY__ 0.8838588352451852 off 0.06281049145776638 neg 0.053330673297048554	false	0.5
revolte	neg 1.0		__DUMMY__ 0.8857466189578386 neg 0.05754011921038646 off 0.05671326183177509	false	1.0
besorgt	neg 1.0		__DUMMY__ 0.8937067225230224 neg 0.053544513135523844 off 0.05274876434145365	false	1.0
nachlassen	neg 1.0		__DUMMY__ 0.8916598840357396 neg 0.05766348240665244 off 0.05067663355760797	false	1.0
alt	neg 1.0		__DUMMY__ 0.8914143472160948 neg 0.05733890702858784 off 0.05124674575531737	false	1.0
hundesohn	off 1.0		__DUMMY__ 0.8791615607549493 off 0.06803781486317967 neg 0.052800624381871046	false	1.0
als			__DUMMY__ 0.8922460577416564 neg 0.05477113042880382 off 0.052982811829539844	false	0.0
abschreckung	neg 1.0		__DUMMY__ 0.8920702477661022 neg 0.058536443132121634 off 0.04939330910177617	false	1.0
unqualifiziert	neg 1.0		__DUMMY__ 0.8831927475925708 neg 0.05894794429200307 off 0.05785930811542622	false	1.0
abgewichst	off 1.0		__DUMMY__ 0.8908623547427601 neg 0.056121944109545394 off 0.05301570114769445	false	0.5
schwer	neg 1.0		__DUMMY__ 0.8897677352575777 neg 0.0556301398850894 off 0.05460212485733294	false	1.0
bedeutungslosigkeit	neg 1.0		__DUMMY__ 0.8906654361775472 neg 0.05914182683261097 off 0.05019273698984183	false	1.0
kapitulation	neg 1.0		__DUMMY__ 0.8878211975898718 neg 0.06069276674369477 off 0.05148603566643341	false	1.0
unscharf	neg 1.0		__DUMMY__ 0.8881054733701542 off 0.0562493360249371 neg 0.05564519060490861	false	0.5
schwinden	neg 1.0		__DUMMY__ 0.890834846275387 neg 0.05919724647139001 off 0.04996790725322295	false	1.0
versklavung	neg 1.0		__DUMMY__ 0.8848126288789067 neg 0.05947430925025234 off 0.055713061870840984	false	1.0
schlecht	neg 1.0		__DUMMY__ 0.8876307303791537 off 0.060146423047485804 neg 0.05222284657336053	false	0.5
verhasst	neg 1.0		__DUMMY__ 0.8880311950461003 neg 0.05622121482051795 off 0.05574759013338176	false	1.0
beschweren	neg 1.0		__DUMMY__ 0.8882877847740991 off 0.05639773920202403 neg 0.055314476023876825	false	0.5
scheiden	neg 1.0		__DUMMY__ 0.895099815288255 off 0.05452072107609989 neg 0.050379463635645126	false	0.5
frustriert	neg 1.0		__DUMMY__ 0.8900948776048283 neg 0.05619967798404747 off 0.0537054444111242	false	1.0
schimmelig	neg 1.0		__DUMMY__ 0.8924112428534808 neg 0.05708716225803931 off 0.05050159488847992	false	1.0
fisch	neg 1.0		__DUMMY__ 0.8975127362312684 neg 0.053157248896141554 off 0.04933001487259016	false	1.0
schmuggel	neg 1.0		__DUMMY__ 0.8961122931861694 neg 0.0539262663351743 off 0.049961440478656215	false	1.0
auffallen	neg 1.0		__DUMMY__ 0.8882879686644493 off 0.05695262397258266 neg 0.054759407362968124	false	0.5
konkurrenz	neg 1.0	neg 1.0	neg 0.5147947242922285 __DUMMY__ 0.4479417854825843 off 0.037263490225187046	false	1.0
teufelskreis	neg 1.0		__DUMMY__ 0.8890721660911733 neg 0.056716990524722705 off 0.05421084338410392	false	1.0
aufschreien	neg 1.0		__DUMMY__ 0.8871094491428196 off 0.05690157845833234 neg 0.05598897239884806	false	0.5
schuldner	neg 1.0		__DUMMY__ 0.8917869948662299 neg 0.05800386526952717 off 0.050209139864243024	false	1.0
missgeburt	off 1.0	off 1.0	off 0.5188767551684795 __DUMMY__ 0.4413294086302912 neg 0.03979383620122921	false	1.0
arbeitslos	neg 1.0		__DUMMY__ 0.8875740856693783 neg 0.059414678958846265 off 0.05301123537177546	false	1.0
befallen	neg 1.0		__DUMMY__ 0.8899080548057324 neg 0.056882014976446994 off 0.053209930217820625	false	1.0
miesepetrig	off 1.0	off 1.0	off 0.5153144497348853 __DUMMY__ 0.444717391552278 neg 0.03996815871283665	false	1.0
alarmieren	neg 1.0		__DUMMY__ 0.8850195216036935 off 0.05890330873851434 neg 0.05607716965779207	false	0.5
ungeduscht	off 1.0		__DUMMY__ 0.8888516419320115 off 0.057376585994693835 neg 0.05377177207329475	false	1.0
knappheit	neg 1.0		__DUMMY__ 0.8878098399954628 neg 0.06087105040505893 off 0.05131910959947824	false	1.0
schlange	neg 1.0		__DUMMY__ 0.8917176491996233 off 0.05613550023136169 neg 0.052146850569015114	false	0.5
harsch	neg 1.0		__DUMMY__ 0.8860927360631113 off 0.06353063704254922 neg 0.050376626894339464	false	0.5
lang	neg 1.0		__DUMMY__ 0.8898696377086918 neg 0.055245768983294155 off 0.05488459330801407	false	1.0
ziellos	neg 1.0		__DUMMY__ 0.892216742961582 neg 0.055364711138548996 off 0.05241854589986896	false	1.0
selbstverliebt	neg 1.0		__DUMMY__ 0.877025462954182 off 0.07004364889972833 neg 0.05293088814608959	false	0.5
beseitigen	neg 1.0	neg 1.0	neg 0.5102435249376397 __DUMMY__ 0.4490643545009044 off 0.04069212056145594	false	1.0
dumm	off 1.0		__DUMMY__ 0.8817498957252965 off 0.06570974665356924 neg 0.05254035762113432	false	1.0
arbeitsloser	neg 1.0		__DUMMY__ 0.8904807342477421 neg 0.05723880432323027 off 0.05228046142902767	false	1.0
blitzen	neg 1.0		__DUMMY__ 0.888068642416291 off 0.057518775331863524 neg 0.054412582251845525	false	0.5
hilflos	neg 1.0		__DUMMY__ 0.8905238339554501 neg 0.056255272094662016 off 0.053220893949887875	false	1.0
eklig	off 1.0		__DUMMY__ 0.8816918803019378 off 0.06619661973779332 neg 0.052111499960268905	false	1.0
begriff			__DUMMY__ 0.8882254757047386 neg 0.05810959693008895 off 0.053664927365172345	false	0.0
hungersnot	neg 1.0		__DUMMY__ 0.8916605334836823 neg 0.055229030160376315 off 0.05311043635594129	false	1.0
ungesetzlich	neg 1.0		__DUMMY__ 0.8807926535597511 neg 0.06231120505217424 off 0.056896141388074695	false	1.0
verschwendung	neg 1.0		__DUMMY__ 0.8908131942788681 neg 0.05819893277498895 off 0.050987872946142904	false	1.0
schmerzvoll	neg 1.0		__DUMMY__ 0.8889520277359412 off 0.05629742851729366 neg 0.05475054374676512	false	0.5
vorzeitig	neg 1.0		__DUMMY__ 0.8902370551546555 off 0.05734966177293583 neg 0.05241328307240871	false	0.5
unvollkommenheit	neg 1.0		__DUMMY__ 0.896679306315049 off 0.052278259742098224 neg 0.05104243394285273	false	0.5
intervenieren	neg 1.0		__DUMMY__ 0.8886611238561044 neg 0.060477485716784 off 0.05086139042711159	false	1.0
banause	off 1.0		__DUMMY__ 0.8786556990214407 off 0.06804818990896724 neg 0.05329611106959212	false	1.0
rebell	neg 1.0		__DUMMY__ 0.8940223741915548 neg 0.05838292300742332 off 0.04759470280102188	false	1.0
unlogisch	neg 1.0		__DUMMY__ 0.8844816268830415 off 0.06238185193034808 neg 0.053136521186610365	false	0.5
leiden	neg 1.0		__DUMMY__ 0.8978957115153308 neg 0.05206612860285485 off 0.0500381598818144	false	1.0
abschaffung	neg 1.0		__DUMMY__ 0.8857426374599845 neg 0.059159218900821924 off 0.05509814363919364	false	1.0
sturz	neg 1.0		__DUMMY__ 0.8906195052656676 neg 0.05489024613005502 off 0.05449024860427732	false	1.0
verkleinerung	neg 1.0		__DUMMY__ 0.8832628597767593 neg 0.05936586832652376 off 0.05737127189671688	false	1.0
schmarotzer	off 1.0		__DUMMY__ 0.8874333873942469 neg 0.05965541420569409 off 0.052911198400058944	false	0.5
bestrafung	neg 1.0		__DUMMY__ 0.8882418876126842 off 0.056035295843008766 neg 0.05572281654430698	false	0.5
achtlos	neg 1.0		__DUMMY__ 0.8909964267678683 neg 0.05453345947233204 off 0.05447011375979963	false	1.0
ungeheuer	neg 1.0		__DUMMY__ 0.8890150574590907 off 0.057328282997819044 neg 0.053656659543090374	false	0.5
