unsolidarisch	neg 1.0		__DUMMY__ 0.9269637650448111 neg 0.039270634371848356 off 0.03376560058334049	false	1.0
nachteilig	neg 1.0		__DUMMY__ 0.9326127472042437 neg 0.03695064609331121 off 0.03043660670244511	false	1.0
skeptisch	neg 1.0		__DUMMY__ 0.9333295568355989 neg 0.03669350608504308 off 0.029976937079358015	false	1.0
schrecklich	neg 1.0		__DUMMY__ 0.9283759093678277 off 0.04040760209520918 neg 0.03121648853696316	false	0.5
schlapp	neg 1.0		__DUMMY__ 0.9312047653305682 off 0.0367150626470901 neg 0.03208017202234175	false	0.5
abfall	neg 1.0		__DUMMY__ 0.9347593502916307 neg 0.037280441441142356 off 0.027960208267226914	false	1.0
widerspenstig	neg 1.0		__DUMMY__ 0.9330167104507219 neg 0.033842468101307935 off 0.03314082144797027	false	1.0
abrupt	neg 1.0		__DUMMY__ 0.9362244757761814 neg 0.033930771608750965 off 0.029844752615067534	false	1.0
unwirksam	neg 1.0		__DUMMY__ 0.9284317158532925 neg 0.03829175727059019 off 0.03327652687611722	false	1.0
angreifen	neg 1.0	neg 1.0	neg 0.5034446231874593 __DUMMY__ 0.46899474100997707 off 0.027560635802563543	false	1.0
inkonsistent	neg 1.0		__DUMMY__ 0.9330823053396505 off 0.03370389610694211 neg 0.03321379855340742	false	0.5
abrutschen	neg 1.0		__DUMMY__ 0.9346448116701396 neg 0.03712554732692898 off 0.028229641002931443	false	1.0
unsicher	neg 1.0		__DUMMY__ 0.9328152592674535 neg 0.03361144905984757 off 0.03357329167269902	false	1.0
bauernkind	off 1.0	off 1.0	off 0.5063484086788856 __DUMMY__ 0.46168670357567054 neg 0.03196488774544381	false	1.0
angreifer	neg 1.0		__DUMMY__ 0.9328576587856848 off 0.03445817384141866 neg 0.03268416737289658	false	0.5
trennen	neg 1.0		__DUMMY__ 0.9371846418745563 neg 0.03250160904042814 off 0.03031374908501548	false	1.0
schmutz	neg 1.0		__DUMMY__ 0.9368383202757857 off 0.034212290568098346 neg 0.028949389156115876	false	0.5
inkonsistenz	neg 1.0		__DUMMY__ 0.9271433492168252 off 0.03668130916027007 neg 0.036175341622904734	false	0.5
erschreckend	neg 1.0		__DUMMY__ 0.931342310388889 neg 0.03579010686795194 off 0.032867582743158937	false	1.0
ertrinken	neg 1.0		__DUMMY__ 0.9355163729652263 neg 0.03354402998103022 off 0.030939597053743453	false	1.0
pickelface	off 1.0		__DUMMY__ 0.9328411830778204 neg 0.035230331886866584 off 0.03192848503531296	false	0.5
seiner			__DUMMY__ 0.9349320111398723 neg 0.034850730885712874 off 0.030217257974414713	false	0.0
lauch	neg 1.0		__DUMMY__ 0.9338271428826892 neg 0.03814465848289156 off 0.02802819863441928	false	1.0
unwichtig	neg 1.0		__DUMMY__ 0.9293832361794836 off 0.03703491913782507 neg 0.03358184468269123	false	0.5
steuerhinterziehung	neg 1.0		__DUMMY__ 0.9302538209626716 neg 0.03733134046637761 off 0.03241483857095085	false	1.0
schock	neg 1.0		__DUMMY__ 0.9352972152432475 off 0.03273593513144974 neg 0.031966849625302794	false	0.5
beule	neg 1.0		__DUMMY__ 0.9315509569283414 off 0.036816742278976154 neg 0.03163230079268235	false	0.5
vergelten	neg 1.0		__DUMMY__ 0.9319520909005024 off 0.039532393554946005 neg 0.02851551554455165	false	0.5
verdorbenheit	neg 1.0		__DUMMY__ 0.9335109116726695 neg 0.033915945164562054 off 0.03257314316276841	false	1.0
trauma	neg 1.0		__DUMMY__ 0.9319232731411323 off 0.03417613597839693 neg 0.03390059088047068	false	0.5
sinnlos	neg 1.0		__DUMMY__ 0.9324516718669247 off 0.03521264083245975 neg 0.03233568730061559	false	0.5
fettsack	off 1.0	off 1.0	off 0.5076272077997794 __DUMMY__ 0.4635793298373084 neg 0.028793462362912258	false	1.0
feige	off 1.0	off 1.0	off 0.5043214630915734 __DUMMY__ 0.4645955112355397 neg 0.031083025672886826	false	1.0
abdanken	neg 1.0		__DUMMY__ 0.9305313121152822 neg 0.036237204790506405 off 0.033231483094211436	false	1.0
wichtigtuer	off 1.0	off 1.0	off 0.5022862195652413 __DUMMY__ 0.46613883559906977 neg 0.03157494483568891	false	1.0
misslingen	neg 1.0		__DUMMY__ 0.9375209216396541 off 0.033756009677460244 neg 0.028723068682885777	false	0.5
untreu	off 1.0		__DUMMY__ 0.9285988689887689 off 0.03790442214561118 neg 0.03349670886561994	false	1.0
missmutig	neg 1.0		__DUMMY__ 0.9300758243561571 off 0.03691306021598427 neg 0.03301111542785861	false	0.5
hurenbock	off 1.0		__DUMMY__ 0.9335686868664677 off 0.03408778046222264 neg 0.03234353267130973	false	1.0
betrunken	neg 1.0		__DUMMY__ 0.9313480710441683 off 0.03860932850538403 neg 0.03004260045044765	false	0.5
korrupt	off 1.0		__DUMMY__ 0.9289710064292042 neg 0.03894208780091728 off 0.03208690576987864	false	0.5
unmut	neg 1.0		__DUMMY__ 0.9342471854052088 neg 0.03754024852562264 off 0.028212566069168634	false	1.0
hackfresse	off 1.0		__DUMMY__ 0.9254665520438927 off 0.04292061642763551 neg 0.03161283152847168	false	1.0
aufblasen	neg 1.0		__DUMMY__ 0.9335511741162354 off 0.034245920316019675 neg 0.032202905567744786	false	0.5
gewaltsam	neg 1.0		__DUMMY__ 0.9332256067568241 neg 0.033946857329660615 off 0.03282753591351523	false	1.0
unbeliebtheit	neg 1.0		__DUMMY__ 0.9241063876384991 neg 0.03896237105682841 off 0.036931241304672534	false	1.0
sturheit	neg 1.0		__DUMMY__ 0.931200615878133 neg 0.03580155386681416 off 0.03299783025505279	false	1.0
kuh	neg 1.0		__DUMMY__ 0.9301421815123498 neg 0.03655501641957297 off 0.033302802068077224	false	1.0
erschrecken	neg 1.0		__DUMMY__ 0.9313326311594485 off 0.036426541945588455 neg 0.03224082689496302	false	0.5
opfer	neg 1.0		__DUMMY__ 0.9347681290453786 neg 0.034094008198391305 off 0.03113786275622999	false	1.0
sinken	neg 1.0		__DUMMY__ 0.9348933991216452 neg 0.03668265179066476 off 0.028423949087690064	false	1.0
stinktier	neg 1.0		__DUMMY__ 0.926461453869662 off 0.04074535573545709 neg 0.03279319039488081	false	0.5
tucke	off 1.0		__DUMMY__ 0.9222542607022137 off 0.04318442522013418 neg 0.03456131407765213	false	1.0
ein			__DUMMY__ 0.9331301150333337 off 0.0336893925358211 neg 0.033180492430845275	false	0.0
abstieg	neg 1.0		__DUMMY__ 0.9363175626950145 neg 0.0332724139598515 off 0.03041002334513398	false	1.0
missverstehen	neg 1.0		__DUMMY__ 0.9299769496567428 off 0.03550524838435934 neg 0.034517801958897754	false	0.5
ergebnislos	neg 1.0		__DUMMY__ 0.9331982719899693 neg 0.036384136846504135 off 0.030417591163526513	false	1.0
unter			__DUMMY__ 0.9403430268085555 neg 0.035004718755263085 off 0.024652254436181444	false	0.0
manipulieren	neg 1.0		__DUMMY__ 0.9334038013803648 neg 0.03649295598147797 off 0.030103242638157186	false	1.0
unbewiesen	neg 1.0		__DUMMY__ 0.9260407568516903 neg 0.03992482755853199 off 0.034034415589777704	false	1.0
verschleppen	neg 1.0		__DUMMY__ 0.933337271350814 neg 0.034992385147312115 off 0.03167034350187383	false	1.0
weib	off 1.0		__DUMMY__ 0.9253428541195826 off 0.04290319634349739 neg 0.031753949536920005	false	1.0
opposition	neg 1.0		__DUMMY__ 0.9295690809045198 neg 0.03589092092749676 off 0.03453999816798342	false	1.0
verkehrswidrig	neg 1.0	neg 1.0	neg 0.4925556481159663 __DUMMY__ 0.4718673339179838 off 0.03557701796605	false	1.0
inkorrekt	neg 1.0		__DUMMY__ 0.9261411113686618 off 0.03903480915808558 neg 0.034824079473252535	false	0.5
vermeiden	neg 1.0		__DUMMY__ 0.9373331229294817 neg 0.03639284553405707 off 0.026274031536461278	false	1.0
abweichung	neg 1.0		__DUMMY__ 0.9327638484730701 neg 0.03659018343839861 off 0.03064596808853132	false	1.0
alkoholisiert	neg 1.0		__DUMMY__ 0.9397911861706627 neg 0.031058431049693355 off 0.029150382779644032	false	1.0
scheiss	off 1.0	off 1.0	off 0.5036658496740637 __DUMMY__ 0.4669973532276695 neg 0.029336797098266802	false	1.0
herausforderung	neg 1.0	neg 1.0	neg 0.49678817947677145 __DUMMY__ 0.4760733661748593 off 0.027138454348369298	false	1.0
pervers	off 1.0		__DUMMY__ 0.9242178207757669 off 0.04523669971125111 neg 0.030545479512982004	false	1.0
wackelig	neg 1.0		__DUMMY__ 0.9367794452478163 neg 0.031963263092772795 off 0.03125729165941085	false	1.0
verwickeln	neg 1.0		__DUMMY__ 0.9298090003655037 off 0.035477237524750224 neg 0.03471376210974602	false	0.5
vorwand	neg 1.0		__DUMMY__ 0.9343229047914463 neg 0.03620277021760124 off 0.029474324990952528	false	1.0
muschi	off 1.0		__DUMMY__ 0.9326784859354605 neg 0.034982390132544644 off 0.03233912393199474	false	0.5
entmutigung	neg 1.0		__DUMMY__ 0.9288692294881219 neg 0.036269436027971606 off 0.034861334483906395	false	1.0
unangemessen	neg 1.0		__DUMMY__ 0.9312664103385072 neg 0.0364097548413655 off 0.03232383482012726	false	1.0
unstetig	neg 1.0		__DUMMY__ 0.9340871325400889 off 0.033714352088838884 neg 0.03219851537107222	false	0.5
entmutigen	neg 1.0		__DUMMY__ 0.9316863918210259 off 0.03448364603767996 neg 0.03382996214129417	false	0.5
schwanz	neg 1.0		__DUMMY__ 0.9347184174891485 neg 0.03549354882320298 off 0.029788033687648457	false	1.0
verbot	neg 1.0		__DUMMY__ 0.9308791348473552 neg 0.03729011060843832 off 0.031830754544206585	false	1.0
leid	neg 1.0		__DUMMY__ 0.9286229063241157 off 0.04112131817565778 neg 0.030255775500226498	false	0.5
archaisch	neg 1.0		__DUMMY__ 0.9331978753896879 neg 0.03479978031972736 off 0.032002344290584635	false	1.0
gegen			__DUMMY__ 0.9358226112411123 neg 0.035047984097798246 off 0.029129404661089358	false	0.0
scheidung	neg 1.0		__DUMMY__ 0.9242070071046997 off 0.04809599388829989 neg 0.027696999007000477	false	0.5
einschlag	neg 1.0	neg 1.0	neg 0.49738126812803973 __DUMMY__ 0.4668947125504252 off 0.03572401932153509	false	1.0
m			__DUMMY__ 0.9344285494551277 neg 0.0339212218574961 off 0.03165022868737622	false	0.0
abgestanden	neg 1.0		__DUMMY__ 0.933854453537497 off 0.0331440397201071 neg 0.033001506742396	false	0.5
schmierig	off 1.0		__DUMMY__ 0.9286867138458579 off 0.04079092382055833 neg 0.03052236233358381	false	1.0
unpraktisch	neg 1.0		__DUMMY__ 0.9341146755883889 off 0.03376564162868888 neg 0.03211968278292229	false	0.5
wixxer	off 1.0		__DUMMY__ 0.9234818542781744 off 0.045080086562066926 neg 0.0314380591597586	false	1.0
bezeichnet			__DUMMY__ 0.9314908535757774 neg 0.035215353061051086 off 0.03329379336317154	false	0.0
jammerlappen	off 1.0		__DUMMY__ 0.9297035192745519 off 0.037143632625108516 neg 0.03315284810033965	false	1.0
farce	neg 1.0		__DUMMY__ 0.9296405836872103 neg 0.037999363433423854 off 0.03236005287936594	false	1.0
zwecklos	neg 1.0		__DUMMY__ 0.9315558144342403 neg 0.03619912534888659 off 0.032245060216873164	false	1.0
turbulent	neg 1.0		__DUMMY__ 0.929533566937352 off 0.037310881910874776 neg 0.033155551151773203	false	0.5
invasion	neg 1.0		__DUMMY__ 0.932007334596931 off 0.03520442613588619 neg 0.03278823926718277	false	0.5
schuld	neg 1.0		__DUMMY__ 0.9313726351750165 neg 0.034367783696529625 off 0.03425958112845394	false	1.0
risiko	neg 1.0		__DUMMY__ 0.9342999651448813 off 0.03358887488501041 neg 0.03211115997010829	false	0.5
finster	neg 1.0		__DUMMY__ 0.9331543099584239 off 0.03351557630959198 neg 0.033330113731984114	false	0.5
geisteskrank	off 1.0		__DUMMY__ 0.9277887593725432 off 0.038494940770577905 neg 0.03371629985687889	false	1.0
zusammenbrechen	neg 1.0		__DUMMY__ 0.9336558031722365 neg 0.03384463827961444 off 0.03249955854814898	false	1.0
ausbeute	neg 1.0		__DUMMY__ 0.9372156288285066 neg 0.03330567158056058 off 0.02947869959093279	false	1.0
hinterhalt	neg 1.0		__DUMMY__ 0.935452417222465 neg 0.032788307110361785 off 0.031759275667173216	false	1.0
kritik	neg 1.0		__DUMMY__ 0.9303280065110967 neg 0.03740977353596096 off 0.03226221995294239	false	1.0
einschrumpfen	neg 1.0		__DUMMY__ 0.9281900059689593 neg 0.03609986626255326 off 0.03571012776848751	false	1.0
riskant	neg 1.0		__DUMMY__ 0.9326691844544532 neg 0.03633491599295589 off 0.03099589955259087	false	1.0
frustrieren	neg 1.0		__DUMMY__ 0.9332112827168654 neg 0.03571983672750495 off 0.031068880555629612	false	1.0
groll	neg 1.0		__DUMMY__ 0.9330087376596914 neg 0.034963966241901984 off 0.0320272960984066	false	1.0
gibt			__DUMMY__ 0.9323382612222009 neg 0.03532191739939045 off 0.03233982137840872	false	0.0
qualvoll	neg 1.0		__DUMMY__ 0.9326047058264058 off 0.035776878949829484 neg 0.03161841522376481	false	0.5
wackeln	neg 1.0	neg 1.0	neg 0.49849763028789384 __DUMMY__ 0.47075138431579977 off 0.030750985396306458	false	1.0
klagen	neg 1.0		__DUMMY__ 0.9347198658804604 neg 0.03673864625415356 off 0.02854148786538596	false	1.0
bankrott	neg 1.0		__DUMMY__ 0.9311789777223698 off 0.03608542406048986 neg 0.03273559821714034	false	0.5
trauern	neg 1.0		__DUMMY__ 0.9352317629053832 neg 0.033874841210279526 off 0.030893395884337156	false	1.0
ablehnung	neg 1.0		__DUMMY__ 0.9304231126756206 neg 0.03722831624762023 off 0.03234857107675917	false	1.0
stur	neg 1.0		__DUMMY__ 0.9304295580936744 neg 0.03488021289674131 off 0.0346902290095842	false	1.0
aufruhr	neg 1.0		__DUMMY__ 0.9330040721444729 neg 0.034147567198982355 off 0.03284836065654465	false	1.0
melancholie	neg 1.0		__DUMMY__ 0.9346434701544076 neg 0.034153881868904945 off 0.03120264797668737	false	1.0
ist			__DUMMY__ 0.9313207243383682 off 0.034782873160474466 neg 0.03389640250115735	false	0.0
torheit	neg 1.0		__DUMMY__ 0.9301569321683603 neg 0.03554842352766461 off 0.03429464430397504	false	1.0
dreckskind	off 1.0		__DUMMY__ 0.9253332831122875 off 0.04182648980147577 neg 0.03284022708623677	false	1.0
umtauschen	neg 1.0		__DUMMY__ 0.9329896725297601 neg 0.034436378127290716 off 0.032573949342949216	false	1.0
zum			__DUMMY__ 0.9409409247749229 neg 0.03280836130523309 off 0.026250713919844026	false	0.0
zersetzen	neg 1.0		__DUMMY__ 0.9323894068517187 neg 0.037613828891717396 off 0.029996764256564015	false	1.0
zur			__DUMMY__ 0.9381052723239907 neg 0.035792987334036803 off 0.02610174034197255	false	0.0
frust	neg 1.0		__DUMMY__ 0.9332425924006081 neg 0.0343064464334534 off 0.03245096116593842	false	1.0
unerbittlichkeit	neg 1.0		__DUMMY__ 0.9329193609455892 neg 0.03700363685686642 off 0.03007700219754433	false	1.0
zwei			__DUMMY__ 0.938791059185416 neg 0.033344156139127404 off 0.027864784675456528	false	0.0
unkorrekt	neg 1.0		__DUMMY__ 0.92518915198172 off 0.039312158094357855 neg 0.03549868992392207	false	0.5
hexe	off 1.0		__DUMMY__ 0.9298112459504644 off 0.03723282909085872 neg 0.0329559249586769	false	1.0
lasch	neg 1.0		__DUMMY__ 0.9282488735523703 off 0.036389668183340905 neg 0.035361458264288735	false	0.5
rivale	neg 1.0		__DUMMY__ 0.9299277255869945 off 0.03889909175069663 neg 0.031173182662308882	false	0.5
mutlos	off 1.0	off 1.0	off 0.4983145088633142 __DUMMY__ 0.46728094619091287 neg 0.03440454494577293	false	1.0
wirr	off 1.0		__DUMMY__ 0.9253820451465626 off 0.03939398323550547 neg 0.03522397161793186	false	1.0
jahr			__DUMMY__ 0.9376930112451224 neg 0.033191174404272245 off 0.029115814350605437	false	0.0
wird			__DUMMY__ 0.9334684273673516 neg 0.03535299360501152 off 0.03117857902763691	false	0.0
strafbar	neg 1.0		__DUMMY__ 0.9322407328650171 neg 0.036597343830879814 off 0.031161923304103147	false	1.0
erosion	neg 1.0		__DUMMY__ 0.9336781492940557 off 0.03371456740712642 neg 0.03260728329881789	false	0.5
eingehen	neg 1.0		__DUMMY__ 0.9311632572938571 neg 0.03703688532073952 off 0.031799857385403446	false	1.0
faul	off 1.0		__DUMMY__ 0.9320106955120623 off 0.036102206825473694 neg 0.03188709766246398	false	1.0
provisorium	neg 1.0		__DUMMY__ 0.9392812909195534 neg 0.036372745667511974 off 0.024345963412934688	false	1.0
schmerzen	neg 1.0		__DUMMY__ 0.9332181901497942 neg 0.03390706209434964 off 0.032874747755856124	false	1.0
schrumpfen	neg 1.0		__DUMMY__ 0.9347633962237489 neg 0.03872562721170803 off 0.026510976564543046	false	1.0
geistlos	off 1.0		__DUMMY__ 0.9265552378721124 neg 0.03767145328248539 off 0.03577330884540222	false	0.5
fehlkauf	neg 1.0		__DUMMY__ 0.93132277171079 off 0.03473955110321573 neg 0.03393767718599428	false	0.5
frustrierend	neg 1.0		__DUMMY__ 0.9319175164045201 off 0.03638344126319112 neg 0.03169904233228874	false	0.5
unzufrieden	neg 1.0		__DUMMY__ 0.9312389713717553 neg 0.03658323028282822 off 0.03217779834541648	false	1.0
verzweifeln	neg 1.0		__DUMMY__ 0.9324359794374727 neg 0.03433017762558841 off 0.03323384293693894	false	1.0
verzweifelt	neg 1.0		__DUMMY__ 0.9310179088798608 off 0.034721521744791525 neg 0.0342605693753477	false	0.5
misstrauensantrag	neg 1.0		__DUMMY__ 0.9301823921507425 off 0.034971697850199907 neg 0.034845909999057546	false	0.5
abfallen	neg 1.0		__DUMMY__ 0.9342678251701492 off 0.033987445979991086 neg 0.03174472884985975	false	0.5
fucker	off 1.0		__DUMMY__ 0.9280159201553713 off 0.038833844322699186 neg 0.033150235521929555	false	1.0
ungezogen	neg 1.0		__DUMMY__ 0.9261929701356433 off 0.0439056006228499 neg 0.02990142924150681	false	0.5
irrsinnig	neg 1.0	neg 1.0	neg 0.5020107336515007 __DUMMY__ 0.4666232297522155 off 0.03136603659628365	false	1.0
unfassbar	neg 1.0		__DUMMY__ 0.9289508232553252 off 0.0376250532998006 neg 0.03342412344487424	false	0.5
hart	neg 1.0		__DUMMY__ 0.9311990216720162 off 0.03572627729269186 neg 0.03307470103529196	false	0.5
widerlich	off 1.0		__DUMMY__ 0.9278236185977707 off 0.038352587657550494 neg 0.033823793744678754	false	1.0
fatal	neg 1.0		__DUMMY__ 0.9311057715845255 off 0.03501715322159409 neg 0.03387707519388043	false	0.5
bruch	neg 1.0		__DUMMY__ 0.9337131483220151 neg 0.03754141120576479 off 0.028745440472220177	false	1.0
aushungern	neg 1.0		__DUMMY__ 0.9303426428744256 neg 0.03654078674675645 off 0.03311657037881805	false	1.0
anspannung	neg 1.0	neg 1.0	neg 0.4989393202858074 __DUMMY__ 0.47681471717152313 off 0.024245962542669405	false	1.0
von			__DUMMY__ 0.9375416794118933 neg 0.03378899889709276 off 0.02866932169101401	false	0.0
kraftlos	neg 1.0		__DUMMY__ 0.935696211430999 neg 0.03249826169518317 off 0.03180552687381783	false	1.0
vom			__DUMMY__ 0.940636907910655 neg 0.03468006494109842 off 0.024683027148246516	false	0.0
grenzdebil	off 1.0		__DUMMY__ 0.9293172744527648 off 0.03828224550093172 neg 0.03240048004630347	false	1.0
vor			__DUMMY__ 0.9354917377609366 neg 0.035124371908789954 off 0.029383890330273322	false	0.0
unterwerfen	neg 1.0		__DUMMY__ 0.9335437903809205 neg 0.03555563819096279 off 0.0309005714281167	false	1.0
versenkung	neg 1.0		__DUMMY__ 0.9332382602856665 neg 0.035950897717991884 off 0.0308108419963416	false	1.0
entziehen	neg 1.0		__DUMMY__ 0.9343493692055406 neg 0.036657040506806085 off 0.02899359028765331	false	1.0
finanzkrise	neg 1.0		__DUMMY__ 0.9300387278659078 neg 0.037156582354981295 off 0.03280468977911086	false	1.0
schimpfend	neg 1.0		__DUMMY__ 0.9345693196760951 off 0.03366013147403308 neg 0.03177054884987178	false	0.5
profan	neg 1.0		__DUMMY__ 0.9308353262995628 off 0.03554845482273592 neg 0.03361621887770127	false	0.5
korruption	neg 1.0	neg 1.0	neg 0.5041264843515553 __DUMMY__ 0.4670163191298922 off 0.02885719651855255	false	1.0
â			__DUMMY__ 0.9345470611484151 neg 0.034592443470450276 off 0.030860495381134667	false	0.0
schmutzig	neg 1.0		__DUMMY__ 0.9307225806644933 off 0.037824476923543696 neg 0.03145294241196297	false	0.5
sexy	neg 1.0		__DUMMY__ 0.9310524485939287 off 0.03603033939776108 neg 0.03291721200831026	false	0.5
abraten	neg 1.0		__DUMMY__ 0.9317005900106267 off 0.03473875061406352 neg 0.03356065937530973	false	0.5
schwarz	neg 1.0		__DUMMY__ 0.9309118239955341 neg 0.03454610632924086 off 0.03454206967522506	false	1.0
fotze	off 1.0		__DUMMY__ 0.9334962755357381 neg 0.03579199639772704 off 0.030711728066534834	false	0.5
verwirren	neg 1.0		__DUMMY__ 0.9308489753190682 off 0.03577974348867699 neg 0.03337128119225476	false	0.5
zahnlos	off 1.0		__DUMMY__ 0.9314429558231228 neg 0.0363537845896095 off 0.032203259587267725	false	0.5
verheeren	neg 1.0		__DUMMY__ 0.9276920745080856 off 0.04487389853659792 neg 0.027434026955316586	false	0.5
hippie	neg 1.0		__DUMMY__ 0.9307791668559866 off 0.035746059095311734 neg 0.03347477404870171	false	0.5
rammen	neg 1.0		__DUMMY__ 0.9316682320900711 neg 0.034815328419692794 off 0.03351643949023605	false	1.0
unlauter	neg 1.0		__DUMMY__ 0.9269312394239019 neg 0.03909219060230573 off 0.033976569973792385	false	1.0
unheilvoll	neg 1.0		__DUMMY__ 0.9343419954086519 off 0.03479418985536426 neg 0.030863814735983743	false	0.5
niedrig	neg 1.0		__DUMMY__ 0.9351255172025695 neg 0.034999500704940005 off 0.029874982092490492	false	1.0
explosion	neg 1.0		__DUMMY__ 0.9303805200801062 off 0.03522387294587954 neg 0.0343956069740143	false	0.5
weichei	off 1.0		__DUMMY__ 0.926536127463249 off 0.041748876381716926 neg 0.03171499615503409	false	1.0
minusmensch	off 1.0		__DUMMY__ 0.9213714349405547 off 0.045116597895120195 neg 0.033511967164325036	false	1.0
farblos	neg 1.0		__DUMMY__ 0.9383585392128594 off 0.032035963196535885 neg 0.02960549759060473	false	0.5
unwissend	neg 1.0	neg 1.0	neg 0.5009800138885223 __DUMMY__ 0.46493469817667676 off 0.03408528793480094	false	1.0
traurig	neg 1.0		__DUMMY__ 0.9290981143107302 off 0.03966033502544437 neg 0.03124155066382552	false	0.5
senkung	neg 1.0		__DUMMY__ 0.9284070870018813 neg 0.03621724839196251 off 0.03537566460615616	false	1.0
ungleich	neg 1.0	neg 1.0	neg 0.5047306016230532 __DUMMY__ 0.46731281027004806 off 0.02795658810689888	false	1.0
heikel	neg 1.0		__DUMMY__ 0.9326536570128182 neg 0.03727048462586884 off 0.030075858361312914	false	1.0
drosselung	neg 1.0		__DUMMY__ 0.9306593096050363 off 0.03773637174285013 neg 0.03160431865211358	false	0.5
falsch	neg 1.0		__DUMMY__ 0.930813318999646 off 0.036523417173962236 neg 0.032663263826391786	false	0.5
unzufriedenheit	neg 1.0		__DUMMY__ 0.9333065428477723 neg 0.03693867711844299 off 0.029754780033784775	false	1.0
kurz	neg 1.0		__DUMMY__ 0.9347292832000682 neg 0.033246136278428165 off 0.03202458052150362	false	1.0
unsinnig	neg 1.0		__DUMMY__ 0.9303478437095034 neg 0.03712727363197083 off 0.032524882658525725	false	1.0
penner	off 1.0	off 1.0	off 0.5095067772733411 __DUMMY__ 0.4622033554264723 neg 0.028289867300186598	false	1.0
seicht	neg 1.0		__DUMMY__ 0.9233149568133158 off 0.04419197654381875 neg 0.03249306664286551	false	0.5
dummheit	off 1.0	off 1.0	off 0.5025100231328979 __DUMMY__ 0.4656726266963393 neg 0.031817350170762745	false	1.0
unerfreulich	neg 1.0		__DUMMY__ 0.9345344494278472 neg 0.036243659709591564 off 0.02922189086256121	false	1.0
motherfucker	off 1.0	off 1.0	off 0.505441061867009 __DUMMY__ 0.4639081734064211 neg 0.030650764726569957	false	1.0
pikiert	neg 1.0		__DUMMY__ 0.9280220424208415 off 0.03756462633871791 neg 0.03441333124044054	false	0.5
wrack	neg 1.0		__DUMMY__ 0.9376364939581501 neg 0.032300667015816756 off 0.03006283902603316	false	1.0
gangster	neg 1.0		__DUMMY__ 0.9314325651111126 off 0.035378618703593157 neg 0.033188816185294255	false	0.5
krank	neg 1.0		__DUMMY__ 0.9307862482342849 off 0.0382039569543672 neg 0.031009794811347944	false	0.5
reich	neg 1.0		__DUMMY__ 0.929350372663466 off 0.0365194629627698 neg 0.034130164373764225	false	0.5
gnadenlos	neg 1.0		__DUMMY__ 0.9318373966826158 off 0.034282425316360776 neg 0.03388017800102348	false	0.5
niedergeschlagen	neg 1.0		__DUMMY__ 0.9349681382796421 neg 0.032625738648266754 off 0.03240612307209118	false	1.0
terrorisieren	off 1.0	off 1.0	off 0.49851368141056035 __DUMMY__ 0.46996181020557837 neg 0.031524508383861276	false	1.0
sinnlosigkeit	neg 1.0		__DUMMY__ 0.9319132992624404 neg 0.03587654096674547 off 0.032210159770814206	false	1.0
behindern	neg 1.0		__DUMMY__ 0.9313774095220114 neg 0.03587299834311047 off 0.03274959213487814	false	1.0
undemokratisch	neg 1.0		__DUMMY__ 0.9289632682683017 neg 0.0365899560583737 off 0.03444677567332468	false	1.0
wirtschaftskrise	neg 1.0		__DUMMY__ 0.9316948037092377 neg 0.03708400574506662 off 0.031221190545695658	false	1.0
neid	neg 1.0		__DUMMY__ 0.9330815043722157 off 0.036728087562035 neg 0.03019040806574921	false	0.5
rutschen	neg 1.0	neg 1.0	neg 0.49947500877626544 __DUMMY__ 0.475251118803188 off 0.025273872420546524	false	1.0
rezession	neg 1.0		__DUMMY__ 0.9260712009230813 off 0.0405372799968747 neg 0.03339151908004403	false	0.5
fehlgeburt	neg 1.0		__DUMMY__ 0.9343039230979331 off 0.03470821702037041 neg 0.03098785988169647	false	0.5
charakterschwach	off 1.0		__DUMMY__ 0.9294231471420383 off 0.038178012139785146 neg 0.03239884071817648	false	1.0
isolation	neg 1.0		__DUMMY__ 0.9315542598219391 off 0.03624220381769635 neg 0.032203536360364535	false	0.5
ablenkung	neg 1.0		__DUMMY__ 0.9325763221862591 neg 0.033744207794730106 off 0.03367947001901087	false	1.0
pech	neg 1.0		__DUMMY__ 0.931440664822344 off 0.035808707136324835 neg 0.0327506280413312	false	0.5
vermeidung	neg 1.0		__DUMMY__ 0.927672978579983 off 0.038059781214408284 neg 0.0342672402056087	false	0.5
dominieren	neg 1.0		__DUMMY__ 0.9359356178892543 neg 0.03317166327399423 off 0.030892718836751556	false	1.0
schwindlig	neg 1.0		__DUMMY__ 0.9352597566903077 off 0.03469291850773217 neg 0.03004732480196014	false	0.5
lutscher	neg 1.0		__DUMMY__ 0.9234811220817326 off 0.0444471224573059 neg 0.032071755460961526	false	0.5
pflicht	neg 1.0		__DUMMY__ 0.9326665151720526 neg 0.03718395934587173 off 0.030149525482075716	false	1.0
faschist	off 1.0		__DUMMY__ 0.9281827283697069 off 0.036022747109377876 neg 0.03579452452091527	false	1.0
verschleudern	neg 1.0		__DUMMY__ 0.9287154365030504 neg 0.04058178222624356 off 0.030702781270705925	false	1.0
wenn			__DUMMY__ 0.9304489863914518 off 0.036723954664538955 neg 0.032827058944009224	false	0.0
ehebruch	neg 1.0		__DUMMY__ 0.9329201209511006 neg 0.035674963873519754 off 0.031404915175379716	false	1.0
spott	off 1.0		__DUMMY__ 0.9316891075596991 neg 0.03724649480262352 off 0.031064397637677356	false	0.5
trostlosigkeit	neg 1.0		__DUMMY__ 0.9355985548936644 neg 0.03533375550481843 off 0.02906768960151716	false	1.0
lutschen	neg 1.0		__DUMMY__ 0.9299672868448585 off 0.03530828597748484 neg 0.0347244271776567	false	0.5
undiszipliniert	neg 1.0		__DUMMY__ 0.9300461282088488 off 0.03897556812818872 neg 0.0309783036629625	false	0.5
kopfschmerz	neg 1.0		__DUMMY__ 0.9350082711146034 neg 0.033147413051357724 off 0.03184431583403893	false	1.0
unvorhergesehen	neg 1.0		__DUMMY__ 0.9374394500094198 neg 0.03236375660202659 off 0.030196793388553644	false	1.0
desinteressiert	neg 1.0		__DUMMY__ 0.9282798440473806 off 0.0390051045199354 neg 0.03271505143268395	false	0.5
armselig	off 1.0		__DUMMY__ 0.926049167121316 off 0.03987782788406539 neg 0.03407300499461859	false	1.0
desaster	neg 1.0		__DUMMY__ 0.9338319093093242 neg 0.03778480775024436 off 0.028383282940431357	false	1.0
tod	neg 1.0		__DUMMY__ 0.9374455237864663 neg 0.03174194571954519 off 0.030812530493988438	false	1.0
herzlos	neg 1.0		__DUMMY__ 0.9275205106625972 off 0.04008980114740391 neg 0.03238968818999895	false	0.5
unwissenheit	neg 1.0		__DUMMY__ 0.9300527792437134 neg 0.03783626263399981 off 0.03211095812228677	false	1.0
widersinnig	neg 1.0	neg 1.0	neg 0.5054454599475969 __DUMMY__ 0.46488325888565984 off 0.02967128116674326	false	1.0
bedenklich	neg 1.0		__DUMMY__ 0.9319044631282805 neg 0.03692902832660461 off 0.031166508545114976	false	1.0
beanstanden	neg 1.0		__DUMMY__ 0.9336261631140641 neg 0.03675650672205421 off 0.029617330163881708	false	1.0
panisch	neg 1.0	neg 1.0	neg 0.4967431912540851 __DUMMY__ 0.471291790924617 off 0.03196501782129784	false	1.0
debil	off 1.0		__DUMMY__ 0.9372625381564059 neg 0.03718760331752102 off 0.02554985852607308	false	0.5
abstrich	neg 1.0		__DUMMY__ 0.9333461885521195 neg 0.03644252350699535 off 0.030211287940885144	false	1.0
primitiv	neg 1.0		__DUMMY__ 0.9279729829897804 off 0.03869347151827852 neg 0.03333354549194111	false	0.5
abschaum	off 1.0	off 1.0	off 0.5040009114861155 __DUMMY__ 0.46538046832072116 neg 0.030618620193163373	false	1.0
provozieren	neg 1.0		__DUMMY__ 0.9309110182385228 neg 0.034929161442005814 off 0.03415982031947129	false	1.0
tot	neg 1.0		__DUMMY__ 0.9335001834361437 neg 0.036310858489382584 off 0.030188958074473783	false	1.0
instabil	neg 1.0		__DUMMY__ 0.9259922488333399 off 0.03851952063474831 neg 0.03548823053191182	false	0.5
schwuchtel	off 1.0		__DUMMY__ 0.9210975292402217 off 0.04810398571338953 neg 0.03079848504638875	false	1.0
zerren	neg 1.0		__DUMMY__ 0.9347694839436901 off 0.032623696120253405 neg 0.03260681993605653	false	0.5
kinderficker	off 1.0		__DUMMY__ 0.9243375850956095 off 0.0417527773145988 neg 0.03390963758979162	false	1.0
gefahr	neg 1.0		__DUMMY__ 0.9342942973085018 neg 0.03584758065703442 off 0.029858122034463766	false	1.0
rabiat	neg 1.0		__DUMMY__ 0.9308844092339368 neg 0.035434798131866375 off 0.03368079263419684	false	1.0
verlangsamung	neg 1.0		__DUMMY__ 0.9262978519247564 off 0.0430187522587942 neg 0.030683395816449358	false	0.5
ausgestorben	neg 1.0		__DUMMY__ 0.9339366415045468 off 0.033066291084295645 neg 0.0329970674111575	false	0.5
anklagen	neg 1.0		__DUMMY__ 0.9318665575520027 neg 0.03567613189888742 off 0.03245731054910998	false	1.0
trott	neg 1.0		__DUMMY__ 0.9331596954756644 neg 0.03393815560333606 off 0.03290214892099962	false	1.0
verminderung	neg 1.0		__DUMMY__ 0.9281303416626097 off 0.03859594503748519 neg 0.0332737132999051	false	0.5
nach			__DUMMY__ 0.9415741762747968 neg 0.03180117120666538 off 0.026624652518537798	false	0.0
rost	neg 1.0		__DUMMY__ 0.928156064945073 off 0.04179802561427321 neg 0.03004590944065386	false	0.5
destruktiv	neg 1.0		__DUMMY__ 0.9296328124720153 neg 0.036942686891474924 off 0.033424500636509716	false	1.0
unzumutbarkeit	neg 1.0		__DUMMY__ 0.9316258739964219 off 0.0367507845717582 neg 0.03162334143181988	false	0.5
labil	off 1.0	off 1.0	off 0.503974044852323 __DUMMY__ 0.46528938793224445 neg 0.030736567215432605	false	1.0
ziemlich	neg 1.0		__DUMMY__ 0.9304782940630858 off 0.03784196561668562 neg 0.03167974032022857	false	0.5
lachnummer	off 1.0		__DUMMY__ 0.9306419128229646 neg 0.03565996702454073 off 0.03369812015249468	false	0.5
oder			__DUMMY__ 0.9336305790487903 off 0.03343984644114229 neg 0.032929574510067276	false	0.0
verfall	neg 1.0		__DUMMY__ 0.9355834547091042 neg 0.03792084975531179 off 0.02649569553558396	false	1.0
ausgrenzung	neg 1.0		__DUMMY__ 0.9294786074157229 neg 0.03556321318675496 off 0.03495817939752221	false	1.0
unordnung	neg 1.0		__DUMMY__ 0.9323131661234014 off 0.03728261614126619 neg 0.03040421773533232	false	0.5
fehlverhalten	neg 1.0		__DUMMY__ 0.9329210444809485 neg 0.03669647467028612 off 0.030382480848765468	false	1.0
eine			__DUMMY__ 0.9341567999544409 neg 0.036277416336661664 off 0.029565783708897456	false	0.0
nille	neg 1.0		__DUMMY__ 0.9327108244261167 neg 0.03453753910279036 off 0.0327516364710929	false	1.0
qual	neg 1.0		__DUMMY__ 0.9330137254995224 neg 0.034180462759438555 off 0.032805811741039095	false	1.0
verschwenden	neg 1.0		__DUMMY__ 0.9320903778840558 neg 0.03654613084508007 off 0.03136349127086406	false	1.0
riesig	neg 1.0	neg 1.0	neg 0.4992556455072202 __DUMMY__ 0.47275568920740996 off 0.027988665285369838	false	1.0
verurteilen	neg 1.0		__DUMMY__ 0.932048112445631 neg 0.03576444104587833 off 0.032187446508490695	false	1.0
klischee	neg 1.0	neg 1.0	neg 0.5019956852920463 __DUMMY__ 0.4648627771916036 off 0.03314153751635009	false	1.0
diktatorisch	neg 1.0		__DUMMY__ 0.9280470904259439 neg 0.037014607662362566 off 0.03493830191169347	false	1.0
vorhersehbar	neg 1.0	neg 1.0	neg 0.5015717552320568 __DUMMY__ 0.46570011794068245 off 0.03272812682726069	false	1.0
sowie			__DUMMY__ 0.926623558740448 off 0.041561060343864496 neg 0.03181538091568755	false	0.0
stornieren	neg 1.0		__DUMMY__ 0.9373486396688795 off 0.03372746916141161 neg 0.028923891169708803	false	0.5
besteuerung	neg 1.0		__DUMMY__ 0.928504836460423 neg 0.0377069504288924 off 0.03378821311068458	false	1.0
ungeschminkt	neg 1.0		__DUMMY__ 0.9283080899180649 off 0.03769927086293364 neg 0.033992639219001475	false	0.5
kritisch	neg 1.0		__DUMMY__ 0.932036952169132 neg 0.03684976460834346 off 0.03111328322252459	false	1.0
schlamperei	off 1.0		__DUMMY__ 0.9320689350959916 neg 0.0375903481277311 off 0.030340716776277237	false	0.5
sucht	neg 1.0	neg 1.0	neg 0.49903951023162546 __DUMMY__ 0.47102809888158237 off 0.029932390886792202	false	1.0
egoistisch	off 1.0		__DUMMY__ 0.9272345616623259 off 0.041884301683246895 neg 0.03088113665442727	false	1.0
ausbeuter	off 1.0		__DUMMY__ 0.9317335280342227 neg 0.03797367475759958 off 0.030292797208177718	false	0.5
arschgeburt	off 1.0		__DUMMY__ 0.9202307767312882 off 0.048409654601250726 neg 0.031359568667461014	false	1.0
schubs	neg 1.0	neg 1.0	neg 0.49986921290214453 __DUMMY__ 0.4717135159650562 off 0.028417271132799196	false	1.0
unsolide	neg 1.0		__DUMMY__ 0.9248555718839647 neg 0.03989266811291786 off 0.03525176000311736	false	1.0
beschwerde	neg 1.0		__DUMMY__ 0.9319918356900155 neg 0.037618048413077566 off 0.03039011589690693	false	1.0
stocken	neg 1.0		__DUMMY__ 0.93313998908503 neg 0.03605611882932725 off 0.030803892085642697	false	1.0
isolieren	neg 1.0		__DUMMY__ 0.9317324409344614 neg 0.036632595934718876 off 0.03163496313081981	false	1.0
unheilbar	neg 1.0		__DUMMY__ 0.9343899895630725 off 0.03399672674745102 neg 0.03161328368947643	false	0.5
pisser	off 1.0		__DUMMY__ 0.929354132776241 off 0.03882452786879787 neg 0.031821339354961016	false	1.0
löschen	neg 1.0		__DUMMY__ 0.932344333871286 neg 0.03430852327881726 off 0.033347142849896615	false	1.0
durchfallen	neg 1.0		__DUMMY__ 0.9305240796532427 neg 0.0374555667146922 off 0.03202035363206519	false	1.0
wichser	off 1.0		__DUMMY__ 0.9248707390001041 off 0.0454061565091876 neg 0.029723104490708422	false	1.0
terror	neg 1.0		__DUMMY__ 0.9329627272303747 off 0.03519099376616066 neg 0.03184627900346472	false	0.5
krass	neg 1.0		__DUMMY__ 0.9275782356244685 off 0.04009435671583224 neg 0.03232740765969919	false	0.5
revolte	neg 1.0		__DUMMY__ 0.9290671097076535 neg 0.03560002411268344 off 0.03533286617966309	false	1.0
besorgt	neg 1.0		__DUMMY__ 0.9359055001018564 neg 0.03220142330578149 off 0.031893076592362075	false	1.0
nachlassen	neg 1.0		__DUMMY__ 0.9341569903182008 neg 0.03564598907617631 off 0.03019702060562294	false	1.0
alt	neg 1.0		__DUMMY__ 0.9340680492204054 neg 0.035408647861213886 off 0.03052330291838063	false	1.0
hundesohn	off 1.0		__DUMMY__ 0.9234334403125133 off 0.04468990939546059 neg 0.0318766502920261	false	1.0
als			__DUMMY__ 0.9346537686354001 neg 0.033238607654564406 off 0.03210762371003556	false	0.0
abschreckung	neg 1.0		__DUMMY__ 0.9345432077820959 neg 0.03619845477404594 off 0.029258337443858206	false	1.0
unqualifiziert	neg 1.0		__DUMMY__ 0.9268958412885111 neg 0.03682150416098902 off 0.036282654550499886	false	1.0
abgewichst	off 1.0		__DUMMY__ 0.9334998893838612 neg 0.03436732905013869 off 0.03213278156600015	false	0.5
schwer	neg 1.0		__DUMMY__ 0.9324775142281149 neg 0.034046805252851045 off 0.03347568051903418	false	1.0
bedeutungslosigkeit	neg 1.0		__DUMMY__ 0.9333070738366448 neg 0.03676692436916769 off 0.0299260017941875	false	1.0
kapitulation	neg 1.0		__DUMMY__ 0.9308701440214288 neg 0.038083809000726394 off 0.031046046977844757	false	1.0
unscharf	neg 1.0		__DUMMY__ 0.9312189913400009 off 0.03462668373956909 neg 0.03415432492043	false	0.5
schwinden	neg 1.0		__DUMMY__ 0.9334227048649175 neg 0.036847271055840375 off 0.029730024079242096	false	1.0
versklavung	neg 1.0		__DUMMY__ 0.9282656165077233 neg 0.0371912487206234 off 0.034543134771653355	false	1.0
schlecht	neg 1.0		__DUMMY__ 0.930723010338832 off 0.03798830126597092 neg 0.031288688395197134	false	0.5
verhasst	neg 1.0		__DUMMY__ 0.9310595395468784 neg 0.03449839606271213 off 0.03444206439040959	false	1.0
beschweren	neg 1.0		__DUMMY__ 0.9312496841932569 off 0.03495040512190909 neg 0.033799910684834004	false	0.5
scheiden	neg 1.0		__DUMMY__ 0.9372178164488607 off 0.03320252520317141 neg 0.029579658347967833	false	0.5
frustriert	neg 1.0		__DUMMY__ 0.9327806951646976 neg 0.03446857223274053 off 0.03275073260256181	false	1.0
schimmelig	neg 1.0		__DUMMY__ 0.934956367969877 neg 0.03520532686406439 off 0.029838305166058524	false	1.0
fisch	neg 1.0		__DUMMY__ 0.9394110231605329 neg 0.03178551121936129 off 0.028803465620105696	false	1.0
schmuggel	neg 1.0		__DUMMY__ 0.9379463847542574 neg 0.03241506248158758 off 0.029638552764154964	false	1.0
auffallen	neg 1.0		__DUMMY__ 0.9312625950125254 off 0.03538295022788541 neg 0.03335445475958918	false	0.5
konkurrenz	neg 1.0	neg 1.0	neg 0.5034356361389432 __DUMMY__ 0.47006711038831356 off 0.026497253472743277	false	1.0
teufelskreis	neg 1.0		__DUMMY__ 0.9318915145665645 neg 0.03490902670970144 off 0.033199458723733984	false	1.0
aufschreien	neg 1.0		__DUMMY__ 0.9302819808936699 off 0.03535976961741451 neg 0.034358249488915686	false	0.5
schuldner	neg 1.0		__DUMMY__ 0.9343270795937942 neg 0.035773612541290224 off 0.029899307864915438	false	1.0
missgeburt	off 1.0	off 1.0	off 0.5078248005578204 __DUMMY__ 0.46344018460051517 neg 0.028735014841664328	false	1.0
arbeitslos	neg 1.0		__DUMMY__ 0.930588032496468 neg 0.037138466839888445 off 0.032273500663643526	false	1.0
befallen	neg 1.0		__DUMMY__ 0.9326391314130962 neg 0.03498212376181382 off 0.032378744825090025	false	1.0
miesepetrig	off 1.0	off 1.0	off 0.5041895956934505 __DUMMY__ 0.466915390789358 neg 0.02889501351719162	false	1.0
alarmieren	neg 1.0		__DUMMY__ 0.9284111046525262 off 0.03714984804020028 neg 0.03443904730727357	false	0.5
ungeduscht	off 1.0		__DUMMY__ 0.9318965007815939 off 0.03550361512892904 neg 0.03259988408947704	false	1.0
knappheit	neg 1.0		__DUMMY__ 0.9308735216557729 neg 0.038278577868117995 off 0.0308479004761092	false	1.0
schlange	neg 1.0		__DUMMY__ 0.934198554392616 off 0.03463992783905021 neg 0.03116151776833381	false	0.5
harsch	neg 1.0		__DUMMY__ 0.9293363278691651 off 0.040787601263711386 neg 0.02987607086712353	false	0.5
lang	neg 1.0		__DUMMY__ 0.9326368840261254 neg 0.033700052823925325 off 0.03366306314994922	false	1.0
ziellos	neg 1.0		__DUMMY__ 0.9345695902585324 neg 0.033766642897959755 off 0.03166376684350785	false	1.0
selbstverliebt	neg 1.0		__DUMMY__ 0.9216235449016652 off 0.04625032509042983 neg 0.03212613000790504	false	0.5
beseitigen	neg 1.0	neg 1.0	neg 0.4989100005292676 __DUMMY__ 0.4713713378718363 off 0.029718661598896082	false	1.0
dumm	off 1.0		__DUMMY__ 0.9257264730546724 off 0.04257684611013726 neg 0.031696680835190394	false	1.0
arbeitsloser	neg 1.0		__DUMMY__ 0.9331057812965888 neg 0.03522642495843819 off 0.03166779374497293	false	1.0
blitzen	neg 1.0		__DUMMY__ 0.931126762833108 off 0.03585318049791361 neg 0.033020056668978365	false	0.5
hilflos	neg 1.0		__DUMMY__ 0.9331791279454476 neg 0.03450490601901366 off 0.03231596603553884	false	1.0
eklig	off 1.0		__DUMMY__ 0.9256750351781723 off 0.04295117949717634 neg 0.031373785324651376	false	1.0
begriff			__DUMMY__ 0.9312333918760465 neg 0.036021374213440885 off 0.0327452339105127	false	0.0
hungersnot	neg 1.0		__DUMMY__ 0.9341902922872941 neg 0.033539697629053615 off 0.03227001008365225	false	1.0
ungesetzlich	neg 1.0		__DUMMY__ 0.9247597778244067 neg 0.03956611222963311 off 0.035674109945960195	false	1.0
verschwendung	neg 1.0		__DUMMY__ 0.9334182605210883 neg 0.03605817587644488 off 0.03052356360246685	false	1.0
schmerzvoll	neg 1.0		__DUMMY__ 0.9318259874832917 off 0.0348346861648181 neg 0.03333932635189011	false	0.5
vorzeitig	neg 1.0		__DUMMY__ 0.9329674136031156 off 0.035681563645253336 neg 0.03135102275163108	false	0.5
unvollkommenheit	neg 1.0		__DUMMY__ 0.9385758779489947 off 0.03140018523600199 neg 0.030023936815003285	false	0.5
intervenieren	neg 1.0		__DUMMY__ 0.9316024973394688 neg 0.037875615569085974 off 0.030521887091445352	false	1.0
banause	off 1.0		__DUMMY__ 0.923045457821956 off 0.04452878203128717 neg 0.032425760146756855	false	1.0
rebell	neg 1.0		__DUMMY__ 0.9362554379677247 neg 0.03615280746977469 off 0.02759175456250059	false	1.0
unlogisch	neg 1.0		__DUMMY__ 0.9280607384304623 off 0.039829474312919465 neg 0.03210978725661818	false	0.5
leiden	neg 1.0		__DUMMY__ 0.9396159075957138 neg 0.030898246772769648 off 0.029485845631516502	false	1.0
abschaffung	neg 1.0		__DUMMY__ 0.9291160873958305 neg 0.03692314466495224 off 0.03396076793921718	false	1.0
sturz	neg 1.0		__DUMMY__ 0.933231265630305 neg 0.03339018995842267 off 0.033378544411272325	false	1.0
verkleinerung	neg 1.0		__DUMMY__ 0.9269327729701928 neg 0.03719664315524161 off 0.03587058387456553	false	1.0
schmarotzer	off 1.0		__DUMMY__ 0.9305231859998565 neg 0.037289307048613336 off 0.0321875069515302	false	0.5
bestrafung	neg 1.0		__DUMMY__ 0.9312314477626136 off 0.034690175203629464 neg 0.03407837703375692	false	0.5
achtlos	neg 1.0		__DUMMY__ 0.9335571350958458 off 0.0333280843765386 neg 0.03311478052761553	false	0.5
