unsolidarisch	neg 1.0		__DUMMY__ 0.47317852542400535 neg 0.27191494164994046 off 0.25490653292605436	false	1.0
nachteilig	neg 1.0		__DUMMY__ 0.4779495189764407 neg 0.27027174009565774 off 0.2517787409279016	false	1.0
skeptisch	neg 1.0		__DUMMY__ 0.478738699845644 neg 0.2700734156084987 off 0.25118788454585733	false	1.0
schrecklich	neg 1.0		__DUMMY__ 0.474260640134487 off 0.26771822351974467 neg 0.25802113634576845	false	0.5
schlapp	neg 1.0		__DUMMY__ 0.4765945778001656 off 0.2629172572659357 neg 0.26048816493389887	false	0.5
abfall	neg 1.0		__DUMMY__ 0.4800485483624093 neg 0.2715832717645396 off 0.2483681798730512	false	1.0
widerspenstig	neg 1.0		__DUMMY__ 0.478251586055678 neg 0.26448988756367176 off 0.25725852638065033	false	1.0
abrupt	neg 1.0		__DUMMY__ 0.48107514633213594 neg 0.2662491908730762 off 0.2526756627947877	false	1.0
unwirksam	neg 1.0		__DUMMY__ 0.47433255402084196 neg 0.2703066894935393 off 0.2553607564856187	false	1.0
angreifen	neg 1.0	neg 1.0	neg 0.6233730730593011 __DUMMY__ 0.23379507256165286 off 0.14283185437904602	false	1.0
inkonsistent	neg 1.0		__DUMMY__ 0.47813391778855796 neg 0.2636575041799092 off 0.25820857803153274	false	1.0
abrutschen	neg 1.0		__DUMMY__ 0.48000363564512477 neg 0.27120388745292495 off 0.2487924769019503	false	1.0
unsicher	neg 1.0		__DUMMY__ 0.47833911866713946 neg 0.2643075737858266 off 0.257353307547034	false	1.0
bauernkind	off 1.0	off 1.0	off 0.6211553982508605 __DUMMY__ 0.2295267324029675 neg 0.14931786934617206	false	1.0
angreifer	neg 1.0		__DUMMY__ 0.4782159760074441 neg 0.26304949660557614 off 0.25873452738697966	false	1.0
trennen	neg 1.0		__DUMMY__ 0.48210719298067367 neg 0.2643516494448583 off 0.25354115757446793	false	1.0
schmutz	neg 1.0		__DUMMY__ 0.4812351470868375 off 0.26035480480898054 neg 0.25841004810418194	false	0.5
inkonsistenz	neg 1.0		__DUMMY__ 0.4731890232079041 neg 0.2664283091276349 off 0.26038266766446116	false	1.0
erschreckend	neg 1.0		__DUMMY__ 0.4770673358200158 neg 0.2675185135100266 off 0.25541415066995754	false	1.0
ertrinken	neg 1.0		__DUMMY__ 0.4807103420431765 neg 0.2654087006164275 off 0.253880957340396	false	1.0
pickelface	off 1.0		__DUMMY__ 0.47809436911845116 neg 0.26727168283539066 off 0.2546339480461583	false	0.5
seiner			__DUMMY__ 0.4801714671278235 neg 0.2675128717220881 off 0.2523156611500883	false	0.0
lauch	neg 1.0		__DUMMY__ 0.4790637247479297 neg 0.27246933614341023 off 0.24846693910865994	false	1.0
unwichtig	neg 1.0		__DUMMY__ 0.47520679058570847 neg 0.26272635746521644 off 0.2620668519490751	false	1.0
steuerhinterziehung	neg 1.0		__DUMMY__ 0.4759348491139183 neg 0.2700806484664433 off 0.2539845024196384	false	1.0
schock	neg 1.0		__DUMMY__ 0.48046402299478225 neg 0.26251108220134295 off 0.2570248948038747	false	1.0
beule	neg 1.0		__DUMMY__ 0.47674516331628536 off 0.26334605651477744 neg 0.2599087801689372	false	0.5
vergelten	neg 1.0		__DUMMY__ 0.4771502667196367 off 0.26700817597341875 neg 0.25584155730694463	false	0.5
verdorbenheit	neg 1.0		__DUMMY__ 0.4786405209994743 neg 0.26471953822604943 off 0.2566399407744763	false	1.0
trauma	neg 1.0		__DUMMY__ 0.4774890592929073 neg 0.26435547799895814 off 0.25815546270813455	false	1.0
sinnlos	neg 1.0		__DUMMY__ 0.47789967667846756 neg 0.26203042155992434 off 0.26006990176160816	false	1.0
fettsack	off 1.0	off 1.0	off 0.622815553262196 __DUMMY__ 0.23056208625603888 neg 0.14662236048176522	false	1.0
feige	off 1.0	off 1.0	off 0.6191619826476782 __DUMMY__ 0.2312824033175796 neg 0.14955561403474232	false	1.0
abdanken	neg 1.0		__DUMMY__ 0.476243655706002 neg 0.2685192716074571 off 0.2552370726865409	false	1.0
wichtigtuer	off 1.0	off 1.0	off 0.6173355899771159 __DUMMY__ 0.23212837067552197 neg 0.150536039347362	false	1.0
misslingen	neg 1.0		__DUMMY__ 0.48185579507571263 off 0.2597672250834296 neg 0.2583769798408578	false	0.5
untreu	off 1.0		__DUMMY__ 0.47459955251714675 off 0.26336059191169564 neg 0.2620398555711575	false	1.0
missmutig	neg 1.0		__DUMMY__ 0.4758325288932057 off 0.2623478601277319 neg 0.2618196109790622	false	0.5
hurenbock	off 1.0		__DUMMY__ 0.4786110904446313 neg 0.26243757324120165 off 0.25895133631416695	false	0.5
betrunken	neg 1.0		__DUMMY__ 0.47671468233080166 off 0.26605168425503795 neg 0.2572336334141604	false	0.5
korrupt	off 1.0		__DUMMY__ 0.4748860681266214 neg 0.2723166442855817 off 0.2527972875877968	false	0.5
unmut	neg 1.0		__DUMMY__ 0.47951472097546033 neg 0.27211981192749024 off 0.2483654670970496	false	1.0
hackfresse	off 1.0		__DUMMY__ 0.47167005710572846 off 0.2709761701986636 neg 0.25735377269560794	false	1.0
aufblasen	neg 1.0		__DUMMY__ 0.478806877442569 neg 0.2619973523577032 off 0.25919577019972767	false	1.0
gewaltsam	neg 1.0		__DUMMY__ 0.4785384956732106 neg 0.26529604729378603 off 0.25616545703300325	false	1.0
unbeliebtheit	neg 1.0		__DUMMY__ 0.47066036373220266 neg 0.26977813377960524 off 0.259561502488192	false	1.0
sturheit	neg 1.0		__DUMMY__ 0.47686929060129046 neg 0.2678110761026096 off 0.2553196332961001	false	1.0
kuh	neg 1.0		__DUMMY__ 0.4754827679639477 neg 0.2677607698061842 off 0.256756462229868	false	1.0
erschrecken	neg 1.0		__DUMMY__ 0.47694354001183875 off 0.2619521213960489 neg 0.2611043385921124	false	0.5
opfer	neg 1.0		__DUMMY__ 0.4799175175779057 neg 0.2664120665063954 off 0.25367041591569894	false	1.0
sinken	neg 1.0		__DUMMY__ 0.4800013813789838 neg 0.27077816861700854 off 0.24922045000400767	false	1.0
stinktier	neg 1.0		__DUMMY__ 0.4724499982148379 off 0.26761574362895485 neg 0.25993425815620724	false	0.5
tucke	off 1.0		__DUMMY__ 0.4688144485540243 off 0.27040613105792627 neg 0.2607794203880495	false	1.0
ein			__DUMMY__ 0.4784413422556077 neg 0.26337982125288123 off 0.2581788364915109	false	0.0
abstieg	neg 1.0		__DUMMY__ 0.48116950395700064 neg 0.26581836748375465 off 0.25301212855924465	false	1.0
missverstehen	neg 1.0		__DUMMY__ 0.4757468068957889 neg 0.26473592418883507 off 0.2595172689153759	false	1.0
ergebnislos	neg 1.0		__DUMMY__ 0.4785915383664309 neg 0.2695958379658245 off 0.2518126236677446	false	1.0
unter			__DUMMY__ 0.4848039776564299 neg 0.2700822252373074 off 0.2451137971062627	false	0.0
manipulieren	neg 1.0		__DUMMY__ 0.4787357543794294 neg 0.26999014449078557 off 0.25127410112978504	false	1.0
unbewiesen	neg 1.0		__DUMMY__ 0.47242750170821385 neg 0.27264044020655975 off 0.25493205808522634	false	1.0
verschleppen	neg 1.0		__DUMMY__ 0.4786003009488573 neg 0.2675402307882523 off 0.25385946826289046	false	1.0
weib	off 1.0		__DUMMY__ 0.4715103986111099 off 0.27084284814060955 neg 0.25764675324828046	false	1.0
opposition	neg 1.0		__DUMMY__ 0.4753490049804336 neg 0.2665262883950331 off 0.2581247066245332	false	1.0
verkehrswidrig	neg 1.0	neg 1.0	neg 0.612418109766733 __DUMMY__ 0.23493805407697801 off 0.1526438361562889	false	1.0
inkorrekt	neg 1.0		__DUMMY__ 0.47229774078517733 off 0.26394303612443853 neg 0.263759223090384	false	0.5
vermeiden	neg 1.0		__DUMMY__ 0.4820097825730879 neg 0.2711916661969921 off 0.24679855122992003	false	1.0
abweichung	neg 1.0		__DUMMY__ 0.4780140495638069 neg 0.2698232201831137 off 0.25216273025307945	false	1.0
alkoholisiert	neg 1.0		__DUMMY__ 0.48379976115672424 neg 0.2628814141470021 off 0.2533188246962737	false	1.0
scheiss	off 1.0	off 1.0	off 0.6197203722826166 __DUMMY__ 0.2323536631089358 neg 0.14792596460844756	false	1.0
herausforderung	neg 1.0	neg 1.0	neg 0.6184082520762099 __DUMMY__ 0.2373950898809252 off 0.14419665804286494	false	1.0
pervers	off 1.0		__DUMMY__ 0.47051218063434025 off 0.2743909176823804 neg 0.2550969016832794	false	1.0
wackelig	neg 1.0		__DUMMY__ 0.481560950530544 neg 0.2629765667675627 off 0.25546248270189337	false	1.0
verwickeln	neg 1.0		__DUMMY__ 0.47565957648955104 neg 0.2649987658043876 off 0.2593416577060615	false	1.0
vorwand	neg 1.0		__DUMMY__ 0.4795422438449872 neg 0.26979489243593985 off 0.2506628637190729	false	1.0
muschi	off 1.0		__DUMMY__ 0.47805182838839194 neg 0.26680306737421194 off 0.2551451042373961	false	0.5
entmutigung	neg 1.0		__DUMMY__ 0.4747094979366605 neg 0.26777658375384056 off 0.25751391830949877	false	1.0
unangemessen	neg 1.0		__DUMMY__ 0.4768845602733263 neg 0.26882129117313014 off 0.25429414855354365	false	1.0
unstetig	neg 1.0		__DUMMY__ 0.4789193598369852 neg 0.26245977607580867 off 0.25862086408720597	false	1.0
entmutigen	neg 1.0		__DUMMY__ 0.4772257096211042 neg 0.2642659307821323 off 0.25850835959676344	false	1.0
schwanz	neg 1.0		__DUMMY__ 0.47964230054715423 neg 0.26842071986314797 off 0.25193697958969785	false	1.0
verbot	neg 1.0		__DUMMY__ 0.4765011269210934 neg 0.27042802919628955 off 0.25307084388261697	false	1.0
leid	neg 1.0		__DUMMY__ 0.4743260676507589 off 0.26918840376635345 neg 0.2564855285828877	false	0.5
archaisch	neg 1.0		__DUMMY__ 0.47851203593214764 neg 0.2666962500893036 off 0.25479171397854883	false	1.0
gegen			__DUMMY__ 0.4809214532829563 neg 0.2687370936344164 off 0.25034145308262723	false	0.0
scheidung	neg 1.0		__DUMMY__ 0.4705851395135253 off 0.2785714089784815 neg 0.25084345150799336	false	0.5
einschlag	neg 1.0	neg 1.0	neg 0.6162901971739418 __DUMMY__ 0.23237707584581233 off 0.15133272698024577	false	1.0
m			__DUMMY__ 0.4796471069881521 neg 0.2654111286569096 off 0.2549417643549383	false	0.0
abgestanden	neg 1.0		__DUMMY__ 0.4786729878297568 neg 0.2631445278012886 off 0.2581824843689546	false	1.0
schmierig	off 1.0		__DUMMY__ 0.4744316186641642 off 0.2685830490013384 neg 0.2569853323344975	false	1.0
unpraktisch	neg 1.0		__DUMMY__ 0.4791638180288478 neg 0.2619928734760548 off 0.2588433084950973	false	1.0
wixxer	off 1.0		__DUMMY__ 0.4698820207060489 off 0.27384687955522474 neg 0.2562710997387263	false	1.0
bezeichnet			__DUMMY__ 0.4770681215816955 neg 0.2667318693431386 off 0.256200009075166	false	0.0
jammerlappen	off 1.0		__DUMMY__ 0.475531943523451 off 0.2623945700730494 neg 0.2620734864034997	false	1.0
farce	neg 1.0		__DUMMY__ 0.4754000194434644 neg 0.2710055353202766 off 0.2535944452362591	false	1.0
zwecklos	neg 1.0		__DUMMY__ 0.4772350072483444 neg 0.2683988452271082 off 0.2543661475245474	false	1.0
turbulent	neg 1.0		__DUMMY__ 0.47501744960100944 off 0.2627492886151888 neg 0.2622332617838017	false	0.5
invasion	neg 1.0		__DUMMY__ 0.47750599506659236 neg 0.26251445552036384 off 0.2599795494130439	false	1.0
schuld	neg 1.0		__DUMMY__ 0.47702745540015445 neg 0.2650812919810246 off 0.25789125261882084	false	1.0
risiko	neg 1.0		__DUMMY__ 0.479182404362249 neg 0.2629141842092704 off 0.2579034114284806	false	1.0
finster	neg 1.0		__DUMMY__ 0.47828685322857684 neg 0.26331046413701104 off 0.25840268263441224	false	1.0
geisteskrank	off 1.0		__DUMMY__ 0.4737817752509709 off 0.2638428669886376 neg 0.2623753577603915	false	1.0
zusammenbrechen	neg 1.0		__DUMMY__ 0.479102223934369 neg 0.26512007833538315 off 0.25577769773024783	false	1.0
ausbeute	neg 1.0		__DUMMY__ 0.48172240890577206 neg 0.2655298671155691 off 0.25274772397865886	false	1.0
hinterhalt	neg 1.0		__DUMMY__ 0.4802717580166372 neg 0.264140191347981 off 0.25558805063538176	false	1.0
kritik	neg 1.0		__DUMMY__ 0.47599386225833035 neg 0.2703599151165973 off 0.25364622262507236	false	1.0
einschrumpfen	neg 1.0		__DUMMY__ 0.4741193733383525 neg 0.2665434488527376 off 0.25933717780890975	false	1.0
riskant	neg 1.0		__DUMMY__ 0.4782804000055563 neg 0.26904731954236494 off 0.2526722804520786	false	1.0
frustrieren	neg 1.0		__DUMMY__ 0.4786657476224923 neg 0.26827112736566 off 0.2530631250118477	false	1.0
groll	neg 1.0		__DUMMY__ 0.47838171632847193 neg 0.26713861484259327 off 0.2544796688289347	false	1.0
gibt			__DUMMY__ 0.47803487727866106 neg 0.2670843504272193 off 0.25488077229411976	false	0.0
qualvoll	neg 1.0		__DUMMY__ 0.47802515217432073 off 0.26140724781809754 neg 0.2605676000075818	false	0.5
wackeln	neg 1.0	neg 1.0	neg 0.6183628895406381 __DUMMY__ 0.2346451570936638 off 0.14699195336569804	false	1.0
klagen	neg 1.0		__DUMMY__ 0.47980343475781995 neg 0.27109063925767657 off 0.24910592598450362	false	1.0
bankrott	neg 1.0		__DUMMY__ 0.47677586042392367 neg 0.261686688245334 off 0.2615374513307424	false	1.0
trauern	neg 1.0		__DUMMY__ 0.48030190584585547 neg 0.26618661668769883 off 0.25351147746644564	false	1.0
ablehnung	neg 1.0		__DUMMY__ 0.47607419804031303 neg 0.27017521812946677 off 0.25375058383022014	false	1.0
stur	neg 1.0		__DUMMY__ 0.4762251576720372 neg 0.26547743350032055 off 0.25829740882764235	false	1.0
aufruhr	neg 1.0		__DUMMY__ 0.47832458694654356 neg 0.26569985569827814 off 0.25597555735517846	false	1.0
melancholie	neg 1.0		__DUMMY__ 0.47970354558666634 neg 0.26566126704356013 off 0.2546351873697735	false	1.0
ist			__DUMMY__ 0.47702993398784355 neg 0.2639926181009111 off 0.2589774479112453	false	0.0
torheit	neg 1.0		__DUMMY__ 0.475844761829903 neg 0.2669481583460509 off 0.25720707982404606	false	1.0
dreckskind	off 1.0		__DUMMY__ 0.4715212462998434 off 0.26893469852930524 neg 0.2595440551708514	false	1.0
umtauschen	neg 1.0		__DUMMY__ 0.4782238277035628 neg 0.2651927117564664 off 0.2565834605399708	false	1.0
zum			__DUMMY__ 0.4852409648039351 neg 0.2664740412346749 off 0.24828499396138992	false	0.0
zersetzen	neg 1.0		__DUMMY__ 0.4779120815855359 neg 0.271257223215275 off 0.2508306951991892	false	1.0
zur			__DUMMY__ 0.48280223556835766 neg 0.2707202584893047 off 0.24647750594233775	false	0.0
frust	neg 1.0		__DUMMY__ 0.4788019774468126 neg 0.2657678975747203 off 0.25543012497846723	false	1.0
unerbittlichkeit	neg 1.0		__DUMMY__ 0.47831311715163066 neg 0.27054279803598213 off 0.2511440848123873	false	1.0
zwei			__DUMMY__ 0.48351869954496485 neg 0.2662467248965749 off 0.2502345755584604	false	0.0
unkorrekt	neg 1.0		__DUMMY__ 0.4714539763405919 neg 0.2642959422119701 off 0.26425008144743806	false	1.0
hexe	off 1.0		__DUMMY__ 0.475359546403481 off 0.2631074755982234 neg 0.2615329779982955	false	1.0
lasch	neg 1.0		__DUMMY__ 0.4742565503058036 neg 0.26543104219835556 off 0.26031240749584095	false	1.0
rivale	neg 1.0		__DUMMY__ 0.4754719522873261 off 0.265702278052397 neg 0.2588257696602769	false	0.5
mutlos	off 1.0	off 1.0	off 0.6131567300541558 __DUMMY__ 0.2327842750201423 neg 0.15405899492570185	false	1.0
wirr	off 1.0		__DUMMY__ 0.47170700888262496 off 0.2646909335777091 neg 0.263602057539666	false	1.0
jahr			__DUMMY__ 0.48240711844801 neg 0.2656264165132969 off 0.2519664650386931	false	0.0
wird			__DUMMY__ 0.47893671802654325 neg 0.26749227040751067 off 0.25357101156594597	false	0.0
strafbar	neg 1.0		__DUMMY__ 0.47768631715199145 neg 0.26976215910945 off 0.25255152373855866	false	1.0
erosion	neg 1.0		__DUMMY__ 0.4789665242833965 neg 0.2628073456550884 off 0.2582261300615151	false	1.0
eingehen	neg 1.0		__DUMMY__ 0.47699875247931517 neg 0.26961984777702025 off 0.2533813997436645	false	1.0
faul	off 1.0		__DUMMY__ 0.4772876330517287 off 0.26213697507704375 neg 0.2605753918712276	false	1.0
provisorium	neg 1.0		__DUMMY__ 0.48388199671055765 neg 0.2717095167165917 off 0.24440848657285055	false	1.0
schmerzen	neg 1.0		__DUMMY__ 0.4784142958629576 neg 0.2644181025233828 off 0.2571676016136597	false	1.0
schrumpfen	neg 1.0		__DUMMY__ 0.479985489259438 neg 0.2741853384439176 off 0.2458291722966444	false	1.0
geistlos	off 1.0		__DUMMY__ 0.47282306407294 neg 0.268868120346941 off 0.25830881558011903	false	0.5
fehlkauf	neg 1.0		__DUMMY__ 0.4768412293667561 neg 0.26429520974612924 off 0.25886356088711465	false	1.0
frustrierend	neg 1.0		__DUMMY__ 0.47743562270395906 off 0.26194898209719325 neg 0.26061539519884763	false	0.5
unzufrieden	neg 1.0		__DUMMY__ 0.4770520929087299 neg 0.2688553620142354 off 0.2540925450770348	false	1.0
verzweifeln	neg 1.0		__DUMMY__ 0.4780467952722889 neg 0.2653941522121563 off 0.2565590525155547	false	1.0
verzweifelt	neg 1.0		__DUMMY__ 0.47682068177631587 neg 0.2645231946873632 off 0.25865612353632095	false	1.0
misstrauensantrag	neg 1.0		__DUMMY__ 0.4758876898129832 neg 0.2649739822600713 off 0.2591383279269455	false	1.0
abfallen	neg 1.0		__DUMMY__ 0.4793409185108264 neg 0.26139001099995035 off 0.2592690704892233	false	1.0
fucker	off 1.0		__DUMMY__ 0.47417649901751696 off 0.2644916130481253 neg 0.2613318879343578	false	1.0
ungezogen	neg 1.0		__DUMMY__ 0.4721967317168015 off 0.27299221701967935 neg 0.25481105126351916	false	0.5
irrsinnig	neg 1.0	neg 1.0	neg 0.6210021885951762 __DUMMY__ 0.23247990151709763 off 0.14651790988772617	false	1.0
unfassbar	neg 1.0		__DUMMY__ 0.47488374004213185 off 0.2630270908021221 neg 0.2620891691557461	false	0.5
hart	neg 1.0		__DUMMY__ 0.47641659636837735 neg 0.26267593587785126 off 0.2609074677537715	false	1.0
widerlich	off 1.0		__DUMMY__ 0.4738115840574909 off 0.2637686696643881 neg 0.262419746278121	false	1.0
fatal	neg 1.0		__DUMMY__ 0.47679039093146625 neg 0.2640111827676575 off 0.25919842630087636	false	1.0
bruch	neg 1.0		__DUMMY__ 0.4790534972203007 neg 0.2719249423629661 off 0.24902156041673312	false	1.0
aushungern	neg 1.0		__DUMMY__ 0.47608463372179805 neg 0.26903710192925673 off 0.2548782643489452	false	1.0
anspannung	neg 1.0	neg 1.0	neg 0.6207155680849739 __DUMMY__ 0.2379300641848747 off 0.14135436773015142	false	1.0
von			__DUMMY__ 0.4822408645326856 neg 0.2667178684955538 off 0.2510412669717606	false	0.0
kraftlos	neg 1.0		__DUMMY__ 0.48071523889927115 neg 0.26365274492462515 off 0.2556320161761036	false	1.0
vom			__DUMMY__ 0.48504140378219884 neg 0.2693314264511153 off 0.24562716976668567	false	0.0
grenzdebil	off 1.0		__DUMMY__ 0.47511194675464863 off 0.26438408870414914 neg 0.2605039645412022	false	1.0
vor			__DUMMY__ 0.48074803222270385 neg 0.2681231967811368 off 0.2511287709961593	false	0.0
unterwerfen	neg 1.0		__DUMMY__ 0.4787678419917716 neg 0.2684350887044351 off 0.25279706930379336	false	1.0
versenkung	neg 1.0		__DUMMY__ 0.4787957222024724 neg 0.2687681208318654 off 0.2524361569656622	false	1.0
entziehen	neg 1.0		__DUMMY__ 0.47959769965854576 neg 0.2705969284626837 off 0.24980537187877064	false	1.0
finanzkrise	neg 1.0		__DUMMY__ 0.47570674356013565 neg 0.26942947526420163 off 0.2548637811756628	false	1.0
schimpfend	neg 1.0		__DUMMY__ 0.47948666170325 neg 0.2615178612556336 off 0.25899547704111636	false	1.0
profan	neg 1.0		__DUMMY__ 0.47651464440405006 neg 0.2632784512667215 off 0.2602069043292285	false	1.0
korruption	neg 1.0	neg 1.0	neg 0.6237419482139738 __DUMMY__ 0.23257221446809223 off 0.14368583731793397	false	1.0
â			__DUMMY__ 0.4797341271866262 neg 0.26658889598388646 off 0.25367697682948726	false	0.0
schmutzig	neg 1.0		__DUMMY__ 0.4763373610720351 off 0.26419038590371974 neg 0.25947225302424504	false	0.5
sexy	neg 1.0		__DUMMY__ 0.4767345224131381 neg 0.26221909734831705 off 0.2610463802385448	false	1.0
abraten	neg 1.0		__DUMMY__ 0.4772160638702252 neg 0.26353855874813015 off 0.2592453773816446	false	1.0
schwarz	neg 1.0		__DUMMY__ 0.47661652417939143 neg 0.26500057090054985 off 0.2583829049200588	false	1.0
fotze	off 1.0		__DUMMY__ 0.47874131658334296 neg 0.26846035461330897 off 0.25279832880334807	false	0.5
verwirren	neg 1.0		__DUMMY__ 0.4765582690959817 neg 0.26294323665398556 off 0.2604984942500328	false	1.0
zahnlos	off 1.0		__DUMMY__ 0.47713718235213803 neg 0.26867636788749183 off 0.2541864497603702	false	0.5
verheeren	neg 1.0		__DUMMY__ 0.4735462822254292 off 0.27467164202581 neg 0.2517820757487607	false	0.5
hippie	neg 1.0		__DUMMY__ 0.47653712762640266 neg 0.26310993511026654 off 0.2603529372633309	false	1.0
rammen	neg 1.0		__DUMMY__ 0.47696607740438296 neg 0.2653663049696827 off 0.25766761762593443	false	1.0
unlauter	neg 1.0		__DUMMY__ 0.4730596880528611 neg 0.2712389407914531 off 0.25570137115568575	false	1.0
unheilvoll	neg 1.0		__DUMMY__ 0.47927769497068745 off 0.2605973815807014 neg 0.2601249234486112	false	0.5
niedrig	neg 1.0		__DUMMY__ 0.4799586201843701 neg 0.2678795415547262 off 0.2521618382609038	false	1.0
explosion	neg 1.0		__DUMMY__ 0.4760769975575572 neg 0.26445126290766635 off 0.2594717395347764	false	1.0
weichei	off 1.0		__DUMMY__ 0.47258723175264494 off 0.2695153330755111 neg 0.25789743517184377	false	1.0
minusmensch	off 1.0		__DUMMY__ 0.46834097447654055 off 0.27225034293504025 neg 0.2594086825884192	false	1.0
farblos	neg 1.0		__DUMMY__ 0.4824043632326253 neg 0.26004972370987556 off 0.25754591305749913	false	1.0
unwissend	neg 1.0	neg 1.0	neg 0.6193811568269203 __DUMMY__ 0.23147032949794213 off 0.14914851367513754	false	1.0
traurig	neg 1.0		__DUMMY__ 0.4748845485774014 off 0.2666893700777451 neg 0.2584260813448535	false	0.5
senkung	neg 1.0		__DUMMY__ 0.4743031357796253 neg 0.2666304552067264 off 0.2590664090136484	false	1.0
ungleich	neg 1.0	neg 1.0	neg 0.6243396892663505 __DUMMY__ 0.23279039017773503 off 0.14286992055591433	false	1.0
heikel	neg 1.0		__DUMMY__ 0.47813937904426795 neg 0.27071288646661745 off 0.2511477344891147	false	1.0
drosselung	neg 1.0		__DUMMY__ 0.47612515703669034 off 0.2641396462007994 neg 0.2597351967625103	false	0.5
falsch	neg 1.0		__DUMMY__ 0.4763898720980389 off 0.26185187391144576 neg 0.2617582539905153	false	0.5
unzufriedenheit	neg 1.0		__DUMMY__ 0.47872614200480496 neg 0.2706238853367957 off 0.25064997265839933	false	1.0
kurz	neg 1.0		__DUMMY__ 0.4799193283733085 neg 0.2642188008057156 off 0.2558618708209759	false	1.0
unsinnig	neg 1.0		__DUMMY__ 0.47616759806871833 neg 0.2694189393614626 off 0.254413462569819	false	1.0
penner	off 1.0	off 1.0	off 0.6243569158796852 __DUMMY__ 0.22996346090264055 neg 0.14567962321767425	false	1.0
seicht	neg 1.0		__DUMMY__ 0.4698768419652743 off 0.271913306803677 neg 0.25820985123104884	false	0.5
dummheit	off 1.0	off 1.0	off 0.6174966440523191 __DUMMY__ 0.23189679176009498 neg 0.15060656418758603	false	1.0
unerfreulich	neg 1.0		__DUMMY__ 0.4797468402273523 neg 0.26964925593669087 off 0.25060390383595693	false	1.0
motherfucker	off 1.0	off 1.0	off 0.6201639144135347 __DUMMY__ 0.23100109720028236 neg 0.1488349883861828	false	1.0
pikiert	neg 1.0		__DUMMY__ 0.47399774358996427 neg 0.2635119745966483 off 0.2624902818133874	false	1.0
wrack	neg 1.0		__DUMMY__ 0.4820224710792888 neg 0.2642535705988751 off 0.2537239583218359	false	1.0
gangster	neg 1.0		__DUMMY__ 0.4770451976312742 neg 0.2628643214388787 off 0.26009048092984693	false	1.0
krank	neg 1.0		__DUMMY__ 0.4762657990705279 off 0.26510020407575097 neg 0.2586339968537211	false	0.5
reich	neg 1.0		__DUMMY__ 0.4750100305566728 neg 0.26369138468595826 off 0.26129858475736883	false	1.0
gnadenlos	neg 1.0		__DUMMY__ 0.4775028499794485 neg 0.2644008191694184 off 0.2580963308511331	false	1.0
niedergeschlagen	neg 1.0		__DUMMY__ 0.48011296290437777 neg 0.2635218595232796 off 0.2563651775723425	false	1.0
terrorisieren	off 1.0	off 1.0	off 0.6140315094126072 __DUMMY__ 0.23423750913884211 neg 0.1517309814485507	false	1.0
sinnlosigkeit	neg 1.0		__DUMMY__ 0.4775618897797399 neg 0.2679297413422689 off 0.2545083688779913	false	1.0
behindern	neg 1.0		__DUMMY__ 0.476998600753318 neg 0.26729359905476274 off 0.2557078001919193	false	1.0
undemokratisch	neg 1.0		__DUMMY__ 0.47478606459000827 neg 0.26841807011825447 off 0.25679586529173715	false	1.0
wirtschaftskrise	neg 1.0		__DUMMY__ 0.47717932779217037 neg 0.2701854605462038 off 0.2526352116616259	false	1.0
neid	neg 1.0		__DUMMY__ 0.4782410523017455 off 0.2632931736122594 neg 0.2584657740859951	false	0.5
rutschen	neg 1.0	neg 1.0	neg 0.6206185894056261 __DUMMY__ 0.23709023778094648 off 0.14229117281342749	false	1.0
rezession	neg 1.0		__DUMMY__ 0.47233975808349826 off 0.26663307286428894 neg 0.2610271690522128	false	0.5
fehlgeburt	neg 1.0		__DUMMY__ 0.4791760683739136 neg 0.2606399666193878 off 0.2601839650066986	false	1.0
charakterschwach	off 1.0		__DUMMY__ 0.4751494999335023 off 0.2638968993715773 neg 0.26095360069492046	false	1.0
isolation	neg 1.0		__DUMMY__ 0.4770780541489167 off 0.2617475935182651 neg 0.26117435233281827	false	0.5
ablenkung	neg 1.0		__DUMMY__ 0.4781041516204951 neg 0.2642949428813618 off 0.25760090549814313	false	1.0
pech	neg 1.0		__DUMMY__ 0.47676887978532373 neg 0.261725182879776 off 0.26150593733490024	false	1.0
vermeidung	neg 1.0		__DUMMY__ 0.47375738309655546 off 0.2634913835329846 neg 0.2627512333704599	false	0.5
dominieren	neg 1.0		__DUMMY__ 0.48078968836971697 neg 0.2652496191906546 off 0.2539606924396284	false	1.0
schwindlig	neg 1.0		__DUMMY__ 0.4799843519216678 off 0.2611307528100124 neg 0.25888489526831987	false	0.5
lutscher	neg 1.0		__DUMMY__ 0.4699075608886401 off 0.2727267946572449 neg 0.257365644454115	false	0.5
pflicht	neg 1.0		__DUMMY__ 0.4782934466810622 neg 0.2707000906455492 off 0.2510064626733886	false	1.0
faschist	off 1.0		__DUMMY__ 0.4740858785887147 neg 0.2666754374563221 off 0.2592386839549632	false	0.5
verschleudern	neg 1.0		__DUMMY__ 0.4747167113768032 neg 0.2746570444710167 off 0.2506262441521801	false	1.0
wenn			__DUMMY__ 0.47619229697447557 off 0.2620376184556793 neg 0.261770084569845	false	0.0
ehebruch	neg 1.0		__DUMMY__ 0.47826067917391324 neg 0.2684331168661606 off 0.25330620395992604	false	1.0
spott	off 1.0		__DUMMY__ 0.4772402690609592 neg 0.2705753878052981 off 0.2521843431337426	false	0.5
trostlosigkeit	neg 1.0		__DUMMY__ 0.4806034510847738 neg 0.2688368496008521 off 0.25055969931437405	false	1.0
lutschen	neg 1.0		__DUMMY__ 0.47560535869421056 neg 0.26505376246725354 off 0.25934087883853585	false	1.0
undiszipliniert	neg 1.0		__DUMMY__ 0.47562782448924334 off 0.26593827528617525 neg 0.25843390022458146	false	0.5
kopfschmerz	neg 1.0		__DUMMY__ 0.4799345932388279 neg 0.26399248106483475 off 0.2560729256963374	false	1.0
unvorhergesehen	neg 1.0		__DUMMY__ 0.48205812234160794 neg 0.2638883843202529 off 0.2540534933381391	false	1.0
desinteressiert	neg 1.0		__DUMMY__ 0.4741859985503227 off 0.26516194290315553 neg 0.26065205854652196	false	0.5
armselig	off 1.0		__DUMMY__ 0.4723099914521376 off 0.26559234776292584 neg 0.2620976607849366	false	1.0
desaster	neg 1.0		__DUMMY__ 0.47917307103671514 neg 0.27240417131889016 off 0.24842275764439467	false	1.0
tod	neg 1.0		__DUMMY__ 0.48191388231807764 neg 0.2633751093823327 off 0.25471100829958965	false	1.0
herzlos	neg 1.0		__DUMMY__ 0.473556131352024 off 0.26673617569029545 neg 0.25970769295768054	false	0.5
unwissenheit	neg 1.0		__DUMMY__ 0.4758760578759255 neg 0.27062981608674225 off 0.25349412603733223	false	1.0
widersinnig	neg 1.0	neg 1.0	neg 0.6245722814545086 __DUMMY__ 0.23146786582233303 off 0.14395985272315837	false	1.0
bedenklich	neg 1.0		__DUMMY__ 0.4775095791761442 neg 0.26981059067085944 off 0.25267983015299644	false	1.0
beanstanden	neg 1.0		__DUMMY__ 0.47898202637043547 neg 0.2705007339674829 off 0.2505172396620816	false	1.0
panisch	neg 1.0	neg 1.0	neg 0.6165832662270043 __DUMMY__ 0.2348401168165536 off 0.14857661695644203	false	1.0
debil	off 1.0		__DUMMY__ 0.4819948186004454 neg 0.27239388372564016 off 0.2456112976739145	false	0.5
abstrich	neg 1.0		__DUMMY__ 0.478159951382418 neg 0.26850435961180746 off 0.25333568900577447	false	1.0
primitiv	neg 1.0		__DUMMY__ 0.47392674473177354 off 0.2643513837858396 neg 0.261721871482387	false	0.5
abschaum	off 1.0	off 1.0	off 0.618952303244332 __DUMMY__ 0.23168858388618851 neg 0.14935911286947945	false	1.0
provozieren	neg 1.0		__DUMMY__ 0.47661325278034994 neg 0.2658618568294677 off 0.2575248903901822	false	1.0
tot	neg 1.0		__DUMMY__ 0.4784649548611282 neg 0.2690357978340041 off 0.2524992473048676	false	1.0
instabil	neg 1.0		__DUMMY__ 0.47224517375828695 neg 0.26440527174277106 off 0.2633495544989421	false	1.0
schwuchtel	off 1.0		__DUMMY__ 0.46796295476622457 off 0.2775871731154903 neg 0.25444987211828524	false	1.0
zerren	neg 1.0		__DUMMY__ 0.47999957039581326 neg 0.2635536834614489 off 0.2564467461427378	false	1.0
kinderficker	off 1.0		__DUMMY__ 0.47069268523420926 off 0.2679456579367089 neg 0.2613616568290818	false	1.0
gefahr	neg 1.0		__DUMMY__ 0.47953200522969225 neg 0.2693562240687645 off 0.25111177070154317	false	1.0
rabiat	neg 1.0		__DUMMY__ 0.4767275915995632 neg 0.266539602967012 off 0.2567328054334248	false	1.0
verlangsamung	neg 1.0		__DUMMY__ 0.4723734785724356 off 0.27083071822053484 neg 0.2567958032070295	false	0.5
ausgestorben	neg 1.0		__DUMMY__ 0.4792409857832865 neg 0.26378407057201786 off 0.25697494364469575	false	1.0
anklagen	neg 1.0		__DUMMY__ 0.47733814057686086 neg 0.267966490134934 off 0.2546953692882051	false	1.0
trott	neg 1.0		__DUMMY__ 0.47854987044942804 neg 0.2648464657421031 off 0.25660366380846883	false	1.0
verminderung	neg 1.0		__DUMMY__ 0.47408856423313833 off 0.26464126720233594 neg 0.2612701685645257	false	0.5
nach			__DUMMY__ 0.4858212342736428 neg 0.2650987878786121 off 0.2490799778477452	false	0.0
rost	neg 1.0		__DUMMY__ 0.47376008911077067 off 0.26984200120850094 neg 0.25639790968072845	false	0.5
destruktiv	neg 1.0		__DUMMY__ 0.47546216418811316 neg 0.2688949825584051 off 0.25564285325348174	false	1.0
unzumutbarkeit	neg 1.0		__DUMMY__ 0.4769107484122598 off 0.2626547438082935 neg 0.2604345077794467	false	0.5
labil	off 1.0	off 1.0	off 0.618887814176815 __DUMMY__ 0.23173970712283454 neg 0.14937247870035053	false	1.0
ziemlich	neg 1.0		__DUMMY__ 0.4761379852729398 off 0.26405856939964806 neg 0.25980344532741206	false	0.5
lachnummer	off 1.0		__DUMMY__ 0.47642566214157506 neg 0.26728961950065067 off 0.2562847183577743	false	0.5
oder			__DUMMY__ 0.47891323572398425 neg 0.26320129967774725 off 0.25788546459826833	false	0.0
verfall	neg 1.0		__DUMMY__ 0.48062955298255466 neg 0.2732068648196653 off 0.24616358219778003	false	1.0
ausgrenzung	neg 1.0		__DUMMY__ 0.47519836125969067 neg 0.2668893668610525 off 0.25791227187925686	false	1.0
unordnung	neg 1.0		__DUMMY__ 0.47734848214376047 off 0.26384336152627785 neg 0.25880815632996185	false	0.5
fehlverhalten	neg 1.0		__DUMMY__ 0.4783412071664454 neg 0.27021614908254277 off 0.2514426437510119	false	1.0
eine			__DUMMY__ 0.47957378068170164 neg 0.2693462866704483 off 0.2510799326478499	false	0.0
nille	neg 1.0		__DUMMY__ 0.47814945581879487 neg 0.2661148851363161 off 0.255735659044889	false	1.0
qual	neg 1.0		__DUMMY__ 0.47842387880545395 neg 0.2652575531227732 off 0.25631856807177283	false	1.0
verschwenden	neg 1.0		__DUMMY__ 0.477729884740484 neg 0.26893330046376396 off 0.253336814795752	false	1.0
riesig	neg 1.0	neg 1.0	neg 0.6199278848988962 __DUMMY__ 0.2355405668937135 off 0.14453154820739034	false	1.0
verurteilen	neg 1.0		__DUMMY__ 0.4775085065672962 neg 0.26827680432634265 off 0.2542146891063611	false	1.0
klischee	neg 1.0	neg 1.0	neg 0.6205000707611935 __DUMMY__ 0.23150642719577721 off 0.14799350204302927	false	1.0
diktatorisch	neg 1.0		__DUMMY__ 0.47399964831084096 neg 0.2688204741738568 off 0.2571798775153023	false	1.0
vorhersehbar	neg 1.0	neg 1.0	neg 0.6203961154246703 __DUMMY__ 0.23193212151960052 off 0.14767176305572907	false	1.0
sowie			__DUMMY__ 0.4727550787266322 off 0.2687780271399816 neg 0.25846689413338636	false	0.0
stornieren	neg 1.0		__DUMMY__ 0.4818405490378942 off 0.25961898187518156 neg 0.25854046908692424	false	0.5
besteuerung	neg 1.0		__DUMMY__ 0.4743640468233763 neg 0.26923978524549713 off 0.2563961679311265	false	1.0
ungeschminkt	neg 1.0		__DUMMY__ 0.47403129244343445 off 0.26343957619050595 neg 0.26252913136605976	false	0.5
kritisch	neg 1.0		__DUMMY__ 0.47759658944421285 neg 0.26994917091840115 off 0.252454239637386	false	1.0
schlamperei	off 1.0		__DUMMY__ 0.4775370909192298 neg 0.27137190899645036 off 0.25109100008431995	false	0.5
sucht	neg 1.0	neg 1.0	neg 0.6190780107398548 __DUMMY__ 0.23453060350080437 off 0.14639138575934094	false	1.0
egoistisch	off 1.0		__DUMMY__ 0.47320799397322005 off 0.26965440175140193 neg 0.2571376042753779	false	1.0
ausbeuter	off 1.0		__DUMMY__ 0.4772924179918846 neg 0.2718605446378419 off 0.2508470373702735	false	0.5
arschgeburt	off 1.0		__DUMMY__ 0.46729775991008743 off 0.27747809439276905 neg 0.25522414569714347	false	1.0
schubs	neg 1.0	neg 1.0	neg 0.6199577657077334 __DUMMY__ 0.23497720901417438 off 0.14506502527809217	false	1.0
unsolide	neg 1.0		__DUMMY__ 0.47137044737168055 neg 0.27190875136053394 off 0.2567208012677854	false	1.0
beschwerde	neg 1.0		__DUMMY__ 0.47746384335975955 neg 0.2712442088616856 off 0.25129194777855485	false	1.0
stocken	neg 1.0		__DUMMY__ 0.4785402627501729 neg 0.268982714484176 off 0.2524770227656511	false	1.0
isolieren	neg 1.0		__DUMMY__ 0.4772007216572893 neg 0.2694632848732345 off 0.2533359934694761	false	1.0
unheilbar	neg 1.0		__DUMMY__ 0.4795285522092486 neg 0.2619892036430305 off 0.25848224414772086	false	1.0
pisser	off 1.0		__DUMMY__ 0.47497508165130153 off 0.2651177687203565 neg 0.25990714962834194	false	1.0
löschen	neg 1.0		__DUMMY__ 0.47783832814034505 neg 0.26526928318912024 off 0.25689238867053477	false	1.0
durchfallen	neg 1.0		__DUMMY__ 0.4763631598932694 neg 0.27002837557624276 off 0.2536084645304878	false	1.0
wichser	off 1.0		__DUMMY__ 0.4711682051344374 off 0.2748000004415926 neg 0.25403179442397	false	1.0
terror	neg 1.0		__DUMMY__ 0.47825997224472006 neg 0.26108109153066755 off 0.2606589362246125	false	1.0
krass	neg 1.0		__DUMMY__ 0.47337922124630466 off 0.2672348070831392 neg 0.25938597167055627	false	0.5
revolte	neg 1.0		__DUMMY__ 0.47495872055611643 neg 0.26649798235827027 off 0.2585432970856132	false	1.0
besorgt	neg 1.0		__DUMMY__ 0.4808806863626809 neg 0.2634028968565904 off 0.2557164167807287	false	1.0
nachlassen	neg 1.0		__DUMMY__ 0.4793102492935454 neg 0.26834492331282767 off 0.252344827393627	false	1.0
alt	neg 1.0		__DUMMY__ 0.47890147816593365 neg 0.26763330003765173 off 0.25346522179641473	false	1.0
hundesohn	off 1.0		__DUMMY__ 0.4700416155115451 off 0.27229400220506456 neg 0.2576643822833904	false	1.0
als			__DUMMY__ 0.47983311354031355 neg 0.26459095243671554 off 0.2555759340229709	false	0.0
abschreckung	neg 1.0		__DUMMY__ 0.4796459105298191 neg 0.27019250094795005 off 0.25016158852223086	false	1.0
unqualifiziert	neg 1.0		__DUMMY__ 0.4730952232463126 neg 0.26748934896444015 off 0.2594154277892472	false	1.0
abgewichst	off 1.0		__DUMMY__ 0.4787821388437585 neg 0.26599865509921633 off 0.25521920605702525	false	0.5
schwer	neg 1.0		__DUMMY__ 0.4781022633951532 neg 0.26480346476547945 off 0.2570942718393674	false	1.0
bedeutungslosigkeit	neg 1.0		__DUMMY__ 0.47867784851947226 neg 0.2704234678257274 off 0.25089868365480034	false	1.0
kapitulation	neg 1.0		__DUMMY__ 0.47651196341370733 neg 0.27170406865167696 off 0.25178396793461577	false	1.0
unscharf	neg 1.0		__DUMMY__ 0.47648771457368233 neg 0.26394809110949397 off 0.25956419431682365	false	1.0
schwinden	neg 1.0		__DUMMY__ 0.4787670824148035 neg 0.27047901573715116 off 0.2507539018480453	false	1.0
versklavung	neg 1.0		__DUMMY__ 0.4742764704031974 neg 0.2689071363337542 off 0.2568163932630483	false	1.0
schlecht	neg 1.0		__DUMMY__ 0.476380099754014 off 0.2642824693242207 neg 0.2593374309217653	false	0.5
verhasst	neg 1.0		__DUMMY__ 0.4767057803604769 neg 0.26524324084325723 off 0.258050978796266	false	1.0
beschweren	neg 1.0		__DUMMY__ 0.47694204956300973 neg 0.26390085367458943 off 0.25915709676240084	false	1.0
scheiden	neg 1.0		__DUMMY__ 0.4816145144452028 neg 0.2594182540848101 off 0.25896723146998707	false	1.0
frustriert	neg 1.0		__DUMMY__ 0.47832514679631305 neg 0.2658111810649042 off 0.25586367213878275	false	1.0
schimmelig	neg 1.0		__DUMMY__ 0.4795962542683796 neg 0.2674919711956405 off 0.2529117745359799	false	1.0
fisch	neg 1.0		__DUMMY__ 0.4831977674235278 neg 0.2640223771296608 off 0.2527798554468113	false	1.0
schmuggel	neg 1.0		__DUMMY__ 0.4825800965108686 neg 0.2650078936037439 off 0.25241200988538764	false	1.0
auffallen	neg 1.0		__DUMMY__ 0.47691332205173537 neg 0.2630859460877588 off 0.26000073186050593	false	1.0
konkurrenz	neg 1.0	neg 1.0	neg 0.6237554280659138 __DUMMY__ 0.2343900832520426 off 0.14185448868204362	false	1.0
teufelskreis	neg 1.0		__DUMMY__ 0.4775672472794992 neg 0.26623021776210576 off 0.256202534958395	false	1.0
aufschreien	neg 1.0		__DUMMY__ 0.4760075962658244 neg 0.2644767787867978 off 0.25951562494737773	false	1.0
schuldner	neg 1.0		__DUMMY__ 0.4793490353141247 neg 0.26932987687522725 off 0.2513210878106481	false	1.0
missgeburt	off 1.0	off 1.0	off 0.6227724593638151 __DUMMY__ 0.23050709079984952 neg 0.14672044983633548	false	1.0
arbeitslos	neg 1.0		__DUMMY__ 0.476491758919825 neg 0.2695328305090312 off 0.2539754105711439	false	1.0
befallen	neg 1.0		__DUMMY__ 0.47797174674410026 neg 0.2669568882663749 off 0.25507136498952476	false	1.0
miesepetrig	off 1.0	off 1.0	off 0.6200149450948383 __DUMMY__ 0.2324362687467593 neg 0.1475487861584023	false	1.0
alarmieren	neg 1.0		__DUMMY__ 0.47445154649674925 neg 0.2641865750563292 off 0.2613618784469215	false	1.0
ungeduscht	off 1.0		__DUMMY__ 0.47703097495886687 neg 0.26154878432453776 off 0.2614202407165954	false	0.5
knappheit	neg 1.0		__DUMMY__ 0.4764304490621672 neg 0.2717634460082125 off 0.25180610492962047	false	1.0
schlange	neg 1.0		__DUMMY__ 0.47943153416315626 neg 0.26055182167875107 off 0.26001664415809256	false	1.0
harsch	neg 1.0		__DUMMY__ 0.47522057498472525 off 0.26862132683978757 neg 0.25615809817548724	false	0.5
lang	neg 1.0		__DUMMY__ 0.47810359203640695 neg 0.264329601961044 off 0.25756680600254905	false	1.0
ziellos	neg 1.0		__DUMMY__ 0.4799095969616587 neg 0.26530251160191454 off 0.25478789143642666	false	1.0
selbstverliebt	neg 1.0		__DUMMY__ 0.4684624494534457 off 0.2748085253502091 neg 0.2567290251963453	false	0.5
beseitigen	neg 1.0	neg 1.0	neg 0.6192728327567881 __DUMMY__ 0.2348494615322875 off 0.14587770571092443	false	1.0
dumm	off 1.0		__DUMMY__ 0.47192216115962493 off 0.27036250628685793 neg 0.2577153325535171	false	1.0
arbeitsloser	neg 1.0		__DUMMY__ 0.4785540665126198 neg 0.267744491470117 off 0.25370144201726336	false	1.0
blitzen	neg 1.0		__DUMMY__ 0.4766815340706089 neg 0.26269774876529234 off 0.26062071716409885	false	1.0
hilflos	neg 1.0		__DUMMY__ 0.4785985712190319 neg 0.26600340497180286 off 0.2553980238091652	false	1.0
eklig	off 1.0		__DUMMY__ 0.4718529814334562 off 0.27113254707376705 neg 0.2570144714927766	false	1.0
begriff			__DUMMY__ 0.4768292936011981 neg 0.26798947042803356 off 0.25518123597076825	false	0.0
hungersnot	neg 1.0		__DUMMY__ 0.4792468474809004 neg 0.2653708941404023 off 0.2553822583786974	false	1.0
ungesetzlich	neg 1.0		__DUMMY__ 0.471379902396437 neg 0.27168310688527264 off 0.25693699071829046	false	1.0
verschwendung	neg 1.0		__DUMMY__ 0.478830737562143 neg 0.26892349601461435 off 0.2522457664232426	false	1.0
schmerzvoll	neg 1.0		__DUMMY__ 0.47742278860074405 neg 0.2632764505731044 off 0.25930076082615156	false	1.0
vorzeitig	neg 1.0		__DUMMY__ 0.47817085340108534 off 0.2611483100035622 neg 0.2606808365953524	false	0.5
unvollkommenheit	neg 1.0		__DUMMY__ 0.4828278974096356 neg 0.2610860953539856 off 0.2560860072363788	false	1.0
intervenieren	neg 1.0		__DUMMY__ 0.4771371590657981 neg 0.27170984145405597 off 0.25115299948014597	false	1.0
banause	off 1.0		__DUMMY__ 0.46960349744287294 off 0.2727652345757179 neg 0.2576312679814092	false	1.0
rebell	neg 1.0		__DUMMY__ 0.4809448421285018 neg 0.27018788728893534 off 0.24886727058256275	false	1.0
unlogisch	neg 1.0		__DUMMY__ 0.47396855755500067 off 0.2665179439871226 neg 0.2595134984578768	false	0.5
leiden	neg 1.0		__DUMMY__ 0.4837828777891088 neg 0.2626533237776155 off 0.25356379843327564	false	1.0
abschaffung	neg 1.0		__DUMMY__ 0.47490428143571445 neg 0.2686672882665483 off 0.2564284302977372	false	1.0
sturz	neg 1.0		__DUMMY__ 0.4785468283241075 neg 0.2642496359028064 off 0.2572035357730861	false	1.0
verkleinerung	neg 1.0		__DUMMY__ 0.47308545395712576 neg 0.2680305435233966 off 0.2588840025194775	false	1.0
schmarotzer	off 1.0		__DUMMY__ 0.47629102758873354 neg 0.269954457700996 off 0.2537545147102705	false	0.5
bestrafung	neg 1.0		__DUMMY__ 0.4768470596871069 neg 0.2646710490422296 off 0.2584818912706635	false	1.0
achtlos	neg 1.0		__DUMMY__ 0.47895522491341525 neg 0.2636989370109007 off 0.257345838075684	false	1.0
ungeheuer	neg 1.0		__DUMMY__ 0.4773573217482131 neg 0.26181620863316934 off 0.26082646961861755	false	1.0
unaufrichtig	neg 1.0		__DUMMY__ 0.47452751270703725 neg 0.26694349920810795 off 0.25852898808485486	false	1.0
groggy	neg 1.0		__DUMMY__ 0.4764898457057722 neg 0.2635196036471608 off 0.259990550647067	false	1.0
verletzlich	neg 1.0		__DUMMY__ 0.47514884843418254 off 0.2652721064927129 neg 0.2595790450731046	false	0.5
ablehnen	neg 1.0		__DUMMY__ 0.477441464623608 neg 0.26943309296012596 off 0.25312544241626606	false	1.0
