unsolidarisch	neg 1.0		neg 0.568493077973191 off 0.3646512233303698 __DUMMY__ 0.06685569869643908	false	1.0
nachteilig	neg 1.0		neg 0.567123255795966 off 0.36498243826273474 __DUMMY__ 0.06789430594129933	false	1.0
skeptisch	neg 1.0		neg 0.5692307921983263 off 0.36262998094830207 __DUMMY__ 0.06813922685337168	false	1.0
schrecklich	neg 1.0		neg 0.554320081330794 off 0.3779419260072515 __DUMMY__ 0.06773799266195463	false	1.0
schlapp	neg 1.0		neg 0.5569282970725539 off 0.3748235105588231 __DUMMY__ 0.06824819236862296	false	1.0
abfall	neg 1.0		neg 0.570982893971935 off 0.360823037781436 __DUMMY__ 0.06819406824662895	false	1.0
widerspenstig	neg 1.0		neg 0.5622263902866186 off 0.36944311420773923 __DUMMY__ 0.06833049550564227	false	1.0
abrupt	neg 1.0		neg 0.5632553639307442 off 0.36828322646906725 __DUMMY__ 0.06846140960018864	false	1.0
unwirksam	neg 1.0		neg 0.5657278840925891 off 0.36697789277167264 __DUMMY__ 0.06729422313573814	false	1.0
angreifen	neg 1.0		neg 0.5689678325669644 off 0.36315654100124517 __DUMMY__ 0.06787562643179032	false	1.0
inkonsistent	neg 1.0		neg 0.562826611637504 off 0.3695998918483496 __DUMMY__ 0.0675734965141465	false	1.0
abrutschen	neg 1.0		neg 0.5699475215923909 off 0.3616896122180798 __DUMMY__ 0.06836286618952936	false	1.0
unsicher	neg 1.0		neg 0.5631250318397949 off 0.3687522717128452 __DUMMY__ 0.06812269644735995	false	1.0
bauernkind	off 1.0		neg 0.5529108724825119 off 0.37994156704617577 __DUMMY__ 0.06714756047131244	false	0.5
angreifer	neg 1.0		neg 0.5625730576770147 off 0.37003989388809483 __DUMMY__ 0.06738704843489057	false	1.0
trennen	neg 1.0		neg 0.5651482232233022 off 0.3660958571251313 __DUMMY__ 0.06875591965156659	false	1.0
schmutz	neg 1.0		neg 0.554220783888702 off 0.37721419406394585 __DUMMY__ 0.06856502204735221	false	1.0
inkonsistenz	neg 1.0	neg 1.0	neg 0.7699245218188996 off 0.19782125855327262 __DUMMY__ 0.03225421962782774	false	1.0
erschreckend	neg 1.0		neg 0.565664832126866 off 0.3664389808167941 __DUMMY__ 0.06789618705633974	false	1.0
ertrinken	neg 1.0		neg 0.5659408200419326 off 0.36571906197482856 __DUMMY__ 0.06834011798323884	false	1.0
pickelface	off 1.0		neg 0.564239360517622 off 0.3681553493021981 __DUMMY__ 0.06760529018017992	false	0.5
seiner			neg 0.5676578769666537 off 0.3641854710174105 __DUMMY__ 0.06815665201593574	false	0.0
lauch	neg 1.0		neg 0.5696545950232703 off 0.3622387195286328 __DUMMY__ 0.06810668544809691	false	1.0
unwichtig	neg 1.0		neg 0.5594291236251109 off 0.3728078783275016 __DUMMY__ 0.06776299804738736	false	1.0
steuerhinterziehung	neg 1.0		neg 0.5678665406083827 off 0.3648691401644966 __DUMMY__ 0.06726431922712056	false	1.0
schock	neg 1.0		neg 0.5633918783573664 off 0.36815729424583393 __DUMMY__ 0.06845082739679971	false	1.0
beule	neg 1.0		neg 0.555682145686567 off 0.37615211259908266 __DUMMY__ 0.06816574171435025	false	1.0
vergelten	neg 1.0		neg 0.5544030012558043 off 0.37825324321661113 __DUMMY__ 0.0673437555275844	false	1.0
verdorbenheit	neg 1.0	neg 1.0	neg 0.7689607937486215 off 0.19836704701905594 __DUMMY__ 0.03267215923232265	false	1.0
trauma	neg 1.0		neg 0.56186808867203 off 0.37024511702508656 __DUMMY__ 0.06788679430288352	false	1.0
sinnlos	neg 1.0		neg 0.5613572872578261 off 0.37070236962164244 __DUMMY__ 0.0679403431205316	false	1.0
fettsack	off 1.0	off 1.0	off 0.6723026508425416 neg 0.29558662463866064 __DUMMY__ 0.03211072451879771	false	1.0
feige	off 1.0		neg 0.5610032374206356 off 0.37146588461389074 __DUMMY__ 0.06753087796547369	false	0.5
abdanken	neg 1.0		neg 0.5686170522195181 off 0.36431413875502977 __DUMMY__ 0.06706880902545206	false	1.0
wichtigtuer	off 1.0	off 1.0	off 0.6668757145275639 neg 0.30087233354269516 __DUMMY__ 0.03225195192974101	false	1.0
misslingen	neg 1.0		neg 0.5593809885022102 off 0.37230237490205853 __DUMMY__ 0.06831663659573123	false	1.0
untreu	off 1.0		neg 0.558158812221672 off 0.37402190550960285 __DUMMY__ 0.0678192822687251	false	0.5
missmutig	neg 1.0		neg 0.5580370032885082 off 0.37378213717832764 __DUMMY__ 0.06818085953316402	false	1.0
hurenbock	off 1.0		neg 0.5594817005623107 off 0.37211675108470094 __DUMMY__ 0.06840154835298835	false	0.5
betrunken	neg 1.0		neg 0.5548638158591851 off 0.37704254829982314 __DUMMY__ 0.06809363584099172	false	1.0
korrupt	off 1.0		neg 0.5703703726023764 off 0.36250262611939754 __DUMMY__ 0.06712700127822588	false	0.5
unmut	neg 1.0		neg 0.5707445973931086 off 0.36121086908107203 __DUMMY__ 0.0680445335258195	false	1.0
hackfresse	off 1.0		neg 0.5514215036476737 off 0.38107994441716597 __DUMMY__ 0.06749855193516029	false	0.5
aufblasen	neg 1.0		neg 0.5602238371699412 off 0.37143139756751586 __DUMMY__ 0.06834476526254302	false	1.0
gewaltsam	neg 1.0		neg 0.5654229448776283 off 0.36725519725899586 __DUMMY__ 0.06732185786337583	false	1.0
unbeliebtheit	neg 1.0		neg 0.5628091046271967 off 0.37066863519303117 __DUMMY__ 0.06652226017977213	false	1.0
sturheit	neg 1.0		neg 0.5673697020240422 off 0.3650992440063401 __DUMMY__ 0.06753105396961777	false	1.0
kuh	neg 1.0		neg 0.562540902826498 off 0.36974304751231224 __DUMMY__ 0.06771604966118965	false	1.0
erschrecken	neg 1.0		neg 0.5587065115099691 off 0.37317387443135575 __DUMMY__ 0.0681196140586753	false	1.0
opfer	neg 1.0	neg 1.0	neg 0.7732948375849229 off 0.19425537277477586 __DUMMY__ 0.032449789640301235	false	1.0
sinken	neg 1.0		neg 0.5696097869012641 off 0.3623075760001543 __DUMMY__ 0.06808263709858162	false	1.0
stinktier	neg 1.0		neg 0.5554624091186764 off 0.37715375495967046 __DUMMY__ 0.06738383592165316	false	1.0
tucke	off 1.0		neg 0.5506850726107143 off 0.3818011810372338 __DUMMY__ 0.06751374635205186	false	0.5
ein			neg 0.5596448205240716 off 0.3717282612973048 __DUMMY__ 0.06862691817862364	false	0.0
abstieg	neg 1.0		neg 0.5669805858567292 off 0.36534158439846326 __DUMMY__ 0.06767782974480756	false	1.0
missverstehen	neg 1.0		neg 0.5632252178568364 off 0.3691796815034238 __DUMMY__ 0.06759510063973984	false	1.0
ergebnislos	neg 1.0		neg 0.5669991691277266 off 0.365203756979062 __DUMMY__ 0.06779707389321135	false	1.0
unter			neg 0.570703760391625 off 0.3602337822647317 __DUMMY__ 0.06906245734364334	false	0.0
manipulieren	neg 1.0		neg 0.5696744644412579 off 0.362525923364267 __DUMMY__ 0.06779961219447515	false	1.0
unbewiesen	neg 1.0		neg 0.5694364323858135 off 0.3638282114967736 __DUMMY__ 0.06673535611741292	false	1.0
verschleppen	neg 1.0		neg 0.5682045856061997 off 0.3641723677559976 __DUMMY__ 0.06762304663780268	false	1.0
weib	off 1.0		neg 0.5501941845876667 off 0.3823972522209424 __DUMMY__ 0.06740856319139096	false	0.5
opposition	neg 1.0		neg 0.5649215582911509 off 0.3678611730664608 __DUMMY__ 0.0672172686423883	false	1.0
verkehrswidrig	neg 1.0		neg 0.5517051445108593 off 0.38043059860892575 __DUMMY__ 0.06786425688021493	false	1.0
inkorrekt	neg 1.0		neg 0.5618086409175026 off 0.37118811607978924 __DUMMY__ 0.06700324300270821	false	1.0
vermeiden	neg 1.0		neg 0.5700512078630819 off 0.36132210812729726 __DUMMY__ 0.06862668400962073	false	1.0
abweichung	neg 1.0		neg 0.5704195546876394 off 0.36242693282630606 __DUMMY__ 0.06715351248605447	false	1.0
alkoholisiert	neg 1.0		neg 0.5646979858403649 off 0.3670540928580352 __DUMMY__ 0.06824792130159983	false	1.0
scheiss	off 1.0	off 1.0	off 0.6705658177226453 neg 0.29701819061036017 __DUMMY__ 0.03241599166699446	false	1.0
herausforderung	neg 1.0		neg 0.5627228245562518 off 0.36855119521573304 __DUMMY__ 0.06872598022801513	false	1.0
pervers	off 1.0		neg 0.5474504150067824 off 0.38524155672847743 __DUMMY__ 0.06730802826474012	false	0.5
wackelig	neg 1.0		neg 0.5622148643169685 off 0.36897299751361756 __DUMMY__ 0.06881213816941394	false	1.0
verwickeln	neg 1.0		neg 0.5628773788045246 off 0.36938475922639163 __DUMMY__ 0.06773786196908371	false	1.0
vorwand	neg 1.0		neg 0.5705807864011423 off 0.3615333264622244 __DUMMY__ 0.06788588713663325	false	1.0
muschi	off 1.0		neg 0.564477129927119 off 0.3678652591504088 __DUMMY__ 0.0676576109224722	false	0.5
entmutigung	neg 1.0		neg 0.567756211204559 off 0.3657438799579452 __DUMMY__ 0.06649990883749572	false	1.0
unangemessen	neg 1.0		neg 0.5685142355915358 off 0.36393083188685266 __DUMMY__ 0.06755493252161157	false	1.0
unstetig	neg 1.0		neg 0.5611854277146349 off 0.37128204018665834 __DUMMY__ 0.06753253209870692	false	1.0
entmutigen	neg 1.0		neg 0.5622113750052724 off 0.36976072750399985 __DUMMY__ 0.06802789749072789	false	1.0
schwanz	neg 1.0		neg 0.5660470066424862 off 0.3660664424848452 __DUMMY__ 0.06788655087266855	false	1.0
verbot	neg 1.0		neg 0.5690903863246809 off 0.36366699724380747 __DUMMY__ 0.0672426164315116	false	1.0
leid	neg 1.0		neg 0.553383332113551 off 0.3790582402075207 __DUMMY__ 0.06755842767892835	false	1.0
archaisch	neg 1.0		neg 0.5672234213381415 off 0.3650953053460842 __DUMMY__ 0.06768127331577435	false	1.0
gegen			neg 0.5699260800233885 off 0.36218892130656755 __DUMMY__ 0.06788499867004388	false	0.0
scheidung	neg 1.0	neg 1.0	neg 0.7574933762200615 off 0.21039682615349123 __DUMMY__ 0.0321097976264473	false	1.0
einschlag	neg 1.0		neg 0.5538612292163488 off 0.3785688504848149 __DUMMY__ 0.06756992029883627	false	1.0
m			neg 0.5635612742761213 off 0.3681740776156109 __DUMMY__ 0.06826464810826778	false	0.0
abgestanden	neg 1.0		neg 0.5622480880087496 off 0.369544516687916 __DUMMY__ 0.06820739530333453	false	1.0
schmierig	off 1.0		neg 0.553876603156598 off 0.37839478163819146 __DUMMY__ 0.06772861520521062	false	0.5
unpraktisch	neg 1.0		neg 0.5600010275017896 off 0.37160162173741124 __DUMMY__ 0.06839735076079928	false	1.0
wixxer	off 1.0		neg 0.5483861976064088 off 0.3845316738072122 __DUMMY__ 0.06708212858637896	false	0.5
bezeichnet			neg 0.5661479358346238 off 0.36620592814154374 __DUMMY__ 0.06764613602383239	false	0.0
jammerlappen	off 1.0		neg 0.5587846118566155 off 0.3733314126400823 __DUMMY__ 0.06788397550330218	false	0.5
farce	neg 1.0		neg 0.5706161407846871 off 0.36254835621118764 __DUMMY__ 0.06683550300412525	false	1.0
zwecklos	neg 1.0		neg 0.5680888975764959 off 0.36418988791886586 __DUMMY__ 0.06772121450463825	false	1.0
turbulent	neg 1.0		neg 0.5566614259508236 off 0.3759681666598705 __DUMMY__ 0.06737040738930598	false	1.0
invasion	neg 1.0		neg 0.5588591389193014 off 0.3730081684722063 __DUMMY__ 0.06813269260849245	false	1.0
schuld	neg 1.0		neg 0.5635569223479602 off 0.36862211786978805 __DUMMY__ 0.06782095978225175	false	1.0
risiko	neg 1.0		neg 0.5581553224563277 off 0.3736038534822555 __DUMMY__ 0.06824082406141686	false	1.0
finster	neg 1.0		neg 0.5605037240968428 off 0.37102521460256965 __DUMMY__ 0.06847106130058762	false	1.0
geisteskrank	off 1.0		neg 0.5598396897749868 off 0.3728733612495137 __DUMMY__ 0.06728694897549947	false	0.5
zusammenbrechen	neg 1.0		neg 0.5645061502309837 off 0.36731490487447666 __DUMMY__ 0.06817894489453953	false	1.0
ausbeute	neg 1.0		neg 0.5635878633015864 off 0.3678456946145463 __DUMMY__ 0.06856644208386735	false	1.0
hinterhalt	neg 1.0		neg 0.5627645112962967 off 0.36939032338505895 __DUMMY__ 0.06784516531864432	false	1.0
kritik	neg 1.0		neg 0.5696975462056004 off 0.3632802027948006 __DUMMY__ 0.06702225099959909	false	1.0
einschrumpfen	neg 1.0		neg 0.5631508164066372 off 0.3697507377845369 __DUMMY__ 0.06709844580882594	false	1.0
riskant	neg 1.0		neg 0.5678225452673924 off 0.3641194587850968 __DUMMY__ 0.06805799594751086	false	1.0
frustrieren	neg 1.0		neg 0.5682996580077262 off 0.36372972368549245 __DUMMY__ 0.06797061830678143	false	1.0
groll	neg 1.0		neg 0.5676758995309172 off 0.36456880802330727 __DUMMY__ 0.06775529244577559	false	1.0
gibt			neg 0.5656137828271107 off 0.3663407354535175 __DUMMY__ 0.06804548171937182	false	0.0
qualvoll	neg 1.0		neg 0.5597596077755277 off 0.3720590058585922 __DUMMY__ 0.06818138636588025	false	1.0
wackeln	neg 1.0		neg 0.5599220527332921 off 0.37153359189205304 __DUMMY__ 0.06854435537465482	false	1.0
klagen	neg 1.0		neg 0.5715422139631805 off 0.3607314285108772 __DUMMY__ 0.0677263575259423	false	1.0
bankrott	neg 1.0		neg 0.5569650757590904 off 0.3749167475834792 __DUMMY__ 0.06811817665743035	false	1.0
trauern	neg 1.0		neg 0.5674966101965373 off 0.3644495481698486 __DUMMY__ 0.06805384163361404	false	1.0
ablehnung	neg 1.0	neg 1.0	neg 0.7738647287974613 off 0.19409180743648008 __DUMMY__ 0.032043463766058655	false	1.0
stur	neg 1.0		neg 0.5629048224226557 off 0.3692360934084092 __DUMMY__ 0.06785908416893519	false	1.0
aufruhr	neg 1.0		neg 0.5662067783582231 off 0.36651073289624214 __DUMMY__ 0.06728248874553487	false	1.0
melancholie	neg 1.0		neg 0.562904676003364 off 0.36845610614109825 __DUMMY__ 0.0686392178555377	false	1.0
ist			neg 0.5621200880054114 off 0.3699367245514253 __DUMMY__ 0.06794318744316345	false	0.0
torheit	neg 1.0		neg 0.5665534482188491 off 0.36636099331038735 __DUMMY__ 0.0670855584707635	false	1.0
dreckskind	off 1.0		neg 0.5552767482992566 off 0.37776791658512626 __DUMMY__ 0.06695533511561719	false	0.5
umtauschen	neg 1.0		neg 0.561791388987259 off 0.36980307667192086 __DUMMY__ 0.06840553434082002	false	1.0
zum			neg 0.5663218706232278 off 0.3644720454368237 __DUMMY__ 0.06920608393994836	false	0.0
zersetzen	neg 1.0		neg 0.5702943329519549 off 0.3619091976879481 __DUMMY__ 0.06779646936009709	false	1.0
zur			neg 0.5708239839513856 off 0.3608012086797407 __DUMMY__ 0.06837480736887379	false	0.0
frust	neg 1.0		neg 0.5647395776297477 off 0.3670823425086382 __DUMMY__ 0.06817807986161412	false	1.0
unerbittlichkeit	neg 1.0		neg 0.5694314247257664 off 0.36281442435476763 __DUMMY__ 0.06775415091946582	false	1.0
zwei			neg 0.5658575121091005 off 0.36523025117526947 __DUMMY__ 0.06891223671563	false	0.0
unkorrekt	neg 1.0		neg 0.5598171896909512 off 0.37298466355406984 __DUMMY__ 0.06719814675497891	false	1.0
hexe	off 1.0		neg 0.5579732286565987 off 0.3741753397582597 __DUMMY__ 0.06785143158514166	false	0.5
lasch	neg 1.0		neg 0.561960558543332 off 0.37047782895936765 __DUMMY__ 0.06756161249730015	false	1.0
rivale	neg 1.0		neg 0.5551067632543147 off 0.37742267780302535 __DUMMY__ 0.0674705589426599	false	1.0
mutlos	off 1.0	off 1.0	off 0.6636574848154739 neg 0.3041070026990013 __DUMMY__ 0.032235512485524864	false	1.0
wirr	off 1.0		neg 0.5579346560326732 off 0.37486850441244346 __DUMMY__ 0.06719683955488322	false	0.5
jahr			neg 0.5641261534543406 off 0.367149953451748 __DUMMY__ 0.06872389309391144	false	0.0
wird			neg 0.5667017595758157 off 0.36517896948905526 __DUMMY__ 0.06811927093512914	false	0.0
strafbar	neg 1.0		neg 0.5702616544771473 off 0.36222531553151294 __DUMMY__ 0.06751302999133968	false	1.0
erosion	neg 1.0		neg 0.5600331996526771 off 0.3716918199447976 __DUMMY__ 0.06827498040252541	false	1.0
eingehen	neg 1.0		neg 0.5678651928938663 off 0.36429488654659514 __DUMMY__ 0.0678399205595386	false	1.0
faul	off 1.0		neg 0.557060948289961 off 0.374668013274649 __DUMMY__ 0.06827103843539005	false	0.5
provisorium	neg 1.0		neg 0.5724880316960674 off 0.35868235601158377 __DUMMY__ 0.06882961229234873	false	1.0
schmerzen	neg 1.0		neg 0.5631420475573338 off 0.36853673249318547 __DUMMY__ 0.06832121994948083	false	1.0
schrumpfen	neg 1.0		neg 0.5717494490585305 off 0.3599405838417351 __DUMMY__ 0.06830996709973434	false	1.0
geistlos	off 1.0		neg 0.5662023476001892 off 0.3669658313246145 __DUMMY__ 0.06683182107519631	false	0.5
fehlkauf	neg 1.0		neg 0.5617290022939115 off 0.370635575027603 __DUMMY__ 0.0676354226784853	false	1.0
frustrierend	neg 1.0	neg 1.0	neg 0.7687900276865207 off 0.19873593061568723 __DUMMY__ 0.03247404169779197	false	1.0
unzufrieden	neg 1.0		neg 0.5670330595841785 off 0.3650522386026596 __DUMMY__ 0.06791470181316205	false	1.0
verzweifeln	neg 1.0		neg 0.5636407580782609 off 0.3682035200083287 __DUMMY__ 0.06815572191341039	false	1.0
verzweifelt	neg 1.0		neg 0.5623928840502203 off 0.3696405949151893 __DUMMY__ 0.06796652103459046	false	1.0
misstrauensantrag	neg 1.0		neg 0.5621328572942211 off 0.37032154095106024 __DUMMY__ 0.06754560175471849	false	1.0
abfallen	neg 1.0		neg 0.5593815317203593 off 0.37200305477403195 __DUMMY__ 0.06861541350560875	false	1.0
fucker	off 1.0		neg 0.5562429821073437 off 0.37620640613411316 __DUMMY__ 0.06755061175854303	false	0.5
ungezogen	neg 1.0		neg 0.5490436841090318 off 0.3833770811299729 __DUMMY__ 0.06757923476099531	false	1.0
irrsinnig	neg 1.0	neg 1.0	neg 0.7709590630933002 off 0.19665809914160784 __DUMMY__ 0.03238283776509195	false	1.0
unfassbar	neg 1.0		neg 0.5584452962617467 off 0.37372038620789677 __DUMMY__ 0.06783431753035656	false	1.0
hart	neg 1.0		neg 0.5597141023913064 off 0.37278144621123555 __DUMMY__ 0.06750445139745817	false	1.0
widerlich	off 1.0		neg 0.5589307326436794 off 0.3735259615290674 __DUMMY__ 0.06754330582725313	false	0.5
fatal	neg 1.0		neg 0.5613774801607824 off 0.3708934689401886 __DUMMY__ 0.06772905089902899	false	1.0
bruch	neg 1.0		neg 0.5723817502227686 off 0.35996308264788 __DUMMY__ 0.06765516712935123	false	1.0
aushungern	neg 1.0		neg 0.5673754211868015 off 0.3654559945465303 __DUMMY__ 0.06716858426666815	false	1.0
anspannung	neg 1.0		neg 0.5688546706618224 off 0.36259730900642895 __DUMMY__ 0.0685480203317488	false	1.0
von			neg 0.5651806871084123 off 0.3660887735232219 __DUMMY__ 0.06873053936836564	false	0.0
kraftlos	neg 1.0		neg 0.5637152122253235 off 0.3676717667882955 __DUMMY__ 0.06861302098638111	false	1.0
vom			neg 0.5696145299639277 off 0.36128968200088224 __DUMMY__ 0.06909578803519001	false	0.0
grenzdebil	off 1.0		neg 0.5567064730365393 off 0.37537835218293175 __DUMMY__ 0.06791517478052898	false	0.5
vor			neg 0.5679838898900934 off 0.36354704551220696 __DUMMY__ 0.06846906459769958	false	0.0
unterwerfen	neg 1.0		neg 0.5687114905210287 off 0.36352986757929023 __DUMMY__ 0.06775864189968096	false	1.0
versenkung	neg 1.0		neg 0.5682370536358045 off 0.3637945312700299 __DUMMY__ 0.06796841509416571	false	1.0
entziehen	neg 1.0		neg 0.5707967579242462 off 0.3612361970146806 __DUMMY__ 0.06796704506107308	false	1.0
finanzkrise	neg 1.0		neg 0.5678407955378562 off 0.36502174040266677 __DUMMY__ 0.06713746405947717	false	1.0
schimpfend	neg 1.0		neg 0.5575025397586224 off 0.3737186319359025 __DUMMY__ 0.06877882830547509	false	1.0
profan	neg 1.0		neg 0.5609092816342773 off 0.37107400734287527 __DUMMY__ 0.06801671102284751	false	1.0
korruption	neg 1.0		neg 0.5698231769502599 off 0.36297975108508224 __DUMMY__ 0.06719707196465796	false	1.0
â			neg 0.5650113363219226 off 0.3667954245493536 __DUMMY__ 0.0681932391287238	false	0.0
schmutzig	neg 1.0		neg 0.5554432499642522 off 0.3762849414195307 __DUMMY__ 0.068271808616217	false	1.0
sexy	neg 1.0		neg 0.5585511258987201 off 0.37349745898311765 __DUMMY__ 0.06795141511816229	false	1.0
abraten	neg 1.0		neg 0.5612407981092548 off 0.37059806728668326 __DUMMY__ 0.06816113460406201	false	1.0
schwarz	neg 1.0		neg 0.5619166287751685 off 0.37026432579417556 __DUMMY__ 0.0678190454306558	false	1.0
fotze	off 1.0		neg 0.5665139082931331 off 0.3657928584640446 __DUMMY__ 0.06769323324282245	false	0.5
verwirren	neg 1.0		neg 0.5601756576748604 off 0.37184740052642684 __DUMMY__ 0.06797694179871265	false	1.0
zahnlos	off 1.0		neg 0.5676392946252174 off 0.3646388242952627 __DUMMY__ 0.0677218810795199	false	0.5
verheeren	neg 1.0		neg 0.5504883982890512 off 0.382671224964019 __DUMMY__ 0.06684037674692997	false	1.0
hippie	neg 1.0		neg 0.5592233885602728 off 0.37290060878605147 __DUMMY__ 0.06787600265367577	false	1.0
rammen	neg 1.0		neg 0.5596456405032337 off 0.3723162900616725 __DUMMY__ 0.06803806943509359	false	1.0
unlauter	neg 1.0	neg 1.0	neg 0.770639636819375 off 0.1971562013628244 __DUMMY__ 0.03220416181780064	false	1.0
unheilvoll	neg 1.0		neg 0.5605301325020369 off 0.37135358317374617 __DUMMY__ 0.06811628432421704	false	1.0
niedrig	neg 1.0		neg 0.5668158157128101 off 0.36526526083171174 __DUMMY__ 0.06791892345547804	false	1.0
explosion	neg 1.0		neg 0.559041599969275 off 0.3729255657785656 __DUMMY__ 0.06803283425215932	false	1.0
weichei	off 1.0		neg 0.5526557884007537 off 0.3798183681804367 __DUMMY__ 0.06752584341880968	false	0.5
minusmensch	off 1.0		neg 0.5511950088132733 off 0.3820698138267967 __DUMMY__ 0.06673517735992993	false	0.5
farblos	neg 1.0		neg 0.5637252852435394 off 0.368593329065576 __DUMMY__ 0.06768138569088455	false	1.0
unwissend	neg 1.0	neg 1.0	neg 0.7686366012682642 off 0.19906106851942443 __DUMMY__ 0.03230233021231135	false	1.0
traurig	neg 1.0		neg 0.5546532165297676 off 0.3774333421833093 __DUMMY__ 0.06791344128692305	false	1.0
senkung	neg 1.0		neg 0.5610632694575234 off 0.3712702296664485 __DUMMY__ 0.0676665008760281	false	1.0
ungleich	neg 1.0	neg 1.0	neg 0.7740339238085557 off 0.19364563450092226 __DUMMY__ 0.032320441690522006	false	1.0
heikel	neg 1.0		neg 0.5694994639414597 off 0.3625517948127482 __DUMMY__ 0.06794874124579203	false	1.0
drosselung	neg 1.0		neg 0.553956847502045 off 0.3780964116686021 __DUMMY__ 0.06794674082935295	false	1.0
falsch	neg 1.0		neg 0.5598051814008721 off 0.37236701388362337 __DUMMY__ 0.06782780471550443	false	1.0
unzufriedenheit	neg 1.0		neg 0.5701554588576023 off 0.3619823587790048 __DUMMY__ 0.06786218236339281	false	1.0
kurz	neg 1.0		neg 0.5626460683590352 off 0.36880146768040856 __DUMMY__ 0.06855246396055642	false	1.0
unsinnig	neg 1.0		neg 0.5666775737404264 off 0.36545734754915365 __DUMMY__ 0.06786507871042005	false	1.0
penner	off 1.0	off 1.0	off 0.6740189571485617 neg 0.29370856157875613 __DUMMY__ 0.03227248127268207	false	1.0
seicht	neg 1.0		neg 0.552329717513906 off 0.3806329973837968 __DUMMY__ 0.06703728510229728	false	1.0
dummheit	off 1.0	off 1.0	off 0.66731629309554 neg 0.300436077733153 __DUMMY__ 0.032247629171307	false	1.0
unerfreulich	neg 1.0		neg 0.5691689389388743 off 0.36268848287492017 __DUMMY__ 0.0681425781862056	false	1.0
motherfucker	off 1.0	off 1.0	off 0.6707642246245991 neg 0.2970064167344468 __DUMMY__ 0.03222935864095417	false	1.0
pikiert	neg 1.0		neg 0.5600395975480839 off 0.37234584570757023 __DUMMY__ 0.06761455674434588	false	1.0
wrack	neg 1.0		neg 0.5649619341386141 off 0.36688636092820054 __DUMMY__ 0.06815170493318544	false	1.0
gangster	neg 1.0		neg 0.5602674820463069 off 0.37187111752106505 __DUMMY__ 0.06786140043262796	false	1.0
krank	neg 1.0		neg 0.5550885154530247 off 0.37667794788760844 __DUMMY__ 0.06823353665936685	false	1.0
reich	neg 1.0		neg 0.5624680155638253 off 0.3707041541200423 __DUMMY__ 0.06682783031613222	false	1.0
gnadenlos	neg 1.0		neg 0.5625661276819846 off 0.3694652834309597 __DUMMY__ 0.0679685888870559	false	1.0
niedergeschlagen	neg 1.0		neg 0.5644365548363934 off 0.367397089644773 __DUMMY__ 0.06816635551883364	false	1.0
terrorisieren	off 1.0	off 1.0	off 0.6643210244043379 neg 0.30321970749904 __DUMMY__ 0.032459268096622196	false	1.0
sinnlosigkeit	neg 1.0		neg 0.5672747419747916 off 0.3649440369420397 __DUMMY__ 0.0677812210831687	false	1.0
behindern	neg 1.0		neg 0.5623330038120092 off 0.36943332541209706 __DUMMY__ 0.06823367077589368	false	1.0
undemokratisch	neg 1.0		neg 0.5665685738297432 off 0.36639255092445583 __DUMMY__ 0.06703887524580092	false	1.0
wirtschaftskrise	neg 1.0		neg 0.5685419289475202 off 0.3640110025644376 __DUMMY__ 0.0674470684880423	false	1.0
neid	neg 1.0		neg 0.5580767908297438 off 0.3736766491686095 __DUMMY__ 0.06824656000164663	false	1.0
rutschen	neg 1.0		neg 0.566031820243831 off 0.36473714672958507 __DUMMY__ 0.06923103302658386	false	1.0
rezession	neg 1.0		neg 0.5572746546219493 off 0.37579481723731106 __DUMMY__ 0.06693052814073974	false	1.0
fehlgeburt	neg 1.0		neg 0.5628932109371639 off 0.36918553395444625 __DUMMY__ 0.06792125510838973	false	1.0
charakterschwach	off 1.0		neg 0.5589008461079565 off 0.37351296565581 __DUMMY__ 0.06758618823623362	false	0.5
isolation	neg 1.0		neg 0.5571127375113933 off 0.37489382380762176 __DUMMY__ 0.06799343868098491	false	1.0
ablenkung	neg 1.0		neg 0.5617824457580146 off 0.36993886415873184 __DUMMY__ 0.06827869008325357	false	1.0
pech	neg 1.0		neg 0.5592703328276551 off 0.37264212087925785 __DUMMY__ 0.06808754629308683	false	1.0
vermeidung	neg 1.0		neg 0.5547341888771574 off 0.37718898815666047 __DUMMY__ 0.068076822966182	false	1.0
dominieren	neg 1.0		neg 0.5649074974886176 off 0.36712456568456014 __DUMMY__ 0.06796793682682224	false	1.0
schwindlig	neg 1.0		neg 0.5579040239803746 off 0.3736615152170099 __DUMMY__ 0.06843446080261531	false	1.0
lutscher	neg 1.0		neg 0.550564008997652 off 0.3822737522393164 __DUMMY__ 0.06716223876303154	false	1.0
pflicht	neg 1.0		neg 0.5697085434535275 off 0.36234948844477904 __DUMMY__ 0.06794196810169352	false	1.0
faschist	off 1.0		neg 0.5651381735604372 off 0.3677868112656433 __DUMMY__ 0.06707501517391955	false	0.5
verschleudern	neg 1.0		neg 0.5687942205392985 off 0.36367001297324864 __DUMMY__ 0.06753576648745288	false	1.0
wenn			neg 0.5592562814269705 off 0.372813547749507 __DUMMY__ 0.06793017082352266	false	0.0
ehebruch	neg 1.0		neg 0.5694167017848462 off 0.3630434437881564 __DUMMY__ 0.06753985442699731	false	1.0
spott	off 1.0		neg 0.5695630187471297 off 0.3627907052743608 __DUMMY__ 0.06764627597850954	false	0.5
trostlosigkeit	neg 1.0		neg 0.5722959578047588 off 0.3603157449263531 __DUMMY__ 0.06738829726888801	false	1.0
lutschen	neg 1.0		neg 0.5606123511214453 off 0.37194980761740276 __DUMMY__ 0.06743784126115196	false	1.0
undiszipliniert	neg 1.0		neg 0.5563344953014459 off 0.3759286719820804 __DUMMY__ 0.06773683271647352	false	1.0
kopfschmerz	neg 1.0		neg 0.5630699207402462 off 0.368747884631464 __DUMMY__ 0.06818219462828984	false	1.0
unvorhergesehen	neg 1.0		neg 0.5621223855962809 off 0.3691807933449371 __DUMMY__ 0.06869682105878208	false	1.0
desinteressiert	neg 1.0		neg 0.5572660853168784 off 0.3751199934769825 __DUMMY__ 0.06761392120613906	false	1.0
armselig	off 1.0		neg 0.5572645318938462 off 0.3753365318588176 __DUMMY__ 0.06739893624733628	false	0.5
desaster	neg 1.0		neg 0.573027946857096 off 0.3593555118721935 __DUMMY__ 0.0676165412707105	false	1.0
tod	neg 1.0		neg 0.5713190163066447 off 0.361459108132117 __DUMMY__ 0.06722187556123844	false	1.0
herzlos	neg 1.0		neg 0.5545978215187768 off 0.37762885867324725 __DUMMY__ 0.06777331980797585	false	1.0
unwissenheit	neg 1.0		neg 0.5683946740240295 off 0.36402442128812107 __DUMMY__ 0.06758090468784932	false	1.0
widersinnig	neg 1.0		neg 0.5690786141128626 off 0.3637687094879117 __DUMMY__ 0.06715267639922555	false	1.0
bedenklich	neg 1.0		neg 0.5685614197141103 off 0.3635435829528592 __DUMMY__ 0.0678949973330303	false	1.0
beanstanden	neg 1.0		neg 0.5699699722485583 off 0.36205705316155834 __DUMMY__ 0.06797297458988337	false	1.0
panisch	neg 1.0	neg 1.0	neg 0.7677702971842131 off 0.19937891442073133 __DUMMY__ 0.032850788395055584	false	1.0
debil	off 1.0		neg 0.5722182445013623 off 0.3596373251161023 __DUMMY__ 0.06814443038253543	false	0.5
abstrich	neg 1.0		neg 0.5607314581647047 off 0.3708347025946371 __DUMMY__ 0.06843383924065831	false	1.0
primitiv	neg 1.0		neg 0.5583168468545338 off 0.374153844812292 __DUMMY__ 0.06752930833317419	false	1.0
abschaum	off 1.0	off 1.0	off 0.6685559666984541 neg 0.2992698554088373 __DUMMY__ 0.03217417789270869	false	1.0
provozieren	neg 1.0		neg 0.5648823315910408 off 0.367458231929342 __DUMMY__ 0.06765943647961696	false	1.0
tot	neg 1.0		neg 0.5648499745884811 off 0.3672764584172787 __DUMMY__ 0.06787356699424013	false	1.0
instabil	neg 1.0		neg 0.5565447982610823 off 0.37621809996917305 __DUMMY__ 0.06723710176974457	false	1.0
schwuchtel	off 1.0		neg 0.5467200872437595 off 0.38658725880526396 __DUMMY__ 0.06669265395097657	false	0.5
zerren	neg 1.0		neg 0.5644115902126451 off 0.36739015609047876 __DUMMY__ 0.06819825369687618	false	1.0
kinderficker	off 1.0		neg 0.5556835784368951 off 0.37714271551292194 __DUMMY__ 0.06717370605018308	false	0.5
gefahr	neg 1.0		neg 0.5685997080345737 off 0.36366022323672015 __DUMMY__ 0.06774006872870607	false	1.0
rabiat	neg 1.0		neg 0.5636780398386669 off 0.3683612790978679 __DUMMY__ 0.06796068106346517	false	1.0
verlangsamung	neg 1.0		neg 0.5538161754125783 off 0.37933611709711074 __DUMMY__ 0.06684770749031091	false	1.0
ausgestorben	neg 1.0		neg 0.5644892920021768 off 0.3673570582265789 __DUMMY__ 0.06815364977124422	false	1.0
anklagen	neg 1.0		neg 0.56647110872419 off 0.36602745993788355 __DUMMY__ 0.06750143133792652	false	1.0
trott	neg 1.0		neg 0.5627169903933595 off 0.3691592278014987 __DUMMY__ 0.06812378180514173	false	1.0
verminderung	neg 1.0		neg 0.5556909841840562 off 0.37659614384463524 __DUMMY__ 0.06771287197130862	false	1.0
nach			neg 0.56829131243285 off 0.36285981639597686 __DUMMY__ 0.0688488711711733	false	0.0
rost	neg 1.0		neg 0.5519009731884611 off 0.3809527804871591 __DUMMY__ 0.06714624632437993	false	1.0
destruktiv	neg 1.0	neg 1.0	neg 0.7727890447938415 off 0.19499204445595966 __DUMMY__ 0.03221891075019887	false	1.0
unzumutbarkeit	neg 1.0		neg 0.5559811408917654 off 0.37617726985746114 __DUMMY__ 0.06784158925077341	false	1.0
labil	off 1.0	off 1.0	off 0.6695040284555047 neg 0.29825814210468854 __DUMMY__ 0.03223782943980681	false	1.0
ziemlich	neg 1.0		neg 0.5572499041863104 off 0.3748286517597424 __DUMMY__ 0.0679214440539473	false	1.0
lachnummer	off 1.0		neg 0.5667758320485701 off 0.3656632862910898 __DUMMY__ 0.0675608816603402	false	0.5
oder			neg 0.5619077533282619 off 0.3697604277994608 __DUMMY__ 0.0683318188722772	false	0.0
verfall	neg 1.0		neg 0.5726474697139643 off 0.3592285595926395 __DUMMY__ 0.06812397069339621	false	1.0
ausgrenzung	neg 1.0		neg 0.5652490861962889 off 0.3676295136727843 __DUMMY__ 0.06712140013092678	false	1.0
unordnung	neg 1.0		neg 0.5547488952455462 off 0.37784093067402935 __DUMMY__ 0.06741017408042453	false	1.0
fehlverhalten	neg 1.0		neg 0.5697298406047706 off 0.3625925994625881 __DUMMY__ 0.06767755993264132	false	1.0
eine			neg 0.5678431110857358 off 0.36374169215457486 __DUMMY__ 0.06841519675968939	false	0.0
nille	neg 1.0		neg 0.5654612239270195 off 0.3670098824514369 __DUMMY__ 0.06752889362154373	false	1.0
qual	neg 1.0		neg 0.5631228682504216 off 0.36881161719254063 __DUMMY__ 0.06806551455703777	false	1.0
verschwenden	neg 1.0		neg 0.5673487129826899 off 0.36456352316422524 __DUMMY__ 0.068087763853085	false	1.0
riesig	neg 1.0		neg 0.5646508067038607 off 0.3673892658010464 __DUMMY__ 0.067959927495093	false	1.0
verurteilen	neg 1.0		neg 0.5688404179638491 off 0.3637047763560797 __DUMMY__ 0.06745480568007108	false	1.0
klischee	neg 1.0	neg 1.0	neg 0.769998363080443 off 0.19776669192200466 __DUMMY__ 0.032234944997552376	false	1.0
diktatorisch	neg 1.0		neg 0.5677556940590464 off 0.3654145565583065 __DUMMY__ 0.06682974938264734	false	1.0
vorhersehbar	neg 1.0		neg 0.5636608738330188 off 0.36885026993877185 __DUMMY__ 0.06748885622820938	false	1.0
sowie			neg 0.5541369156003665 off 0.3787584222615935 __DUMMY__ 0.06710466213803995	false	0.0
stornieren	neg 1.0		neg 0.5583780365223058 off 0.37329681077395965 __DUMMY__ 0.06832515270373443	false	1.0
besteuerung	neg 1.0		neg 0.5630592442973302 off 0.3692451402620576 __DUMMY__ 0.06769561544061223	false	1.0
ungeschminkt	neg 1.0		neg 0.5574982689161218 off 0.3747944322998664 __DUMMY__ 0.06770729878401181	false	1.0
kritisch	neg 1.0		neg 0.5694563760421005 off 0.3628852501441398 __DUMMY__ 0.06765837381375973	false	1.0
schlamperei	off 1.0		neg 0.5694589408924211 off 0.3630265098638447 __DUMMY__ 0.067514549243734	false	0.5
sucht	neg 1.0	neg 1.0	neg 0.7675527839203513 off 0.19967740884052967 __DUMMY__ 0.03276980723911899	false	1.0
egoistisch	off 1.0		neg 0.5532880448531553 off 0.37924555584575814 __DUMMY__ 0.06746639930108643	false	0.5
ausbeuter	off 1.0		neg 0.5711052463456645 off 0.36139351783364954 __DUMMY__ 0.0675012358206858	false	0.5
arschgeburt	off 1.0		neg 0.5469089841793711 off 0.3864003364480534 __DUMMY__ 0.0666906793725756	false	0.5
schubs	neg 1.0	neg 1.0	neg 0.7707589090664317 off 0.19644496965211472 __DUMMY__ 0.03279612128145361	false	1.0
unsolide	neg 1.0		neg 0.56533922810449 off 0.36814483901844725 __DUMMY__ 0.06651593287706276	false	1.0
beschwerde	neg 1.0		neg 0.5677042539724589 off 0.36464409499261025 __DUMMY__ 0.06765165103493069	false	1.0
stocken	neg 1.0		neg 0.566722850800867 off 0.36531250234671236 __DUMMY__ 0.06796464685242058	false	1.0
isolieren	neg 1.0		neg 0.5630244470919781 off 0.3687430744169589 __DUMMY__ 0.06823247849106313	false	1.0
unheilbar	neg 1.0		neg 0.5643082908398259 off 0.36797798551755 __DUMMY__ 0.06771372364262394	false	1.0
pisser	off 1.0		neg 0.5563488410612423 off 0.3763628339825337 __DUMMY__ 0.06728832495622417	false	0.5
löschen	neg 1.0		neg 0.5626570068340243 off 0.36949560574995266 __DUMMY__ 0.06784738741602296	false	1.0
durchfallen	neg 1.0		neg 0.5678524427133527 off 0.3642391328867717 __DUMMY__ 0.06790842439987563	false	1.0
wichser	off 1.0		neg 0.5484104713991568 off 0.38427667312219643 __DUMMY__ 0.06731285547864697	false	0.5
terror	neg 1.0		neg 0.5576082363986827 off 0.3741814669374354 __DUMMY__ 0.06821029666388193	false	1.0
krass	neg 1.0		neg 0.5542520993367218 off 0.3780356053169645 __DUMMY__ 0.06771229534631378	false	1.0
revolte	neg 1.0	neg 1.0	neg 0.7718441727927257 off 0.19631185738659568 __DUMMY__ 0.031843969820678684	false	1.0
besorgt	neg 1.0		neg 0.5622397351184667 off 0.36914217594170295 __DUMMY__ 0.06861808893983036	false	1.0
nachlassen	neg 1.0		neg 0.5652691815813737 off 0.3666002525795148 __DUMMY__ 0.06813056583911153	false	1.0
alt	neg 1.0		neg 0.5656613829440819 off 0.36589821113690374 __DUMMY__ 0.06844040591901428	false	1.0
hundesohn	off 1.0		neg 0.5513471062537548 off 0.38173851478530046 __DUMMY__ 0.06691437896094456	false	0.5
als			neg 0.5649105626438496 off 0.36681227411054546 __DUMMY__ 0.06827716324560502	false	0.0
abschreckung	neg 1.0		neg 0.5713393469853305 off 0.3609847012227658 __DUMMY__ 0.0676759517919036	false	1.0
unqualifiziert	neg 1.0	neg 1.0	neg 0.7705183443144522 off 0.1972287050457294 __DUMMY__ 0.032252950639818395	false	1.0
abgewichst	off 1.0		neg 0.5653553550161861 off 0.3668547889604064 __DUMMY__ 0.0677898560234076	false	0.5
schwer	neg 1.0		neg 0.5634719200252498 off 0.3683874738423855 __DUMMY__ 0.06814060613236454	false	1.0
bedeutungslosigkeit	neg 1.0		neg 0.5701731991698911 off 0.3620929678330569 __DUMMY__ 0.06773383299705209	false	1.0
kapitulation	neg 1.0		neg 0.5711561080035519 off 0.3617811326980918 __DUMMY__ 0.0670627592983563	false	1.0
unscharf	neg 1.0		neg 0.5598533849193523 off 0.3721844371707228 __DUMMY__ 0.06796217790992501	false	1.0
schwinden	neg 1.0		neg 0.5690605131976929 off 0.3630529434054629 __DUMMY__ 0.06788654339684418	false	1.0
versklavung	neg 1.0	neg 1.0	neg 0.7725174599370969 off 0.19548930266568135 __DUMMY__ 0.03199323739722176	false	1.0
schlecht	neg 1.0		neg 0.5567092897608767 off 0.3753312831046 __DUMMY__ 0.06795942713452317	false	1.0
verhasst	neg 1.0		neg 0.565404960805578 off 0.36704830140474176 __DUMMY__ 0.06754673778968029	false	1.0
beschweren	neg 1.0		neg 0.5615479073598963 off 0.3704220253643272 __DUMMY__ 0.06803006727577628	false	1.0
scheiden	neg 1.0		neg 0.5630286917900259 off 0.3687895667540531 __DUMMY__ 0.06818174145592093	false	1.0
frustriert	neg 1.0		neg 0.5650682431975983 off 0.366884091135951 __DUMMY__ 0.06804766566645092	false	1.0
schimmelig	neg 1.0		neg 0.5672982861861288 off 0.3647784626779789 __DUMMY__ 0.06792325113589236	false	1.0
fisch	neg 1.0	neg 1.0	neg 0.7710307008234142 off 0.19622614053393078 __DUMMY__ 0.032743158642655146	false	1.0
schmuggel	neg 1.0		neg 0.5677492782289807 off 0.36400909697696915 __DUMMY__ 0.06824162479405017	false	1.0
auffallen	neg 1.0		neg 0.5611274391406267 off 0.37088430381762977 __DUMMY__ 0.06798825704174352	false	1.0
konkurrenz	neg 1.0		neg 0.5685438452082001 off 0.36318907379674514 __DUMMY__ 0.06826708099505471	false	1.0
teufelskreis	neg 1.0	neg 1.0	neg 0.7722044508190932 off 0.1954142041798768 __DUMMY__ 0.03238134500102998	false	1.0
aufschreien	neg 1.0		neg 0.5630086961440454 off 0.3693630166298537 __DUMMY__ 0.06762828722610091	false	1.0
schuldner	neg 1.0		neg 0.5699120826826721 off 0.3625322617710502 __DUMMY__ 0.06755565554627768	false	1.0
missgeburt	off 1.0	off 1.0	off 0.6726083708855677 neg 0.2953304938170218 __DUMMY__ 0.03206113529741053	false	1.0
arbeitslos	neg 1.0		neg 0.5671600906321769 off 0.36502665712543486 __DUMMY__ 0.06781325224238838	false	1.0
befallen	neg 1.0		neg 0.5710952104140941 off 0.36189901317548395 __DUMMY__ 0.06700577641042198	false	1.0
miesepetrig	off 1.0		neg 0.5565119967747458 off 0.3754275950369213 __DUMMY__ 0.06806040818833284	false	0.5
alarmieren	neg 1.0		neg 0.5610309676137099 off 0.3716774821369926 __DUMMY__ 0.06729155024929763	false	1.0
ungeduscht	off 1.0		neg 0.5594872389822833 off 0.37250525928751155 __DUMMY__ 0.06800750173020507	false	0.5
knappheit	neg 1.0		neg 0.5676406976615681 off 0.3647257325640532 __DUMMY__ 0.06763356977437868	false	1.0
schlange	neg 1.0		neg 0.5599241312740805 off 0.3717098056175474 __DUMMY__ 0.06836606310837223	false	1.0
harsch	neg 1.0		neg 0.5498942955511488 off 0.3822430316606717 __DUMMY__ 0.06786267278817931	false	1.0
lang	neg 1.0		neg 0.5620392353430527 off 0.37000716452339694 __DUMMY__ 0.06795360013355034	false	1.0
ziellos	neg 1.0		neg 0.5659760632858827 off 0.3658582943604428 __DUMMY__ 0.06816564235367444	false	1.0
selbstverliebt	neg 1.0		neg 0.5498144635534593 off 0.3834136237940119 __DUMMY__ 0.06677191265252864	false	1.0
beseitigen	neg 1.0		neg 0.560775632072426 off 0.3709724905296356 __DUMMY__ 0.06825187739793843	false	1.0
dumm	off 1.0		neg 0.5531336494557376 off 0.3795438240592876 __DUMMY__ 0.06732252648497483	false	0.5
arbeitsloser	neg 1.0		neg 0.5676821121458842 off 0.364421519730998 __DUMMY__ 0.06789636812311788	false	1.0
blitzen	neg 1.0		neg 0.560724066267771 off 0.37163577942414483 __DUMMY__ 0.06764015430808407	false	1.0
hilflos	neg 1.0		neg 0.56546057351978 off 0.3664805417710132 __DUMMY__ 0.06805888470920678	false	1.0
eklig	off 1.0		neg 0.5525634979686002 off 0.3802301861203454 __DUMMY__ 0.06720631591105447	false	0.5
begriff			neg 0.5660828389646667 off 0.3660729017515228 __DUMMY__ 0.06784425928381047	false	0.0
hungersnot	neg 1.0		neg 0.5688927222404437 off 0.3641428343862163 __DUMMY__ 0.06696444337334007	false	1.0
ungesetzlich	neg 1.0		neg 0.5656002568394521 off 0.3674430675096592 __DUMMY__ 0.0669566756508887	false	1.0
verschwendung	neg 1.0		neg 0.5689177614849931 off 0.3630821140732568 __DUMMY__ 0.0680001244417502	false	1.0
schmerzvoll	neg 1.0		neg 0.5613464258337371 off 0.3705893766007963 __DUMMY__ 0.06806419756546654	false	1.0
vorzeitig	neg 1.0		neg 0.557941606268453 off 0.3742989026064443 __DUMMY__ 0.06775949112510282	false	1.0
unvollkommenheit	neg 1.0		neg 0.5637025918288768 off 0.36841727766494187 __DUMMY__ 0.06788013050618134	false	1.0
intervenieren	neg 1.0		neg 0.571197688756736 off 0.36141234942555667 __DUMMY__ 0.06738996181770743	false	1.0
banause	off 1.0		neg 0.5508006976799317 off 0.38201401433151744 __DUMMY__ 0.067185287988551	false	0.5
rebell	neg 1.0		neg 0.568792535897223 off 0.363028191134709 __DUMMY__ 0.06817927296806787	false	1.0
unlogisch	neg 1.0		neg 0.5563320907817558 off 0.3761519314884332 __DUMMY__ 0.06751597772981104	false	1.0
leiden	neg 1.0	neg 1.0	neg 0.771138050770937 off 0.1957876901319161 __DUMMY__ 0.03307425909714688	false	1.0
abschaffung	neg 1.0		neg 0.5650567818876358 off 0.36752891595024645 __DUMMY__ 0.06741430216211781	false	1.0
sturz	neg 1.0		neg 0.5651103807463496 off 0.3676084912673558 __DUMMY__ 0.06728112798629471	false	1.0
verkleinerung	neg 1.0		neg 0.5621490788009292 off 0.37061821831614716 __DUMMY__ 0.06723270288292353	false	1.0
schmarotzer	off 1.0		neg 0.5688396192146079 off 0.36357003354092743 __DUMMY__ 0.06759034724446475	false	0.5
bestrafung	neg 1.0		neg 0.5630891991754865 off 0.3691110731885477 __DUMMY__ 0.0677997276359658	false	1.0
achtlos	neg 1.0		neg 0.5624109527824338 off 0.3692566724681016 __DUMMY__ 0.0683323747494647	false	1.0
ungeheuer	neg 1.0		neg 0.5612889173828035 off 0.3708377614342992 __DUMMY__ 0.06787332118289716	false	1.0
unaufrichtig	neg 1.0		neg 0.5637412733965195 off 0.36906069569882377 __DUMMY__ 0.06719803090465674	false	1.0
groggy	neg 1.0		neg 0.5605381588099746 off 0.37175479832790576 __DUMMY__ 0.06770704286211966	false	1.0
verletzlich	neg 1.0		neg 0.5572866884683249 off 0.3749340286188297 __DUMMY__ 0.06777928291284556	false	1.0
ablehnen	neg 1.0		neg 0.5681909258826685 off 0.3641859321489037 __DUMMY__ 0.0676231419684277	false	1.0
