unsolidarisch	neg 1.0		neg 0.568493077973191 off 0.3646512233303699 __DUMMY__ 0.06685569869643908	false	1.0
nachteilig	neg 1.0		neg 0.5671232557959657 off 0.3649824382627353 __DUMMY__ 0.06789430594129921	false	1.0
skeptisch	neg 1.0		neg 0.5692307921983267 off 0.3626299809483017 __DUMMY__ 0.06813922685337151	false	1.0
schrecklich	neg 1.0		neg 0.5543200813307938 off 0.37794192600725135 __DUMMY__ 0.06773799266195468	false	1.0
schlapp	neg 1.0		neg 0.5569282970725534 off 0.37482351055882346 __DUMMY__ 0.06824819236862308	false	1.0
abfall	neg 1.0		neg 0.570982893971934 off 0.3608230377814371 __DUMMY__ 0.06819406824662892	false	1.0
widerspenstig	neg 1.0		neg 0.5622263902866188 off 0.369443114207739 __DUMMY__ 0.0683304955056423	false	1.0
abrupt	neg 1.0		neg 0.5632553639307444 off 0.368283226469067 __DUMMY__ 0.0684614096001886	false	1.0
unwirksam	neg 1.0		neg 0.5657278840925895 off 0.36697789277167253 __DUMMY__ 0.06729422313573805	false	1.0
angreifen	neg 1.0		neg 0.5689678325669647 off 0.36315654100124484 __DUMMY__ 0.0678756264317903	false	1.0
inkonsistent	neg 1.0		neg 0.5628266116375041 off 0.36959989184834946 __DUMMY__ 0.06757349651414649	false	1.0
abrutschen	neg 1.0		neg 0.5699475215923909 off 0.3616896122180797 __DUMMY__ 0.0683628661895293	false	1.0
unsicher	neg 1.0		neg 0.5631250318397948 off 0.3687522717128454 __DUMMY__ 0.06812269644735988	false	1.0
bauernkind	off 1.0		neg 0.5529108724825118 off 0.3799415670461759 __DUMMY__ 0.06714756047131233	false	0.5
angreifer	neg 1.0		neg 0.5625730576770142 off 0.37003989388809555 __DUMMY__ 0.06738704843489045	false	1.0
trennen	neg 1.0		neg 0.5651482232233023 off 0.3660958571251311 __DUMMY__ 0.06875591965156666	false	1.0
schmutz	neg 1.0		neg 0.5542207838887017 off 0.37721419406394613 __DUMMY__ 0.06856502204735224	false	1.0
inkonsistenz	neg 1.0	neg 1.0	neg 0.7699245218188998 off 0.1978212585532725 __DUMMY__ 0.03225421962782776	false	1.0
erschreckend	neg 1.0		neg 0.5656648321268662 off 0.36643898081679416 __DUMMY__ 0.06789618705633967	false	1.0
ertrinken	neg 1.0		neg 0.5659408200419322 off 0.36571906197482895 __DUMMY__ 0.06834011798323884	false	1.0
pickelface	off 1.0		neg 0.5642393605176225 off 0.36815534930219773 __DUMMY__ 0.06760529018017987	false	0.5
seiner			neg 0.567657876966653 off 0.36418547101741117 __DUMMY__ 0.06815665201593586	false	0.0
lauch	neg 1.0		neg 0.5696545950232704 off 0.36223871952863246 __DUMMY__ 0.06810668544809706	false	1.0
unwichtig	neg 1.0		neg 0.5594291236251111 off 0.3728078783275017 __DUMMY__ 0.06776299804738721	false	1.0
steuerhinterziehung	neg 1.0		neg 0.5678665406083829 off 0.3648691401644964 __DUMMY__ 0.06726431922712059	false	1.0
schock	neg 1.0		neg 0.5633918783573666 off 0.36815729424583377 __DUMMY__ 0.0684508273967996	false	1.0
beule	neg 1.0		neg 0.5556821456865668 off 0.3761521125990829 __DUMMY__ 0.06816574171435034	false	1.0
vergelten	neg 1.0		neg 0.5544030012558041 off 0.37825324321661163 __DUMMY__ 0.06734375552758437	false	1.0
verdorbenheit	neg 1.0	neg 1.0	neg 0.7689607937486211 off 0.1983670470190563 __DUMMY__ 0.03267215923232262	false	1.0
trauma	neg 1.0		neg 0.5618680886720301 off 0.3702451170250863 __DUMMY__ 0.06788679430288347	false	1.0
sinnlos	neg 1.0		neg 0.5613572872578256 off 0.3707023696216429 __DUMMY__ 0.0679403431205316	false	1.0
fettsack	off 1.0	off 1.0	off 0.6723026508425417 neg 0.2955866246386606 __DUMMY__ 0.03211072451879779	false	1.0
feige	off 1.0		neg 0.5610032374206358 off 0.3714658846138906 __DUMMY__ 0.06753087796547359	false	0.5
abdanken	neg 1.0		neg 0.5686170522195177 off 0.3643141387550304 __DUMMY__ 0.06706880902545202	false	1.0
wichtigtuer	off 1.0	off 1.0	off 0.6668757145275641 neg 0.300872333542695 __DUMMY__ 0.032251951929740924	false	1.0
misslingen	neg 1.0		neg 0.5593809885022102 off 0.37230237490205864 __DUMMY__ 0.06831663659573131	false	1.0
untreu	off 1.0		neg 0.5581588122216725 off 0.37402190550960235 __DUMMY__ 0.06781928226872506	false	0.5
missmutig	neg 1.0		neg 0.5580370032885087 off 0.3737821371783272 __DUMMY__ 0.06818085953316409	false	1.0
hurenbock	off 1.0		neg 0.5594817005623102 off 0.3721167510847013 __DUMMY__ 0.06840154835298841	false	0.5
betrunken	neg 1.0		neg 0.5548638158591848 off 0.3770425482998235 __DUMMY__ 0.06809363584099185	false	1.0
korrupt	off 1.0		neg 0.5703703726023759 off 0.3625026261193982 __DUMMY__ 0.06712700127822585	false	0.5
unmut	neg 1.0		neg 0.5707445973931087 off 0.3612108690810717 __DUMMY__ 0.06804453352581946	false	1.0
hackfresse	off 1.0		neg 0.5514215036476737 off 0.381079944417166 __DUMMY__ 0.06749855193516029	false	0.5
aufblasen	neg 1.0		neg 0.5602238371699407 off 0.3714313975675163 __DUMMY__ 0.06834476526254304	false	1.0
gewaltsam	neg 1.0		neg 0.5654229448776283 off 0.3672551972589959 __DUMMY__ 0.06732185786337586	false	1.0
unbeliebtheit	neg 1.0		neg 0.5628091046271967 off 0.3706686351930311 __DUMMY__ 0.06652226017977211	false	1.0
sturheit	neg 1.0		neg 0.5673697020240421 off 0.36509924400634025 __DUMMY__ 0.06753105396961782	false	1.0
kuh	neg 1.0		neg 0.5625409028264982 off 0.36974304751231213 __DUMMY__ 0.06771604966118967	false	1.0
erschrecken	neg 1.0		neg 0.5587065115099689 off 0.3731738744313558 __DUMMY__ 0.0681196140586753	false	1.0
opfer	neg 1.0	neg 1.0	neg 0.7732948375849228 off 0.19425537277477609 __DUMMY__ 0.032449789640301256	false	1.0
sinken	neg 1.0		neg 0.5696097869012641 off 0.3623075760001542 __DUMMY__ 0.06808263709858167	false	1.0
stinktier	neg 1.0		neg 0.5554624091186763 off 0.3771537549596705 __DUMMY__ 0.0673838359216532	false	1.0
tucke	off 1.0		neg 0.5506850726107141 off 0.38180118103723404 __DUMMY__ 0.06751374635205187	false	0.5
ein			neg 0.5596448205240715 off 0.37172826129730496 __DUMMY__ 0.06862691817862361	false	0.0
abstieg	neg 1.0		neg 0.5669805858567293 off 0.36534158439846326 __DUMMY__ 0.06767782974480754	false	1.0
missverstehen	neg 1.0		neg 0.5632252178568363 off 0.36917968150342384 __DUMMY__ 0.06759510063973977	false	1.0
ergebnislos	neg 1.0		neg 0.5669991691277267 off 0.3652037569790617 __DUMMY__ 0.06779707389321143	false	1.0
unter			neg 0.5707037603916253 off 0.36023378226473135 __DUMMY__ 0.06906245734364327	false	0.0
manipulieren	neg 1.0		neg 0.5696744644412578 off 0.36252592336426703 __DUMMY__ 0.06779961219447518	false	1.0
unbewiesen	neg 1.0		neg 0.5694364323858132 off 0.36382821149677386 __DUMMY__ 0.06673535611741296	false	1.0
verschleppen	neg 1.0		neg 0.5682045856062 off 0.3641723677559974 __DUMMY__ 0.0676230466378026	false	1.0
weib	off 1.0		neg 0.5501941845876663 off 0.3823972522209426 __DUMMY__ 0.06740856319139107	false	0.5
opposition	neg 1.0		neg 0.5649215582911505 off 0.3678611730664609 __DUMMY__ 0.06721726864238853	false	1.0
verkehrswidrig	neg 1.0		neg 0.5517051445108588 off 0.38043059860892614 __DUMMY__ 0.06786425688021491	false	1.0
inkorrekt	neg 1.0		neg 0.5618086409175028 off 0.37118811607978897 __DUMMY__ 0.06700324300270827	false	1.0
vermeiden	neg 1.0		neg 0.5700512078630822 off 0.36132210812729726 __DUMMY__ 0.06862668400962066	false	1.0
abweichung	neg 1.0		neg 0.5704195546876393 off 0.36242693282630645 __DUMMY__ 0.06715351248605436	false	1.0
alkoholisiert	neg 1.0		neg 0.5646979858403648 off 0.3670540928580353 __DUMMY__ 0.06824792130159982	false	1.0
scheiss	off 1.0	off 1.0	off 0.6705658177226457 neg 0.29701819061036006 __DUMMY__ 0.0324159916669944	false	1.0
herausforderung	neg 1.0		neg 0.5627228245562519 off 0.3685511952157329 __DUMMY__ 0.06872598022801528	false	1.0
pervers	off 1.0		neg 0.5474504150067826 off 0.3852415567284772 __DUMMY__ 0.06730802826474015	false	0.5
wackelig	neg 1.0		neg 0.5622148643169688 off 0.36897299751361723 __DUMMY__ 0.068812138169414	false	1.0
verwickeln	neg 1.0		neg 0.5628773788045242 off 0.36938475922639213 __DUMMY__ 0.0677378619690837	false	1.0
vorwand	neg 1.0		neg 0.5705807864011437 off 0.3615333264622231 __DUMMY__ 0.06788588713663314	false	1.0
muschi	off 1.0		neg 0.564477129927119 off 0.3678652591504089 __DUMMY__ 0.06765761092247222	false	0.5
entmutigung	neg 1.0		neg 0.5677562112045593 off 0.3657438799579448 __DUMMY__ 0.06649990883749576	false	1.0
unangemessen	neg 1.0		neg 0.5685142355915364 off 0.3639308318868521 __DUMMY__ 0.0675549325216115	false	1.0
unstetig	neg 1.0		neg 0.561185427714635 off 0.3712820401866581 __DUMMY__ 0.06753253209870698	false	1.0
entmutigen	neg 1.0		neg 0.5622113750052714 off 0.3697607275040006 __DUMMY__ 0.06802789749072798	false	1.0
schwanz	neg 1.0		neg 0.5660470066424859 off 0.3660664424848456 __DUMMY__ 0.06788655087266855	false	1.0
verbot	neg 1.0		neg 0.5690903863246808 off 0.3636669972438077 __DUMMY__ 0.06724261643151162	false	1.0
leid	neg 1.0		neg 0.553383332113551 off 0.3790582402075208 __DUMMY__ 0.06755842767892825	false	1.0
archaisch	neg 1.0		neg 0.5672234213381417 off 0.3650953053460838 __DUMMY__ 0.06768127331577432	false	1.0
gegen			neg 0.5699260800233884 off 0.3621889213065679 __DUMMY__ 0.06788499867004379	false	0.0
scheidung	neg 1.0	neg 1.0	neg 0.7574933762200617 off 0.2103968261534911 __DUMMY__ 0.03210979762644727	false	1.0
einschlag	neg 1.0		neg 0.5538612292163487 off 0.37856885048481514 __DUMMY__ 0.06756992029883621	false	1.0
m			neg 0.563561274276122 off 0.36817407761561033 __DUMMY__ 0.06826464810826768	false	0.0
abgestanden	neg 1.0		neg 0.5622480880087494 off 0.36954451668791627 __DUMMY__ 0.06820739530333454	false	1.0
schmierig	off 1.0		neg 0.5538766031565979 off 0.37839478163819146 __DUMMY__ 0.06772861520521069	false	0.5
unpraktisch	neg 1.0		neg 0.5600010275017897 off 0.371601621737411 __DUMMY__ 0.06839735076079927	false	1.0
wixxer	off 1.0		neg 0.5483861976064084 off 0.3845316738072125 __DUMMY__ 0.067082128586379	false	0.5
bezeichnet			neg 0.566147935834624 off 0.36620592814154374 __DUMMY__ 0.06764613602383238	false	0.0
jammerlappen	off 1.0		neg 0.5587846118566148 off 0.373331412640083 __DUMMY__ 0.06788397550330222	false	0.5
farce	neg 1.0		neg 0.5706161407846866 off 0.3625483562111881 __DUMMY__ 0.06683550300412539	false	1.0
zwecklos	neg 1.0		neg 0.5680888975764955 off 0.3641898879188661 __DUMMY__ 0.06772121450463833	false	1.0
turbulent	neg 1.0		neg 0.5566614259508237 off 0.3759681666598703 __DUMMY__ 0.06737040738930608	false	1.0
invasion	neg 1.0		neg 0.5588591389193011 off 0.3730081684722065 __DUMMY__ 0.06813269260849247	false	1.0
schuld	neg 1.0		neg 0.5635569223479603 off 0.3686221178697879 __DUMMY__ 0.06782095978225167	false	1.0
risiko	neg 1.0		neg 0.5581553224563276 off 0.37360385348225544 __DUMMY__ 0.06824082406141692	false	1.0
finster	neg 1.0		neg 0.5605037240968427 off 0.3710252146025696 __DUMMY__ 0.06847106130058767	false	1.0
geisteskrank	off 1.0		neg 0.5598396897749865 off 0.37287336124951415 __DUMMY__ 0.06728694897549932	false	0.5
zusammenbrechen	neg 1.0		neg 0.5645061502309839 off 0.36731490487447643 __DUMMY__ 0.0681789448945395	false	1.0
ausbeute	neg 1.0		neg 0.5635878633015862 off 0.36784569461454636 __DUMMY__ 0.06856644208386733	false	1.0
hinterhalt	neg 1.0		neg 0.5627645112962968 off 0.3693903233850588 __DUMMY__ 0.06784516531864433	false	1.0
kritik	neg 1.0		neg 0.5696975462056002 off 0.3632802027948008 __DUMMY__ 0.0670222509995991	false	1.0
einschrumpfen	neg 1.0		neg 0.5631508164066376 off 0.3697507377845364 __DUMMY__ 0.06709844580882601	false	1.0
riskant	neg 1.0		neg 0.5678225452673924 off 0.36411945878509666 __DUMMY__ 0.06805799594751098	false	1.0
frustrieren	neg 1.0		neg 0.568299658007726 off 0.3637297236854926 __DUMMY__ 0.06797061830678136	false	1.0
groll	neg 1.0		neg 0.567675899530918 off 0.3645688080233066 __DUMMY__ 0.06775529244577538	false	1.0
gibt			neg 0.565613782827111 off 0.36634073545351725 __DUMMY__ 0.06804548171937173	false	0.0
qualvoll	neg 1.0		neg 0.5597596077755274 off 0.3720590058585922 __DUMMY__ 0.06818138636588031	false	1.0
wackeln	neg 1.0		neg 0.5599220527332914 off 0.37153359189205376 __DUMMY__ 0.06854435537465493	false	1.0
klagen	neg 1.0		neg 0.5715422139631812 off 0.3607314285108764 __DUMMY__ 0.06772635752594243	false	1.0
bankrott	neg 1.0		neg 0.5569650757590905 off 0.37491674758347915 __DUMMY__ 0.06811817665743035	false	1.0
trauern	neg 1.0		neg 0.5674966101965379 off 0.36444954816984826 __DUMMY__ 0.06805384163361405	false	1.0
ablehnung	neg 1.0	neg 1.0	neg 0.7738647287974613 off 0.19409180743648013 __DUMMY__ 0.03204346376605866	false	1.0
stur	neg 1.0		neg 0.5629048224226555 off 0.36923609340840907 __DUMMY__ 0.06785908416893525	false	1.0
aufruhr	neg 1.0		neg 0.5662067783582235 off 0.3665107328962416 __DUMMY__ 0.06728248874553494	false	1.0
melancholie	neg 1.0		neg 0.5629046760033644 off 0.36845610614109797 __DUMMY__ 0.0686392178555377	false	1.0
ist			neg 0.5621200880054104 off 0.3699367245514261 __DUMMY__ 0.06794318744316347	false	0.0
torheit	neg 1.0		neg 0.5665534482188491 off 0.36636099331038724 __DUMMY__ 0.06708555847076361	false	1.0
dreckskind	off 1.0		neg 0.5552767482992569 off 0.37776791658512604 __DUMMY__ 0.066955335115617	false	0.5
umtauschen	neg 1.0		neg 0.561791388987259 off 0.369803076671921 __DUMMY__ 0.06840553434082003	false	1.0
zum			neg 0.5663218706232277 off 0.364472045436824 __DUMMY__ 0.06920608393994833	false	0.0
zersetzen	neg 1.0		neg 0.5702943329519544 off 0.3619091976879484 __DUMMY__ 0.0677964693600971	false	1.0
zur			neg 0.5708239839513854 off 0.36080120867974075 __DUMMY__ 0.06837480736887379	false	0.0
frust	neg 1.0		neg 0.564739577629748 off 0.3670823425086379 __DUMMY__ 0.06817807986161405	false	1.0
unerbittlichkeit	neg 1.0		neg 0.5694314247257666 off 0.36281442435476763 __DUMMY__ 0.06775415091946578	false	1.0
zwei			neg 0.5658575121091006 off 0.36523025117526936 __DUMMY__ 0.06891223671563014	false	0.0
unkorrekt	neg 1.0		neg 0.5598171896909518 off 0.37298466355406923 __DUMMY__ 0.06719814675497894	false	1.0
hexe	off 1.0		neg 0.5579732286565984 off 0.3741753397582599 __DUMMY__ 0.06785143158514172	false	0.5
lasch	neg 1.0		neg 0.5619605585433324 off 0.3704778289593673 __DUMMY__ 0.06756161249730025	false	1.0
rivale	neg 1.0		neg 0.555106763254315 off 0.37742267780302513 __DUMMY__ 0.06747055894265985	false	1.0
mutlos	off 1.0	off 1.0	off 0.6636574848154737 neg 0.3041070026990014 __DUMMY__ 0.032235512485524816	false	1.0
wirr	off 1.0		neg 0.5579346560326734 off 0.37486850441244324 __DUMMY__ 0.06719683955488324	false	0.5
jahr			neg 0.5641261534543408 off 0.3671499534517479 __DUMMY__ 0.06872389309391139	false	0.0
wird			neg 0.5667017595758163 off 0.36517896948905465 __DUMMY__ 0.06811927093512904	false	0.0
strafbar	neg 1.0		neg 0.5702616544771473 off 0.3622253155315131 __DUMMY__ 0.06751302999133978	false	1.0
erosion	neg 1.0		neg 0.5600331996526774 off 0.37169181994479733 __DUMMY__ 0.06827498040252536	false	1.0
eingehen	neg 1.0		neg 0.5678651928938662 off 0.3642948865465951 __DUMMY__ 0.0678399205595387	false	1.0
faul	off 1.0		neg 0.5570609482899604 off 0.3746680132746496 __DUMMY__ 0.06827103843538994	false	0.5
provisorium	neg 1.0		neg 0.5724880316960673 off 0.3586823560115839 __DUMMY__ 0.06882961229234877	false	1.0
schmerzen	neg 1.0		neg 0.5631420475573339 off 0.3685367324931853 __DUMMY__ 0.06832121994948087	false	1.0
schrumpfen	neg 1.0		neg 0.5717494490585306 off 0.3599405838417351 __DUMMY__ 0.06830996709973423	false	1.0
geistlos	off 1.0		neg 0.5662023476001887 off 0.36696583132461497 __DUMMY__ 0.06683182107519633	false	0.5
fehlkauf	neg 1.0		neg 0.5617290022939113 off 0.3706355750276035 __DUMMY__ 0.06763542267848521	false	1.0
frustrierend	neg 1.0	neg 1.0	neg 0.7687900276865208 off 0.19873593061568723 __DUMMY__ 0.0324740416977919	false	1.0
unzufrieden	neg 1.0		neg 0.5670330595841784 off 0.3650522386026597 __DUMMY__ 0.06791470181316193	false	1.0
verzweifeln	neg 1.0		neg 0.5636407580782605 off 0.36820352000832907 __DUMMY__ 0.06815572191341043	false	1.0
verzweifelt	neg 1.0		neg 0.5623928840502203 off 0.3696405949151892 __DUMMY__ 0.06796652103459047	false	1.0
misstrauensantrag	neg 1.0		neg 0.5621328572942208 off 0.37032154095106057 __DUMMY__ 0.06754560175471852	false	1.0
abfallen	neg 1.0		neg 0.5593815317203591 off 0.37200305477403217 __DUMMY__ 0.06861541350560874	false	1.0
fucker	off 1.0		neg 0.5562429821073437 off 0.37620640613411327 __DUMMY__ 0.06755061175854313	false	0.5
ungezogen	neg 1.0		neg 0.5490436841090319 off 0.3833770811299727 __DUMMY__ 0.06757923476099525	false	1.0
irrsinnig	neg 1.0	neg 1.0	neg 0.7709590630933003 off 0.19665809914160776 __DUMMY__ 0.03238283776509199	false	1.0
unfassbar	neg 1.0		neg 0.5584452962617465 off 0.373720386207897 __DUMMY__ 0.06783431753035654	false	1.0
hart	neg 1.0		neg 0.5597141023913058 off 0.37278144621123604 __DUMMY__ 0.0675044513974581	false	1.0
widerlich	off 1.0		neg 0.5589307326436795 off 0.37352596152906725 __DUMMY__ 0.06754330582725321	false	0.5
fatal	neg 1.0		neg 0.5613774801607821 off 0.37089346894018893 __DUMMY__ 0.06772905089902898	false	1.0
bruch	neg 1.0		neg 0.5723817502227694 off 0.3599630826478795 __DUMMY__ 0.06765516712935127	false	1.0
aushungern	neg 1.0		neg 0.5673754211868011 off 0.36545599454653066 __DUMMY__ 0.0671685842666682	false	1.0
anspannung	neg 1.0		neg 0.5688546706618225 off 0.3625973090064288 __DUMMY__ 0.06854802033174873	false	1.0
von			neg 0.5651806871084121 off 0.3660887735232221 __DUMMY__ 0.06873053936836565	false	0.0
kraftlos	neg 1.0		neg 0.5637152122253235 off 0.36767176678829544 __DUMMY__ 0.06861302098638104	false	1.0
vom			neg 0.5696145299639274 off 0.3612896820008826 __DUMMY__ 0.06909578803519008	false	0.0
grenzdebil	off 1.0		neg 0.5567064730365398 off 0.37537835218293153 __DUMMY__ 0.0679151747805288	false	0.5
vor			neg 0.5679838898900937 off 0.3635470455122066 __DUMMY__ 0.06846906459769952	false	0.0
unterwerfen	neg 1.0		neg 0.5687114905210288 off 0.3635298675792901 __DUMMY__ 0.06775864189968116	false	1.0
versenkung	neg 1.0		neg 0.5682370536358047 off 0.3637945312700295 __DUMMY__ 0.06796841509416586	false	1.0
entziehen	neg 1.0		neg 0.5707967579242469 off 0.36123619701468024 __DUMMY__ 0.06796704506107289	false	1.0
finanzkrise	neg 1.0		neg 0.5678407955378564 off 0.3650217404026665 __DUMMY__ 0.06713746405947722	false	1.0
schimpfend	neg 1.0		neg 0.5575025397586222 off 0.3737186319359028 __DUMMY__ 0.06877882830547502	false	1.0
profan	neg 1.0		neg 0.5609092816342773 off 0.371074007342875 __DUMMY__ 0.06801671102284756	false	1.0
korruption	neg 1.0		neg 0.5698231769502599 off 0.3629797510850823 __DUMMY__ 0.06719707196465785	false	1.0
â			neg 0.5650113363219227 off 0.3667954245493536 __DUMMY__ 0.0681932391287238	false	0.0
schmutzig	neg 1.0		neg 0.5554432499642523 off 0.3762849414195308 __DUMMY__ 0.06827180861621698	false	1.0
sexy	neg 1.0		neg 0.5585511258987209 off 0.37349745898311665 __DUMMY__ 0.06795141511816233	false	1.0
abraten	neg 1.0		neg 0.5612407981092552 off 0.3705980672866829 __DUMMY__ 0.06816113460406201	false	1.0
schwarz	neg 1.0		neg 0.561916628775168 off 0.37026432579417623 __DUMMY__ 0.06781904543065576	false	1.0
fotze	off 1.0		neg 0.5665139082931334 off 0.3657928584640442 __DUMMY__ 0.06769323324282239	false	0.5
verwirren	neg 1.0		neg 0.560175657674861 off 0.37184740052642634 __DUMMY__ 0.0679769417987127	false	1.0
zahnlos	off 1.0		neg 0.5676392946252161 off 0.364638824295264 __DUMMY__ 0.06772188107951985	false	0.5
verheeren	neg 1.0		neg 0.5504883982890515 off 0.38267122496401856 __DUMMY__ 0.06684037674693002	false	1.0
hippie	neg 1.0		neg 0.5592233885602715 off 0.37290060878605236 __DUMMY__ 0.06787600265367599	false	1.0
rammen	neg 1.0		neg 0.5596456405032337 off 0.37231629006167244 __DUMMY__ 0.06803806943509373	false	1.0
unlauter	neg 1.0	neg 1.0	neg 0.7706396368193749 off 0.19715620136282458 __DUMMY__ 0.032204161817800656	false	1.0
unheilvoll	neg 1.0		neg 0.5605301325020368 off 0.37135358317374617 __DUMMY__ 0.06811628432421708	false	1.0
niedrig	neg 1.0		neg 0.5668158157128109 off 0.365265260831711 __DUMMY__ 0.06791892345547804	false	1.0
explosion	neg 1.0		neg 0.5590415999692748 off 0.3729255657785656 __DUMMY__ 0.06803283425215952	false	1.0
weichei	off 1.0		neg 0.5526557884007539 off 0.37981836818043646 __DUMMY__ 0.06752584341880967	false	0.5
minusmensch	off 1.0		neg 0.5511950088132734 off 0.38206981382679667 __DUMMY__ 0.06673517735992986	false	0.5
farblos	neg 1.0		neg 0.5637252852435393 off 0.3685933290655761 __DUMMY__ 0.06768138569088453	false	1.0
unwissend	neg 1.0	neg 1.0	neg 0.7686366012682643 off 0.1990610685194244 __DUMMY__ 0.03230233021231128	false	1.0
traurig	neg 1.0		neg 0.554653216529768 off 0.377433342183309 __DUMMY__ 0.0679134412869231	false	1.0
senkung	neg 1.0		neg 0.5610632694575235 off 0.37127022966644857 __DUMMY__ 0.06766650087602805	false	1.0
ungleich	neg 1.0	neg 1.0	neg 0.7740339238085557 off 0.19364563450092226 __DUMMY__ 0.03232044169052194	false	1.0
heikel	neg 1.0		neg 0.5694994639414596 off 0.3625517948127483 __DUMMY__ 0.06794874124579203	false	1.0
drosselung	neg 1.0		neg 0.5539568475020448 off 0.3780964116686024 __DUMMY__ 0.06794674082935281	false	1.0
falsch	neg 1.0		neg 0.5598051814008729 off 0.37236701388362275 __DUMMY__ 0.06782780471550438	false	1.0
unzufriedenheit	neg 1.0		neg 0.5701554588576024 off 0.3619823587790048 __DUMMY__ 0.06786218236339274	false	1.0
kurz	neg 1.0		neg 0.5626460683590359 off 0.3688014676804078 __DUMMY__ 0.06855246396055628	false	1.0
unsinnig	neg 1.0		neg 0.5666775737404264 off 0.36545734754915365 __DUMMY__ 0.06786507871041994	false	1.0
penner	off 1.0	off 1.0	off 0.6740189571485617 neg 0.29370856157875636 __DUMMY__ 0.032272481272681994	false	1.0
seicht	neg 1.0		neg 0.552329717513906 off 0.38063299738379675 __DUMMY__ 0.06703728510229726	false	1.0
dummheit	off 1.0	off 1.0	off 0.6673162930955399 neg 0.3004360777331532 __DUMMY__ 0.03224762917130697	false	1.0
unerfreulich	neg 1.0		neg 0.569168938938874 off 0.3626884828749204 __DUMMY__ 0.06814257818620559	false	1.0
motherfucker	off 1.0	off 1.0	off 0.6707642246245991 neg 0.2970064167344468 __DUMMY__ 0.03222935864095415	false	1.0
pikiert	neg 1.0		neg 0.5600395975480835 off 0.3723458457075705 __DUMMY__ 0.06761455674434591	false	1.0
wrack	neg 1.0		neg 0.5649619341386137 off 0.3668863609282008 __DUMMY__ 0.0681517049331855	false	1.0
gangster	neg 1.0		neg 0.5602674820463072 off 0.3718711175210646 __DUMMY__ 0.06786140043262805	false	1.0
krank	neg 1.0		neg 0.5550885154530252 off 0.37667794788760806 __DUMMY__ 0.06823353665936681	false	1.0
reich	neg 1.0		neg 0.5624680155638255 off 0.3707041541200422 __DUMMY__ 0.0668278303161322	false	1.0
gnadenlos	neg 1.0		neg 0.5625661276819846 off 0.3694652834309596 __DUMMY__ 0.06796858888705581	false	1.0
niedergeschlagen	neg 1.0		neg 0.5644365548363937 off 0.36739708964477275 __DUMMY__ 0.06816635551883368	false	1.0
terrorisieren	off 1.0	off 1.0	off 0.664321024404338 neg 0.30321970749903965 __DUMMY__ 0.03245926809662227	false	1.0
sinnlosigkeit	neg 1.0		neg 0.5672747419747916 off 0.36494403694203964 __DUMMY__ 0.06778122108316878	false	1.0
behindern	neg 1.0		neg 0.5623330038120088 off 0.3694333254120976 __DUMMY__ 0.06823367077589365	false	1.0
undemokratisch	neg 1.0		neg 0.5665685738297431 off 0.3663925509244558 __DUMMY__ 0.06703887524580095	false	1.0
wirtschaftskrise	neg 1.0		neg 0.5685419289475198 off 0.3640110025644379 __DUMMY__ 0.06744706848804231	false	1.0
neid	neg 1.0		neg 0.5580767908297436 off 0.37367664916860993 __DUMMY__ 0.06824656000164654	false	1.0
rutschen	neg 1.0		neg 0.5660318202438311 off 0.36473714672958485 __DUMMY__ 0.06923103302658391	false	1.0
rezession	neg 1.0		neg 0.5572746546219487 off 0.37579481723731156 __DUMMY__ 0.06693052814073969	false	1.0
fehlgeburt	neg 1.0		neg 0.562893210937164 off 0.36918553395444614 __DUMMY__ 0.06792125510838976	false	1.0
charakterschwach	off 1.0		neg 0.5589008461079569 off 0.3735129656558096 __DUMMY__ 0.06758618823623354	false	0.5
isolation	neg 1.0		neg 0.5571127375113935 off 0.37489382380762176 __DUMMY__ 0.06799343868098484	false	1.0
ablenkung	neg 1.0		neg 0.561782445758015 off 0.3699388641587314 __DUMMY__ 0.06827869008325359	false	1.0
pech	neg 1.0		neg 0.559270332827655 off 0.372642120879258 __DUMMY__ 0.06808754629308704	false	1.0
vermeidung	neg 1.0		neg 0.554734188877158 off 0.37718898815666 __DUMMY__ 0.06807682296618196	false	1.0
dominieren	neg 1.0		neg 0.5649074974886177 off 0.3671245656845601 __DUMMY__ 0.06796793682682226	false	1.0
schwindlig	neg 1.0		neg 0.5579040239803748 off 0.3736615152170101 __DUMMY__ 0.06843446080261523	false	1.0
lutscher	neg 1.0		neg 0.5505640089976521 off 0.38227375223931626 __DUMMY__ 0.06716223876303157	false	1.0
pflicht	neg 1.0		neg 0.5697085434535275 off 0.36234948844477893 __DUMMY__ 0.06794196810169356	false	1.0
faschist	off 1.0		neg 0.5651381735604373 off 0.36778681126564294 __DUMMY__ 0.06707501517391971	false	0.5
verschleudern	neg 1.0		neg 0.5687942205392981 off 0.3636700129732489 __DUMMY__ 0.06753576648745285	false	1.0
wenn			neg 0.5592562814269701 off 0.3728135477495073 __DUMMY__ 0.06793017082352257	false	0.0
ehebruch	neg 1.0		neg 0.569416701784847 off 0.36304344378815573 __DUMMY__ 0.06753985442699721	false	1.0
spott	off 1.0		neg 0.5695630187471299 off 0.36279070527436064 __DUMMY__ 0.06764627597850946	false	0.5
trostlosigkeit	neg 1.0		neg 0.5722959578047587 off 0.3603157449263532 __DUMMY__ 0.06738829726888806	false	1.0
lutschen	neg 1.0		neg 0.5606123511214451 off 0.37194980761740304 __DUMMY__ 0.06743784126115186	false	1.0
undiszipliniert	neg 1.0		neg 0.5563344953014455 off 0.3759286719820808 __DUMMY__ 0.06773683271647352	false	1.0
kopfschmerz	neg 1.0		neg 0.5630699207402458 off 0.3687478846314644 __DUMMY__ 0.06818219462828981	false	1.0
unvorhergesehen	neg 1.0		neg 0.562122385596281 off 0.3691807933449369 __DUMMY__ 0.06869682105878205	false	1.0
desinteressiert	neg 1.0		neg 0.5572660853168785 off 0.3751199934769823 __DUMMY__ 0.06761392120613904	false	1.0
armselig	off 1.0		neg 0.5572645318938456 off 0.37533653185881805 __DUMMY__ 0.06739893624733637	false	0.5
desaster	neg 1.0		neg 0.5730279468570959 off 0.3593555118721933 __DUMMY__ 0.06761654127071064	false	1.0
tod	neg 1.0		neg 0.5713190163066445 off 0.36145910813211707 __DUMMY__ 0.06722187556123843	false	1.0
herzlos	neg 1.0		neg 0.554597821518777 off 0.3776288586732471 __DUMMY__ 0.06777331980797592	false	1.0
unwissenheit	neg 1.0		neg 0.56839467402403 off 0.36402442128812074 __DUMMY__ 0.06758090468784934	false	1.0
widersinnig	neg 1.0		neg 0.5690786141128638 off 0.3637687094879105 __DUMMY__ 0.06715267639922566	false	1.0
bedenklich	neg 1.0		neg 0.5685614197141099 off 0.36354358295285977 __DUMMY__ 0.0678949973330303	false	1.0
beanstanden	neg 1.0		neg 0.5699699722485585 off 0.36205705316155823 __DUMMY__ 0.0679729745898834	false	1.0
panisch	neg 1.0	neg 1.0	neg 0.7677702971842126 off 0.19937891442073177 __DUMMY__ 0.032850788395055563	false	1.0
debil	off 1.0		neg 0.5722182445013623 off 0.35963732511610236 __DUMMY__ 0.06814443038253536	false	0.5
abstrich	neg 1.0		neg 0.5607314581647047 off 0.3708347025946371 __DUMMY__ 0.06843383924065832	false	1.0
primitiv	neg 1.0		neg 0.5583168468545345 off 0.37415384481229136 __DUMMY__ 0.06752930833317412	false	1.0
abschaum	off 1.0	off 1.0	off 0.6685559666984542 neg 0.2992698554088371 __DUMMY__ 0.032174177892708725	false	1.0
provozieren	neg 1.0		neg 0.5648823315910411 off 0.36745823192934185 __DUMMY__ 0.06765943647961709	false	1.0
tot	neg 1.0		neg 0.5648499745884812 off 0.36727645841727863 __DUMMY__ 0.06787356699424012	false	1.0
instabil	neg 1.0		neg 0.5565447982610826 off 0.3762180999691727 __DUMMY__ 0.06723710176974457	false	1.0
schwuchtel	off 1.0		neg 0.5467200872437596 off 0.38658725880526373 __DUMMY__ 0.06669265395097669	false	0.5
zerren	neg 1.0		neg 0.5644115902126452 off 0.3673901560904785 __DUMMY__ 0.06819825369687639	false	1.0
kinderficker	off 1.0		neg 0.5556835784368949 off 0.37714271551292206 __DUMMY__ 0.06717370605018311	false	0.5
gefahr	neg 1.0		neg 0.5685997080345742 off 0.3636602232367197 __DUMMY__ 0.06774006872870608	false	1.0
rabiat	neg 1.0		neg 0.5636780398386667 off 0.36836127909786787 __DUMMY__ 0.06796068106346533	false	1.0
verlangsamung	neg 1.0		neg 0.5538161754125779 off 0.3793361170971111 __DUMMY__ 0.06684770749031087	false	1.0
ausgestorben	neg 1.0		neg 0.5644892920021762 off 0.36735705822657955 __DUMMY__ 0.06815364977124429	false	1.0
anklagen	neg 1.0		neg 0.5664711087241896 off 0.3660274599378839 __DUMMY__ 0.06750143133792659	false	1.0
trott	neg 1.0		neg 0.5627169903933594 off 0.3691592278014988 __DUMMY__ 0.06812378180514167	false	1.0
verminderung	neg 1.0		neg 0.5556909841840564 off 0.37659614384463497 __DUMMY__ 0.06771287197130867	false	1.0
nach			neg 0.5682913124328508 off 0.36285981639597603 __DUMMY__ 0.06884887117117329	false	0.0
rost	neg 1.0		neg 0.5519009731884608 off 0.38095278048715925 __DUMMY__ 0.06714624632437992	false	1.0
destruktiv	neg 1.0	neg 1.0	neg 0.7727890447938414 off 0.19499204445595983 __DUMMY__ 0.03221891075019891	false	1.0
unzumutbarkeit	neg 1.0		neg 0.5559811408917654 off 0.3761772698574613 __DUMMY__ 0.06784158925077331	false	1.0
labil	off 1.0	off 1.0	off 0.6695040284555045 neg 0.2982581421046887 __DUMMY__ 0.032237829439806756	false	1.0
ziemlich	neg 1.0		neg 0.5572499041863102 off 0.37482865175974267 __DUMMY__ 0.06792144405394715	false	1.0
lachnummer	off 1.0		neg 0.5667758320485697 off 0.36566328629108996 __DUMMY__ 0.0675608816603403	false	0.5
oder			neg 0.5619077533282624 off 0.36976042779946044 __DUMMY__ 0.06833181887227723	false	0.0
verfall	neg 1.0		neg 0.5726474697139643 off 0.3592285595926396 __DUMMY__ 0.06812397069339614	false	1.0
ausgrenzung	neg 1.0		neg 0.5652490861962887 off 0.3676295136727845 __DUMMY__ 0.06712140013092674	false	1.0
unordnung	neg 1.0		neg 0.5547488952455462 off 0.37784093067402946 __DUMMY__ 0.06741017408042443	false	1.0
fehlverhalten	neg 1.0		neg 0.5697298406047707 off 0.362592599462588 __DUMMY__ 0.06767755993264137	false	1.0
eine			neg 0.5678431110857362 off 0.3637416921545745 __DUMMY__ 0.06841519675968934	false	0.0
nille	neg 1.0		neg 0.56546122392702 off 0.36700988245143606 __DUMMY__ 0.06752889362154388	false	1.0
qual	neg 1.0		neg 0.5631228682504215 off 0.3688116171925407 __DUMMY__ 0.06806551455703785	false	1.0
verschwenden	neg 1.0		neg 0.5673487129826897 off 0.3645635231642252 __DUMMY__ 0.06808776385308513	false	1.0
riesig	neg 1.0		neg 0.5646508067038607 off 0.36738926580104636 __DUMMY__ 0.06795992749509293	false	1.0
verurteilen	neg 1.0		neg 0.5688404179638494 off 0.3637047763560796 __DUMMY__ 0.06745480568007096	false	1.0
klischee	neg 1.0	neg 1.0	neg 0.769998363080443 off 0.19776669192200458 __DUMMY__ 0.03223494499755237	false	1.0
diktatorisch	neg 1.0		neg 0.5677556940590457 off 0.3654145565583068 __DUMMY__ 0.06682974938264738	false	1.0
vorhersehbar	neg 1.0		neg 0.5636608738330189 off 0.36885026993877174 __DUMMY__ 0.06748885622820944	false	1.0
sowie			neg 0.5541369156003666 off 0.37875842226159356 __DUMMY__ 0.06710466213803987	false	0.0
stornieren	neg 1.0		neg 0.5583780365223051 off 0.3732968107739604 __DUMMY__ 0.06832515270373452	false	1.0
besteuerung	neg 1.0		neg 0.5630592442973305 off 0.3692451402620574 __DUMMY__ 0.06769561544061214	false	1.0
ungeschminkt	neg 1.0		neg 0.5574982689161216 off 0.3747944322998666 __DUMMY__ 0.06770729878401176	false	1.0
kritisch	neg 1.0		neg 0.5694563760421009 off 0.3628852501441395 __DUMMY__ 0.0676583738137597	false	1.0
schlamperei	off 1.0		neg 0.569458940892421 off 0.36302650986384505 __DUMMY__ 0.06751454924373408	false	0.5
sucht	neg 1.0	neg 1.0	neg 0.7675527839203513 off 0.19967740884052965 __DUMMY__ 0.03276980723911896	false	1.0
egoistisch	off 1.0		neg 0.5532880448531557 off 0.3792455558457578 __DUMMY__ 0.06746639930108642	false	0.5
ausbeuter	off 1.0		neg 0.5711052463456648 off 0.36139351783364926 __DUMMY__ 0.06750123582068586	false	0.5
arschgeburt	off 1.0		neg 0.5469089841793713 off 0.38640033644805316 __DUMMY__ 0.06669067937257563	false	0.5
schubs	neg 1.0	neg 1.0	neg 0.7707589090664316 off 0.19644496965211478 __DUMMY__ 0.03279612128145356	false	1.0
unsolide	neg 1.0		neg 0.5653392281044896 off 0.36814483901844774 __DUMMY__ 0.06651593287706267	false	1.0
beschwerde	neg 1.0		neg 0.5677042539724584 off 0.36464409499261097 __DUMMY__ 0.06765165103493062	false	1.0
stocken	neg 1.0		neg 0.5667228508008672 off 0.3653125023467122 __DUMMY__ 0.06796464685242058	false	1.0
isolieren	neg 1.0		neg 0.5630244470919774 off 0.36874307441695964 __DUMMY__ 0.06823247849106304	false	1.0
unheilbar	neg 1.0		neg 0.564308290839826 off 0.3679779855175502 __DUMMY__ 0.06771372364262387	false	1.0
pisser	off 1.0		neg 0.5563488410612425 off 0.3763628339825335 __DUMMY__ 0.06728832495622411	false	0.5
löschen	neg 1.0		neg 0.5626570068340246 off 0.3694956057499525 __DUMMY__ 0.06784738741602286	false	1.0
durchfallen	neg 1.0		neg 0.5678524427133529 off 0.3642391328867715 __DUMMY__ 0.06790842439987564	false	1.0
wichser	off 1.0		neg 0.548410471399156 off 0.384276673122197 __DUMMY__ 0.06731285547864709	false	0.5
terror	neg 1.0		neg 0.5576082363986831 off 0.37418146693743515 __DUMMY__ 0.06821029666388194	false	1.0
krass	neg 1.0		neg 0.554252099336722 off 0.3780356053169643 __DUMMY__ 0.06771229534631373	false	1.0
revolte	neg 1.0	neg 1.0	neg 0.7718441727927255 off 0.19631185738659573 __DUMMY__ 0.0318439698206787	false	1.0
besorgt	neg 1.0		neg 0.5622397351184666 off 0.369142175941703 __DUMMY__ 0.06861808893983025	false	1.0
nachlassen	neg 1.0		neg 0.5652691815813743 off 0.3666002525795142 __DUMMY__ 0.06813056583911145	false	1.0
alt	neg 1.0		neg 0.5656613829440819 off 0.3658982111369037 __DUMMY__ 0.06844040591901439	false	1.0
hundesohn	off 1.0		neg 0.5513471062537558 off 0.38173851478529963 __DUMMY__ 0.06691437896094463	false	0.5
als			neg 0.5649105626438501 off 0.366812274110545 __DUMMY__ 0.06827716324560487	false	0.0
abschreckung	neg 1.0		neg 0.5713393469853306 off 0.3609847012227659 __DUMMY__ 0.06767595179190358	false	1.0
unqualifiziert	neg 1.0	neg 1.0	neg 0.7705183443144518 off 0.1972287050457297 __DUMMY__ 0.03225295063981843	false	1.0
abgewichst	off 1.0		neg 0.5653553550161862 off 0.3668547889604061 __DUMMY__ 0.06778985602340762	false	0.5
schwer	neg 1.0		neg 0.5634719200252502 off 0.36838747384238535 __DUMMY__ 0.06814060613236453	false	1.0
bedeutungslosigkeit	neg 1.0		neg 0.570173199169891 off 0.36209296783305706 __DUMMY__ 0.06773383299705205	false	1.0
kapitulation	neg 1.0		neg 0.5711561080035519 off 0.36178113269809187 __DUMMY__ 0.06706275929835626	false	1.0
unscharf	neg 1.0		neg 0.5598533849193523 off 0.37218443717072264 __DUMMY__ 0.06796217790992501	false	1.0
schwinden	neg 1.0		neg 0.569060513197693 off 0.36305294340546274 __DUMMY__ 0.06788654339684416	false	1.0
versklavung	neg 1.0	neg 1.0	neg 0.7725174599370968 off 0.19548930266568149 __DUMMY__ 0.031993237397221784	false	1.0
schlecht	neg 1.0		neg 0.556709289760877 off 0.37533128310459984 __DUMMY__ 0.06795942713452317	false	1.0
verhasst	neg 1.0		neg 0.565404960805578 off 0.36704830140474176 __DUMMY__ 0.0675467377896802	false	1.0
beschweren	neg 1.0		neg 0.5615479073598968 off 0.37042202536432695 __DUMMY__ 0.06803006727577618	false	1.0
scheiden	neg 1.0		neg 0.5630286917900256 off 0.3687895667540535 __DUMMY__ 0.06818174145592099	false	1.0
frustriert	neg 1.0		neg 0.5650682431975977 off 0.36688409113595116 __DUMMY__ 0.06804766566645112	false	1.0
schimmelig	neg 1.0		neg 0.5672982861861289 off 0.3647784626779789 __DUMMY__ 0.06792325113589236	false	1.0
fisch	neg 1.0	neg 1.0	neg 0.7710307008234141 off 0.19622614053393084 __DUMMY__ 0.03274315864265516	false	1.0
schmuggel	neg 1.0		neg 0.5677492782289805 off 0.3640090969769692 __DUMMY__ 0.06824162479405026	false	1.0
auffallen	neg 1.0		neg 0.5611274391406266 off 0.3708843038176298 __DUMMY__ 0.06798825704174352	false	1.0
konkurrenz	neg 1.0		neg 0.5685438452082004 off 0.3631890737967447 __DUMMY__ 0.06826708099505478	false	1.0
teufelskreis	neg 1.0	neg 1.0	neg 0.7722044508190936 off 0.19541420417987657 __DUMMY__ 0.03238134500102995	false	1.0
aufschreien	neg 1.0		neg 0.5630086961440454 off 0.3693630166298537 __DUMMY__ 0.06762828722610092	false	1.0
schuldner	neg 1.0		neg 0.5699120826826722 off 0.36253226177104997 __DUMMY__ 0.06755565554627767	false	1.0
missgeburt	off 1.0	off 1.0	off 0.6726083708855677 neg 0.2953304938170218 __DUMMY__ 0.03206113529741055	false	1.0
arbeitslos	neg 1.0		neg 0.5671600906321766 off 0.3650266571254351 __DUMMY__ 0.0678132522423882	false	1.0
befallen	neg 1.0		neg 0.5710952104140946 off 0.36189901317548345 __DUMMY__ 0.06700577641042194	false	1.0
miesepetrig	off 1.0		neg 0.5565119967747454 off 0.37542759503692175 __DUMMY__ 0.06806040818833281	false	0.5
alarmieren	neg 1.0		neg 0.5610309676137097 off 0.3716774821369927 __DUMMY__ 0.06729155024929767	false	1.0
ungeduscht	off 1.0		neg 0.5594872389822831 off 0.3725052592875116 __DUMMY__ 0.06800750173020523	false	0.5
knappheit	neg 1.0		neg 0.5676406976615681 off 0.36472573256405316 __DUMMY__ 0.06763356977437865	false	1.0
schlange	neg 1.0		neg 0.5599241312740807 off 0.3717098056175473 __DUMMY__ 0.06836606310837214	false	1.0
harsch	neg 1.0		neg 0.5498942955511488 off 0.38224303166067186 __DUMMY__ 0.06786267278817937	false	1.0
lang	neg 1.0		neg 0.5620392353430527 off 0.37000716452339705 __DUMMY__ 0.0679536001335503	false	1.0
ziellos	neg 1.0		neg 0.5659760632858829 off 0.3658582943604426 __DUMMY__ 0.0681656423536744	false	1.0
selbstverliebt	neg 1.0		neg 0.5498144635534594 off 0.3834136237940117 __DUMMY__ 0.06677191265252876	false	1.0
beseitigen	neg 1.0		neg 0.560775632072426 off 0.37097249052963566 __DUMMY__ 0.06825187739793849	false	1.0
dumm	off 1.0		neg 0.553133649455738 off 0.37954382405928727 __DUMMY__ 0.06732252648497478	false	0.5
arbeitsloser	neg 1.0		neg 0.5676821121458842 off 0.3644215197309982 __DUMMY__ 0.06789636812311783	false	1.0
blitzen	neg 1.0		neg 0.5607240662677713 off 0.3716357794241447 __DUMMY__ 0.06764015430808402	false	1.0
hilflos	neg 1.0		neg 0.5654605735197799 off 0.36648054177101325 __DUMMY__ 0.06805888470920682	false	1.0
eklig	off 1.0		neg 0.5525634979685992 off 0.38023018612034637 __DUMMY__ 0.0672063159110545	false	0.5
begriff			neg 0.5660828389646674 off 0.36607290175152224 __DUMMY__ 0.06784425928381042	false	0.0
hungersnot	neg 1.0		neg 0.568892722240444 off 0.364142834386216 __DUMMY__ 0.06696444337334005	false	1.0
ungesetzlich	neg 1.0		neg 0.5656002568394526 off 0.3674430675096587 __DUMMY__ 0.06695667565088877	false	1.0
verschwendung	neg 1.0		neg 0.5689177614849928 off 0.36308211407325686 __DUMMY__ 0.06800012444175021	false	1.0
schmerzvoll	neg 1.0		neg 0.5613464258337373 off 0.3705893766007961 __DUMMY__ 0.06806419756546667	false	1.0
vorzeitig	neg 1.0		neg 0.5579416062684532 off 0.374298902606444 __DUMMY__ 0.0677594911251028	false	1.0
unvollkommenheit	neg 1.0		neg 0.5637025918288767 off 0.3684172776649418 __DUMMY__ 0.06788013050618137	false	1.0
intervenieren	neg 1.0		neg 0.5711976887567354 off 0.3614123494255571 __DUMMY__ 0.06738996181770755	false	1.0
banause	off 1.0		neg 0.5508006976799313 off 0.3820140143315177 __DUMMY__ 0.06718528798855093	false	0.5
rebell	neg 1.0		neg 0.5687925358972229 off 0.36302819113470913 __DUMMY__ 0.06817927296806792	false	1.0
unlogisch	neg 1.0		neg 0.5563320907817559 off 0.376151931488433 __DUMMY__ 0.0675159777298111	false	1.0
leiden	neg 1.0	neg 1.0	neg 0.7711380507709368 off 0.19578769013191633 __DUMMY__ 0.03307425909714685	false	1.0
abschaffung	neg 1.0		neg 0.5650567818876355 off 0.36752891595024667 __DUMMY__ 0.06741430216211766	false	1.0
sturz	neg 1.0		neg 0.5651103807463498 off 0.36760849126735556 __DUMMY__ 0.06728112798629479	false	1.0
verkleinerung	neg 1.0		neg 0.5621490788009293 off 0.3706182183161472 __DUMMY__ 0.06723270288292353	false	1.0
schmarotzer	off 1.0		neg 0.5688396192146076 off 0.36357003354092776 __DUMMY__ 0.0675903472444647	false	0.5
bestrafung	neg 1.0		neg 0.5630891991754865 off 0.36911107318854786 __DUMMY__ 0.06779972763596576	false	1.0
achtlos	neg 1.0		neg 0.5624109527824337 off 0.3692566724681017 __DUMMY__ 0.06833237474946462	false	1.0
ungeheuer	neg 1.0		neg 0.5612889173828037 off 0.3708377614342991 __DUMMY__ 0.06787332118289705	false	1.0
unaufrichtig	neg 1.0		neg 0.5637412733965189 off 0.3690606956988244 __DUMMY__ 0.06719803090465683	false	1.0
groggy	neg 1.0		neg 0.5605381588099756 off 0.37175479832790487 __DUMMY__ 0.06770704286211945	false	1.0
verletzlich	neg 1.0		neg 0.5572866884683247 off 0.3749340286188298 __DUMMY__ 0.06777928291284553	false	1.0
ablehnen	neg 1.0		neg 0.5681909258826686 off 0.3641859321489039 __DUMMY__ 0.06762314196842761	false	1.0
