unsolidarisch	neg 1.0		__DUMMY__ 0.8723875174121511 neg 0.079653045154402 off 0.047959437433446744	false	1.0
nachteilig	neg 1.0		__DUMMY__ 0.8815280201226458 neg 0.07372590512484803 off 0.044746074752506235	false	1.0
skeptisch	neg 1.0		__DUMMY__ 0.8835143050367004 neg 0.07405420455467276 off 0.04243149040862683	false	1.0
schrecklich	neg 1.0		__DUMMY__ 0.8798160578426 neg 0.06663437334622489 off 0.05354956881117513	false	1.0
schlapp	neg 1.0		__DUMMY__ 0.8844335873973743 neg 0.06595579846003573 off 0.04961061414258995	false	1.0
abfall	neg 1.0		__DUMMY__ 0.8839032956506322 neg 0.07504468484272309 off 0.041052019506644756	false	1.0
widerspenstig	neg 1.0		__DUMMY__ 0.8851890083389617 neg 0.06884323555903984 off 0.045967756101998325	false	1.0
abrupt	neg 1.0		__DUMMY__ 0.8865215186657068 neg 0.0685817230360861 off 0.04489675829820717	false	1.0
unwirksam	neg 1.0		__DUMMY__ 0.8762904755132743 neg 0.0761075442963964 off 0.04760198019032927	false	1.0
angreifen	neg 1.0		__DUMMY__ 0.881010304675378 neg 0.0752207105401123 off 0.04376898478450972	false	1.0
inkonsistent	neg 1.0		__DUMMY__ 0.8788897978910696 neg 0.072756245551158 off 0.048353956557772436	false	1.0
abrutschen	neg 1.0		__DUMMY__ 0.8852971846890333 neg 0.07358306544542925 off 0.04111974986553743	false	1.0
unsicher	neg 1.0		__DUMMY__ 0.8830169069899099 neg 0.07047611880334022 off 0.04650697420674991	false	1.0
bauernkind	off 1.0		__DUMMY__ 0.875278624536966 neg 0.0683986782675612 off 0.0563226971954728	false	0.5
angreifer	neg 1.0		__DUMMY__ 0.8771905965873108 neg 0.07324644094880911 off 0.04956296246388008	false	1.0
trennen	neg 1.0		__DUMMY__ 0.8886810976195927 neg 0.06863971169702153 off 0.04267919068338585	false	1.0
schmutz	neg 1.0		__DUMMY__ 0.8879301297789657 neg 0.061655036782620395 off 0.05041483343841387	false	1.0
inkonsistenz	neg 1.0	neg 1.0	neg 0.5245463395896077 __DUMMY__ 0.4379551326229497 off 0.03749852778744268	false	1.0
erschreckend	neg 1.0		__DUMMY__ 0.8812076694381017 neg 0.07303044926297304 off 0.04576188129892527	false	1.0
ertrinken	neg 1.0		__DUMMY__ 0.8851017944064025 neg 0.07109323967225144 off 0.04380496592134604	false	1.0
pickelface	off 1.0		__DUMMY__ 0.8792132668383605 neg 0.07319882496182381 off 0.04758790819981564	false	0.5
seiner			__DUMMY__ 0.883518554205798 neg 0.07304975926835909 off 0.043431686525843026	false	0.0
lauch	neg 1.0		__DUMMY__ 0.883640227900711 neg 0.07441041827596456 off 0.041949353823324556	false	1.0
unwichtig	neg 1.0		__DUMMY__ 0.8801013127625498 neg 0.06964439322620164 off 0.05025429401124857	false	1.0
steuerhinterziehung	neg 1.0		__DUMMY__ 0.8762498172921201 neg 0.07711644069197793 off 0.04663374201590193	false	1.0
schock	neg 1.0		__DUMMY__ 0.886084419836334 neg 0.06901616088092337 off 0.04489941928274265	false	1.0
beule	neg 1.0		__DUMMY__ 0.8839907562327681 neg 0.06538599327725901 off 0.050623250489972835	false	1.0
vergelten	neg 1.0		__DUMMY__ 0.877042442618268 neg 0.06782008456960323 off 0.0551374728121287	false	1.0
verdorbenheit	neg 1.0	neg 1.0	neg 0.5210403517922554 __DUMMY__ 0.44316705201112333 off 0.03579259619662129	false	1.0
trauma	neg 1.0		__DUMMY__ 0.8812015500492741 neg 0.07067467756009814 off 0.04812377239062781	false	1.0
sinnlos	neg 1.0		__DUMMY__ 0.8815119122414945 neg 0.07014075440993073 off 0.04834733334857474	false	1.0
fettsack	off 1.0	off 1.0	off 0.5119761329827218 __DUMMY__ 0.4361806842195647 neg 0.051843182797713584	false	1.0
feige	off 1.0		__DUMMY__ 0.8781707821776592 neg 0.07172737403834685 off 0.05010184378399395	false	0.5
abdanken	neg 1.0		__DUMMY__ 0.8744356537474245 neg 0.07849944710739258 off 0.04706489914518294	false	1.0
wichtigtuer	off 1.0	off 1.0	off 0.5066440668254246 __DUMMY__ 0.43769873891895855 neg 0.05565719425561677	false	1.0
misslingen	neg 1.0		__DUMMY__ 0.8855843222714425 neg 0.06649135145667137 off 0.047924326271886135	false	1.0
untreu	off 1.0		__DUMMY__ 0.8804675005212557 neg 0.0687132286531448 off 0.05081927082559953	false	0.5
missmutig	neg 1.0		__DUMMY__ 0.8837783294514524 neg 0.06680840836835697 off 0.04941326218019063	false	1.0
hurenbock	off 1.0		__DUMMY__ 0.8865615353431452 neg 0.06624822230691005 off 0.04719024234994474	false	0.5
betrunken	neg 1.0		__DUMMY__ 0.8830298809024308 neg 0.06531863997806839 off 0.05165147911950081	false	1.0
korrupt	off 1.0		__DUMMY__ 0.8748824843470862 neg 0.079462927732954 off 0.0456545879199599	false	0.5
unmut	neg 1.0		__DUMMY__ 0.8828547666660228 neg 0.07525003595709473 off 0.04189519737688239	false	1.0
hackfresse	off 1.0		__DUMMY__ 0.877873958416436 neg 0.0658482214392223 off 0.05627782014434169	false	0.5
aufblasen	neg 1.0		__DUMMY__ 0.8850664868632016 neg 0.06756759010827658 off 0.04736592302852187	false	1.0
gewaltsam	neg 1.0		__DUMMY__ 0.8766709496404363 neg 0.07542973904180125 off 0.04789931131776237	false	1.0
unbeliebtheit	neg 1.0		__DUMMY__ 0.8695847806386675 neg 0.07768617898906734 off 0.05272904037226514	false	1.0
sturheit	neg 1.0		__DUMMY__ 0.8782206629823354 neg 0.07566036159943233 off 0.04611897541823235	false	1.0
kuh	neg 1.0		__DUMMY__ 0.8805267332125656 neg 0.07186333640789247 off 0.04760993037954203	false	1.0
erschrecken	neg 1.0		__DUMMY__ 0.8830716552575223 neg 0.06766197302032721 off 0.04926637172215055	false	1.0
opfer	neg 1.0	neg 1.0	neg 0.5263386063453507 __DUMMY__ 0.4403074708319002 off 0.03335392282274917	false	1.0
sinken	neg 1.0		__DUMMY__ 0.8832306912350227 neg 0.0745335493298051 off 0.042235759435172056	false	1.0
stinktier	neg 1.0		__DUMMY__ 0.8772215631339925 neg 0.06893314866150928 off 0.053845288204498305	false	1.0
tucke	off 1.0		__DUMMY__ 0.8785655337470352 neg 0.06509561223515371 off 0.056338854017811114	false	0.5
ein			__DUMMY__ 0.8877418139043644 neg 0.06570705396821457 off 0.046551132127421166	false	0.0
abstieg	neg 1.0		__DUMMY__ 0.879709320560405 neg 0.0746292571113501 off 0.04566142232824497	false	1.0
missverstehen	neg 1.0		__DUMMY__ 0.8786550518153037 neg 0.072912181276901 off 0.04843276690779523	false	1.0
ergebnislos	neg 1.0		__DUMMY__ 0.8808473911372496 neg 0.07394413873511271 off 0.04520847012763767	false	1.0
unter			__DUMMY__ 0.8915563789076906 neg 0.07062003489233486 off 0.03782358619997456	false	0.0
manipulieren	neg 1.0		__DUMMY__ 0.8805981166494354 neg 0.07584381633409827 off 0.04355806701646624	false	1.0
unbewiesen	neg 1.0		__DUMMY__ 0.8713324464848392 neg 0.08087753327358746 off 0.047790020241573285	false	1.0
verschleppen	neg 1.0		__DUMMY__ 0.8794521025891454 neg 0.07549443595484406 off 0.04505346145601048	false	1.0
weib	off 1.0		__DUMMY__ 0.8773997264246646 neg 0.06525301770064709 off 0.057347255874688315	false	0.5
opposition	neg 1.0		__DUMMY__ 0.8754595996075262 neg 0.07616909970107036 off 0.0483713006914034	false	1.0
verkehrswidrig	neg 1.0		__DUMMY__ 0.8816420324249422 neg 0.06392093010370346 off 0.05443703747135431	false	1.0
inkorrekt	neg 1.0		__DUMMY__ 0.8737738341974136 neg 0.07466394843588252 off 0.051562217366703876	false	1.0
vermeiden	neg 1.0		__DUMMY__ 0.8879863484578463 neg 0.07218850629509097 off 0.03982514524706275	false	1.0
abweichung	neg 1.0		__DUMMY__ 0.8749994763636136 neg 0.07967189665706609 off 0.045328626979320316	false	1.0
alkoholisiert	neg 1.0		__DUMMY__ 0.8849997223035859 neg 0.0706805050687768 off 0.04431977262763723	false	1.0
scheiss	off 1.0	off 1.0	off 0.5088235897356829 __DUMMY__ 0.4399719348933586 neg 0.05120447537095849	false	1.0
herausforderung	neg 1.0		__DUMMY__ 0.8889776259158406 neg 0.06657501247269655 off 0.044447361611462885	false	1.0
pervers	off 1.0		__DUMMY__ 0.8764533728704939 neg 0.06394695131597275 off 0.05959967581353344	false	0.5
wackelig	neg 1.0		__DUMMY__ 0.8892712077080435 neg 0.0665586243304977 off 0.04417016796145888	false	1.0
verwickeln	neg 1.0		__DUMMY__ 0.879837632284787 neg 0.07198781152664457 off 0.0481745561885685	false	1.0
vorwand	neg 1.0		__DUMMY__ 0.8813373104528945 neg 0.07611025413519133 off 0.04255243541191409	false	1.0
muschi	off 1.0		__DUMMY__ 0.8795344939201084 neg 0.07317918994059197 off 0.04728631613929965	false	0.5
entmutigung	neg 1.0		__DUMMY__ 0.8693948562343601 neg 0.08088849949203591 off 0.049716644273604	false	1.0
unangemessen	neg 1.0		__DUMMY__ 0.8784247123667033 neg 0.0763925655710369 off 0.045182722062259865	false	1.0
unstetig	neg 1.0		__DUMMY__ 0.8786070997157053 neg 0.07179240948357996 off 0.04960049080071466	false	1.0
entmutigen	neg 1.0		__DUMMY__ 0.8825077982021414 neg 0.07007671766889056 off 0.04741548412896811	false	1.0
schwanz	neg 1.0		__DUMMY__ 0.8817876355986188 neg 0.07307547102660596 off 0.04513689337477528	false	1.0
verbot	neg 1.0		__DUMMY__ 0.8759901037168908 neg 0.07797684917865985 off 0.046033047104449394	false	1.0
leid	neg 1.0		__DUMMY__ 0.8783832201164548 neg 0.066865942347924 off 0.054750837535621245	false	1.0
archaisch	neg 1.0		__DUMMY__ 0.8794853358439367 neg 0.0750455241469633 off 0.04546914000909987	false	1.0
gegen			__DUMMY__ 0.8814141357770401 neg 0.07546408306619624 off 0.04312178115676366	false	0.0
scheidung	neg 1.0	neg 1.0	neg 0.5137083841640213 __DUMMY__ 0.4362466843138758 off 0.050044931522102896	false	1.0
einschlag	neg 1.0		__DUMMY__ 0.8788684628178326 neg 0.06666430190421377 off 0.05446723527795365	false	1.0
m			__DUMMY__ 0.8845128581958182 neg 0.07000195196041357 off 0.04548518984376828	false	0.0
abgestanden	neg 1.0		__DUMMY__ 0.8845487626921834 neg 0.06958035138975353 off 0.04587088591806299	false	1.0
schmierig	off 1.0		__DUMMY__ 0.8798432003940854 neg 0.06636396596642306 off 0.05379283363949157	false	0.5
unpraktisch	neg 1.0		__DUMMY__ 0.8857193683252748 neg 0.0671293617800797 off 0.04715126989464564	false	1.0
wixxer	off 1.0		__DUMMY__ 0.874446709163314 neg 0.06573465791158509 off 0.05981863292510094	false	0.5
bezeichnet			__DUMMY__ 0.8791902258673575 neg 0.07445565119582943 off 0.046354122936813014	false	0.0
jammerlappen	off 1.0		__DUMMY__ 0.8810881941281825 neg 0.06870236303299075 off 0.05020944283882677	false	0.5
farce	neg 1.0		__DUMMY__ 0.8723547133948424 neg 0.08113182511226566 off 0.04651346149289202	false	1.0
zwecklos	neg 1.0		__DUMMY__ 0.8796779655099509 neg 0.07549780240816681 off 0.04482423208188228	false	1.0
turbulent	neg 1.0		__DUMMY__ 0.8774534136110631 neg 0.06933380646553619 off 0.05321277992340069	false	1.0
invasion	neg 1.0		__DUMMY__ 0.8834103801962991 neg 0.06743176119655203 off 0.049157858607148726	false	1.0
schuld	neg 1.0		__DUMMY__ 0.8805509480527904 neg 0.07204752999028097 off 0.04740152195692857	false	1.0
risiko	neg 1.0		__DUMMY__ 0.8849699281808647 neg 0.06583437182656911 off 0.04919569999256615	false	1.0
finster	neg 1.0		__DUMMY__ 0.8864686689985671 neg 0.0672948253722377 off 0.0462365056291951	false	1.0
geisteskrank	off 1.0		__DUMMY__ 0.875989295139558 neg 0.07218717623760713 off 0.05182352862283479	false	0.5
zusammenbrechen	neg 1.0		__DUMMY__ 0.8835215817647303 neg 0.07104517141777536 off 0.04543324681749424	false	1.0
ausbeute	neg 1.0		__DUMMY__ 0.8876282959102166 neg 0.06837586679890173 off 0.04399583729088164	false	1.0
hinterhalt	neg 1.0		__DUMMY__ 0.881517773429497 neg 0.07104042963178485 off 0.04744179693871809	false	1.0
kritik	neg 1.0		__DUMMY__ 0.874016874348338 neg 0.07953035309963098 off 0.04645277255203116	false	1.0
einschrumpfen	neg 1.0		__DUMMY__ 0.8746247709275834 neg 0.07522681758272115 off 0.05014841148969537	false	1.0
riskant	neg 1.0		__DUMMY__ 0.8826114876124932 neg 0.07367055634660598 off 0.04371795604090074	false	1.0
frustrieren	neg 1.0		__DUMMY__ 0.8818545780437537 neg 0.07442783677548935 off 0.04371758518075707	false	1.0
groll	neg 1.0		__DUMMY__ 0.8802320575390226 neg 0.07478474367842988 off 0.04498319878254757	false	1.0
gibt			__DUMMY__ 0.8823194909632298 neg 0.07242112914034497 off 0.04525937989642532	false	0.0
qualvoll	neg 1.0		__DUMMY__ 0.8837199536345619 neg 0.06803888082912536 off 0.04824116553631283	false	1.0
wackeln	neg 1.0		__DUMMY__ 0.8867905861513663 neg 0.06634950535080865 off 0.04685990849782495	false	1.0
klagen	neg 1.0		__DUMMY__ 0.8801554679607095 neg 0.0773252574164506 off 0.04251927462283985	false	1.0
bankrott	neg 1.0		__DUMMY__ 0.8832579688963988 neg 0.06648561442251508 off 0.05025641668108602	false	1.0
trauern	neg 1.0		__DUMMY__ 0.8830086268855 neg 0.07313870214439393 off 0.043852670970106186	false	1.0
ablehnung	neg 1.0	neg 1.0	neg 0.5295441604195101 __DUMMY__ 0.4353569253981156 off 0.035098914182374284	false	1.0
stur	neg 1.0		__DUMMY__ 0.8808767805330969 neg 0.07144675615333404 off 0.04767646331356905	false	1.0
aufruhr	neg 1.0		__DUMMY__ 0.8762944511017471 neg 0.07610673076653804 off 0.047598818131714835	false	1.0
melancholie	neg 1.0		__DUMMY__ 0.8879907857643448 neg 0.06773938225640166 off 0.044269831979253625	false	1.0
ist			__DUMMY__ 0.881421757384395 neg 0.07078900844785768 off 0.04778923416774736	false	0.0
torheit	neg 1.0		__DUMMY__ 0.874487779586135 neg 0.07724274461985427 off 0.048269475794010724	false	1.0
dreckskind	off 1.0		__DUMMY__ 0.8733384459755098 neg 0.07095913681391934 off 0.05570241721057076	false	0.5
umtauschen	neg 1.0		__DUMMY__ 0.8858094358506161 neg 0.06842060732356257 off 0.0457699568258213	false	1.0
zum			__DUMMY__ 0.8928272151011957 neg 0.06709325790898518 off 0.04007952698981913	false	0.0
zersetzen	neg 1.0		__DUMMY__ 0.8805225998396895 neg 0.07640168816232203 off 0.04307571199798852	false	1.0
zur			__DUMMY__ 0.8856615453891018 neg 0.07386214189014215 off 0.040476312720756115	false	0.0
frust	neg 1.0		__DUMMY__ 0.8834880370405777 neg 0.07117959133578068 off 0.04533237162364159	false	1.0
unerbittlichkeit	neg 1.0		__DUMMY__ 0.8802606955992954 neg 0.07588731372416573 off 0.04385199067653888	false	1.0
zwei			__DUMMY__ 0.890065320745398 neg 0.06841833755744577 off 0.04151634169715629	false	0.0
unkorrekt	neg 1.0		__DUMMY__ 0.8756417397972263 neg 0.07238453648044227 off 0.05197372372233158	false	1.0
hexe	off 1.0		__DUMMY__ 0.8812689089377549 neg 0.06841545888129712 off 0.05031563218094805	false	0.5
lasch	neg 1.0		__DUMMY__ 0.8784598238450347 neg 0.07212877680826925 off 0.049411399346696	false	1.0
rivale	neg 1.0		__DUMMY__ 0.8779316803851167 neg 0.06813466598861273 off 0.05393365362627062	false	1.0
mutlos	off 1.0	off 1.0	off 0.503843631223476 __DUMMY__ 0.4376368395559341 neg 0.05851952922058991	false	1.0
wirr	off 1.0		__DUMMY__ 0.8755421516574584 neg 0.07138132402213755 off 0.05307652432040409	false	0.5
jahr			__DUMMY__ 0.8886188284830915 neg 0.06806996988838021 off 0.043311201628528334	false	0.0
wird			__DUMMY__ 0.8830279662612777 neg 0.0728591472063818 off 0.04411288653234055	false	0.0
strafbar	neg 1.0		__DUMMY__ 0.8781764395717974 neg 0.07759354678048389 off 0.04423001364771875	false	1.0
erosion	neg 1.0		__DUMMY__ 0.8846362021118346 neg 0.06757959334054692 off 0.0477842045476186	false	1.0
eingehen	neg 1.0		__DUMMY__ 0.8806315122819873 neg 0.07478758225561845 off 0.04458090546239419	false	1.0
faul	off 1.0		__DUMMY__ 0.8846651088725654 neg 0.06582544544478397 off 0.04950944568265059	false	0.5
provisorium	neg 1.0		__DUMMY__ 0.8894805204143998 neg 0.0731377146407105 off 0.0373817649448896	false	1.0
schmerzen	neg 1.0		__DUMMY__ 0.8850705795500095 neg 0.06976392595610927 off 0.0451654944938813	false	1.0
schrumpfen	neg 1.0		__DUMMY__ 0.885193791828543 neg 0.07471100425355601 off 0.04009520391790092	false	1.0
geistlos	off 1.0		__DUMMY__ 0.8721391071788548 neg 0.07834706652749789 off 0.04951382629364735	false	0.5
fehlkauf	neg 1.0		__DUMMY__ 0.8792402452452005 neg 0.07162591450732503 off 0.04913384024747444	false	1.0
frustrierend	neg 1.0	neg 1.0	neg 0.5223603314296259 __DUMMY__ 0.44027609861766304 off 0.03736356995271101	false	1.0
unzufrieden	neg 1.0		__DUMMY__ 0.8813040317164629 neg 0.07387972430277083 off 0.04481624398076626	false	1.0
verzweifeln	neg 1.0		__DUMMY__ 0.8833452578300511 neg 0.07056769658703639 off 0.04608704558291245	false	1.0
verzweifelt	neg 1.0		__DUMMY__ 0.8816435750365451 neg 0.07079172668280241 off 0.04756469828065239	false	1.0
misstrauensantrag	neg 1.0		__DUMMY__ 0.8782875800239798 neg 0.07271422376636319 off 0.048998196209657015	false	1.0
abfallen	neg 1.0		__DUMMY__ 0.8875451349999334 neg 0.06571293728281861 off 0.04674192771724809	false	1.0
fucker	off 1.0		__DUMMY__ 0.8781541858664735 neg 0.06865174135735783 off 0.05319407277616866	false	0.5
ungezogen	neg 1.0		__DUMMY__ 0.8788046844491019 neg 0.06374622963820312 off 0.05744908591269497	false	1.0
irrsinnig	neg 1.0	neg 1.0	neg 0.5250102805010797 __DUMMY__ 0.4391385442327189 off 0.03585117526620138	false	1.0
unfassbar	neg 1.0		__DUMMY__ 0.8806013418886766 neg 0.06884687988783728 off 0.050551778223486075	false	1.0
hart	neg 1.0		__DUMMY__ 0.8786315478549918 neg 0.07084713405547972 off 0.05052131808952845	false	1.0
widerlich	off 1.0		__DUMMY__ 0.8782004465990839 neg 0.07044454608715017 off 0.051355007313765834	false	0.5
fatal	neg 1.0		__DUMMY__ 0.879819454830137 neg 0.07109984742734848 off 0.04908069774251443	false	1.0
bruch	neg 1.0		__DUMMY__ 0.8794295996140175 neg 0.07831937431857156 off 0.04225102606741098	false	1.0
aushungern	neg 1.0		__DUMMY__ 0.8753281010761704 neg 0.077072973681847 off 0.04759892524198262	false	1.0
anspannung	neg 1.0		__DUMMY__ 0.8870124098965484 neg 0.07191998016772806 off 0.04106760993572358	false	1.0
von			__DUMMY__ 0.8889008438542113 neg 0.06850252245927657 off 0.04259663368651208	false	0.0
kraftlos	neg 1.0		__DUMMY__ 0.8875318590002749 neg 0.06835993135721036 off 0.044108209642514766	false	1.0
vom			__DUMMY__ 0.8918503231892909 neg 0.06993824674411417 off 0.03821143006659492	false	0.0
grenzdebil	off 1.0		__DUMMY__ 0.8813830985460842 neg 0.06725949494273466 off 0.05135740651118107	false	0.5
vor			__DUMMY__ 0.8861926947913525 neg 0.07181357610725894 off 0.041993729101388544	false	0.0
unterwerfen	neg 1.0		__DUMMY__ 0.8803596087113382 neg 0.07536099456217717 off 0.04427939672648466	false	1.0
versenkung	neg 1.0		__DUMMY__ 0.8817979834939144 neg 0.0743217703334758 off 0.04388024617260988	false	1.0
entziehen	neg 1.0		__DUMMY__ 0.8820248029920928 neg 0.0758503241833672 off 0.04212487282453994	false	1.0
finanzkrise	neg 1.0		__DUMMY__ 0.8750377829460665 neg 0.07800648038560647 off 0.046955736668326954	false	1.0
schimpfend	neg 1.0		__DUMMY__ 0.889318618931391 neg 0.06349333916304703 off 0.047188041905562035	false	1.0
profan	neg 1.0		__DUMMY__ 0.882215771606461 neg 0.06955378037614664 off 0.048230448017392395	false	1.0
korruption	neg 1.0		__DUMMY__ 0.8756053836046379 neg 0.07875729890588835 off 0.045637317489473785	false	1.0
â			__DUMMY__ 0.8839450898588816 neg 0.07129688582152856 off 0.04475802431958977	false	0.0
schmutzig	neg 1.0		__DUMMY__ 0.8845392505047052 neg 0.06466755572833133 off 0.05079319376696355	false	1.0
sexy	neg 1.0		__DUMMY__ 0.8817298295750542 neg 0.06822064895330857 off 0.05004952147163724	false	1.0
abraten	neg 1.0		__DUMMY__ 0.883533893417833 neg 0.06907185279013331 off 0.04739425379203368	false	1.0
schwarz	neg 1.0		__DUMMY__ 0.880650401949583 neg 0.07102372078129712 off 0.048325877269119924	false	1.0
fotze	off 1.0		__DUMMY__ 0.8798656771553497 neg 0.07440257299682129 off 0.045731749847829045	false	0.5
verwirren	neg 1.0		__DUMMY__ 0.8818247652899521 neg 0.06921727886758237 off 0.04895795584246558	false	1.0
zahnlos	off 1.0		__DUMMY__ 0.8797384700897056 neg 0.0750973490839094 off 0.045164180826384855	false	0.5
verheeren	neg 1.0		__DUMMY__ 0.8722682899520009 neg 0.06821786616029307 off 0.059513843887706	false	1.0
hippie	neg 1.0		__DUMMY__ 0.8810813033409927 neg 0.06897205040926313 off 0.049946646249744195	false	1.0
rammen	neg 1.0		__DUMMY__ 0.8829315085834709 neg 0.06852552541296085 off 0.0485429660035683	false	1.0
unlauter	neg 1.0	neg 1.0	neg 0.5255314292987276 __DUMMY__ 0.4373896376147451 off 0.037078933086527245	false	1.0
unheilvoll	neg 1.0		__DUMMY__ 0.8834586519332585 neg 0.06873806877765398 off 0.04780327928908763	false	1.0
niedrig	neg 1.0		__DUMMY__ 0.8819519127568929 neg 0.07356081755019701 off 0.04448726969291018	false	1.0
explosion	neg 1.0		__DUMMY__ 0.8825951728511058 neg 0.06804024442825884 off 0.04936458272063533	false	1.0
weichei	off 1.0		__DUMMY__ 0.8780601062877132 neg 0.06664093941571834 off 0.05529895429656847	false	0.5
minusmensch	off 1.0		__DUMMY__ 0.871526398876052 neg 0.06888528293399038 off 0.05958831818995758	false	0.5
farblos	neg 1.0		__DUMMY__ 0.88031353811933 neg 0.07261283729272378 off 0.047073624587946256	false	1.0
unwissend	neg 1.0	neg 1.0	neg 0.5233831503095714 __DUMMY__ 0.4382357100666122 off 0.03838113962381639	false	1.0
traurig	neg 1.0		__DUMMY__ 0.8814189658981584 neg 0.06589631183932476 off 0.05268472226251691	false	1.0
senkung	neg 1.0		__DUMMY__ 0.8795946256659068 neg 0.07119702941640205 off 0.049208344917691195	false	1.0
ungleich	neg 1.0	neg 1.0	neg 0.5279531034667867 __DUMMY__ 0.4386492087645167 off 0.03339768776869673	false	1.0
heikel	neg 1.0		__DUMMY__ 0.8818099266256204 neg 0.07520962572889144 off 0.04298044764548806	false	1.0
drosselung	neg 1.0		__DUMMY__ 0.8822141078616482 neg 0.06497842448327808 off 0.05280746765507364	false	1.0
falsch	neg 1.0		__DUMMY__ 0.8806398993665503 neg 0.06966659207194935 off 0.04969350856150024	false	1.0
unzufriedenheit	neg 1.0		__DUMMY__ 0.8811412629081741 neg 0.0758875596056979 off 0.042971177486127984	false	1.0
kurz	neg 1.0		__DUMMY__ 0.8868349740458381 neg 0.06820755243977969 off 0.04495747351438214	false	1.0
unsinnig	neg 1.0		__DUMMY__ 0.8810558983020325 neg 0.07377747967675745 off 0.045166622021210044	false	1.0
penner	off 1.0	off 1.0	off 0.5130835904037653 __DUMMY__ 0.43787282998366045 neg 0.04904357961257423	false	1.0
seicht	neg 1.0		__DUMMY__ 0.8738897679996454 neg 0.06845856909903493 off 0.057651662901319754	false	1.0
dummheit	off 1.0	off 1.0	off 0.5070790394504331 __DUMMY__ 0.43762798674409287 neg 0.055292973805474	false	1.0
unerfreulich	neg 1.0		__DUMMY__ 0.8834164560726993 neg 0.07419590719672586 off 0.04238763673057493	false	1.0
motherfucker	off 1.0	off 1.0	off 0.5104013468750833 __DUMMY__ 0.4373838646672654 neg 0.05221478845765134	false	1.0
pikiert	neg 1.0		__DUMMY__ 0.8789119541287718 neg 0.07076329356491606 off 0.050324752306312226	false	1.0
wrack	neg 1.0		__DUMMY__ 0.8842733846497434 neg 0.07106655488956501 off 0.04466006046069159	false	1.0
gangster	neg 1.0		__DUMMY__ 0.8809740394328697 neg 0.06980272026602202 off 0.049223240301108244	false	1.0
krank	neg 1.0		__DUMMY__ 0.8842841026580402 neg 0.0646927572776314 off 0.05102314006432832	false	1.0
reich	neg 1.0		__DUMMY__ 0.8723770734352488 neg 0.07619605048850658 off 0.05142687607624453	false	1.0
gnadenlos	neg 1.0		__DUMMY__ 0.8817339648433591 neg 0.07074329239407248 off 0.04752274276256834	false	1.0
niedergeschlagen	neg 1.0		__DUMMY__ 0.8836347486149732 neg 0.07104335090817879 off 0.04532190047684799	false	1.0
terrorisieren	off 1.0	off 1.0	off 0.5034566866832243 __DUMMY__ 0.4403677830108713 neg 0.05617553030590444	false	1.0
sinnlosigkeit	neg 1.0		__DUMMY__ 0.8802018948978578 neg 0.07467418747094366 off 0.045123917631198496	false	1.0
behindern	neg 1.0		__DUMMY__ 0.8843549850343744 neg 0.06926534556256818 off 0.04637966940305737	false	1.0
undemokratisch	neg 1.0		__DUMMY__ 0.8741815050038972 neg 0.0773375872999754 off 0.04848090769612744	false	1.0
wirtschaftskrise	neg 1.0		__DUMMY__ 0.8778351329000631 neg 0.07671863411850069 off 0.04544623298143623	false	1.0
neid	neg 1.0		__DUMMY__ 0.8844805011041462 neg 0.06648258167325276 off 0.04903691722260104	false	1.0
rutschen	neg 1.0		__DUMMY__ 0.892938283519412 neg 0.06696603692710852 off 0.04009567955347958	false	1.0
rezession	neg 1.0		__DUMMY__ 0.8729574474640477 neg 0.07235326611982636 off 0.05468928641612599	false	1.0
fehlgeburt	neg 1.0		__DUMMY__ 0.8823210370041935 neg 0.07082107120223655 off 0.046857891793569924	false	1.0
charakterschwach	off 1.0		__DUMMY__ 0.8787566210801073 neg 0.06994499159468139 off 0.051298387325211296	false	0.5
isolation	neg 1.0		__DUMMY__ 0.882167815137772 neg 0.06706801024454603 off 0.05076417461768208	false	1.0
ablenkung	neg 1.0		__DUMMY__ 0.884430429567721 neg 0.06882155512375572 off 0.04674801530852326	false	1.0
pech	neg 1.0		__DUMMY__ 0.8831487152244502 neg 0.0682777801890214 off 0.04857350458652837	false	1.0
vermeidung	neg 1.0		__DUMMY__ 0.8830935477531289 neg 0.06508037080585623 off 0.05182608144101498	false	1.0
dominieren	neg 1.0		__DUMMY__ 0.8822307392339265 neg 0.07198788789041488 off 0.04578137287565878	false	1.0
schwindlig	neg 1.0		__DUMMY__ 0.8861163604650772 neg 0.06564827034069655 off 0.04823536919422622	false	1.0
lutscher	neg 1.0		__DUMMY__ 0.8751863975104534 neg 0.06680141455170266 off 0.058012187937844	false	1.0
pflicht	neg 1.0		__DUMMY__ 0.8816510560264137 neg 0.07532900022781609 off 0.04301994374577015	false	1.0
faschist	off 1.0		__DUMMY__ 0.8746166010586839 neg 0.07612808710813664 off 0.049255311833179535	false	0.5
verschleudern	neg 1.0		__DUMMY__ 0.8784733385911451 neg 0.07660190379120575 off 0.0449247576176492	false	1.0
wenn			__DUMMY__ 0.8813763684909339 neg 0.06893983363518119 off 0.04968379787388491	false	0.0
ehebruch	neg 1.0		__DUMMY__ 0.8785274973107158 neg 0.07680640861292115 off 0.04466609407636299	false	1.0
spott	off 1.0		__DUMMY__ 0.879432589886095 neg 0.07638911029145218 off 0.04417829982245282	false	0.5
trostlosigkeit	neg 1.0		__DUMMY__ 0.8769213602635706 neg 0.07983212966871593 off 0.04324651006771354	false	1.0
lutschen	neg 1.0		__DUMMY__ 0.8777875136103132 neg 0.07170928688193186 off 0.05050319950775491	false	1.0
undiszipliniert	neg 1.0		__DUMMY__ 0.879968047983686 neg 0.06786644349327431 off 0.05216550852303972	false	1.0
kopfschmerz	neg 1.0		__DUMMY__ 0.8838388860970063 neg 0.07035234460482623 off 0.04580876929816745	false	1.0
unvorhergesehen	neg 1.0		__DUMMY__ 0.8883815921987791 neg 0.06701025071221568 off 0.04460815708900525	false	1.0
desinteressiert	neg 1.0		__DUMMY__ 0.8787970572683358 neg 0.06906381585988149 off 0.052139126871782834	false	1.0
armselig	off 1.0		__DUMMY__ 0.8769348644583584 neg 0.06999500329779357 off 0.05307013224384807	false	0.5
desaster	neg 1.0		__DUMMY__ 0.8790338752832305 neg 0.07896601945260091 off 0.04200010526416853	false	1.0
tod	neg 1.0		__DUMMY__ 0.8758182056768318 neg 0.08015843099260932 off 0.0440233633305589	false	1.0
herzlos	neg 1.0		__DUMMY__ 0.8802095912755138 neg 0.0664772095392679 off 0.05331319918521821	false	1.0
unwissenheit	neg 1.0		__DUMMY__ 0.8787226737318401 neg 0.07611399279278529 off 0.04516333347537462	false	1.0
widersinnig	neg 1.0		__DUMMY__ 0.8750824905773026 neg 0.0785070809451191 off 0.04641042847757828	false	1.0
bedenklich	neg 1.0		__DUMMY__ 0.8813184404200612 neg 0.07486570248843795 off 0.04381585709150069	false	1.0
beanstanden	neg 1.0		__DUMMY__ 0.8821435688505224 neg 0.07521110939408585 off 0.04264532175539185	false	1.0
panisch	neg 1.0	neg 1.0	neg 0.5188182804423309 __DUMMY__ 0.44508668441326327 off 0.03609503514440583	false	1.0
debil	off 1.0		__DUMMY__ 0.8839066051448328 neg 0.0760218797086702 off 0.04007151514649699	false	0.5
abstrich	neg 1.0		__DUMMY__ 0.8871434972252776 neg 0.0670454473484702 off 0.04581105542625221	false	1.0
primitiv	neg 1.0		__DUMMY__ 0.8781403324718593 neg 0.07000645813897298 off 0.05185320938916765	false	1.0
abschaum	off 1.0	off 1.0	off 0.5086192118896832 __DUMMY__ 0.43681041117079855 neg 0.054570376939518224	false	1.0
provozieren	neg 1.0		__DUMMY__ 0.8791522962158567 neg 0.07371791011343802 off 0.04712979367070524	false	1.0
tot	neg 1.0		__DUMMY__ 0.8818727063800981 neg 0.07246997995490909 off 0.04565731366499275	false	1.0
instabil	neg 1.0		__DUMMY__ 0.8758680665767331 neg 0.0701777268715751 off 0.05395420655169181	false	1.0
schwuchtel	off 1.0		__DUMMY__ 0.870976538268566 neg 0.06639030593689334 off 0.06263315579454068	false	0.5
zerren	neg 1.0		__DUMMY__ 0.8837771007682397 neg 0.07085820525257315 off 0.04536469397918722	false	1.0
kinderficker	off 1.0		__DUMMY__ 0.8754397426154116 neg 0.06962791033075597 off 0.05493234705383251	false	0.5
gefahr	neg 1.0		__DUMMY__ 0.8802693821679921 neg 0.0752556617547571 off 0.044474956077250875	false	1.0
rabiat	neg 1.0		__DUMMY__ 0.8817345557273454 neg 0.07149756378698782 off 0.04676788048566684	false	1.0
verlangsamung	neg 1.0		__DUMMY__ 0.8724094818778274 neg 0.07030551990478343 off 0.05728499821738918	false	1.0
ausgestorben	neg 1.0		__DUMMY__ 0.8834188201378522 neg 0.07115025574651954 off 0.045430924115628275	false	1.0
anklagen	neg 1.0		__DUMMY__ 0.8784006005482612 neg 0.07492798562953709 off 0.04667141382220174	false	1.0
trott	neg 1.0		__DUMMY__ 0.8832663179080995 neg 0.07015786383347106 off 0.04657581825842931	false	1.0
verminderung	neg 1.0		__DUMMY__ 0.8797519703387388 neg 0.067642950935813 off 0.05260507872544826	false	1.0
nach			__DUMMY__ 0.8895996558458755 neg 0.07022339689409506 off 0.04017694726002948	false	0.0
rost	neg 1.0		__DUMMY__ 0.8754309427794218 neg 0.06727571546014476 off 0.05729334176043335	false	1.0
destruktiv	neg 1.0	neg 1.0	neg 0.5275641190353277 __DUMMY__ 0.4373698626101727 off 0.03506601835449952	false	1.0
unzumutbarkeit	neg 1.0		__DUMMY__ 0.8812545501982991 neg 0.06678602779003942 off 0.05195942201166141	false	1.0
labil	off 1.0	off 1.0	off 0.5092257701453919 __DUMMY__ 0.4374887513291368 neg 0.053285478525471226	false	1.0
ziemlich	neg 1.0		__DUMMY__ 0.8813441712453549 neg 0.06766882966999112 off 0.050986999084654074	false	1.0
lachnummer	off 1.0		__DUMMY__ 0.878379106459568 neg 0.0752492962442988 off 0.04637159729613332	false	0.5
oder			__DUMMY__ 0.8849032687174786 neg 0.06881686412088549 off 0.04627986716163593	false	0.0
verfall	neg 1.0		__DUMMY__ 0.883634018251257 neg 0.07616121212605201 off 0.04020476962269108	false	1.0
ausgrenzung	neg 1.0		__DUMMY__ 0.8749799328196382 neg 0.0760097822277102 off 0.04901028495265172	false	1.0
unordnung	neg 1.0		__DUMMY__ 0.8778752330660324 neg 0.06784633207657462 off 0.05427843485739298	false	1.0
fehlverhalten	neg 1.0		__DUMMY__ 0.8795979749448716 neg 0.07638640107818179 off 0.04401562397694665	false	1.0
eine			__DUMMY__ 0.8856505900396159 neg 0.0721238347322735 off 0.042225575228110615	false	0.0
nille	neg 1.0		__DUMMY__ 0.8782560414064438 neg 0.07454757556178318 off 0.04719638303177305	false	1.0
qual	neg 1.0		__DUMMY__ 0.882769072234528 neg 0.07066623307040057 off 0.04656469469507145	false	1.0
verschwenden	neg 1.0		__DUMMY__ 0.8828135588908871 neg 0.07339807951836631 off 0.043788361590746616	false	1.0
riesig	neg 1.0		__DUMMY__ 0.8824678875511728 neg 0.07175795793915496 off 0.0457741545096723	false	1.0
verurteilen	neg 1.0		__DUMMY__ 0.8777444683514287 neg 0.0768402001543884 off 0.04541533149418283	false	1.0
klischee	neg 1.0	neg 1.0	neg 0.5251218179068448 __DUMMY__ 0.4373228054617413 off 0.037555376631414	false	1.0
diktatorisch	neg 1.0		__DUMMY__ 0.8723801693481552 neg 0.0790970890801447 off 0.048522741571700126	false	1.0
vorhersehbar	neg 1.0		__DUMMY__ 0.8776282928306394 neg 0.07380830712952599 off 0.048563400039834705	false	1.0
sowie			__DUMMY__ 0.8745134304084357 neg 0.06936129973373603 off 0.056125269857828265	false	0.0
stornieren	neg 1.0		__DUMMY__ 0.8854765392261877 neg 0.06596881363892079 off 0.048554647134891375	false	1.0
besteuerung	neg 1.0		__DUMMY__ 0.8799149922394182 neg 0.07231394057044493 off 0.04777106719013698	false	1.0
ungeschminkt	neg 1.0		__DUMMY__ 0.8800514322094156 neg 0.06879292637778282 off 0.05115564141280161	false	1.0
kritisch	neg 1.0		__DUMMY__ 0.8793128970181632 neg 0.07647750677723678 off 0.044209596204600035	false	1.0
schlamperei	off 1.0		__DUMMY__ 0.8784306889949696 neg 0.07687427010126299 off 0.044695040903767407	false	0.5
sucht	neg 1.0	neg 1.0	neg 0.5186462734609197 __DUMMY__ 0.44475392861901136 off 0.03659979792006884	false	1.0
egoistisch	off 1.0		__DUMMY__ 0.8776562511052122 neg 0.06702780142571553 off 0.055315947469072285	false	0.5
ausbeuter	off 1.0		__DUMMY__ 0.8781023039191462 neg 0.07815627212505834 off 0.043741423955795514	false	0.5
arschgeburt	off 1.0		__DUMMY__ 0.8710493850560661 neg 0.06635588287528155 off 0.06259473206865238	false	0.5
schubs	neg 1.0	neg 1.0	neg 0.5219522511876792 __DUMMY__ 0.4447041260329891 off 0.03334362277933176	false	1.0
unsolide	neg 1.0		__DUMMY__ 0.8694718907472604 neg 0.07924885973286629 off 0.05127924951987328	false	1.0
beschwerde	neg 1.0		__DUMMY__ 0.8796184012699674 neg 0.07509664727244739 off 0.04528495145758521	false	1.0
stocken	neg 1.0		__DUMMY__ 0.8822277261316787 neg 0.07310110051681441 off 0.0446711733515069	false	1.0
isolieren	neg 1.0		__DUMMY__ 0.8848102807771633 neg 0.0690192119452518 off 0.04617050727758488	false	1.0
unheilbar	neg 1.0		__DUMMY__ 0.8797663211169006 neg 0.07287084101957043 off 0.04736283786352896	false	1.0
pisser	off 1.0		__DUMMY__ 0.876506653871674 neg 0.06962982832438777 off 0.053863517803938166	false	0.5
löschen	neg 1.0		__DUMMY__ 0.8809004803410049 neg 0.07134335379113738 off 0.04775616586785783	false	1.0
durchfallen	neg 1.0		__DUMMY__ 0.881366131330601 neg 0.07442511847253683 off 0.044208750196862094	false	1.0
wichser	off 1.0		__DUMMY__ 0.8761817524775443 neg 0.06472793571163815 off 0.059090311810817586	false	0.5
terror	neg 1.0		__DUMMY__ 0.8840710051898711 neg 0.06642103566941529 off 0.049507959140713625	false	1.0
krass	neg 1.0		__DUMMY__ 0.8799853327667811 neg 0.06665948878888021 off 0.05335517844433862	false	1.0
revolte	neg 1.0	neg 1.0	neg 0.5291602834946946 __DUMMY__ 0.4328377578999374 off 0.03800195860536809	false	1.0
besorgt	neg 1.0		__DUMMY__ 0.8876738656908726 neg 0.06718195744474657 off 0.04514417686438087	false	1.0
nachlassen	neg 1.0		__DUMMY__ 0.883528926807724 neg 0.07160667067859876 off 0.0448644025136772	false	1.0
alt	neg 1.0		__DUMMY__ 0.8869255574153855 neg 0.07029270236916274 off 0.04278174021545177	false	1.0
hundesohn	off 1.0		__DUMMY__ 0.8731103861161262 neg 0.06805255894925379 off 0.05883705493462001	false	0.5
als			__DUMMY__ 0.8845265689910143 neg 0.07076144757370745 off 0.044711983435278164	false	0.0
abschreckung	neg 1.0		__DUMMY__ 0.879747642577322 neg 0.07734309284571322 off 0.04290926457696482	false	1.0
unqualifiziert	neg 1.0	neg 1.0	neg 0.5251365134898264 __DUMMY__ 0.43783640618422703 off 0.037027080325946496	false	1.0
abgewichst	off 1.0		__DUMMY__ 0.8805725327920415 neg 0.073286970028875 off 0.04614049717908348	false	0.5
schwer	neg 1.0		__DUMMY__ 0.883177773649834 neg 0.07062951775079664 off 0.04619270859936949	false	1.0
bedeutungslosigkeit	neg 1.0		__DUMMY__ 0.8800455737691459 neg 0.07647558601713628 off 0.043478840213717715	false	1.0
kapitulation	neg 1.0		__DUMMY__ 0.874363390066691 neg 0.080278510306545 off 0.04535809962676397	false	1.0
unscharf	neg 1.0		__DUMMY__ 0.8823037107761412 neg 0.06913964273878308 off 0.04855664648507558	false	1.0
schwinden	neg 1.0		__DUMMY__ 0.8814674646180842 neg 0.0750555487033792 off 0.043476986678536646	false	1.0
versklavung	neg 1.0	neg 1.0	neg 0.5287016152038772 __DUMMY__ 0.43473430615249564 off 0.03656407864362719	false	1.0
schlecht	neg 1.0		__DUMMY__ 0.8816607609748264 neg 0.06704778273247966 off 0.051291456292693875	false	1.0
verhasst	neg 1.0		__DUMMY__ 0.8782482390054807 neg 0.07455449019334624 off 0.04719727080117302	false	1.0
beschweren	neg 1.0		__DUMMY__ 0.8822581274019419 neg 0.06985791840245884 off 0.0478839541955994	false	1.0
scheiden	neg 1.0		__DUMMY__ 0.8842037681902871 neg 0.06998541536486257 off 0.045810816444850445	false	1.0
frustriert	neg 1.0		__DUMMY__ 0.8824087868761156 neg 0.07204773920695484 off 0.04554347391692962	false	1.0
schimmelig	neg 1.0		__DUMMY__ 0.8822236083737451 neg 0.07417830250032091 off 0.04359808912593399	false	1.0
fisch	neg 1.0	neg 1.0	neg 0.5222879236953627 __DUMMY__ 0.4443970812316212 off 0.03331499507301603	false	1.0
schmuggel	neg 1.0		__DUMMY__ 0.8848831753082823 neg 0.0722506949142351 off 0.04286612977748264	false	1.0
auffallen	neg 1.0		__DUMMY__ 0.8818894902698806 neg 0.06984832370080775 off 0.04826218602931169	false	1.0
konkurrenz	neg 1.0		__DUMMY__ 0.8846872506349391 neg 0.07281537780218762 off 0.042497371562873164	false	1.0
teufelskreis	neg 1.0	neg 1.0	neg 0.5260890435315141 __DUMMY__ 0.43915850387075434 off 0.034752452597731485	false	1.0
aufschreien	neg 1.0		__DUMMY__ 0.8788380713725228 neg 0.07276327359009019 off 0.04839865503738707	false	1.0
schuldner	neg 1.0		__DUMMY__ 0.8787605303968874 neg 0.07707196749663621 off 0.044167502106476346	false	1.0
missgeburt	off 1.0	off 1.0	off 0.5125895134705861 __DUMMY__ 0.4357449162254277 neg 0.051665570303986136	false	1.0
arbeitslos	neg 1.0		__DUMMY__ 0.8804423171556033 neg 0.07441407030807551 off 0.04514361253632112	false	1.0
befallen	neg 1.0		__DUMMY__ 0.8737323133163121 neg 0.0809681810107643 off 0.045299505672923526	false	1.0
miesepetrig	off 1.0		__DUMMY__ 0.8828044899756758 neg 0.06653586598424506 off 0.05065964404007917	false	0.5
alarmieren	neg 1.0		__DUMMY__ 0.8764022879738759 neg 0.07258068698399614 off 0.05101702504212806	false	1.0
ungeduscht	off 1.0		__DUMMY__ 0.8825712268827784 neg 0.06885632214492593 off 0.04857245097229565	false	0.5
knappheit	neg 1.0		__DUMMY__ 0.8793981612542975 neg 0.07533290562922235 off 0.04526893311648022	false	1.0
schlange	neg 1.0		__DUMMY__ 0.8852122448661518 neg 0.06729987338030463 off 0.04748788175354353	false	1.0
harsch	neg 1.0		__DUMMY__ 0.8810923172408827 neg 0.06293338969441853 off 0.055974293064698866	false	1.0
lang	neg 1.0		__DUMMY__ 0.8817859725374129 neg 0.07046258716915185 off 0.047751440293435386	false	1.0
ziellos	neg 1.0		__DUMMY__ 0.8833520366579012 neg 0.07221462827783355 off 0.044433335064265306	false	1.0
selbstverliebt	neg 1.0		__DUMMY__ 0.8714838474217005 neg 0.06824563498291951 off 0.06027051759538004	false	1.0
beseitigen	neg 1.0		__DUMMY__ 0.8849190511595235 neg 0.06768239114570605 off 0.047398557694770506	false	1.0
dumm	off 1.0		__DUMMY__ 0.8762428393087734 neg 0.06783725635633453 off 0.05591990433489201	false	0.5
arbeitsloser	neg 1.0		__DUMMY__ 0.8814914644464864 neg 0.07400681362456529 off 0.04450172192894824	false	1.0
blitzen	neg 1.0		__DUMMY__ 0.8792366891082088 neg 0.07094988524277043 off 0.04981342564902083	false	1.0
hilflos	neg 1.0		__DUMMY__ 0.8826349201107642 neg 0.07221077756590662 off 0.045154302323329225	false	1.0
eklig	off 1.0		__DUMMY__ 0.8752789304500657 neg 0.0681295080243259 off 0.056591561525608375	false	0.5
begriff			__DUMMY__ 0.8810075087751599 neg 0.07337578244296959 off 0.04561670878187056	false	0.0
hungersnot	neg 1.0		__DUMMY__ 0.8735126278026051 neg 0.07942436894552013 off 0.04706300325187484	false	1.0
ungesetzlich	neg 1.0		__DUMMY__ 0.873396657806935 neg 0.07697019599458707 off 0.049633146198477966	false	1.0
verschwendung	neg 1.0		__DUMMY__ 0.8821806694436231 neg 0.07466353154432817 off 0.043155799012048766	false	1.0
schmerzvoll	neg 1.0		__DUMMY__ 0.882573192156663 neg 0.06959913725792281 off 0.04782767058541423	false	1.0
vorzeitig	neg 1.0		__DUMMY__ 0.8805465927987635 neg 0.0683752292199163 off 0.051078177981320305	false	1.0
unvollkommenheit	neg 1.0		__DUMMY__ 0.8816579854773307 neg 0.07151969503105574 off 0.04682231949161352	false	1.0
intervenieren	neg 1.0		__DUMMY__ 0.877193622050151 neg 0.07872289258272501 off 0.04408348536712406	false	1.0
banause	off 1.0		__DUMMY__ 0.875229624031583 neg 0.06697677384852636 off 0.05779360211989056	false	0.5
rebell	neg 1.0		__DUMMY__ 0.8845041243344819 neg 0.07344338824071671 off 0.04205248742480134	false	1.0
unlogisch	neg 1.0		__DUMMY__ 0.8779160116421119 neg 0.0689611088344631 off 0.05312287952342502	false	1.0
leiden	neg 1.0	neg 1.0	neg 0.5201481657277857 __DUMMY__ 0.44813077860763595 off 0.03172105566457826	false	1.0
abschaffung	neg 1.0		__DUMMY__ 0.8774961015546174 neg 0.07470103489586018 off 0.047802863549522324	false	1.0
sturz	neg 1.0		__DUMMY__ 0.8762038034843989 neg 0.07560979735679337 off 0.048186399158807805	false	1.0
verkleinerung	neg 1.0		__DUMMY__ 0.8758881682639501 neg 0.07376335394640697 off 0.05034847778964289	false	1.0
schmarotzer	off 1.0		__DUMMY__ 0.878719928024204 neg 0.07643260610096574 off 0.04484746587483034	false	0.5
bestrafung	neg 1.0		__DUMMY__ 0.880531717339562 neg 0.07165402840900234 off 0.04781425425143554	false	1.0
achtlos	neg 1.0		__DUMMY__ 0.8849446754883656 neg 0.06893835002643757 off 0.04611697448519683	false	1.0
ungeheuer	neg 1.0		__DUMMY__ 0.8810996082807031 neg 0.07052527907435449 off 0.04837511264494244	false	1.0
unaufrichtig	neg 1.0		__DUMMY__ 0.8755884570633261 neg 0.07481270462587601 off 0.04959883831079798	false	1.0
groggy	neg 1.0		__DUMMY__ 0.8797127936112101 neg 0.07040647458442052 off 0.049880731804369305	false	1.0
