unsolidarisch	neg 1.0		__DUMMY__ 0.46003396264577595 neg 0.33024192023792714 off 0.20972411711629702	false	1.0
nachteilig	neg 1.0		__DUMMY__ 0.4667073720564522 neg 0.3255464063367641 off 0.20774622160678374	false	1.0
skeptisch	neg 1.0		__DUMMY__ 0.46823308590952784 neg 0.3267261444362406 off 0.20504076965423176	false	1.0
schrecklich	neg 1.0		__DUMMY__ 0.46564650848137473 neg 0.3143532130965248 off 0.2200002784221006	false	1.0
schlapp	neg 1.0		__DUMMY__ 0.4689501392502582 neg 0.3151151037177914 off 0.2159347570319505	false	1.0
abfall	neg 1.0		__DUMMY__ 0.4686045152878265 neg 0.32817186120070063 off 0.2032236235114728	false	1.0
widerspenstig	neg 1.0		__DUMMY__ 0.46948975072166815 neg 0.31968769051652157 off 0.21082255876181025	false	1.0
abrupt	neg 1.0		__DUMMY__ 0.47041357533931955 neg 0.3201026396696487 off 0.20948378499103168	false	1.0
unwirksam	neg 1.0		__DUMMY__ 0.46287371183659937 neg 0.32634808917507085 off 0.21077819898832967	false	1.0
angreifen	neg 1.0		__DUMMY__ 0.46652307007719845 neg 0.3273493561534814 off 0.20612757376932025	false	1.0
inkonsistent	neg 1.0		__DUMMY__ 0.46470125335703133 neg 0.3227174601459479 off 0.2125812864970208	false	1.0
abrutschen	neg 1.0		__DUMMY__ 0.4696542777162527 neg 0.32667121817706396 off 0.2036745041066833	false	1.0
unsicher	neg 1.0		__DUMMY__ 0.468090771045275 neg 0.3211945379654982 off 0.21071469098922682	false	1.0
bauernkind	off 1.0		__DUMMY__ 0.46198239377653794 neg 0.314983345222339 off 0.2230342610011231	false	0.5
angreifer	neg 1.0		__DUMMY__ 0.46350470602373356 neg 0.32301457423153157 off 0.21348071974473484	false	1.0
trennen	neg 1.0		__DUMMY__ 0.4721850297419808 neg 0.32094841773923766 off 0.20686655251878158	false	1.0
schmutz	neg 1.0		__DUMMY__ 0.4711521833150215 neg 0.3112941449337055 off 0.21755367175127313	false	1.0
inkonsistenz	neg 1.0	neg 1.0	neg 0.652811193472914 __DUMMY__ 0.2258147287436804 off 0.12137407778340562	false	1.0
erschreckend	neg 1.0		__DUMMY__ 0.46664756697862503 neg 0.3242545732338119 off 0.20909785978756312	false	1.0
ertrinken	neg 1.0		__DUMMY__ 0.46952668251374174 neg 0.3230375494123524 off 0.20743576807390585	false	1.0
pickelface	off 1.0		__DUMMY__ 0.4648789810269344 neg 0.3238428813287645 off 0.21127813764430112	false	0.5
seiner			__DUMMY__ 0.4683332919076649 neg 0.32522682882808124 off 0.20643987926425372	false	0.0
lauch	neg 1.0		__DUMMY__ 0.46810169976590543 neg 0.32722786272938836 off 0.20467043750470623	false	1.0
unwichtig	neg 1.0		__DUMMY__ 0.46580631055155886 neg 0.3189437823643435 off 0.2152499070840976	false	1.0
steuerhinterziehung	neg 1.0		__DUMMY__ 0.4627083288250819 neg 0.3282889217877178 off 0.20900274938720023	false	1.0
schock	neg 1.0		__DUMMY__ 0.4702456955271045 neg 0.3203483185511083 off 0.20940598592178733	false	1.0
beule	neg 1.0		__DUMMY__ 0.4684668991111393 neg 0.31421034570465295 off 0.21732275518420768	false	1.0
vergelten	neg 1.0		__DUMMY__ 0.46327756473604087 neg 0.3155253661394675 off 0.22119706912449152	false	1.0
verdorbenheit	neg 1.0	neg 1.0	neg 0.6504508262772816 __DUMMY__ 0.22867646058740482 off 0.12087271313531357	false	1.0
trauma	neg 1.0		__DUMMY__ 0.466583267202285 neg 0.3208145310635669 off 0.21260220173414826	false	1.0
sinnlos	neg 1.0		__DUMMY__ 0.466923144593773 neg 0.32015816945067016 off 0.21291868595555682	false	1.0
fettsack	off 1.0	off 1.0	off 0.5960389710173922 __DUMMY__ 0.2248410385819439 neg 0.17911999040066381	false	1.0
feige	off 1.0		__DUMMY__ 0.46432898579367443 neg 0.321155162820911 off 0.21451585138541457	false	0.5
abdanken	neg 1.0		__DUMMY__ 0.4614445532789536 neg 0.3295989906841858 off 0.2089564560368606	false	1.0
wichtigtuer	off 1.0	off 1.0	off 0.5904418872772006 __DUMMY__ 0.225772149943234 neg 0.18378596277956546	false	1.0
misslingen	neg 1.0		__DUMMY__ 0.46950224972520543 neg 0.31696576542325344 off 0.21353198485154115	false	1.0
untreu	off 1.0		__DUMMY__ 0.4661564031390863 neg 0.317619153442469 off 0.21622444341844466	false	0.5
missmutig	neg 1.0		__DUMMY__ 0.46851728537476933 neg 0.3162916755796362 off 0.2151910390455943	false	1.0
hurenbock	off 1.0		__DUMMY__ 0.4700975684024314 neg 0.31682179812201405 off 0.21308063347555442	false	0.5
betrunken	neg 1.0		__DUMMY__ 0.4679485347130584 neg 0.31370224355898885 off 0.21834922172795268	false	1.0
korrupt	off 1.0		__DUMMY__ 0.461785872731735 neg 0.3310652784949515 off 0.20714884877331338	false	0.5
unmut	neg 1.0		__DUMMY__ 0.46765511827374784 neg 0.32837605028620803 off 0.20396883144004427	false	1.0
hackfresse	off 1.0		__DUMMY__ 0.4641347327923961 neg 0.31245963557301754 off 0.22340563163458638	false	0.5
aufblasen	neg 1.0		__DUMMY__ 0.46953969888555863 neg 0.31780214889482816 off 0.21265815221961326	false	1.0
gewaltsam	neg 1.0		__DUMMY__ 0.4630882957049519 neg 0.32587410020094965 off 0.21103760409409844	false	1.0
unbeliebtheit	neg 1.0		__DUMMY__ 0.45795867706171833 neg 0.3261111814041346 off 0.21593014153414708	false	1.0
sturheit	neg 1.0		__DUMMY__ 0.4643450662074591 neg 0.32697373878538943 off 0.20868119500715146	false	1.0
kuh	neg 1.0		__DUMMY__ 0.4656764806540482 neg 0.32200824252466487 off 0.21231527682128704	false	1.0
erschrecken	neg 1.0		__DUMMY__ 0.4680797740735095 neg 0.3171461100809876 off 0.21477411584550304	false	1.0
opfer	neg 1.0	neg 1.0	neg 0.6554372797881799 __DUMMY__ 0.22714106090435515 off 0.11742165930746497	false	1.0
sinken	neg 1.0		__DUMMY__ 0.46795159638127265 neg 0.32724098814780317 off 0.20480741547092426	false	1.0
stinktier	neg 1.0		__DUMMY__ 0.4634660132963025 neg 0.31656389487169545 off 0.21997009183200203	false	1.0
tucke	off 1.0		__DUMMY__ 0.4643453108063455 neg 0.3116986584633577 off 0.2239560307302968	false	0.5
ein			__DUMMY__ 0.4714117351964464 neg 0.316298599551991 off 0.21228966525156237	false	0.0
abstieg	neg 1.0		__DUMMY__ 0.4653706077727464 neg 0.3260974155470845 off 0.20853197668016912	false	1.0
missverstehen	neg 1.0		__DUMMY__ 0.46473320633998677 neg 0.32300230227847104 off 0.21226449138154227	false	1.0
ergebnislos	neg 1.0		__DUMMY__ 0.46612055232309074 neg 0.32571082735351853 off 0.2081686203233907	false	1.0
unter			__DUMMY__ 0.47417934070987694 neg 0.32504034704911816 off 0.2007803122410049	false	0.0
manipulieren	neg 1.0		__DUMMY__ 0.4660837080421598 neg 0.3282078036149768 off 0.2057084883428633	false	1.0
unbewiesen	neg 1.0		__DUMMY__ 0.4592726455401296 neg 0.3315131199082336 off 0.20921423455163685	false	1.0
verschleppen	neg 1.0		__DUMMY__ 0.4650256248269667 neg 0.327386295431984 off 0.20758807974104931	false	1.0
weib	off 1.0		__DUMMY__ 0.463614929960944 neg 0.31157422111408445 off 0.2248108489249716	false	0.5
opposition	neg 1.0		__DUMMY__ 0.46234950590988283 neg 0.32591218723015064 off 0.2117383068599664	false	1.0
verkehrswidrig	neg 1.0		__DUMMY__ 0.46660568560617566 neg 0.3114386481162125 off 0.2219556662776119	false	1.0
inkorrekt	neg 1.0		__DUMMY__ 0.46100340060576284 neg 0.3236033914769192 off 0.21539320791731803	false	1.0
vermeiden	neg 1.0		__DUMMY__ 0.47141762457650793 neg 0.3258645456355732 off 0.2027178297879188	false	1.0
abweichung	neg 1.0		__DUMMY__ 0.4619704751605119 neg 0.3310865315384378 off 0.20694299330105026	false	1.0
alkoholisiert	neg 1.0		__DUMMY__ 0.4691007220900217 neg 0.32220305338936794 off 0.20869622452061032	false	1.0
scheiss	off 1.0	off 1.0	off 0.5935915123330646 __DUMMY__ 0.2269226153101418 neg 0.17948587235679359	false	1.0
herausforderung	neg 1.0		__DUMMY__ 0.47210031212953524 neg 0.31865285014942 off 0.2092468377210446	false	1.0
pervers	off 1.0		__DUMMY__ 0.4629573689826521 neg 0.3093649010388392 off 0.22767772997850869	false	0.5
wackelig	neg 1.0		__DUMMY__ 0.4725584937704605 neg 0.3180938408221194 off 0.20934766540742017	false	1.0
verwickeln	neg 1.0		__DUMMY__ 0.4656442722576527 neg 0.3221981950503871 off 0.2121575326919603	false	1.0
vorwand	neg 1.0		__DUMMY__ 0.4666171920538456 neg 0.3287971052919956 off 0.2045857026541587	false	1.0
muschi	off 1.0		__DUMMY__ 0.4651914508392256 neg 0.3239036045388605 off 0.2109049446219139	false	0.5
entmutigung	neg 1.0		__DUMMY__ 0.4577918458743823 neg 0.3307324646345118 off 0.21147568949110593	false	1.0
unangemessen	neg 1.0		__DUMMY__ 0.4644909123272575 neg 0.3279869762343861 off 0.2075221114383563	false	1.0
unstetig	neg 1.0		__DUMMY__ 0.46448273995014516 neg 0.32129604115452576 off 0.21422121889532905	false	1.0
entmutigen	neg 1.0		__DUMMY__ 0.4675357908830033 neg 0.32060838427140165 off 0.21185582484559515	false	1.0
schwanz	neg 1.0		__DUMMY__ 0.4667037710605623 neg 0.32461028560525784 off 0.20868594333417975	false	1.0
verbot	neg 1.0		__DUMMY__ 0.46255054950784813 neg 0.3294771636712618 off 0.20797228682089014	false	1.0
leid	neg 1.0		__DUMMY__ 0.4645194360660824 neg 0.3140804958346264 off 0.22140006809929122	false	1.0
archaisch	neg 1.0		__DUMMY__ 0.4653106394811691 neg 0.32639588414207493 off 0.20829347637675594	false	1.0
gegen			__DUMMY__ 0.4666503898764587 neg 0.32812093696445754 off 0.20522867315908375	false	0.0
scheidung	neg 1.0	neg 1.0	neg 0.6410162533076184 __DUMMY__ 0.2248601961361207 off 0.1341235505562609	false	1.0
einschlag	neg 1.0		__DUMMY__ 0.46466431812113 neg 0.3143737135125555 off 0.22096196836631443	false	1.0
m			__DUMMY__ 0.4690078849942665 neg 0.3211476091815816 off 0.20984450582415182	false	0.0
abgestanden	neg 1.0		__DUMMY__ 0.4687857096667168 neg 0.32017864614081454 off 0.21103564419246876	false	1.0
schmierig	off 1.0		__DUMMY__ 0.4656055487331496 neg 0.31397419642726343 off 0.220420254839587	false	0.5
unpraktisch	neg 1.0		__DUMMY__ 0.4699010247930614 neg 0.31743110712492023 off 0.21266786808201826	false	1.0
wixxer	off 1.0		__DUMMY__ 0.4615063307625399 neg 0.310996601941451 off 0.22749706729600905	false	0.5
bezeichnet			__DUMMY__ 0.4650694653336218 neg 0.32551024081693203 off 0.20942029384944624	false	0.0
jammerlappen	off 1.0		__DUMMY__ 0.46657294242044467 neg 0.3179610111575663 off 0.21546604642198916	false	0.5
farce	neg 1.0		__DUMMY__ 0.459930117368165 neg 0.33228104395911456 off 0.2077888386727205	false	1.0
zwecklos	neg 1.0		__DUMMY__ 0.46553041662416667 neg 0.32708138049483765 off 0.20738820288099577	false	1.0
turbulent	neg 1.0		__DUMMY__ 0.4634883641194656 neg 0.31758078041126586 off 0.21893085546926846	false	1.0
invasion	neg 1.0		__DUMMY__ 0.4681779804559644 neg 0.31719361401593665 off 0.21462840552809886	false	1.0
schuld	neg 1.0		__DUMMY__ 0.4661635374793211 neg 0.3225639713803224 off 0.21127249114035648	false	1.0
risiko	neg 1.0		__DUMMY__ 0.4690225623469829 neg 0.31602261013334276 off 0.2149548275196744	false	1.0
finster	neg 1.0		__DUMMY__ 0.4704126478464226 neg 0.31770509704110295 off 0.21188225511247447	false	1.0
geisteskrank	off 1.0		__DUMMY__ 0.4627601035861625 neg 0.3208905306375988 off 0.2163493657762387	false	0.5
zusammenbrechen	neg 1.0		__DUMMY__ 0.468448314299706 neg 0.3222720045613475 off 0.2092796811389463	false	1.0
ausbeute	neg 1.0		__DUMMY__ 0.4710927498244116 neg 0.32011656493813945 off 0.20879068523744887	false	1.0
hinterhalt	neg 1.0		__DUMMY__ 0.46650995143209745 neg 0.32166279349294824 off 0.21182725507495423	false	1.0
kritik	neg 1.0		__DUMMY__ 0.46112907246328494 neg 0.3307900589628447 off 0.20808086857387037	false	1.0
einschrumpfen	neg 1.0		__DUMMY__ 0.46160367406593183 neg 0.324584036430176 off 0.21381228950389206	false	1.0
riskant	neg 1.0		__DUMMY__ 0.46768681429405834 neg 0.3257166945182 off 0.20659649118774173	false	1.0
frustrieren	neg 1.0		__DUMMY__ 0.46713004536253505 neg 0.3264522175881646 off 0.2064177370493004	false	1.0
groll	neg 1.0		__DUMMY__ 0.4657897511764528 neg 0.3265242104686717 off 0.20768603835487554	false	1.0
gibt			__DUMMY__ 0.46758899011500166 neg 0.3237345296098133 off 0.20867648027518512	false	0.0
qualvoll	neg 1.0		__DUMMY__ 0.46851530850447065 neg 0.31790812756313264 off 0.21357656393239668	false	1.0
wackeln	neg 1.0		__DUMMY__ 0.47082218351224847 neg 0.31684228787065133 off 0.21233552861710017	false	1.0
klagen	neg 1.0		__DUMMY__ 0.46563567858466165 neg 0.3301711452886012 off 0.20419317612673735	false	1.0
bankrott	neg 1.0		__DUMMY__ 0.46810089877479527 neg 0.31554287415307386 off 0.21635622707213098	false	1.0
trauern	neg 1.0		__DUMMY__ 0.4677534367682295 neg 0.3253487569272419 off 0.2068978063045286	false	1.0
ablehnung	neg 1.0	neg 1.0	neg 0.657406684505872 __DUMMY__ 0.2243792948367177 off 0.11821402065741031	false	1.0
stur	neg 1.0		__DUMMY__ 0.4664120164843911 neg 0.32183428030881067 off 0.21175370320679826	false	1.0
aufruhr	neg 1.0		__DUMMY__ 0.46281947794479983 neg 0.32672614510006687 off 0.21045437695513325	false	1.0
melancholie	neg 1.0		__DUMMY__ 0.47149498235193926 neg 0.3192840026933618 off 0.20922101495469891	false	1.0
ist			__DUMMY__ 0.4669311282782165 neg 0.32088913717285744 off 0.21217973454892605	false	0.0
torheit	neg 1.0		__DUMMY__ 0.4615368269462608 neg 0.32767824286041736 off 0.2107849301933219	false	1.0
dreckskind	off 1.0		__DUMMY__ 0.4606919285772328 neg 0.3178194502679293 off 0.221488621154838	false	0.5
umtauschen	neg 1.0		__DUMMY__ 0.4699722162603408 neg 0.3190992938390242 off 0.21092848990063498	false	1.0
zum			__DUMMY__ 0.47512326604771754 neg 0.3205134705397225 off 0.2043632634125598	false	0.0
zersetzen	neg 1.0		__DUMMY__ 0.46604273007386415 neg 0.32883589997575363 off 0.20512136995038233	false	1.0
zur			__DUMMY__ 0.4697861316493497 neg 0.3273843320442466 off 0.20282953630640368	false	0.0
frust	neg 1.0		__DUMMY__ 0.468443557352763 neg 0.3224791207817027 off 0.2090773218655343	false	1.0
unerbittlichkeit	neg 1.0		__DUMMY__ 0.46578854944635545 neg 0.3281396396181394 off 0.20607181093550525	false	1.0
zwei			__DUMMY__ 0.47320591915662785 neg 0.3211022615893302 off 0.2056918192540421	false	0.0
unkorrekt	neg 1.0		__DUMMY__ 0.4622873927326854 neg 0.3211157752344529 off 0.2165968320328616	false	1.0
hexe	off 1.0		__DUMMY__ 0.46647974317373797 neg 0.3173577417871377 off 0.21616251503912431	false	0.5
lasch	neg 1.0		__DUMMY__ 0.4645436317651044 neg 0.32191001253405876 off 0.2135463557008368	false	1.0
rivale	neg 1.0		__DUMMY__ 0.46402472604996897 neg 0.31589635867195726 off 0.22007891527807374	false	1.0
mutlos	off 1.0	off 1.0	off 0.5873443057293217 __DUMMY__ 0.22567666134931016 neg 0.18697903292136814	false	1.0
wirr	off 1.0		__DUMMY__ 0.4622862989546619 neg 0.3194258813711982 off 0.21828781967413985	false	0.5
jahr			__DUMMY__ 0.4720485215831842 neg 0.3200904568591712 off 0.20786102155764447	false	0.0
wird			__DUMMY__ 0.4680654330676429 neg 0.3245311023285768 off 0.20740346460378034	false	0.0
strafbar	neg 1.0		__DUMMY__ 0.46424796713178557 neg 0.32970407205092084 off 0.20604796081729368	false	1.0
erosion	neg 1.0		__DUMMY__ 0.4690945180050139 neg 0.31782467921782676 off 0.2130808027771594	false	1.0
eingehen	neg 1.0		__DUMMY__ 0.46628312118169124 neg 0.32647660353466335 off 0.2072402752836453	false	1.0
faul	off 1.0		__DUMMY__ 0.4690957084461981 neg 0.315136932459954 off 0.21576735909384784	false	0.5
provisorium	neg 1.0		__DUMMY__ 0.47268199546513207 neg 0.3275225716183066 off 0.1997954329165614	false	1.0
schmerzen	neg 1.0		__DUMMY__ 0.4694296256916005 neg 0.3206427575373074 off 0.20992761677109206	false	1.0
schrumpfen	neg 1.0		__DUMMY__ 0.46938511583832493 neg 0.32844262888822895 off 0.20217225527344607	false	1.0
geistlos	off 1.0		__DUMMY__ 0.4598834549620567 neg 0.3282156598378061 off 0.21190088520013725	false	0.5
fehlkauf	neg 1.0		__DUMMY__ 0.46501986606864343 neg 0.32147616045987165 off 0.2135039734714849	false	1.0
frustrierend	neg 1.0	neg 1.0	neg 0.6509793693324737 __DUMMY__ 0.2272733512530461 off 0.1217472794144803	false	1.0
unzufrieden	neg 1.0		__DUMMY__ 0.46676325469149826 neg 0.3254622292455895 off 0.2077745160629124	false	1.0
verzweifeln	neg 1.0		__DUMMY__ 0.46830004189922797 neg 0.321545154277805 off 0.210154803822967	false	1.0
verzweifelt	neg 1.0		__DUMMY__ 0.4670801648139186 neg 0.3210485073706124 off 0.2118713278154689	false	1.0
misstrauensantrag	neg 1.0		__DUMMY__ 0.4644456546623646 neg 0.32223379636531324 off 0.21332054897232236	false	1.0
abfallen	neg 1.0		__DUMMY__ 0.47128652786627667 neg 0.3161442017104314 off 0.21256927042329193	false	1.0
fucker	off 1.0		__DUMMY__ 0.46442315450851684 neg 0.3167147824185443 off 0.21886206307293876	false	0.5
ungezogen	neg 1.0		__DUMMY__ 0.4646947929478018 neg 0.30996166005479636 off 0.22534354699740186	false	1.0
irrsinnig	neg 1.0	neg 1.0	neg 0.6534362213008841 __DUMMY__ 0.22664954919132355 off 0.11991422950779226	false	1.0
unfassbar	neg 1.0		__DUMMY__ 0.46625683785681626 neg 0.31783785703557177 off 0.21590530510761208	false	1.0
hart	neg 1.0		__DUMMY__ 0.4643132635642814 neg 0.32003116965550193 off 0.21565556678021663	false	1.0
widerlich	off 1.0		__DUMMY__ 0.46440116222460853 neg 0.3192280245714003 off 0.21637081320399099	false	0.5
fatal	neg 1.0		__DUMMY__ 0.46557120212218767 neg 0.32087626767944327 off 0.21355253019836912	false	1.0
bruch	neg 1.0		__DUMMY__ 0.4651966444602305 neg 0.33118440979702585 off 0.20361894574274375	false	1.0
aushungern	neg 1.0		__DUMMY__ 0.46208148031991275 neg 0.32808748668168897 off 0.2098310329983983	false	1.0
anspannung	neg 1.0		__DUMMY__ 0.4708948540496246 neg 0.3250200716712604 off 0.204085074279115	false	1.0
von			__DUMMY__ 0.4721384523092102 neg 0.3209878896787422 off 0.20687365801204774	false	0.0
kraftlos	neg 1.0		__DUMMY__ 0.47127442380449275 neg 0.3200998088552166 off 0.20862576734029062	false	1.0
vom			__DUMMY__ 0.47441675995200244 neg 0.32396711856447774 off 0.20161612148351968	false	0.0
grenzdebil	off 1.0		__DUMMY__ 0.4667790019402797 neg 0.3159569509153969 off 0.2172640471443235	false	0.5
vor			__DUMMY__ 0.4703287489362925 neg 0.3245109955154258 off 0.20516025554828163	false	0.0
unterwerfen	neg 1.0		__DUMMY__ 0.4658267645333049 neg 0.32745386999327364 off 0.20671936547342157	false	1.0
versenkung	neg 1.0		__DUMMY__ 0.4671234084696131 neg 0.3263684248809754 off 0.20650816664941168	false	1.0
entziehen	neg 1.0		__DUMMY__ 0.46713231846243297 neg 0.32872531483881595 off 0.20414236669875105	false	1.0
finanzkrise	neg 1.0		__DUMMY__ 0.46188055976861325 neg 0.3287620392058997 off 0.20935740102548703	false	1.0
schimpfend	neg 1.0		__DUMMY__ 0.47242191100469116 neg 0.31381499070315455 off 0.21376309829215415	false	1.0
profan	neg 1.0		__DUMMY__ 0.4674305290365139 neg 0.31951023896915604 off 0.2130592319943299	false	1.0
korruption	neg 1.0		__DUMMY__ 0.4622552654217653 neg 0.33033379588874107 off 0.20741093868949362	false	1.0
â			__DUMMY__ 0.46855833795505974 neg 0.32273000643012734 off 0.20871165561481297	false	0.0
schmutzig	neg 1.0		__DUMMY__ 0.46907816418042175 neg 0.31359958045759345 off 0.21732225536198477	false	1.0
sexy	neg 1.0		__DUMMY__ 0.46699612080849395 neg 0.31753632976616264 off 0.21546754942534327	false	1.0
abraten	neg 1.0		__DUMMY__ 0.46836871246401063 neg 0.3193422732407917 off 0.2122890142951976	false	1.0
schwarz	neg 1.0		__DUMMY__ 0.46616007930201303 neg 0.3210801277812253 off 0.21275979291676164	false	1.0
fotze	off 1.0		__DUMMY__ 0.4654253806351133 neg 0.325688904562093 off 0.20888571480279358	false	0.5
verwirren	neg 1.0		__DUMMY__ 0.46715833235487236 neg 0.31895070956882604 off 0.21389095807630168	false	1.0
zahnlos	off 1.0		__DUMMY__ 0.4655398501856021 neg 0.32663945585559034 off 0.20782069395880762	false	0.5
verheeren	neg 1.0		__DUMMY__ 0.4599800248402638 neg 0.3136983155667777 off 0.2263216595929585	false	1.0
hippie	neg 1.0		__DUMMY__ 0.466511537375428 neg 0.318393895794309 off 0.21509456683026298	false	1.0
rammen	neg 1.0		__DUMMY__ 0.46769668753105736 neg 0.3182586378632324 off 0.21404467460571042	false	1.0
unlauter	neg 1.0	neg 1.0	neg 0.6536865756740169 __DUMMY__ 0.22548665001037788 off 0.12082677431560522	false	1.0
unheilvoll	neg 1.0		__DUMMY__ 0.46814527459717925 neg 0.318824616384925 off 0.21303010901789576	false	1.0
niedrig	neg 1.0		__DUMMY__ 0.4669409736044215 neg 0.3252199686176162 off 0.20783905777796238	false	1.0
explosion	neg 1.0		__DUMMY__ 0.46754998193206176 neg 0.31769690957810953 off 0.21475310848982884	false	1.0
weichei	off 1.0		__DUMMY__ 0.46430552628181454 neg 0.3135404977531252 off 0.2221539759650603	false	0.5
minusmensch	off 1.0		__DUMMY__ 0.4593179977357851 neg 0.314629450853504 off 0.22605255141071093	false	0.5
farblos	neg 1.0		__DUMMY__ 0.4654836710948912 neg 0.3231602938710354 off 0.21135603503407352	false	1.0
unwissend	neg 1.0	neg 1.0	neg 0.6514353907508406 __DUMMY__ 0.22610851552825995 off 0.12245609372089948	false	1.0
traurig	neg 1.0		__DUMMY__ 0.466778439955 neg 0.3140575190301104 off 0.2191640410148895	false	1.0
senkung	neg 1.0		__DUMMY__ 0.46526267387786396 neg 0.3207953549952099 off 0.21394197112692623	false	1.0
ungleich	neg 1.0	neg 1.0	neg 0.6566248596202929 __DUMMY__ 0.22625252664041257 off 0.11712261373929454	false	1.0
heikel	neg 1.0		__DUMMY__ 0.46700773068793827 neg 0.32761654145486013 off 0.20537572785720173	false	1.0
drosselung	neg 1.0		__DUMMY__ 0.4670955405568922 neg 0.3132415450280581 off 0.21966291441504981	false	1.0
falsch	neg 1.0		__DUMMY__ 0.46621777898170247 neg 0.319102305159708 off 0.21467991585858956	false	1.0
unzufriedenheit	neg 1.0		__DUMMY__ 0.4664697352045169 neg 0.3284634285048515 off 0.20506683629063155	false	1.0
kurz	neg 1.0		__DUMMY__ 0.4708614638868917 neg 0.3193718543174468 off 0.20976668179566146	false	1.0
unsinnig	neg 1.0		__DUMMY__ 0.4664692675831686 neg 0.32528256141301876 off 0.20824817100381252	false	1.0
penner	off 1.0	off 1.0	off 0.5973940906586617 __DUMMY__ 0.2259102079892172 neg 0.17669570135212115	false	1.0
seicht	neg 1.0		__DUMMY__ 0.46119353682173486 neg 0.31475675364403677 off 0.22404970953422837	false	1.0
dummheit	off 1.0	off 1.0	off 0.5908854945400409 __DUMMY__ 0.22574158433573027 neg 0.18337292112422884	false	1.0
unerfreulich	neg 1.0		__DUMMY__ 0.4682523011724924 neg 0.3266971655965256 off 0.20505053323098202	false	1.0
motherfucker	off 1.0	off 1.0	off 0.5943269138461477 __DUMMY__ 0.22561662629809914 neg 0.18005645985575314	false	1.0
pikiert	neg 1.0		__DUMMY__ 0.4648741093277588 neg 0.32000548613194657 off 0.21512040454029469	false	1.0
wrack	neg 1.0		__DUMMY__ 0.4684837246549777 neg 0.3227110437979499 off 0.2088052315470725	false	1.0
gangster	neg 1.0		__DUMMY__ 0.4664209565159308 neg 0.3194322840646132 off 0.21414675941945602	false	1.0
krank	neg 1.0		__DUMMY__ 0.46884978806879796 neg 0.3134227286563757 off 0.21772748327482633	false	1.0
reich	neg 1.0		__DUMMY__ 0.4599831387934087 neg 0.32483261085331416 off 0.2151842503532772	false	1.0
gnadenlos	neg 1.0		__DUMMY__ 0.46709926852903993 neg 0.32116570404300987 off 0.21173502742795014	false	1.0
niedergeschlagen	neg 1.0		__DUMMY__ 0.4684221663333544 neg 0.32224978546736005 off 0.20932804819928547	false	1.0
terrorisieren	off 1.0	off 1.0	off 0.5874807266917789 __DUMMY__ 0.22719888639381192 neg 0.18532038691440916	false	1.0
sinnlosigkeit	neg 1.0		__DUMMY__ 0.4659173398823566 neg 0.3261294029698137 off 0.20795325714782956	false	1.0
behindern	neg 1.0		__DUMMY__ 0.4688313840715513 neg 0.3200956358035828 off 0.21107298012486603	false	1.0
undemokratisch	neg 1.0		__DUMMY__ 0.4612414284099617 neg 0.3278212637529462 off 0.21093730783709222	false	1.0
wirtschaftskrise	neg 1.0		__DUMMY__ 0.4638761843669549 neg 0.3283233124155546 off 0.20780050321749052	false	1.0
neid	neg 1.0		__DUMMY__ 0.4689477006965898 neg 0.3161178505588129 off 0.2149344487445973	false	1.0
rutschen	neg 1.0		__DUMMY__ 0.47525283586907835 neg 0.32021798298012755 off 0.20452918115079413	false	1.0
rezession	neg 1.0		__DUMMY__ 0.46052897119319336 neg 0.31971686468229876 off 0.21975416412450785	false	1.0
fehlgeburt	neg 1.0		__DUMMY__ 0.4670340572566362 neg 0.3215505844210513 off 0.21141535832231248	false	1.0
charakterschwach	off 1.0		__DUMMY__ 0.4647143490321372 neg 0.31898639563515435 off 0.21629925533270847	false	0.5
isolation	neg 1.0		__DUMMY__ 0.46729454315585683 neg 0.3160598068061217 off 0.21664565003802128	false	1.0
ablenkung	neg 1.0		__DUMMY__ 0.4690947224757166 neg 0.3194380590875193 off 0.211467218436764	false	1.0
pech	neg 1.0		__DUMMY__ 0.46795897916870144 neg 0.317812224387494 off 0.21422879644380458	false	1.0
vermeidung	neg 1.0		__DUMMY__ 0.46788314686196175 neg 0.31357961569745235 off 0.21853723744058592	false	1.0
dominieren	neg 1.0		__DUMMY__ 0.46722736022595546 neg 0.32325703656671906 off 0.2095156032073254	false	1.0
schwindlig	neg 1.0		__DUMMY__ 0.47014948909613113 neg 0.31539586076189735 off 0.21445465014197143	false	1.0
lutscher	neg 1.0		__DUMMY__ 0.46202593471640874 neg 0.3127587852494149 off 0.22521528003417635	false	1.0
pflicht	neg 1.0		__DUMMY__ 0.4669577370955631 neg 0.3278036556472136 off 0.2052386072572234	false	1.0
faschist	off 1.0		__DUMMY__ 0.4614939792478643 neg 0.3263563582616092 off 0.21214966249052652	false	0.5
verschleudern	neg 1.0		__DUMMY__ 0.4644425015452015 neg 0.3282843456824089 off 0.2072731527723897	false	1.0
wenn			__DUMMY__ 0.4668554850664714 neg 0.31827869716576207 off 0.21486581776776653	false	0.0
ehebruch	neg 1.0		__DUMMY__ 0.46444581310336697 neg 0.3288076352248937 off 0.20674655167173933	false	1.0
spott	off 1.0		__DUMMY__ 0.4651138858172371 neg 0.32859592160668666 off 0.2062901925760762	false	0.5
trostlosigkeit	neg 1.0		__DUMMY__ 0.46344868148145374 neg 0.3320606403728283 off 0.20449067814571797	false	1.0
lutschen	neg 1.0		__DUMMY__ 0.46382245180559767 neg 0.3210596815596965 off 0.2151178666347058	false	1.0
undiszipliniert	neg 1.0		__DUMMY__ 0.4656695535630065 neg 0.3162030673583403 off 0.21812737907865326	false	1.0
kopfschmerz	neg 1.0		__DUMMY__ 0.46855970885947895 neg 0.3210106225475134 off 0.21042966859300766	false	1.0
unvorhergesehen	neg 1.0		__DUMMY__ 0.4718645943820888 neg 0.3183695786928355 off 0.20976582692507584	false	1.0
desinteressiert	neg 1.0		__DUMMY__ 0.46485259736355355 neg 0.31746776440248325 off 0.21767963823396322	false	1.0
armselig	off 1.0		__DUMMY__ 0.4634750645181 neg 0.3181452457054135 off 0.21837968977648659	false	0.5
desaster	neg 1.0		__DUMMY__ 0.46491137539501104 neg 0.3319331460008469 off 0.2031554786041421	false	1.0
tod	neg 1.0		__DUMMY__ 0.46248199119010397 neg 0.33175737962049706 off 0.2057606291893991	false	1.0
herzlos	neg 1.0		__DUMMY__ 0.465878936170489 neg 0.3144535694943127 off 0.21966749433519828	false	1.0
unwissenheit	neg 1.0		__DUMMY__ 0.4646716684333669 neg 0.32777211291903496 off 0.207556218647598	false	1.0
widersinnig	neg 1.0		__DUMMY__ 0.4619528649941913 neg 0.3297841003783542 off 0.20826303462745457	false	1.0
bedenklich	neg 1.0		__DUMMY__ 0.46665659560292244 neg 0.3269291234847583 off 0.20641428091231936	false	1.0
beanstanden	neg 1.0		__DUMMY__ 0.4671906365264514 neg 0.3279202203019557 off 0.20488914317159285	false	1.0
panisch	neg 1.0	neg 1.0	neg 0.6486586681422236 __DUMMY__ 0.22986008093963387 off 0.12148125091814242	false	1.0
debil	off 1.0		__DUMMY__ 0.46835047161950977 neg 0.32949466654766285 off 0.2021548618328274	false	0.5
abstrich	neg 1.0		__DUMMY__ 0.4703709132500131 neg 0.31792388223173706 off 0.21170520451824978	false	1.0
primitiv	neg 1.0		__DUMMY__ 0.4643180648395492 neg 0.31868188750083276 off 0.2170000476596181	false	1.0
abschaum	off 1.0	off 1.0	off 0.5922928792598801 __DUMMY__ 0.22524947849937713 neg 0.18245764224074285	false	1.0
provozieren	neg 1.0		__DUMMY__ 0.465131349698354 neg 0.3243291377769393 off 0.21053951252470673	false	1.0
tot	neg 1.0		__DUMMY__ 0.4667127154607389 neg 0.32356239260235303 off 0.20972489193690813	false	1.0
instabil	neg 1.0		__DUMMY__ 0.4625637650491842 neg 0.3179636621864901 off 0.21947257276432577	false	1.0
schwuchtel	off 1.0		__DUMMY__ 0.45900204028231917 neg 0.3106927733540969 off 0.23030518636358388	false	0.5
zerren	neg 1.0		__DUMMY__ 0.4685838445866363 neg 0.3221191846259574 off 0.20929697078740633	false	1.0
kinderficker	off 1.0		__DUMMY__ 0.46211975322604 neg 0.31732962346740085 off 0.22055062330655906	false	0.5
gefahr	neg 1.0		__DUMMY__ 0.465739310658215 neg 0.3273704954307731 off 0.20689019391101193	false	1.0
rabiat	neg 1.0		__DUMMY__ 0.4670775926693289 neg 0.32221140417086247 off 0.21071100315980865	false	1.0
verlangsamung	neg 1.0		__DUMMY__ 0.46004207358052046 neg 0.3167405883257273 off 0.22321733809375227	false	1.0
ausgestorben	neg 1.0		__DUMMY__ 0.46830655479853184 neg 0.3223466843339691 off 0.20934676086749895	false	1.0
anklagen	neg 1.0		__DUMMY__ 0.4642389706576593 neg 0.3261845160244104 off 0.20957651331793023	false	1.0
trott	neg 1.0		__DUMMY__ 0.46810161416369156 neg 0.3208389940848884 off 0.21105939175142005	false	1.0
verminderung	neg 1.0		__DUMMY__ 0.46552521863016755 neg 0.31570523088668956 off 0.21876955048314292	false	1.0
nach			__DUMMY__ 0.4728002362291324 neg 0.3235487589788849 off 0.2036510047919828	false	0.0
rost	neg 1.0		__DUMMY__ 0.462014300402847 neg 0.31392051852256225 off 0.2240651810745908	false	1.0
destruktiv	neg 1.0	neg 1.0	neg 0.6557712623793536 __DUMMY__ 0.22555601268343242 off 0.11867272493721398	false	1.0
unzumutbarkeit	neg 1.0		__DUMMY__ 0.46642152468685016 neg 0.3154465404958195 off 0.21813193481733031	false	1.0
labil	off 1.0	off 1.0	off 0.5930750170752177 __DUMMY__ 0.22567337730111073 neg 0.18125160562367154	false	1.0
ziemlich	neg 1.0		__DUMMY__ 0.46681304858245853 neg 0.3164523382511339 off 0.2167346131664076	false	1.0
lachnummer	off 1.0		__DUMMY__ 0.4645193021123302 neg 0.3263549349708661 off 0.20912576291680357	false	0.5
oder			__DUMMY__ 0.46944243594880863 neg 0.31942717845204077 off 0.21113038559915065	false	0.0
verfall	neg 1.0		__DUMMY__ 0.4681787428465348 neg 0.32989536323432994 off 0.20192589391913526	false	1.0
ausgrenzung	neg 1.0		__DUMMY__ 0.46177943455591347 neg 0.32631757213932444 off 0.21190299330476195	false	1.0
unordnung	neg 1.0		__DUMMY__ 0.46374586129238876 neg 0.3156797050918035 off 0.22057443361580767	false	1.0
fehlverhalten	neg 1.0		__DUMMY__ 0.46529474261774345 neg 0.3286520551165404 off 0.20605320226571613	false	1.0
eine			__DUMMY__ 0.4699789555313019 neg 0.32459076916486473 off 0.2054302753038332	false	0.0
nille	neg 1.0		__DUMMY__ 0.464341559806074 neg 0.3252569807114452 off 0.21040145948248093	false	1.0
qual	neg 1.0		__DUMMY__ 0.4677292299961745 neg 0.3213963967233539 off 0.2108743732804715	false	1.0
verschwenden	neg 1.0		__DUMMY__ 0.4678816987337073 neg 0.3252221770255084 off 0.2068961242407843	false	1.0
riesig	neg 1.0		__DUMMY__ 0.4671935061400302 neg 0.3230589496585509 off 0.20974754420141895	false	1.0
verurteilen	neg 1.0		__DUMMY__ 0.4638842738663285 neg 0.3285581447080488 off 0.2075575814256227	false	1.0
klischee	neg 1.0	neg 1.0	neg 0.6530089791132775 __DUMMY__ 0.2256418216872553 off 0.12134919919946716	false	1.0
diktatorisch	neg 1.0		__DUMMY__ 0.4599072895031047 neg 0.32960186646154305 off 0.2104908440353523	false	1.0
vorhersehbar	neg 1.0		__DUMMY__ 0.46404764250979486 neg 0.3237713565251385 off 0.2121810009650667	false	1.0
sowie			__DUMMY__ 0.46162721394653694 neg 0.31622657716455305 off 0.22214620888891004	false	0.0
stornieren	neg 1.0		__DUMMY__ 0.46954119137633266 neg 0.31604095356127726 off 0.21441785506239017	false	1.0
besteuerung	neg 1.0		__DUMMY__ 0.46545625519113465 neg 0.32253818696338515 off 0.21200555784548025	false	1.0
ungeschminkt	neg 1.0		__DUMMY__ 0.465530449718714 neg 0.3174123074470476 off 0.21705724283423838	false	1.0
kritisch	neg 1.0		__DUMMY__ 0.46515342788686304 neg 0.3285056769168406 off 0.2063408951962963	false	1.0
schlamperei	off 1.0		__DUMMY__ 0.4643086815444207 neg 0.32891393775626004 off 0.20677738069931934	false	0.5
sucht	neg 1.0	neg 1.0	neg 0.6486523248220767 __DUMMY__ 0.22938713221991508 off 0.12196054295800816	false	1.0
egoistisch	off 1.0		__DUMMY__ 0.4639380280789556 neg 0.3142388516891038 off 0.22182312023194056	false	0.5
ausbeuter	off 1.0		__DUMMY__ 0.4641731207578733 neg 0.33051461365454843 off 0.20531226558757823	false	0.5
arschgeburt	off 1.0		__DUMMY__ 0.4590110073730335 neg 0.3108270490889465 off 0.23016194353802008	false	0.5
schubs	neg 1.0	neg 1.0	neg 0.6518055731838958 __DUMMY__ 0.229522195604731 off 0.11867223121137324	false	1.0
unsolide	neg 1.0		__DUMMY__ 0.4579017286519616 neg 0.32843446697199374 off 0.2136638043760446	false	1.0
beschwerde	neg 1.0		__DUMMY__ 0.4651917796768503 neg 0.32684459627930607 off 0.20796362404384366	false	1.0
stocken	neg 1.0		__DUMMY__ 0.4671839069722528 neg 0.32493762561483486 off 0.2078784674129125	false	1.0
isolieren	neg 1.0		__DUMMY__ 0.4689418265425043 neg 0.3205408522933939 off 0.2105173211641017	false	1.0
unheilbar	neg 1.0		__DUMMY__ 0.4655355644430558 neg 0.32354923100327293 off 0.21091520455367127	false	1.0
pisser	off 1.0		__DUMMY__ 0.46287196556117227 neg 0.317605321858691 off 0.2195227125801367	false	0.5
löschen	neg 1.0		__DUMMY__ 0.46634692835298985 neg 0.32166087129641235 off 0.21199220035059785	false	1.0
durchfallen	neg 1.0		__DUMMY__ 0.46674603290774747 neg 0.32624140305163457 off 0.20701256404061805	false	1.0
wichser	off 1.0		__DUMMY__ 0.4629402367169806 neg 0.310263408192096 off 0.22679635509092347	false	0.5
terror	neg 1.0		__DUMMY__ 0.4686928940412425 neg 0.3158226004804494 off 0.215484505478308	false	1.0
krass	neg 1.0		__DUMMY__ 0.46554797883471694 neg 0.31438707597133875 off 0.2200649451939443	false	1.0
revolte	neg 1.0	neg 1.0	neg 0.6561403302742073 __DUMMY__ 0.2230203142383451 off 0.12083935548744772	false	1.0
besorgt	neg 1.0		__DUMMY__ 0.47133659424701707 neg 0.3186605264302161 off 0.21000287932276668	false	1.0
nachlassen	neg 1.0		__DUMMY__ 0.4682403415405011 neg 0.3231001671889342 off 0.20865949127056474	false	1.0
alt	neg 1.0		__DUMMY__ 0.470323085828902 neg 0.32248140984386264 off 0.20719550432723532	false	1.0
hundesohn	off 1.0		__DUMMY__ 0.460457417388273 neg 0.3141676307631248 off 0.22537495184860223	false	0.5
als			__DUMMY__ 0.46911178490406774 neg 0.3223050386845111 off 0.2085831764114212	false	0.0
abschreckung	neg 1.0		__DUMMY__ 0.4653141698300327 neg 0.33012656893137815 off 0.20455926123858917	false	1.0
unqualifiziert	neg 1.0	neg 1.0	neg 0.6534006924848248 __DUMMY__ 0.2257938112253392 off 0.12080549628983596	false	1.0
abgewichst	off 1.0		__DUMMY__ 0.4660111638661351 neg 0.3243271314926904 off 0.2096617046411745	false	0.5
schwer	neg 1.0		__DUMMY__ 0.4682031191051435 neg 0.3214622989798302 off 0.2103345819150263	false	1.0
bedeutungslosigkeit	neg 1.0		__DUMMY__ 0.46564795587563895 neg 0.328894486775128 off 0.205457557349233	false	1.0
kapitulation	neg 1.0		__DUMMY__ 0.4613859011116129 neg 0.3320027175997654 off 0.20661138128862178	false	1.0
unscharf	neg 1.0		__DUMMY__ 0.4671881070049626 neg 0.3187520567501032 off 0.2140598362449342	false	1.0
schwinden	neg 1.0		__DUMMY__ 0.46667288734274215 neg 0.3273640467913183 off 0.2059630658659394	false	1.0
versklavung	neg 1.0	neg 1.0	neg 0.6562695244771372 __DUMMY__ 0.22404075775586305 off 0.11968971776699994	false	1.0
schlecht	neg 1.0		__DUMMY__ 0.46705166987499636 neg 0.3158020601824813 off 0.2171462699425224	false	1.0
verhasst	neg 1.0		__DUMMY__ 0.4644243848095611 neg 0.3251747931609907 off 0.2104008220294482	false	1.0
beschweren	neg 1.0		__DUMMY__ 0.4674971972956331 neg 0.3200398174082769 off 0.21246298529608995	false	1.0
scheiden	neg 1.0		__DUMMY__ 0.46862804050890006 neg 0.3208912159144503 off 0.21048074357664964	false	1.0
frustriert	neg 1.0		__DUMMY__ 0.4676060888567143 neg 0.3232310331999452 off 0.20916287794334054	false	1.0
schimmelig	neg 1.0		__DUMMY__ 0.46697973110976415 neg 0.32578116332044305 off 0.2072391055697928	false	1.0
fisch	neg 1.0	neg 1.0	neg 0.6522172975086619 __DUMMY__ 0.22920393129943709 off 0.11857877119190104	false	1.0
schmuggel	neg 1.0		__DUMMY__ 0.4690368343613783 neg 0.324913759957334 off 0.20604940568128763	false	1.0
auffallen	neg 1.0		__DUMMY__ 0.4672316235500534 neg 0.3198063720677707 off 0.21296200438217613	false	1.0
konkurrenz	neg 1.0		__DUMMY__ 0.469106506062063 neg 0.3255967742384228 off 0.20529671969951432	false	1.0
teufelskreis	neg 1.0	neg 1.0	neg 0.6546495783028882 __DUMMY__ 0.22664376711318104 off 0.1187066545839308	false	1.0
aufschreien	neg 1.0		__DUMMY__ 0.4649278777635186 neg 0.3227303593453261 off 0.2123417628911552	false	1.0
schuldner	neg 1.0		__DUMMY__ 0.4645679879746055 neg 0.32922430830959387 off 0.20620770371580047	false	1.0
missgeburt	off 1.0	off 1.0	off 0.5964856607768814 __DUMMY__ 0.22452547700288247 neg 0.17898886222023616	false	1.0
arbeitslos	neg 1.0		__DUMMY__ 0.46611759929440755 neg 0.3259042997121413 off 0.20797810099345113	false	1.0
befallen	neg 1.0		__DUMMY__ 0.4610551285247692 neg 0.33222624608733264 off 0.20671862538789817	false	1.0
miesepetrig	off 1.0		__DUMMY__ 0.4677508039632453 neg 0.31533180614745343 off 0.2169173898893012	false	0.5
alarmieren	neg 1.0		__DUMMY__ 0.46288471699704775 neg 0.3218804067654517 off 0.21523487623750043	false	1.0
ungeduscht	off 1.0		__DUMMY__ 0.4674419110902184 neg 0.31831561337137765 off 0.21424247553840386	false	0.5
knappheit	neg 1.0		__DUMMY__ 0.4650741355405854 neg 0.32689248768479534 off 0.2080333767746193	false	1.0
schlange	neg 1.0		__DUMMY__ 0.46967454571029466 neg 0.3174577694652767 off 0.21286768482442858	false	1.0
harsch	neg 1.0		__DUMMY__ 0.4665154680066822 neg 0.3097802738955422 off 0.22370425809777555	false	1.0
lang	neg 1.0		__DUMMY__ 0.4670167148678521 neg 0.3207488974298134 off 0.21223438770233455	false	1.0
ziellos	neg 1.0		__DUMMY__ 0.46837006429968436 neg 0.3237054811957305 off 0.20792445450458513	false	1.0
selbstverliebt	neg 1.0		__DUMMY__ 0.45947638048246114 neg 0.31334506299191184 off 0.22717855652562716	false	1.0
beseitigen	neg 1.0		__DUMMY__ 0.46907428152441283 neg 0.31845002963985547 off 0.21247568883573167	false	1.0
dumm	off 1.0		__DUMMY__ 0.4629895771127998 neg 0.3146234088744654 off 0.22238701401273483	false	0.5
arbeitsloser	neg 1.0		__DUMMY__ 0.4667168898281747 neg 0.3260264217322849 off 0.2072566884395404	false	1.0
blitzen	neg 1.0		__DUMMY__ 0.465041539524399 neg 0.32052920337756935 off 0.2144292570980316	false	1.0
hilflos	neg 1.0		__DUMMY__ 0.4676926539080241 neg 0.32355861327902413 off 0.20874873281295164	false	1.0
eklig	off 1.0		__DUMMY__ 0.462261074970682 neg 0.31451070076963317 off 0.22322822425968494	false	0.5
begriff			__DUMMY__ 0.4663556983821848 neg 0.3247784401009726 off 0.20886586151684255	false	0.0
hungersnot	neg 1.0		__DUMMY__ 0.46078649230474555 neg 0.3302631878538299 off 0.20895031984142448	false	1.0
ungesetzlich	neg 1.0		__DUMMY__ 0.4607158924907639 neg 0.32714494118452236 off 0.2121391663247139	false	1.0
verschwendung	neg 1.0		__DUMMY__ 0.4673228324577713 neg 0.32692835819556776 off 0.20574880934666098	false	1.0
schmerzvoll	neg 1.0		__DUMMY__ 0.4677185582685662 neg 0.3197542455414608 off 0.2125271961899729	false	1.0
vorzeitig	neg 1.0		__DUMMY__ 0.4659042249777901 neg 0.3174996235363792 off 0.21659615148583075	false	1.0
unvollkommenheit	neg 1.0		__DUMMY__ 0.4666849119721163 neg 0.3224227339772254 off 0.2108923540506583	false	1.0
intervenieren	neg 1.0		__DUMMY__ 0.4634732084563491 neg 0.33096124106605085 off 0.20556555047760006	false	1.0
banause	off 1.0		__DUMMY__ 0.4621569273286747 neg 0.3129242735593699 off 0.2249187991119554	false	0.5
rebell	neg 1.0		__DUMMY__ 0.46862184862590844 neg 0.3261835449700611 off 0.20519460640403042	false	1.0
unlogisch	neg 1.0		__DUMMY__ 0.46422749756397813 neg 0.31693235793052865 off 0.21884014450549327	false	1.0
leiden	neg 1.0	neg 1.0	neg 0.6511466359461792 __DUMMY__ 0.23141316877433474 off 0.11744019527948606	false	1.0
abschaffung	neg 1.0		__DUMMY__ 0.4636523314041951 neg 0.3252381175936783 off 0.21110955100212667	false	1.0
sturz	neg 1.0		__DUMMY__ 0.46282135075692854 neg 0.3257596846513899 off 0.21141896459168147	false	1.0
verkleinerung	neg 1.0		__DUMMY__ 0.46251283811233135 neg 0.3231553979991248 off 0.21433176388854375	false	1.0
schmarotzer	off 1.0		__DUMMY__ 0.4647194222769206 neg 0.3281672269656767 off 0.2071133507574028	false	0.5
bestrafung	neg 1.0		__DUMMY__ 0.4660686121516579 neg 0.3221486353709345 off 0.21178275247740747	false	1.0
achtlos	neg 1.0		__DUMMY__ 0.46945230600082294 neg 0.31983179109241344 off 0.2107159029067636	false	1.0
ungeheuer	neg 1.0		__DUMMY__ 0.46656974669460444 neg 0.320333271934978 off 0.21309698137041758	false	1.0
unaufrichtig	neg 1.0		__DUMMY__ 0.4622772030089434 neg 0.32470195184915185 off 0.2130208451419047	false	1.0
groggy	neg 1.0		__DUMMY__ 0.4654590946430646 neg 0.3200949312055387 off 0.21444597415139674	false	1.0
verletzlich	neg 1.0		__DUMMY__ 0.4659473576224301 neg 0.3169398222907782 off 0.2171128200867915	false	1.0
