unsolidarisch	neg 1.0		__DUMMY__ 0.46003396264577606 neg 0.33024192023792726 off 0.20972411711629663	false	1.0
nachteilig	neg 1.0		__DUMMY__ 0.4667073720564522 neg 0.3255464063367644 off 0.20774622160678335	false	1.0
skeptisch	neg 1.0		__DUMMY__ 0.46823308590952806 neg 0.3267261444362405 off 0.20504076965423157	false	1.0
schrecklich	neg 1.0		__DUMMY__ 0.4656465084813754 neg 0.31435321309652436 off 0.2200002784221003	false	1.0
schlapp	neg 1.0		__DUMMY__ 0.4689501392502582 neg 0.31511510371779167 off 0.21593475703195023	false	1.0
abfall	neg 1.0		__DUMMY__ 0.4686045152878265 neg 0.3281718612007006 off 0.20322362351147294	false	1.0
widerspenstig	neg 1.0		__DUMMY__ 0.46948975072166804 neg 0.319687690516522 off 0.21082255876180997	false	1.0
abrupt	neg 1.0		__DUMMY__ 0.47041357533931943 neg 0.3201026396696487 off 0.20948378499103193	false	1.0
unwirksam	neg 1.0		__DUMMY__ 0.46287371183659926 neg 0.32634808917507085 off 0.21077819898832986	false	1.0
angreifen	neg 1.0		__DUMMY__ 0.46652307007719823 neg 0.32734935615348143 off 0.2061275737693205	false	1.0
inkonsistent	neg 1.0		__DUMMY__ 0.4647012533570318 neg 0.3227174601459475 off 0.21258128649702068	false	1.0
abrutschen	neg 1.0		__DUMMY__ 0.46965427771625257 neg 0.32667121817706424 off 0.20367450410668309	false	1.0
unsicher	neg 1.0		__DUMMY__ 0.46809077104527497 neg 0.3211945379654981 off 0.2107146909892271	false	1.0
bauernkind	off 1.0		__DUMMY__ 0.4619823937765384 neg 0.31498334522233873 off 0.2230342610011229	false	0.5
angreifer	neg 1.0		__DUMMY__ 0.46350470602373367 neg 0.3230145742315318 off 0.21348071974473457	false	1.0
trennen	neg 1.0		__DUMMY__ 0.4721850297419808 neg 0.32094841773923766 off 0.20686655251878153	false	1.0
schmutz	neg 1.0		__DUMMY__ 0.47115218331502173 neg 0.3112941449337052 off 0.21755367175127308	false	1.0
inkonsistenz	neg 1.0	neg 1.0	neg 0.6528111934729143 __DUMMY__ 0.2258147287436804 off 0.12137407778340539	false	1.0
erschreckend	neg 1.0		__DUMMY__ 0.46664756697862475 neg 0.32425457323381224 off 0.209097859787563	false	1.0
ertrinken	neg 1.0		__DUMMY__ 0.46952668251374147 neg 0.3230375494123526 off 0.20743576807390585	false	1.0
pickelface	off 1.0		__DUMMY__ 0.4648789810269343 neg 0.32384288132876426 off 0.21127813764430148	false	0.5
seiner			__DUMMY__ 0.46833329190766443 neg 0.32522682882808146 off 0.206439879264254	false	0.0
lauch	neg 1.0		__DUMMY__ 0.4681016997659051 neg 0.3272278627293885 off 0.20467043750470626	false	1.0
unwichtig	neg 1.0		__DUMMY__ 0.4658063105515593 neg 0.31894378236434306 off 0.21524990708409758	false	1.0
steuerhinterziehung	neg 1.0		__DUMMY__ 0.4627083288250819 neg 0.3282889217877178 off 0.20900274938720026	false	1.0
schock	neg 1.0		__DUMMY__ 0.4702456955271045 neg 0.32034831855110824 off 0.2094059859217874	false	1.0
beule	neg 1.0		__DUMMY__ 0.46846689911113965 neg 0.3142103457046529 off 0.21732275518420735	false	1.0
vergelten	neg 1.0		__DUMMY__ 0.46327756473604126 neg 0.31552536613946747 off 0.22119706912449127	false	1.0
verdorbenheit	neg 1.0	neg 1.0	neg 0.6504508262772818 __DUMMY__ 0.22867646058740468 off 0.12087271313531352	false	1.0
trauma	neg 1.0		__DUMMY__ 0.46658326720228555 neg 0.3208145310635667 off 0.21260220173414776	false	1.0
sinnlos	neg 1.0		__DUMMY__ 0.4669231445937731 neg 0.3201581694506698 off 0.21291868595555702	false	1.0
fettsack	off 1.0	off 1.0	off 0.5960389710173923 __DUMMY__ 0.22484103858194396 neg 0.17911999040066376	false	1.0
feige	off 1.0		__DUMMY__ 0.46432898579367404 neg 0.3211551628209114 off 0.21451585138541462	false	0.5
abdanken	neg 1.0		__DUMMY__ 0.46144455327895356 neg 0.3295989906841856 off 0.20895645603686086	false	1.0
wichtigtuer	off 1.0	off 1.0	off 0.5904418872772005 __DUMMY__ 0.22577214994323413 neg 0.18378596277956538	false	1.0
misslingen	neg 1.0		__DUMMY__ 0.4695022497252053 neg 0.31696576542325333 off 0.21353198485154135	false	1.0
untreu	off 1.0		__DUMMY__ 0.4661564031390858 neg 0.31761915344246966 off 0.21622444341844457	false	0.5
missmutig	neg 1.0		__DUMMY__ 0.4685172853747692 neg 0.3162916755796362 off 0.21519103904559442	false	1.0
hurenbock	off 1.0		__DUMMY__ 0.47009756840243117 neg 0.31682179812201416 off 0.21308063347555448	false	0.5
betrunken	neg 1.0		__DUMMY__ 0.46794853471305875 neg 0.31370224355898907 off 0.21834922172795207	false	1.0
korrupt	off 1.0		__DUMMY__ 0.4617858727317344 neg 0.3310652784949522 off 0.20714884877331344	false	0.5
unmut	neg 1.0		__DUMMY__ 0.46765511827374756 neg 0.3283760502862082 off 0.20396883144004432	false	1.0
hackfresse	off 1.0		__DUMMY__ 0.4641347327923962 neg 0.3124596355730173 off 0.2234056316345865	false	0.5
aufblasen	neg 1.0		__DUMMY__ 0.46953969888555847 neg 0.31780214889482833 off 0.21265815221961315	false	1.0
gewaltsam	neg 1.0		__DUMMY__ 0.463088295704952 neg 0.32587410020094965 off 0.21103760409409822	false	1.0
unbeliebtheit	neg 1.0		__DUMMY__ 0.45795867706171817 neg 0.3261111814041346 off 0.21593014153414727	false	1.0
sturheit	neg 1.0		__DUMMY__ 0.46434506620745913 neg 0.3269737387853894 off 0.20868119500715154	false	1.0
kuh	neg 1.0		__DUMMY__ 0.4656764806540482 neg 0.3220082425246647 off 0.21231527682128717	false	1.0
erschrecken	neg 1.0		__DUMMY__ 0.4680797740735097 neg 0.31714611008098786 off 0.21477411584550252	false	1.0
opfer	neg 1.0	neg 1.0	neg 0.65543727978818 __DUMMY__ 0.227141060904355 off 0.1174216593074649	false	1.0
sinken	neg 1.0		__DUMMY__ 0.467951596381273 neg 0.32724098814780284 off 0.2048074154709243	false	1.0
stinktier	neg 1.0		__DUMMY__ 0.46346601329630216 neg 0.31656389487169545 off 0.2199700918320023	false	1.0
tucke	off 1.0		__DUMMY__ 0.46434531080634567 neg 0.3116986584633574 off 0.223956030730297	false	0.5
ein			__DUMMY__ 0.47141173519644664 neg 0.3162985995519912 off 0.21228966525156226	false	0.0
abstieg	neg 1.0		__DUMMY__ 0.4653706077727464 neg 0.32609741554708466 off 0.20853197668016896	false	1.0
missverstehen	neg 1.0		__DUMMY__ 0.4647332063399868 neg 0.3230023022784705 off 0.2122644913815427	false	1.0
ergebnislos	neg 1.0		__DUMMY__ 0.46612055232309074 neg 0.32571082735351864 off 0.20816862032339067	false	1.0
unter			__DUMMY__ 0.4741793407098772 neg 0.3250403470491181 off 0.20078031224100482	false	0.0
manipulieren	neg 1.0		__DUMMY__ 0.4660837080421599 neg 0.32820780361497653 off 0.2057084883428636	false	1.0
unbewiesen	neg 1.0		__DUMMY__ 0.4592726455401295 neg 0.33151311990823373 off 0.20921423455163685	false	1.0
verschleppen	neg 1.0		__DUMMY__ 0.4650256248269669 neg 0.3273862954319838 off 0.20758807974104934	false	1.0
weib	off 1.0		__DUMMY__ 0.46361492996094394 neg 0.31157422111408434 off 0.22481084892497177	false	0.5
opposition	neg 1.0		__DUMMY__ 0.46234950590988266 neg 0.32591218723015103 off 0.2117383068599664	false	1.0
verkehrswidrig	neg 1.0		__DUMMY__ 0.46660568560617594 neg 0.31143864811621214 off 0.22195566627761198	false	1.0
inkorrekt	neg 1.0		__DUMMY__ 0.46100340060576284 neg 0.32360339147691924 off 0.21539320791731795	false	1.0
vermeiden	neg 1.0		__DUMMY__ 0.4714176245765079 neg 0.3258645456355733 off 0.20271782978791875	false	1.0
abweichung	neg 1.0		__DUMMY__ 0.46197047516051143 neg 0.3310865315384379 off 0.20694299330105057	false	1.0
alkoholisiert	neg 1.0		__DUMMY__ 0.4691007220900217 neg 0.322203053389368 off 0.20869622452061024	false	1.0
scheiss	off 1.0	off 1.0	off 0.5935915123330647 __DUMMY__ 0.22692261531014143 neg 0.17948587235679384	false	1.0
herausforderung	neg 1.0		__DUMMY__ 0.4721003121295355 neg 0.31865285014942 off 0.20924683772104458	false	1.0
pervers	off 1.0		__DUMMY__ 0.46295736898265244 neg 0.309364901038839 off 0.2276777299785085	false	0.5
wackelig	neg 1.0		__DUMMY__ 0.47255849377046055 neg 0.3180938408221194 off 0.20934766540742006	false	1.0
verwickeln	neg 1.0		__DUMMY__ 0.46564427225765237 neg 0.32219819505038727 off 0.21215753269196042	false	1.0
vorwand	neg 1.0		__DUMMY__ 0.4666171920538462 neg 0.32879710529199485 off 0.20458570265415885	false	1.0
muschi	off 1.0		__DUMMY__ 0.4651914508392256 neg 0.3239036045388604 off 0.21090494462191403	false	0.5
entmutigung	neg 1.0		__DUMMY__ 0.45779184587438204 neg 0.33073246463451167 off 0.2114756894911062	false	1.0
unangemessen	neg 1.0		__DUMMY__ 0.46449091232725737 neg 0.3279869762343864 off 0.20752211143835633	false	1.0
unstetig	neg 1.0		__DUMMY__ 0.4644827399501453 neg 0.32129604115452554 off 0.21422121889532914	false	1.0
entmutigen	neg 1.0		__DUMMY__ 0.46753579088300345 neg 0.3206083842714016 off 0.21185582484559487	false	1.0
schwanz	neg 1.0		__DUMMY__ 0.46670377106056277 neg 0.32461028560525745 off 0.20868594333417972	false	1.0
verbot	neg 1.0		__DUMMY__ 0.46255054950784824 neg 0.32947716367126184 off 0.20797228682089	false	1.0
leid	neg 1.0		__DUMMY__ 0.4645194360660822 neg 0.3140804958346267 off 0.22140006809929097	false	1.0
archaisch	neg 1.0		__DUMMY__ 0.46531063948116963 neg 0.32639588414207443 off 0.20829347637675588	false	1.0
gegen			__DUMMY__ 0.4666503898764587 neg 0.32812093696445765 off 0.20522867315908366	false	0.0
scheidung	neg 1.0	neg 1.0	neg 0.6410162533076184 __DUMMY__ 0.22486019613612068 off 0.134123550556261	false	1.0
einschlag	neg 1.0		__DUMMY__ 0.4646643181211299 neg 0.3143737135125555 off 0.22096196836631463	false	1.0
m			__DUMMY__ 0.4690078849942672 neg 0.32114760918158053 off 0.20984450582415223	false	0.0
abgestanden	neg 1.0		__DUMMY__ 0.46878570966671657 neg 0.3201786461408143 off 0.21103564419246917	false	1.0
schmierig	off 1.0		__DUMMY__ 0.4656055487331496 neg 0.3139741964272639 off 0.2204202548395866	false	0.5
unpraktisch	neg 1.0		__DUMMY__ 0.4699010247930609 neg 0.3174311071249205 off 0.21266786808201843	false	1.0
wixxer	off 1.0		__DUMMY__ 0.4615063307625403 neg 0.3109966019414507 off 0.22749706729600905	false	0.5
bezeichnet			__DUMMY__ 0.4650694653336215 neg 0.32551024081693253 off 0.2094202938494459	false	0.0
jammerlappen	off 1.0		__DUMMY__ 0.4665729424204449 neg 0.31796101115756586 off 0.21546604642198935	false	0.5
farce	neg 1.0		__DUMMY__ 0.4599301173681648 neg 0.3322810439591149 off 0.20778883867272024	false	1.0
zwecklos	neg 1.0		__DUMMY__ 0.46553041662416667 neg 0.3270813804948374 off 0.2073882028809959	false	1.0
turbulent	neg 1.0		__DUMMY__ 0.46348836411946576 neg 0.31758078041126575 off 0.2189308554692684	false	1.0
invasion	neg 1.0		__DUMMY__ 0.4681779804559647 neg 0.3171936140159365 off 0.2146284055280989	false	1.0
schuld	neg 1.0		__DUMMY__ 0.4661635374793212 neg 0.3225639713803223 off 0.21127249114035643	false	1.0
risiko	neg 1.0		__DUMMY__ 0.46902256234698286 neg 0.316022610133343 off 0.21495482751967426	false	1.0
finster	neg 1.0		__DUMMY__ 0.47041264784642295 neg 0.31770509704110256 off 0.21188225511247455	false	1.0
geisteskrank	off 1.0		__DUMMY__ 0.4627601035861625 neg 0.32089053063759887 off 0.2163493657762387	false	0.5
zusammenbrechen	neg 1.0		__DUMMY__ 0.4684483142997058 neg 0.3222720045613477 off 0.20927968113894638	false	1.0
ausbeute	neg 1.0		__DUMMY__ 0.47109274982441174 neg 0.32011656493813945 off 0.2087906852374489	false	1.0
hinterhalt	neg 1.0		__DUMMY__ 0.4665099514320973 neg 0.3216627934929484 off 0.21182725507495434	false	1.0
kritik	neg 1.0		__DUMMY__ 0.46112907246328483 neg 0.3307900589628446 off 0.20808086857387056	false	1.0
einschrumpfen	neg 1.0		__DUMMY__ 0.4616036740659328 neg 0.32458403643017536 off 0.21381228950389178	false	1.0
riskant	neg 1.0		__DUMMY__ 0.4676868142940589 neg 0.3257166945181991 off 0.2065964911877421	false	1.0
frustrieren	neg 1.0		__DUMMY__ 0.4671300453625353 neg 0.3264522175881642 off 0.20641773704930058	false	1.0
groll	neg 1.0		__DUMMY__ 0.4657897511764531 neg 0.32652421046867103 off 0.20768603835487587	false	1.0
gibt			__DUMMY__ 0.46758899011500155 neg 0.32373452960981347 off 0.20867648027518498	false	0.0
qualvoll	neg 1.0		__DUMMY__ 0.46851530850447143 neg 0.31790812756313247 off 0.2135765639323962	false	1.0
wackeln	neg 1.0		__DUMMY__ 0.47082218351224886 neg 0.3168422878706513 off 0.21233552861709998	false	1.0
klagen	neg 1.0		__DUMMY__ 0.46563567858466137 neg 0.33017114528860136 off 0.20419317612673732	false	1.0
bankrott	neg 1.0		__DUMMY__ 0.46810089877479527 neg 0.3155428741530738 off 0.2163562270721311	false	1.0
trauern	neg 1.0		__DUMMY__ 0.46775343676823006 neg 0.3253487569272416 off 0.20689780630452836	false	1.0
ablehnung	neg 1.0	neg 1.0	neg 0.6574066845058719 __DUMMY__ 0.2243792948367178 off 0.11821402065741024	false	1.0
stur	neg 1.0		__DUMMY__ 0.4664120164843911 neg 0.32183428030881095 off 0.21175370320679782	false	1.0
aufruhr	neg 1.0		__DUMMY__ 0.46281947794479955 neg 0.3267261451000672 off 0.2104543769551332	false	1.0
melancholie	neg 1.0		__DUMMY__ 0.47149498235193926 neg 0.3192840026933618 off 0.20922101495469897	false	1.0
ist			__DUMMY__ 0.4669311282782168 neg 0.3208891371728573 off 0.21217973454892583	false	0.0
torheit	neg 1.0		__DUMMY__ 0.4615368269462607 neg 0.3276782428604176 off 0.21078493019332176	false	1.0
dreckskind	off 1.0		__DUMMY__ 0.4606919285772327 neg 0.3178194502679294 off 0.22148862115483792	false	0.5
umtauschen	neg 1.0		__DUMMY__ 0.4699722162603404 neg 0.3190992938390246 off 0.21092848990063495	false	1.0
zum			__DUMMY__ 0.47512326604771715 neg 0.32051347053972296 off 0.20436326341255986	false	0.0
zersetzen	neg 1.0		__DUMMY__ 0.46604273007386404 neg 0.3288358999757537 off 0.20512136995038222	false	1.0
zur			__DUMMY__ 0.46978613164935 neg 0.32738433204424655 off 0.2028295363064034	false	0.0
frust	neg 1.0		__DUMMY__ 0.468443557352763 neg 0.32247912078170254 off 0.2090773218655344	false	1.0
unerbittlichkeit	neg 1.0		__DUMMY__ 0.46578854944635556 neg 0.3281396396181392 off 0.20607181093550522	false	1.0
zwei			__DUMMY__ 0.47320591915662735 neg 0.32110226158933036 off 0.20569181925404229	false	0.0
unkorrekt	neg 1.0		__DUMMY__ 0.4622873927326851 neg 0.32111577523445317 off 0.21659683203286162	false	1.0
hexe	off 1.0		__DUMMY__ 0.46647974317373836 neg 0.3173577417871379 off 0.21616251503912373	false	0.5
lasch	neg 1.0		__DUMMY__ 0.46454363176510505 neg 0.3219100125340583 off 0.2135463557008367	false	1.0
rivale	neg 1.0		__DUMMY__ 0.46402472604996836 neg 0.3158963586719575 off 0.22007891527807405	false	1.0
mutlos	off 1.0	off 1.0	off 0.5873443057293217 __DUMMY__ 0.22567666134931036 neg 0.186979032921368	false	1.0
wirr	off 1.0		__DUMMY__ 0.4622862989546623 neg 0.319425881371198 off 0.21828781967413982	false	0.5
jahr			__DUMMY__ 0.4720485215831844 neg 0.3200904568591711 off 0.20786102155764435	false	0.0
wird			__DUMMY__ 0.4680654330676428 neg 0.32453110232857696 off 0.2074034646037801	false	0.0
strafbar	neg 1.0		__DUMMY__ 0.464247967131785 neg 0.32970407205092117 off 0.2060479608172939	false	1.0
erosion	neg 1.0		__DUMMY__ 0.4690945180050135 neg 0.31782467921782703 off 0.2130808027771596	false	1.0
eingehen	neg 1.0		__DUMMY__ 0.46628312118169113 neg 0.3264766035346633 off 0.2072402752836455	false	1.0
faul	off 1.0		__DUMMY__ 0.4690957084461981 neg 0.3151369324599541 off 0.21576735909384787	false	0.5
provisorium	neg 1.0		__DUMMY__ 0.47268199546513145 neg 0.3275225716183069 off 0.19979543291656152	false	1.0
schmerzen	neg 1.0		__DUMMY__ 0.46942962569160035 neg 0.32064275753730775 off 0.209927616771092	false	1.0
schrumpfen	neg 1.0		__DUMMY__ 0.4693851158383253 neg 0.3284426288882287 off 0.20217225527344596	false	1.0
geistlos	off 1.0		__DUMMY__ 0.4598834549620565 neg 0.3282156598378061 off 0.2119008852001373	false	0.5
fehlkauf	neg 1.0		__DUMMY__ 0.46501986606864393 neg 0.3214761604598708 off 0.21350397347148514	false	1.0
frustrierend	neg 1.0	neg 1.0	neg 0.6509793693324737 __DUMMY__ 0.227273351253046 off 0.12174727941448032	false	1.0
unzufrieden	neg 1.0		__DUMMY__ 0.4667632546914984 neg 0.3254622292455896 off 0.207774516062912	false	1.0
verzweifeln	neg 1.0		__DUMMY__ 0.4683000418992277 neg 0.32154515427780556 off 0.21015480382296664	false	1.0
verzweifelt	neg 1.0		__DUMMY__ 0.46708016481391856 neg 0.32104850737061275 off 0.21187132781546877	false	1.0
misstrauensantrag	neg 1.0		__DUMMY__ 0.4644456546623651 neg 0.32223379636531263 off 0.21332054897232236	false	1.0
abfallen	neg 1.0		__DUMMY__ 0.4712865278662761 neg 0.316144201710432 off 0.21256927042329188	false	1.0
fucker	off 1.0		__DUMMY__ 0.464423154508517 neg 0.31671478241854417 off 0.21886206307293882	false	0.5
ungezogen	neg 1.0		__DUMMY__ 0.4646947929478019 neg 0.30996166005479603 off 0.22534354699740208	false	1.0
irrsinnig	neg 1.0	neg 1.0	neg 0.653436221300884 __DUMMY__ 0.22664954919132396 off 0.11991422950779212	false	1.0
unfassbar	neg 1.0		__DUMMY__ 0.4662568378568165 neg 0.3178378570355718 off 0.2159053051076118	false	1.0
hart	neg 1.0		__DUMMY__ 0.4643132635642814 neg 0.3200311696555018 off 0.21565556678021686	false	1.0
widerlich	off 1.0		__DUMMY__ 0.46440116222460837 neg 0.3192280245714002 off 0.21637081320399146	false	0.5
fatal	neg 1.0		__DUMMY__ 0.4655712021221873 neg 0.32087626767944416 off 0.2135525301983687	false	1.0
bruch	neg 1.0		__DUMMY__ 0.4651966444602304 neg 0.3311844097970259 off 0.20361894574274378	false	1.0
aushungern	neg 1.0		__DUMMY__ 0.4620814803199126 neg 0.32808748668168924 off 0.20983103299839806	false	1.0
anspannung	neg 1.0		__DUMMY__ 0.4708948540496251 neg 0.32502007167125996 off 0.20408507427911476	false	1.0
von			__DUMMY__ 0.4721384523092103 neg 0.32098788967874187 off 0.20687365801204785	false	0.0
kraftlos	neg 1.0		__DUMMY__ 0.47127442380449297 neg 0.32009980885521666 off 0.20862576734029026	false	1.0
vom			__DUMMY__ 0.4744167599520027 neg 0.32396711856447774 off 0.20161612148351965	false	0.0
grenzdebil	off 1.0		__DUMMY__ 0.4667790019402795 neg 0.3159569509153964 off 0.21726404714432404	false	0.5
vor			__DUMMY__ 0.4703287489362926 neg 0.3245109955154256 off 0.20516025554828163	false	0.0
unterwerfen	neg 1.0		__DUMMY__ 0.4658267645333045 neg 0.32745386999327386 off 0.20671936547342162	false	1.0
versenkung	neg 1.0		__DUMMY__ 0.46712340846961237 neg 0.3263684248809758 off 0.20650816664941174	false	1.0
entziehen	neg 1.0		__DUMMY__ 0.4671323184624324 neg 0.32872531483881623 off 0.2041423666987513	false	1.0
finanzkrise	neg 1.0		__DUMMY__ 0.46188055976861303 neg 0.3287620392058997 off 0.20935740102548733	false	1.0
schimpfend	neg 1.0		__DUMMY__ 0.4724219110046913 neg 0.3138149907031544 off 0.21376309829215423	false	1.0
profan	neg 1.0		__DUMMY__ 0.46743052903651366 neg 0.3195102389691565 off 0.21305923199432986	false	1.0
korruption	neg 1.0		__DUMMY__ 0.4622552654217654 neg 0.3303337958887413 off 0.20741093868949328	false	1.0
â			__DUMMY__ 0.4685583379550589 neg 0.3227300064301274 off 0.20871165561481372	false	0.0
schmutzig	neg 1.0		__DUMMY__ 0.46907816418042214 neg 0.313599580457593 off 0.21732225536198488	false	1.0
sexy	neg 1.0		__DUMMY__ 0.46699612080849356 neg 0.3175363297661629 off 0.21546754942534346	false	1.0
abraten	neg 1.0		__DUMMY__ 0.46836871246401063 neg 0.31934227324079195 off 0.21228901429519756	false	1.0
schwarz	neg 1.0		__DUMMY__ 0.4661600793020129 neg 0.32108012778122536 off 0.21275979291676164	false	1.0
fotze	off 1.0		__DUMMY__ 0.4654253806351142 neg 0.3256889045620922 off 0.20888571480279358	false	0.5
verwirren	neg 1.0		__DUMMY__ 0.4671583323548727 neg 0.3189507095688259 off 0.2138909580763014	false	1.0
zahnlos	off 1.0		__DUMMY__ 0.4655398501856023 neg 0.3266394558555901 off 0.20782069395880765	false	0.5
verheeren	neg 1.0		__DUMMY__ 0.45998002484026396 neg 0.31369831556677763 off 0.22632165959295844	false	1.0
hippie	neg 1.0		__DUMMY__ 0.46651153737542816 neg 0.318393895794309 off 0.21509456683026287	false	1.0
rammen	neg 1.0		__DUMMY__ 0.46769668753105736 neg 0.3182586378632321 off 0.21404467460571058	false	1.0
unlauter	neg 1.0	neg 1.0	neg 0.6536865756740172 __DUMMY__ 0.22548665001037738 off 0.12082677431560543	false	1.0
unheilvoll	neg 1.0		__DUMMY__ 0.46814527459717964 neg 0.3188246163849246 off 0.21303010901789587	false	1.0
niedrig	neg 1.0		__DUMMY__ 0.4669409736044215 neg 0.3252199686176163 off 0.20783905777796227	false	1.0
explosion	neg 1.0		__DUMMY__ 0.467549981932061 neg 0.3176969095781096 off 0.21475310848982948	false	1.0
weichei	off 1.0		__DUMMY__ 0.46430552628181443 neg 0.3135404977531249 off 0.22215397596506054	false	0.5
minusmensch	off 1.0		__DUMMY__ 0.4593179977357851 neg 0.31462945085350386 off 0.22605255141071098	false	0.5
farblos	neg 1.0		__DUMMY__ 0.46548367109489097 neg 0.32316029387103545 off 0.21135603503407346	false	1.0
unwissend	neg 1.0	neg 1.0	neg 0.6514353907508408 __DUMMY__ 0.22610851552825972 off 0.12245609372089952	false	1.0
traurig	neg 1.0		__DUMMY__ 0.4667784399550002 neg 0.31405751903011025 off 0.2191640410148896	false	1.0
senkung	neg 1.0		__DUMMY__ 0.46526267387786413 neg 0.3207953549952099 off 0.21394197112692592	false	1.0
ungleich	neg 1.0	neg 1.0	neg 0.6566248596202929 __DUMMY__ 0.22625252664041248 off 0.11712261373929464	false	1.0
heikel	neg 1.0		__DUMMY__ 0.4670077306879384 neg 0.3276165414548598 off 0.20537572785720185	false	1.0
drosselung	neg 1.0		__DUMMY__ 0.46709554055689156 neg 0.3132415450280586 off 0.21966291441504987	false	1.0
falsch	neg 1.0		__DUMMY__ 0.4662177789817021 neg 0.319102305159708 off 0.21467991585859006	false	1.0
unzufriedenheit	neg 1.0		__DUMMY__ 0.46646973520451646 neg 0.3284634285048515 off 0.20506683629063213	false	1.0
kurz	neg 1.0		__DUMMY__ 0.4708614638868916 neg 0.3193718543174469 off 0.20976668179566146	false	1.0
unsinnig	neg 1.0		__DUMMY__ 0.4664692675831693 neg 0.3252825614130188 off 0.2082481710038119	false	1.0
penner	off 1.0	off 1.0	off 0.5973940906586616 __DUMMY__ 0.22591020798921715 neg 0.17669570135212126	false	1.0
seicht	neg 1.0		__DUMMY__ 0.4611935368217348 neg 0.31475675364403705 off 0.2240497095342283	false	1.0
dummheit	off 1.0	off 1.0	off 0.5908854945400408 __DUMMY__ 0.22574158433573052 neg 0.18337292112422865	false	1.0
unerfreulich	neg 1.0		__DUMMY__ 0.4682523011724923 neg 0.3266971655965255 off 0.2050505332309823	false	1.0
motherfucker	off 1.0	off 1.0	off 0.5943269138461478 __DUMMY__ 0.22561662629809912 neg 0.18005645985575305	false	1.0
pikiert	neg 1.0		__DUMMY__ 0.46487410932775886 neg 0.32000548613194657 off 0.21512040454029457	false	1.0
wrack	neg 1.0		__DUMMY__ 0.46848372465497784 neg 0.32271104379794974 off 0.20880523154707242	false	1.0
gangster	neg 1.0		__DUMMY__ 0.46642095651593113 neg 0.3194322840646128 off 0.21414675941945607	false	1.0
krank	neg 1.0		__DUMMY__ 0.46884978806879796 neg 0.31342272865637605 off 0.2177274832748261	false	1.0
reich	neg 1.0		__DUMMY__ 0.45998313879340874 neg 0.324832610853314 off 0.21518425035327726	false	1.0
gnadenlos	neg 1.0		__DUMMY__ 0.46709926852903966 neg 0.32116570404301037 off 0.21173502742795	false	1.0
niedergeschlagen	neg 1.0		__DUMMY__ 0.4684221663333545 neg 0.3222497854673603 off 0.20932804819928524	false	1.0
terrorisieren	off 1.0	off 1.0	off 0.587480726691779 __DUMMY__ 0.22719888639381206 neg 0.18532038691440908	false	1.0
sinnlosigkeit	neg 1.0		__DUMMY__ 0.4659173398823572 neg 0.3261294029698132 off 0.20795325714782967	false	1.0
behindern	neg 1.0		__DUMMY__ 0.4688313840715514 neg 0.32009563580358297 off 0.21107298012486558	false	1.0
undemokratisch	neg 1.0		__DUMMY__ 0.46124142840996124 neg 0.3278212637529464 off 0.21093730783709227	false	1.0
wirtschaftskrise	neg 1.0		__DUMMY__ 0.4638761843669556 neg 0.3283233124155541 off 0.20780050321749033	false	1.0
neid	neg 1.0		__DUMMY__ 0.468947700696589 neg 0.31611785055881364 off 0.21493444874459744	false	1.0
rutschen	neg 1.0		__DUMMY__ 0.4752528358690781 neg 0.3202179829801274 off 0.2045291811507945	false	1.0
rezession	neg 1.0		__DUMMY__ 0.46052897119319414 neg 0.3197168646822983 off 0.21975416412450752	false	1.0
fehlgeburt	neg 1.0		__DUMMY__ 0.4670340572566364 neg 0.3215505844210513 off 0.2114153583223123	false	1.0
charakterschwach	off 1.0		__DUMMY__ 0.4647143490321369 neg 0.3189863956351547 off 0.21629925533270844	false	0.5
isolation	neg 1.0		__DUMMY__ 0.46729454315585744 neg 0.3160598068061212 off 0.21664565003802125	false	1.0
ablenkung	neg 1.0		__DUMMY__ 0.4690947224757166 neg 0.3194380590875196 off 0.21146721843676375	false	1.0
pech	neg 1.0		__DUMMY__ 0.46795897916870133 neg 0.3178122243874942 off 0.21422879644380444	false	1.0
vermeidung	neg 1.0		__DUMMY__ 0.4678831468619618 neg 0.3135796156974521 off 0.21853723744058606	false	1.0
dominieren	neg 1.0		__DUMMY__ 0.46722736022595523 neg 0.3232570365667194 off 0.20951560320732526	false	1.0
schwindlig	neg 1.0		__DUMMY__ 0.47014948909613125 neg 0.3153958607618972 off 0.21445465014197154	false	1.0
lutscher	neg 1.0		__DUMMY__ 0.4620259347164093 neg 0.3127587852494152 off 0.2252152800341756	false	1.0
pflicht	neg 1.0		__DUMMY__ 0.4669577370955632 neg 0.3278036556472135 off 0.20523860725722332	false	1.0
faschist	off 1.0		__DUMMY__ 0.46149397924786456 neg 0.3263563582616091 off 0.21214966249052647	false	0.5
verschleudern	neg 1.0		__DUMMY__ 0.46444250154520134 neg 0.32828434568240894 off 0.2072731527723897	false	1.0
wenn			__DUMMY__ 0.4668554850664711 neg 0.31827869716576235 off 0.21486581776776667	false	0.0
ehebruch	neg 1.0		__DUMMY__ 0.4644458131033676 neg 0.32880763522489365 off 0.2067465516717388	false	1.0
spott	off 1.0		__DUMMY__ 0.4651138858172372 neg 0.3285959216066865 off 0.20629019257607628	false	0.5
trostlosigkeit	neg 1.0		__DUMMY__ 0.4634486814814538 neg 0.3320606403728283 off 0.20449067814571786	false	1.0
lutschen	neg 1.0		__DUMMY__ 0.4638224518055976 neg 0.32105968155969683 off 0.2151178666347055	false	1.0
undiszipliniert	neg 1.0		__DUMMY__ 0.46566955356300654 neg 0.3162030673583403 off 0.21812737907865318	false	1.0
kopfschmerz	neg 1.0		__DUMMY__ 0.46855970885947895 neg 0.3210106225475135 off 0.21042966859300755	false	1.0
unvorhergesehen	neg 1.0		__DUMMY__ 0.4718645943820886 neg 0.31836957869283555 off 0.20976582692507573	false	1.0
desinteressiert	neg 1.0		__DUMMY__ 0.4648525973635538 neg 0.31746776440248314 off 0.21767963823396314	false	1.0
armselig	off 1.0		__DUMMY__ 0.4634750645180997 neg 0.3181452457054137 off 0.21837968977648656	false	0.5
desaster	neg 1.0		__DUMMY__ 0.4649113753950107 neg 0.33193314600084683 off 0.20315547860414246	false	1.0
tod	neg 1.0		__DUMMY__ 0.46248199119010375 neg 0.33175737962049695 off 0.20576062918939922	false	1.0
herzlos	neg 1.0		__DUMMY__ 0.46587893617048837 neg 0.3144535694943128 off 0.21966749433519875	false	1.0
unwissenheit	neg 1.0		__DUMMY__ 0.46467166843336716 neg 0.3277721129190349 off 0.20755621864759793	false	1.0
widersinnig	neg 1.0		__DUMMY__ 0.4619528649941909 neg 0.32978410037835415 off 0.2082630346274549	false	1.0
bedenklich	neg 1.0		__DUMMY__ 0.4666565956029222 neg 0.32692912348475867 off 0.20641428091231911	false	1.0
beanstanden	neg 1.0		__DUMMY__ 0.46719063652645104 neg 0.327920220301956 off 0.2048891431715929	false	1.0
panisch	neg 1.0	neg 1.0	neg 0.6486586681422237 __DUMMY__ 0.22986008093963387 off 0.12148125091814234	false	1.0
debil	off 1.0		__DUMMY__ 0.46835047161950966 neg 0.3294946665476627 off 0.20215486183282777	false	0.5
abstrich	neg 1.0		__DUMMY__ 0.47037091325001346 neg 0.31792388223173684 off 0.21170520451824973	false	1.0
primitiv	neg 1.0		__DUMMY__ 0.46431806483954896 neg 0.31868188750083276 off 0.21700004765961822	false	1.0
abschaum	off 1.0	off 1.0	off 0.59229287925988 __DUMMY__ 0.22524947849937746 neg 0.18245764224074265	false	1.0
provozieren	neg 1.0		__DUMMY__ 0.4651313496983534 neg 0.32432913777693934 off 0.21053951252470743	false	1.0
tot	neg 1.0		__DUMMY__ 0.4667127154607392 neg 0.32356239260235287 off 0.209724891936908	false	1.0
instabil	neg 1.0		__DUMMY__ 0.4625637650491844 neg 0.3179636621864898 off 0.21947257276432575	false	1.0
schwuchtel	off 1.0		__DUMMY__ 0.45900204028231884 neg 0.31069277335409695 off 0.2303051863635842	false	0.5
zerren	neg 1.0		__DUMMY__ 0.46858384458663604 neg 0.3221191846259577 off 0.20929697078740625	false	1.0
kinderficker	off 1.0		__DUMMY__ 0.4621197532260406 neg 0.3173296234674005 off 0.22055062330655872	false	0.5
gefahr	neg 1.0		__DUMMY__ 0.46573931065821506 neg 0.3273704954307731 off 0.2068901939110118	false	1.0
rabiat	neg 1.0		__DUMMY__ 0.46707759266932913 neg 0.32221140417086236 off 0.21071100315980862	false	1.0
verlangsamung	neg 1.0		__DUMMY__ 0.46004207358052024 neg 0.31674058832572743 off 0.22321733809375224	false	1.0
ausgestorben	neg 1.0		__DUMMY__ 0.46830655479853195 neg 0.32234668433396935 off 0.20934676086749876	false	1.0
anklagen	neg 1.0		__DUMMY__ 0.46423897065765934 neg 0.3261845160244101 off 0.20957651331793054	false	1.0
trott	neg 1.0		__DUMMY__ 0.46810161416369106 neg 0.32083899408488886 off 0.2110593917514202	false	1.0
verminderung	neg 1.0		__DUMMY__ 0.4655252186301673 neg 0.31570523088668945 off 0.2187695504831432	false	1.0
nach			__DUMMY__ 0.47280023622913214 neg 0.3235487589788851 off 0.2036510047919827	false	0.0
rost	neg 1.0		__DUMMY__ 0.462014300402847 neg 0.31392051852256225 off 0.22406518107459072	false	1.0
destruktiv	neg 1.0	neg 1.0	neg 0.6557712623793535 __DUMMY__ 0.2255560126834325 off 0.11867272493721401	false	1.0
unzumutbarkeit	neg 1.0		__DUMMY__ 0.46642152468685005 neg 0.31544654049581955 off 0.2181319348173304	false	1.0
labil	off 1.0	off 1.0	off 0.5930750170752175 __DUMMY__ 0.2256733773011109 neg 0.18125160562367157	false	1.0
ziemlich	neg 1.0		__DUMMY__ 0.4668130485824579 neg 0.31645233825113445 off 0.21673461316640777	false	1.0
lachnummer	off 1.0		__DUMMY__ 0.4645193021123304 neg 0.326354934970866 off 0.2091257629168035	false	0.5
oder			__DUMMY__ 0.4694424359488085 neg 0.3194271784520407 off 0.2111303855991508	false	0.0
verfall	neg 1.0		__DUMMY__ 0.4681787428465352 neg 0.3298953632343292 off 0.2019258939191355	false	1.0
ausgrenzung	neg 1.0		__DUMMY__ 0.4617794345559137 neg 0.3263175721393246 off 0.2119029933047617	false	1.0
unordnung	neg 1.0		__DUMMY__ 0.46374586129238854 neg 0.3156797050918039 off 0.22057443361580764	false	1.0
fehlverhalten	neg 1.0		__DUMMY__ 0.46529474261774423 neg 0.3286520551165399 off 0.20605320226571605	false	1.0
eine			__DUMMY__ 0.46997895553130203 neg 0.3245907691648648 off 0.2054302753038331	false	0.0
nille	neg 1.0		__DUMMY__ 0.4643415598060738 neg 0.325256980711445 off 0.21040145948248118	false	1.0
qual	neg 1.0		__DUMMY__ 0.4677292299961749 neg 0.3213963967233535 off 0.21087437328047148	false	1.0
verschwenden	neg 1.0		__DUMMY__ 0.4678816987337073 neg 0.3252221770255084 off 0.20689612424078432	false	1.0
riesig	neg 1.0		__DUMMY__ 0.46719350614002997 neg 0.3230589496585513 off 0.20974754420141864	false	1.0
verurteilen	neg 1.0		__DUMMY__ 0.463884273866329 neg 0.3285581447080485 off 0.20755758142562258	false	1.0
klischee	neg 1.0	neg 1.0	neg 0.6530089791132779 __DUMMY__ 0.22564182168725505 off 0.12134919919946703	false	1.0
diktatorisch	neg 1.0		__DUMMY__ 0.4599072895031046 neg 0.329601866461543 off 0.21049084403535245	false	1.0
vorhersehbar	neg 1.0		__DUMMY__ 0.4640476425097945 neg 0.3237713565251385 off 0.21218100096506692	false	1.0
sowie			__DUMMY__ 0.46162721394653716 neg 0.31622657716455316 off 0.2221462088889097	false	0.0
stornieren	neg 1.0		__DUMMY__ 0.46954119137633266 neg 0.3160409535612773 off 0.21441785506239008	false	1.0
besteuerung	neg 1.0		__DUMMY__ 0.46545625519113476 neg 0.32253818696338515 off 0.21200555784548009	false	1.0
ungeschminkt	neg 1.0		__DUMMY__ 0.4655304497187142 neg 0.3174123074470475 off 0.21705724283423825	false	1.0
kritisch	neg 1.0		__DUMMY__ 0.4651534278868632 neg 0.3285056769168403 off 0.20634089519629648	false	1.0
schlamperei	off 1.0		__DUMMY__ 0.46430868154442057 neg 0.32891393775626016 off 0.20677738069931928	false	0.5
sucht	neg 1.0	neg 1.0	neg 0.6486523248220768 __DUMMY__ 0.22938713221991516 off 0.12196054295800815	false	1.0
egoistisch	off 1.0		__DUMMY__ 0.4639380280789556 neg 0.3142388516891039 off 0.2218231202319405	false	0.5
ausbeuter	off 1.0		__DUMMY__ 0.46417312075787337 neg 0.3305146136545484 off 0.20531226558757817	false	0.5
arschgeburt	off 1.0		__DUMMY__ 0.4590110073730335 neg 0.31082704908894626 off 0.2301619435380201	false	0.5
schubs	neg 1.0	neg 1.0	neg 0.6518055731838958 __DUMMY__ 0.229522195604731 off 0.11867223121137316	false	1.0
unsolide	neg 1.0		__DUMMY__ 0.4579017286519621 neg 0.3284344669719936 off 0.2136638043760444	false	1.0
beschwerde	neg 1.0		__DUMMY__ 0.46519177967685044 neg 0.32684459627930595 off 0.20796362404384372	false	1.0
stocken	neg 1.0		__DUMMY__ 0.4671839069722526 neg 0.3249376256148348 off 0.20787846741291263	false	1.0
isolieren	neg 1.0		__DUMMY__ 0.46894182654250444 neg 0.320540852293394 off 0.21051732116410152	false	1.0
unheilbar	neg 1.0		__DUMMY__ 0.4655355644430556 neg 0.32354923100327315 off 0.21091520455367113	false	1.0
pisser	off 1.0		__DUMMY__ 0.46287196556117255 neg 0.3176053218586911 off 0.21952271258013625	false	0.5
löschen	neg 1.0		__DUMMY__ 0.4663469283529907 neg 0.32166087129641163 off 0.21199220035059774	false	1.0
durchfallen	neg 1.0		__DUMMY__ 0.4667460329077475 neg 0.3262414030516347 off 0.20701256404061788	false	1.0
wichser	off 1.0		__DUMMY__ 0.46294023671698037 neg 0.31026340819209625 off 0.22679635509092347	false	0.5
terror	neg 1.0		__DUMMY__ 0.4686928940412423 neg 0.31582260048044974 off 0.215484505478308	false	1.0
krass	neg 1.0		__DUMMY__ 0.46554797883471716 neg 0.3143870759713384 off 0.22006494519394454	false	1.0
revolte	neg 1.0	neg 1.0	neg 0.6561403302742072 __DUMMY__ 0.2230203142383452 off 0.12083935548744769	false	1.0
besorgt	neg 1.0		__DUMMY__ 0.47133659424701696 neg 0.3186605264302162 off 0.21000287932276668	false	1.0
nachlassen	neg 1.0		__DUMMY__ 0.4682403415405013 neg 0.32310016718893375 off 0.20865949127056485	false	1.0
alt	neg 1.0		__DUMMY__ 0.47032308582890175 neg 0.3224814098438626 off 0.20719550432723577	false	1.0
hundesohn	off 1.0		__DUMMY__ 0.460457417388273 neg 0.31416763076312443 off 0.22537495184860246	false	0.5
als			__DUMMY__ 0.4691117849040674 neg 0.32230503868451127 off 0.20858317641142124	false	0.0
abschreckung	neg 1.0		__DUMMY__ 0.465314169830033 neg 0.33012656893137826 off 0.20455926123858884	false	1.0
unqualifiziert	neg 1.0	neg 1.0	neg 0.653400692484825 __DUMMY__ 0.22579381122533926 off 0.12080549628983583	false	1.0
abgewichst	off 1.0		__DUMMY__ 0.4660111638661353 neg 0.32432713149269043 off 0.20966170464117434	false	0.5
schwer	neg 1.0		__DUMMY__ 0.4682031191051432 neg 0.3214622989798301 off 0.21033458191502674	false	1.0
bedeutungslosigkeit	neg 1.0		__DUMMY__ 0.4656479558756391 neg 0.3288944867751281 off 0.20545755734923282	false	1.0
kapitulation	neg 1.0		__DUMMY__ 0.4613859011116127 neg 0.3320027175997655 off 0.2066113812886218	false	1.0
unscharf	neg 1.0		__DUMMY__ 0.4671881070049627 neg 0.3187520567501032 off 0.21405983624493397	false	1.0
schwinden	neg 1.0		__DUMMY__ 0.46667288734274265 neg 0.327364046791318 off 0.20596306586593935	false	1.0
versklavung	neg 1.0	neg 1.0	neg 0.6562695244771369 __DUMMY__ 0.22404075775586316 off 0.11968971776700002	false	1.0
schlecht	neg 1.0		__DUMMY__ 0.4670516698749959 neg 0.3158020601824814 off 0.2171462699425227	false	1.0
verhasst	neg 1.0		__DUMMY__ 0.46442438480956155 neg 0.32517479316099057 off 0.21040082202944788	false	1.0
beschweren	neg 1.0		__DUMMY__ 0.46749719729563416 neg 0.3200398174082764 off 0.2124629852960893	false	1.0
scheiden	neg 1.0		__DUMMY__ 0.46862804050889983 neg 0.3208912159144502 off 0.2104807435766499	false	1.0
frustriert	neg 1.0		__DUMMY__ 0.46760608885671434 neg 0.3232310331999453 off 0.2091628779433404	false	1.0
schimmelig	neg 1.0		__DUMMY__ 0.46697973110976426 neg 0.3257811633204425 off 0.20723910556979327	false	1.0
fisch	neg 1.0	neg 1.0	neg 0.6522172975086618 __DUMMY__ 0.22920393129943717 off 0.11857877119190116	false	1.0
schmuggel	neg 1.0		__DUMMY__ 0.46903683436137855 neg 0.32491375995733385 off 0.20604940568128774	false	1.0
auffallen	neg 1.0		__DUMMY__ 0.4672316235500541 neg 0.3198063720677703 off 0.21296200438217558	false	1.0
konkurrenz	neg 1.0		__DUMMY__ 0.4691065060620628 neg 0.3255967742384229 off 0.20529671969951424	false	1.0
teufelskreis	neg 1.0	neg 1.0	neg 0.654649578302888 __DUMMY__ 0.22664376711318143 off 0.11870665458393062	false	1.0
aufschreien	neg 1.0		__DUMMY__ 0.4649278777635187 neg 0.32273035934532646 off 0.2123417628911549	false	1.0
schuldner	neg 1.0		__DUMMY__ 0.4645679879746055 neg 0.32922430830959376 off 0.2062077037158008	false	1.0
missgeburt	off 1.0	off 1.0	off 0.5964856607768814 __DUMMY__ 0.22452547700288253 neg 0.17898886222023602	false	1.0
arbeitslos	neg 1.0		__DUMMY__ 0.4661175992944077 neg 0.3259042997121412 off 0.2079781009934511	false	1.0
befallen	neg 1.0		__DUMMY__ 0.4610551285247691 neg 0.33222624608733264 off 0.20671862538789823	false	1.0
miesepetrig	off 1.0		__DUMMY__ 0.46775080396324525 neg 0.3153318061474537 off 0.2169173898893011	false	0.5
alarmieren	neg 1.0		__DUMMY__ 0.4628847169970473 neg 0.32188040676545193 off 0.2152348762375008	false	1.0
ungeduscht	off 1.0		__DUMMY__ 0.46744191109021865 neg 0.31831561337137754 off 0.21424247553840384	false	0.5
knappheit	neg 1.0		__DUMMY__ 0.46507413554058485 neg 0.3268924876847956 off 0.2080333767746195	false	1.0
schlange	neg 1.0		__DUMMY__ 0.4696745457102949 neg 0.3174577694652767 off 0.21286768482442847	false	1.0
harsch	neg 1.0		__DUMMY__ 0.466515468006682 neg 0.30978027389554236 off 0.22370425809777572	false	1.0
lang	neg 1.0		__DUMMY__ 0.46701671486785257 neg 0.3207488974298131 off 0.21223438770233433	false	1.0
ziellos	neg 1.0		__DUMMY__ 0.4683700642996845 neg 0.3237054811957308 off 0.2079244545045848	false	1.0
selbstverliebt	neg 1.0		__DUMMY__ 0.4594763804824609 neg 0.313345062991912 off 0.22717855652562718	false	1.0
beseitigen	neg 1.0		__DUMMY__ 0.46907428152441266 neg 0.31845002963985547 off 0.2124756888357318	false	1.0
dumm	off 1.0		__DUMMY__ 0.46298957711279953 neg 0.31462340887446555 off 0.22238701401273492	false	0.5
arbeitsloser	neg 1.0		__DUMMY__ 0.4667168898281745 neg 0.3260264217322851 off 0.2072566884395405	false	1.0
blitzen	neg 1.0		__DUMMY__ 0.4650415395243994 neg 0.3205292033775689 off 0.2144292570980318	false	1.0
hilflos	neg 1.0		__DUMMY__ 0.4676926539080237 neg 0.32355861327902424 off 0.20874873281295203	false	1.0
eklig	off 1.0		__DUMMY__ 0.4622610749706821 neg 0.31451070076963317 off 0.22322822425968472	false	0.5
begriff			__DUMMY__ 0.46635569838218494 neg 0.3247784401009729 off 0.20886586151684228	false	0.0
hungersnot	neg 1.0		__DUMMY__ 0.46078649230474544 neg 0.33026318785382963 off 0.208950319841425	false	1.0
ungesetzlich	neg 1.0		__DUMMY__ 0.4607158924907633 neg 0.32714494118452253 off 0.21213916632471408	false	1.0
verschwendung	neg 1.0		__DUMMY__ 0.4673228324577718 neg 0.32692835819556765 off 0.20574880934666068	false	1.0
schmerzvoll	neg 1.0		__DUMMY__ 0.4677185582685662 neg 0.31975424554146076 off 0.21252719618997298	false	1.0
vorzeitig	neg 1.0		__DUMMY__ 0.46590422497779044 neg 0.31749962353637906 off 0.21659615148583053	false	1.0
unvollkommenheit	neg 1.0		__DUMMY__ 0.4666849119721163 neg 0.3224227339772253 off 0.2108923540506583	false	1.0
intervenieren	neg 1.0		__DUMMY__ 0.4634732084563493 neg 0.3309612410660507 off 0.20556555047760006	false	1.0
banause	off 1.0		__DUMMY__ 0.4621569273286751 neg 0.31292427355936997 off 0.22491879911195498	false	0.5
rebell	neg 1.0		__DUMMY__ 0.4686218486259082 neg 0.32618354497006125 off 0.20519460640403048	false	1.0
unlogisch	neg 1.0		__DUMMY__ 0.46422749756397813 neg 0.31693235793052893 off 0.2188401445054928	false	1.0
leiden	neg 1.0	neg 1.0	neg 0.6511466359461795 __DUMMY__ 0.23141316877433457 off 0.11744019527948606	false	1.0
abschaffung	neg 1.0		__DUMMY__ 0.4636523314041944 neg 0.32523811759367877 off 0.2111095510021269	false	1.0
sturz	neg 1.0		__DUMMY__ 0.4628213507569287 neg 0.3257596846513897 off 0.21141896459168139	false	1.0
verkleinerung	neg 1.0		__DUMMY__ 0.46251283811233135 neg 0.32315539799912507 off 0.2143317638885436	false	1.0
schmarotzer	off 1.0		__DUMMY__ 0.4647194222769208 neg 0.3281672269656765 off 0.2071133507574028	false	0.5
bestrafung	neg 1.0		__DUMMY__ 0.4660686121516582 neg 0.32214863537093436 off 0.21178275247740747	false	1.0
achtlos	neg 1.0		__DUMMY__ 0.46945230600082294 neg 0.3198317910924137 off 0.21071590290676334	false	1.0
ungeheuer	neg 1.0		__DUMMY__ 0.46656974669460427 neg 0.320333271934978 off 0.21309698137041763	false	1.0
unaufrichtig	neg 1.0		__DUMMY__ 0.4622772030089435 neg 0.32470195184915157 off 0.21302084514190497	false	1.0
groggy	neg 1.0		__DUMMY__ 0.46545909464306473 neg 0.3200949312055386 off 0.21444597415139652	false	1.0
verletzlich	neg 1.0		__DUMMY__ 0.46594735762243 neg 0.3169398222907779 off 0.21711282008679206	false	1.0
