unsolidarisch	neg 1.0		__DUMMY__ 0.4600339626457754 neg 0.3302419202379273 off 0.2097241171162971	false	1.0
nachteilig	neg 1.0		__DUMMY__ 0.4667073720564521 neg 0.3255464063367641 off 0.20774622160678377	false	1.0
skeptisch	neg 1.0		__DUMMY__ 0.4682330859095283 neg 0.3267261444362402 off 0.20504076965423138	false	1.0
schrecklich	neg 1.0		__DUMMY__ 0.4656465084813751 neg 0.3143532130965243 off 0.22000027842210057	false	1.0
schlapp	neg 1.0		__DUMMY__ 0.46895013925025797 neg 0.3151151037177916 off 0.21593475703195036	false	1.0
abfall	neg 1.0		__DUMMY__ 0.4686045152878269 neg 0.32817186120070047 off 0.20322362351147263	false	1.0
widerspenstig	neg 1.0		__DUMMY__ 0.4694897507216686 neg 0.31968769051652113 off 0.2108225587618101	false	1.0
abrupt	neg 1.0		__DUMMY__ 0.47041357533931977 neg 0.3201026396696485 off 0.2094837849910319	false	1.0
unwirksam	neg 1.0		__DUMMY__ 0.46287371183659887 neg 0.32634808917507113 off 0.21077819898832995	false	1.0
angreifen	neg 1.0		__DUMMY__ 0.46652307007719773 neg 0.32734935615348176 off 0.2061275737693206	false	1.0
inkonsistent	neg 1.0		__DUMMY__ 0.4647012533570316 neg 0.3227174601459479 off 0.21258128649702057	false	1.0
abrutschen	neg 1.0		__DUMMY__ 0.46965427771625257 neg 0.3266712181770641 off 0.20367450410668334	false	1.0
unsicher	neg 1.0		__DUMMY__ 0.4680907710452745 neg 0.3211945379654987 off 0.21071469098922685	false	1.0
bauernkind	off 1.0		__DUMMY__ 0.46198239377653805 neg 0.3149833452223386 off 0.22303426100112334	false	0.5
angreifer	neg 1.0		__DUMMY__ 0.46350470602373367 neg 0.3230145742315315 off 0.21348071974473484	false	1.0
trennen	neg 1.0		__DUMMY__ 0.4721850297419808 neg 0.3209484177392378 off 0.20686655251878153	false	1.0
schmutz	neg 1.0		__DUMMY__ 0.47115218331502184 neg 0.3112941449337053 off 0.217553671751273	false	1.0
inkonsistenz	neg 1.0	neg 1.0	neg 0.652811193472914 __DUMMY__ 0.22581472874368042 off 0.12137407778340549	false	1.0
erschreckend	neg 1.0		__DUMMY__ 0.46664756697862464 neg 0.3242545732338126 off 0.2090978597875629	false	1.0
ertrinken	neg 1.0		__DUMMY__ 0.46952668251374235 neg 0.32303754941235197 off 0.20743576807390562	false	1.0
pickelface	off 1.0		__DUMMY__ 0.4648789810269347 neg 0.32384288132876415 off 0.2112781376443011	false	0.5
seiner			__DUMMY__ 0.46833329190766504 neg 0.32522682882808135 off 0.20643987926425358	false	0.0
lauch	neg 1.0		__DUMMY__ 0.4681016997659057 neg 0.3272278627293883 off 0.2046704375047061	false	1.0
unwichtig	neg 1.0		__DUMMY__ 0.465806310551559 neg 0.31894378236434295 off 0.215249907084098	false	1.0
steuerhinterziehung	neg 1.0		__DUMMY__ 0.4627083288250819 neg 0.3282889217877176 off 0.2090027493872003	false	1.0
schock	neg 1.0		__DUMMY__ 0.4702456955271046 neg 0.3203483185511083 off 0.2094059859217872	false	1.0
beule	neg 1.0		__DUMMY__ 0.46846689911113915 neg 0.3142103457046533 off 0.21732275518420763	false	1.0
vergelten	neg 1.0		__DUMMY__ 0.46327756473604104 neg 0.3155253661394674 off 0.22119706912449155	false	1.0
verdorbenheit	neg 1.0	neg 1.0	neg 0.6504508262772818 __DUMMY__ 0.2286764605874048 off 0.12087271313531342	false	1.0
trauma	neg 1.0		__DUMMY__ 0.466583267202285 neg 0.32081453106356705 off 0.21260220173414796	false	1.0
sinnlos	neg 1.0		__DUMMY__ 0.4669231445937731 neg 0.3201581694506695 off 0.21291868595555724	false	1.0
fettsack	off 1.0	off 1.0	off 0.5960389710173923 __DUMMY__ 0.224841038581944 neg 0.17911999040066354	false	1.0
feige	off 1.0		__DUMMY__ 0.4643289857936742 neg 0.32115516282091133 off 0.2145158513854145	false	0.5
abdanken	neg 1.0		__DUMMY__ 0.46144455327895373 neg 0.3295989906841854 off 0.20895645603686075	false	1.0
wichtigtuer	off 1.0	off 1.0	off 0.5904418872772007 __DUMMY__ 0.22577214994323358 neg 0.18378596277956558	false	1.0
misslingen	neg 1.0		__DUMMY__ 0.4695022497252052 neg 0.3169657654232534 off 0.21353198485154137	false	1.0
untreu	off 1.0		__DUMMY__ 0.4661564031390863 neg 0.3176191534424692 off 0.21622444341844446	false	0.5
missmutig	neg 1.0		__DUMMY__ 0.4685172853747695 neg 0.3162916755796361 off 0.21519103904559445	false	1.0
hurenbock	off 1.0		__DUMMY__ 0.4700975684024315 neg 0.316821798122014 off 0.21308063347555464	false	0.5
betrunken	neg 1.0		__DUMMY__ 0.4679485347130583 neg 0.31370224355898924 off 0.21834922172795235	false	1.0
korrupt	off 1.0		__DUMMY__ 0.4617858727317351 neg 0.3310652784949516 off 0.20714884877331313	false	0.5
unmut	neg 1.0		__DUMMY__ 0.4676551182737477 neg 0.32837605028620825 off 0.2039688314400441	false	1.0
hackfresse	off 1.0		__DUMMY__ 0.4641347327923964 neg 0.3124596355730175 off 0.2234056316345861	false	0.5
aufblasen	neg 1.0		__DUMMY__ 0.46953969888555874 neg 0.31780214889482816 off 0.21265815221961298	false	1.0
gewaltsam	neg 1.0		__DUMMY__ 0.4630882957049521 neg 0.3258741002009493 off 0.21103760409409866	false	1.0
unbeliebtheit	neg 1.0		__DUMMY__ 0.45795867706171833 neg 0.32611118140413464 off 0.21593014153414705	false	1.0
sturheit	neg 1.0		__DUMMY__ 0.4643450662074588 neg 0.3269737387853896 off 0.20868119500715157	false	1.0
kuh	neg 1.0		__DUMMY__ 0.46567648065404754 neg 0.3220082425246648 off 0.21231527682128767	false	1.0
erschrecken	neg 1.0		__DUMMY__ 0.4680797740735096 neg 0.3171461100809877 off 0.2147741158455027	false	1.0
opfer	neg 1.0	neg 1.0	neg 0.6554372797881801 __DUMMY__ 0.22714106090435512 off 0.11742165930746472	false	1.0
sinken	neg 1.0		__DUMMY__ 0.46795159638127276 neg 0.3272409881478027 off 0.20480741547092451	false	1.0
stinktier	neg 1.0		__DUMMY__ 0.4634660132963027 neg 0.3165638948716952 off 0.2199700918320022	false	1.0
tucke	off 1.0		__DUMMY__ 0.4643453108063457 neg 0.31169865846335737 off 0.22395603073029688	false	0.5
ein			__DUMMY__ 0.471411735196446 neg 0.3162985995519918 off 0.21228966525156234	false	0.0
abstieg	neg 1.0		__DUMMY__ 0.4653706077727462 neg 0.32609741554708466 off 0.20853197668016915	false	1.0
missverstehen	neg 1.0		__DUMMY__ 0.4647332063399872 neg 0.32300230227847065 off 0.2122644913815421	false	1.0
ergebnislos	neg 1.0		__DUMMY__ 0.4661205523230903 neg 0.32571082735351886 off 0.2081686203233908	false	1.0
unter			__DUMMY__ 0.4741793407098766 neg 0.32504034704911866 off 0.20078031224100476	false	0.0
manipulieren	neg 1.0		__DUMMY__ 0.46608370804216004 neg 0.32820780361497637 off 0.20570848834286343	false	1.0
unbewiesen	neg 1.0		__DUMMY__ 0.45927264554012964 neg 0.33151311990823373 off 0.20921423455163674	false	1.0
verschleppen	neg 1.0		__DUMMY__ 0.46502562482696697 neg 0.32738629543198355 off 0.20758807974104962	false	1.0
weib	off 1.0		__DUMMY__ 0.46361492996094406 neg 0.3115742211140841 off 0.22481084892497186	false	0.5
opposition	neg 1.0		__DUMMY__ 0.4623495059098831 neg 0.3259121872301508 off 0.21173830685996597	false	1.0
verkehrswidrig	neg 1.0		__DUMMY__ 0.4666056856061757 neg 0.31143864811621236 off 0.22195566627761196	false	1.0
inkorrekt	neg 1.0		__DUMMY__ 0.46100340060576284 neg 0.323603391476919 off 0.2153932079173181	false	1.0
vermeiden	neg 1.0		__DUMMY__ 0.47141762457650827 neg 0.3258645456355727 off 0.2027178297879189	false	1.0
abweichung	neg 1.0		__DUMMY__ 0.46197047516051193 neg 0.3310865315384376 off 0.20694299330105037	false	1.0
alkoholisiert	neg 1.0		__DUMMY__ 0.46910072209002146 neg 0.32220305338936817 off 0.20869622452061026	false	1.0
scheiss	off 1.0	off 1.0	off 0.5935915123330647 __DUMMY__ 0.22692261531014174 neg 0.17948587235679356	false	1.0
herausforderung	neg 1.0		__DUMMY__ 0.4721003121295354 neg 0.31865285014941985 off 0.20924683772104472	false	1.0
pervers	off 1.0		__DUMMY__ 0.4629573689826522 neg 0.30936490103883896 off 0.22767772997850869	false	0.5
wackelig	neg 1.0		__DUMMY__ 0.4725584937704605 neg 0.3180938408221193 off 0.2093476654074202	false	1.0
verwickeln	neg 1.0		__DUMMY__ 0.4656442722576529 neg 0.32219819505038716 off 0.21215753269195992	false	1.0
vorwand	neg 1.0		__DUMMY__ 0.4666171920538455 neg 0.32879710529199563 off 0.2045857026541587	false	1.0
muschi	off 1.0		__DUMMY__ 0.465191450839225 neg 0.32390360453886075 off 0.21090494462191436	false	0.5
entmutigung	neg 1.0		__DUMMY__ 0.4577918458743822 neg 0.33073246463451184 off 0.21147568949110607	false	1.0
unangemessen	neg 1.0		__DUMMY__ 0.46449091232725764 neg 0.32798697623438633 off 0.20752211143835614	false	1.0
unstetig	neg 1.0		__DUMMY__ 0.4644827399501451 neg 0.32129604115452576 off 0.21422121889532905	false	1.0
entmutigen	neg 1.0		__DUMMY__ 0.4675357908830033 neg 0.3206083842714017 off 0.21185582484559504	false	1.0
schwanz	neg 1.0		__DUMMY__ 0.46670377106056266 neg 0.32461028560525795 off 0.2086859433341793	false	1.0
verbot	neg 1.0		__DUMMY__ 0.4625505495078479 neg 0.3294771636712619 off 0.20797228682089008	false	1.0
leid	neg 1.0		__DUMMY__ 0.4645194360660821 neg 0.3140804958346266 off 0.22140006809929136	false	1.0
archaisch	neg 1.0		__DUMMY__ 0.4653106394811698 neg 0.3263958841420745 off 0.20829347637675583	false	1.0
gegen			__DUMMY__ 0.4666503898764587 neg 0.32812093696445743 off 0.20522867315908383	false	0.0
scheidung	neg 1.0	neg 1.0	neg 0.6410162533076184 __DUMMY__ 0.22486019613612088 off 0.13412355055626077	false	1.0
einschlag	neg 1.0		__DUMMY__ 0.4646643181211301 neg 0.3143737135125552 off 0.2209619683663146	false	1.0
m			__DUMMY__ 0.4690078849942668 neg 0.32114760918158136 off 0.20984450582415176	false	0.0
abgestanden	neg 1.0		__DUMMY__ 0.46878570966671634 neg 0.3201786461408146 off 0.211035644192469	false	1.0
schmierig	off 1.0		__DUMMY__ 0.4656055487331501 neg 0.3139741964272637 off 0.22042025483958627	false	0.5
unpraktisch	neg 1.0		__DUMMY__ 0.4699010247930608 neg 0.31743110712492095 off 0.2126678680820182	false	1.0
wixxer	off 1.0		__DUMMY__ 0.46150633076254005 neg 0.310996601941451 off 0.22749706729600894	false	0.5
bezeichnet			__DUMMY__ 0.4650694653336216 neg 0.32551024081693203 off 0.20942029384944646	false	0.0
jammerlappen	off 1.0		__DUMMY__ 0.4665729424204445 neg 0.3179610111575664 off 0.21546604642198905	false	0.5
farce	neg 1.0		__DUMMY__ 0.4599301173681652 neg 0.33228104395911445 off 0.20778883867272047	false	1.0
zwecklos	neg 1.0		__DUMMY__ 0.4655304166241663 neg 0.3270813804948379 off 0.20738820288099585	false	1.0
turbulent	neg 1.0		__DUMMY__ 0.4634883641194656 neg 0.31758078041126603 off 0.21893085546926833	false	1.0
invasion	neg 1.0		__DUMMY__ 0.4681779804559647 neg 0.31719361401593643 off 0.2146284055280988	false	1.0
schuld	neg 1.0		__DUMMY__ 0.4661635374793206 neg 0.32256397138032267 off 0.2112724911403567	false	1.0
risiko	neg 1.0		__DUMMY__ 0.46902256234698325 neg 0.3160226101333429 off 0.21495482751967399	false	1.0
finster	neg 1.0		__DUMMY__ 0.47041264784642295 neg 0.31770509704110256 off 0.21188225511247447	false	1.0
geisteskrank	off 1.0		__DUMMY__ 0.46276010358616243 neg 0.3208905306375987 off 0.216349365776239	false	0.5
zusammenbrechen	neg 1.0		__DUMMY__ 0.468448314299706 neg 0.32227200456134747 off 0.2092796811389464	false	1.0
ausbeute	neg 1.0		__DUMMY__ 0.47109274982441124 neg 0.32011656493814006 off 0.20879068523744868	false	1.0
hinterhalt	neg 1.0		__DUMMY__ 0.4665099514320973 neg 0.3216627934929482 off 0.2118272550749545	false	1.0
kritik	neg 1.0		__DUMMY__ 0.46112907246328444 neg 0.3307900589628449 off 0.20808086857387065	false	1.0
einschrumpfen	neg 1.0		__DUMMY__ 0.4616036740659322 neg 0.32458403643017597 off 0.21381228950389186	false	1.0
riskant	neg 1.0		__DUMMY__ 0.4676868142940589 neg 0.3257166945181995 off 0.20659649118774157	false	1.0
frustrieren	neg 1.0		__DUMMY__ 0.46713004536253444 neg 0.3264522175881649 off 0.20641773704930066	false	1.0
groll	neg 1.0		__DUMMY__ 0.4657897511764529 neg 0.3265242104686712 off 0.20768603835487584	false	1.0
gibt			__DUMMY__ 0.46758899011500143 neg 0.3237345296098136 off 0.208676480275185	false	0.0
qualvoll	neg 1.0		__DUMMY__ 0.46851530850447076 neg 0.3179081275631327 off 0.21357656393239643	false	1.0
wackeln	neg 1.0		__DUMMY__ 0.47082218351224886 neg 0.3168422878706511 off 0.2123355286170999	false	1.0
klagen	neg 1.0		__DUMMY__ 0.4656356785846617 neg 0.3301711452886011 off 0.20419317612673732	false	1.0
bankrott	neg 1.0		__DUMMY__ 0.46810089877479544 neg 0.3155428741530732 off 0.21635622707213148	false	1.0
trauern	neg 1.0		__DUMMY__ 0.4677534367682295 neg 0.32534875692724163 off 0.2068978063045287	false	1.0
ablehnung	neg 1.0	neg 1.0	neg 0.6574066845058719 __DUMMY__ 0.2243792948367178 off 0.1182140206574102	false	1.0
stur	neg 1.0		__DUMMY__ 0.46641201648439123 neg 0.3218342803088108 off 0.211753703206798	false	1.0
aufruhr	neg 1.0		__DUMMY__ 0.46281947794479966 neg 0.32672614510006714 off 0.21045437695513328	false	1.0
melancholie	neg 1.0		__DUMMY__ 0.47149498235193954 neg 0.31928400269336166 off 0.20922101495469883	false	1.0
ist			__DUMMY__ 0.4669311282782168 neg 0.32088913717285716 off 0.21217973454892608	false	0.0
torheit	neg 1.0		__DUMMY__ 0.4615368269462606 neg 0.32767824286041747 off 0.21078493019332195	false	1.0
dreckskind	off 1.0		__DUMMY__ 0.46069192857723246 neg 0.3178194502679296 off 0.22148862115483783	false	0.5
umtauschen	neg 1.0		__DUMMY__ 0.4699722162603405 neg 0.3190992938390245 off 0.21092848990063504	false	1.0
zum			__DUMMY__ 0.47512326604771726 neg 0.3205134705397228 off 0.20436326341256003	false	0.0
zersetzen	neg 1.0		__DUMMY__ 0.46604273007386415 neg 0.3288358999757537 off 0.20512136995038227	false	1.0
zur			__DUMMY__ 0.4697861316493497 neg 0.32738433204424644 off 0.20282953630640377	false	0.0
frust	neg 1.0		__DUMMY__ 0.4684435573527632 neg 0.3224791207817023 off 0.2090773218655345	false	1.0
unerbittlichkeit	neg 1.0		__DUMMY__ 0.4657885494463555 neg 0.3281396396181394 off 0.2060718109355051	false	1.0
zwei			__DUMMY__ 0.47320591915662746 neg 0.3211022615893303 off 0.20569181925404217	false	0.0
unkorrekt	neg 1.0		__DUMMY__ 0.462287392732685 neg 0.3211157752344533 off 0.21659683203286173	false	1.0
hexe	off 1.0		__DUMMY__ 0.466479743173738 neg 0.31735774178713805 off 0.21616251503912406	false	0.5
lasch	neg 1.0		__DUMMY__ 0.4645436317651045 neg 0.3219100125340586 off 0.213546355700837	false	1.0
rivale	neg 1.0		__DUMMY__ 0.4640247260499684 neg 0.31589635867195764 off 0.22007891527807397	false	1.0
mutlos	off 1.0	off 1.0	off 0.5873443057293218 __DUMMY__ 0.22567666134931022 neg 0.18697903292136797	false	1.0
wirr	off 1.0		__DUMMY__ 0.46228629895466194 neg 0.3194258813711984 off 0.21828781967413974	false	0.5
jahr			__DUMMY__ 0.4720485215831844 neg 0.32009045685917126 off 0.20786102155764438	false	0.0
wird			__DUMMY__ 0.4680654330676429 neg 0.324531102328577 off 0.20740346460378006	false	0.0
strafbar	neg 1.0		__DUMMY__ 0.46424796713178523 neg 0.32970407205092095 off 0.2060479608172938	false	1.0
erosion	neg 1.0		__DUMMY__ 0.4690945180050138 neg 0.3178246792178269 off 0.21308080277715932	false	1.0
eingehen	neg 1.0		__DUMMY__ 0.46628312118169085 neg 0.3264766035346633 off 0.20724027528364578	false	1.0
faul	off 1.0		__DUMMY__ 0.46909570844619797 neg 0.31513693245995406 off 0.21576735909384792	false	0.5
provisorium	neg 1.0		__DUMMY__ 0.4726819954651317 neg 0.32752257161830656 off 0.19979543291656165	false	1.0
schmerzen	neg 1.0		__DUMMY__ 0.4694296256916001 neg 0.32064275753730814 off 0.20992761677109176	false	1.0
schrumpfen	neg 1.0		__DUMMY__ 0.46938511583832493 neg 0.3284426288882287 off 0.2021722552734465	false	1.0
geistlos	off 1.0		__DUMMY__ 0.4598834549620565 neg 0.32821565983780615 off 0.2119008852001374	false	0.5
fehlkauf	neg 1.0		__DUMMY__ 0.46501986606864365 neg 0.32147616045987126 off 0.21350397347148506	false	1.0
frustrierend	neg 1.0	neg 1.0	neg 0.6509793693324736 __DUMMY__ 0.22727335125304618 off 0.12174727941448021	false	1.0
unzufrieden	neg 1.0		__DUMMY__ 0.46676325469149793 neg 0.3254622292455899 off 0.2077745160629122	false	1.0
verzweifeln	neg 1.0		__DUMMY__ 0.4683000418992283 neg 0.3215451542778052 off 0.21015480382296636	false	1.0
verzweifelt	neg 1.0		__DUMMY__ 0.46708016481391873 neg 0.3210485073706122 off 0.2118713278154691	false	1.0
misstrauensantrag	neg 1.0		__DUMMY__ 0.46444565466236487 neg 0.3222337963653127 off 0.21332054897232253	false	1.0
abfallen	neg 1.0		__DUMMY__ 0.4712865278662767 neg 0.31614420171043145 off 0.21256927042329185	false	1.0
fucker	off 1.0		__DUMMY__ 0.46442315450851673 neg 0.3167147824185444 off 0.2188620630729389	false	0.5
ungezogen	neg 1.0		__DUMMY__ 0.46469479294780147 neg 0.30996166005479664 off 0.2253435469974018	false	1.0
irrsinnig	neg 1.0	neg 1.0	neg 0.6534362213008841 __DUMMY__ 0.2266495491913239 off 0.1199142295077919	false	1.0
unfassbar	neg 1.0		__DUMMY__ 0.46625683785681615 neg 0.3178378570355719 off 0.21590530510761197	false	1.0
hart	neg 1.0		__DUMMY__ 0.4643132635642814 neg 0.32003116965550177 off 0.2156555667802167	false	1.0
widerlich	off 1.0		__DUMMY__ 0.46440116222460864 neg 0.31922802457140015 off 0.21637081320399107	false	0.5
fatal	neg 1.0		__DUMMY__ 0.4655712021221871 neg 0.3208762676794443 off 0.2135525301983687	false	1.0
bruch	neg 1.0		__DUMMY__ 0.4651966444602306 neg 0.3311844097970257 off 0.20361894574274386	false	1.0
aushungern	neg 1.0		__DUMMY__ 0.46208148031991225 neg 0.3280874866816892 off 0.20983103299839853	false	1.0
anspannung	neg 1.0		__DUMMY__ 0.47089485404962494 neg 0.3250200716712602 off 0.204085074279115	false	1.0
von			__DUMMY__ 0.4721384523092102 neg 0.320987889678742 off 0.20687365801204793	false	0.0
kraftlos	neg 1.0		__DUMMY__ 0.47127442380449264 neg 0.32009980885521694 off 0.2086257673402904	false	1.0
vom			__DUMMY__ 0.47441675995200244 neg 0.323967118564478 off 0.20161612148351957	false	0.0
grenzdebil	off 1.0		__DUMMY__ 0.4667790019402794 neg 0.31595695091539655 off 0.21726404714432396	false	0.5
vor			__DUMMY__ 0.47032874893629295 neg 0.3245109955154256 off 0.20516025554828146	false	0.0
unterwerfen	neg 1.0		__DUMMY__ 0.46582676453330457 neg 0.32745386999327386 off 0.20671936547342173	false	1.0
versenkung	neg 1.0		__DUMMY__ 0.467123408469613 neg 0.3263684248809756 off 0.20650816664941135	false	1.0
entziehen	neg 1.0		__DUMMY__ 0.46713231846243297 neg 0.3287253148388159 off 0.2041423666987511	false	1.0
finanzkrise	neg 1.0		__DUMMY__ 0.46188055976861303 neg 0.32876203920589997 off 0.20935740102548697	false	1.0
schimpfend	neg 1.0		__DUMMY__ 0.47242191100469116 neg 0.31381499070315466 off 0.2137630982921542	false	1.0
profan	neg 1.0		__DUMMY__ 0.4674305290365134 neg 0.31951023896915653 off 0.21305923199432997	false	1.0
korruption	neg 1.0		__DUMMY__ 0.4622552654217657 neg 0.33033379588874107 off 0.20741093868949323	false	1.0
â			__DUMMY__ 0.4685583379550593 neg 0.32273000643012756 off 0.2087116556148133	false	0.0
schmutzig	neg 1.0		__DUMMY__ 0.46907816418042153 neg 0.31359958045759323 off 0.2173222553619852	false	1.0
sexy	neg 1.0		__DUMMY__ 0.46699612080849406 neg 0.31753632976616225 off 0.21546754942534357	false	1.0
abraten	neg 1.0		__DUMMY__ 0.4683687124640109 neg 0.3193422732407914 off 0.21228901429519767	false	1.0
schwarz	neg 1.0		__DUMMY__ 0.4661600793020123 neg 0.3210801277812258 off 0.21275979291676195	false	1.0
fotze	off 1.0		__DUMMY__ 0.4654253806351135 neg 0.3256889045620929 off 0.20888571480279353	false	0.5
verwirren	neg 1.0		__DUMMY__ 0.4671583323548726 neg 0.3189507095688258 off 0.21389095807630162	false	1.0
zahnlos	off 1.0		__DUMMY__ 0.4655398501856019 neg 0.3266394558555907 off 0.20782069395880756	false	0.5
verheeren	neg 1.0		__DUMMY__ 0.4599800248402639 neg 0.3136983155667778 off 0.22632165959295827	false	1.0
hippie	neg 1.0		__DUMMY__ 0.46651153737542816 neg 0.31839389579430927 off 0.21509456683026257	false	1.0
rammen	neg 1.0		__DUMMY__ 0.46769668753105786 neg 0.31825863786323205 off 0.21404467460571014	false	1.0
unlauter	neg 1.0	neg 1.0	neg 0.6536865756740172 __DUMMY__ 0.22548665001037746 off 0.12082677431560536	false	1.0
unheilvoll	neg 1.0		__DUMMY__ 0.46814527459717925 neg 0.31882461638492493 off 0.2130301090178958	false	1.0
niedrig	neg 1.0		__DUMMY__ 0.4669409736044214 neg 0.3252199686176165 off 0.20783905777796224	false	1.0
explosion	neg 1.0		__DUMMY__ 0.4675499819320616 neg 0.31769690957810914 off 0.21475310848982923	false	1.0
weichei	off 1.0		__DUMMY__ 0.4643055262818143 neg 0.313540497753125 off 0.2221539759650606	false	0.5
minusmensch	off 1.0		__DUMMY__ 0.4593179977357853 neg 0.31462945085350386 off 0.22605255141071084	false	0.5
farblos	neg 1.0		__DUMMY__ 0.4654836710948911 neg 0.32316029387103523 off 0.21135603503407366	false	1.0
unwissend	neg 1.0	neg 1.0	neg 0.6514353907508408 __DUMMY__ 0.2261085155282598 off 0.12245609372089954	false	1.0
traurig	neg 1.0		__DUMMY__ 0.46677843995500007 neg 0.31405751903011025 off 0.21916404101488957	false	1.0
senkung	neg 1.0		__DUMMY__ 0.46526267387786424 neg 0.32079535499520984 off 0.21394197112692595	false	1.0
ungleich	neg 1.0	neg 1.0	neg 0.6566248596202926 __DUMMY__ 0.2262525266404127 off 0.11712261373929475	false	1.0
heikel	neg 1.0		__DUMMY__ 0.4670077306879384 neg 0.32761654145486 off 0.20537572785720176	false	1.0
drosselung	neg 1.0		__DUMMY__ 0.4670955405568919 neg 0.3132415450280584 off 0.2196629144150498	false	1.0
falsch	neg 1.0		__DUMMY__ 0.46621777898170225 neg 0.31910230515970767 off 0.21467991585859003	false	1.0
unzufriedenheit	neg 1.0		__DUMMY__ 0.4664697352045167 neg 0.32846342850485133 off 0.20506683629063202	false	1.0
kurz	neg 1.0		__DUMMY__ 0.4708614638868916 neg 0.3193718543174469 off 0.2097666817956616	false	1.0
unsinnig	neg 1.0		__DUMMY__ 0.4664692675831687 neg 0.3252825614130191 off 0.20824817100381227	false	1.0
penner	off 1.0	off 1.0	off 0.5973940906586616 __DUMMY__ 0.2259102079892171 neg 0.17669570135212126	false	1.0
seicht	neg 1.0		__DUMMY__ 0.46119353682173503 neg 0.3147567536440369 off 0.22404970953422804	false	1.0
dummheit	off 1.0	off 1.0	off 0.5908854945400408 __DUMMY__ 0.22574158433573036 neg 0.18337292112422884	false	1.0
unerfreulich	neg 1.0		__DUMMY__ 0.46825230117249184 neg 0.32669716559652606 off 0.20505053323098207	false	1.0
motherfucker	off 1.0	off 1.0	off 0.5943269138461479 __DUMMY__ 0.22561662629809925 neg 0.1800564598557528	false	1.0
pikiert	neg 1.0		__DUMMY__ 0.4648741093277593 neg 0.32000548613194624 off 0.2151204045402945	false	1.0
wrack	neg 1.0		__DUMMY__ 0.4684837246549779 neg 0.32271104379794974 off 0.20880523154707228	false	1.0
gangster	neg 1.0		__DUMMY__ 0.4664209565159303 neg 0.3194322840646134 off 0.21414675941945616	false	1.0
krank	neg 1.0		__DUMMY__ 0.46884978806879846 neg 0.31342272865637544 off 0.21772748327482627	false	1.0
reich	neg 1.0		__DUMMY__ 0.45998313879340846 neg 0.3248326108533142 off 0.2151842503532772	false	1.0
gnadenlos	neg 1.0		__DUMMY__ 0.4670992685290392 neg 0.32116570404301037 off 0.21173502742795028	false	1.0
niedergeschlagen	neg 1.0		__DUMMY__ 0.46842216633335476 neg 0.32224978546736005 off 0.20932804819928516	false	1.0
terrorisieren	off 1.0	off 1.0	off 0.587480726691779 __DUMMY__ 0.22719888639381175 neg 0.18532038691440933	false	1.0
sinnlosigkeit	neg 1.0		__DUMMY__ 0.4659173398823568 neg 0.3261294029698135 off 0.20795325714782978	false	1.0
behindern	neg 1.0		__DUMMY__ 0.4688313840715518 neg 0.32009563580358263 off 0.21107298012486556	false	1.0
undemokratisch	neg 1.0		__DUMMY__ 0.46124142840996113 neg 0.3278212637529461 off 0.21093730783709266	false	1.0
wirtschaftskrise	neg 1.0		__DUMMY__ 0.46387618436695505 neg 0.3283233124155547 off 0.20780050321749027	false	1.0
neid	neg 1.0		__DUMMY__ 0.4689477006965896 neg 0.31611785055881303 off 0.21493444874459733	false	1.0
rutschen	neg 1.0		__DUMMY__ 0.475252835869078 neg 0.3202179829801274 off 0.2045291811507945	false	1.0
rezession	neg 1.0		__DUMMY__ 0.4605289711931937 neg 0.3197168646822989 off 0.2197541641245074	false	1.0
fehlgeburt	neg 1.0		__DUMMY__ 0.4670340572566361 neg 0.32155058442105156 off 0.21141535832231234	false	1.0
charakterschwach	off 1.0		__DUMMY__ 0.4647143490321371 neg 0.31898639563515474 off 0.2162992553327082	false	0.5
isolation	neg 1.0		__DUMMY__ 0.46729454315585733 neg 0.31605980680612156 off 0.2166456500380211	false	1.0
ablenkung	neg 1.0		__DUMMY__ 0.4690947224757171 neg 0.31943805908751893 off 0.211467218436764	false	1.0
pech	neg 1.0		__DUMMY__ 0.46795897916870116 neg 0.3178122243874942 off 0.2142287964438046	false	1.0
vermeidung	neg 1.0		__DUMMY__ 0.4678831468619613 neg 0.3135796156974529 off 0.2185372374405858	false	1.0
dominieren	neg 1.0		__DUMMY__ 0.46722736022595523 neg 0.32325703656671934 off 0.20951560320732546	false	1.0
schwindlig	neg 1.0		__DUMMY__ 0.47014948909613147 neg 0.31539586076189763 off 0.214454650141971	false	1.0
lutscher	neg 1.0		__DUMMY__ 0.4620259347164094 neg 0.31275878524941464 off 0.225215280034176	false	1.0
pflicht	neg 1.0		__DUMMY__ 0.4669577370955627 neg 0.3278036556472136 off 0.2052386072572237	false	1.0
faschist	off 1.0		__DUMMY__ 0.4614939792478646 neg 0.3263563582616091 off 0.21214966249052641	false	0.5
verschleudern	neg 1.0		__DUMMY__ 0.46444250154520084 neg 0.328284345682409 off 0.20727315277239003	false	1.0
wenn			__DUMMY__ 0.4668554850664714 neg 0.31827869716576246 off 0.2148658177677662	false	0.0
ehebruch	neg 1.0		__DUMMY__ 0.46444581310336724 neg 0.32880763522489354 off 0.2067465516717391	false	1.0
spott	off 1.0		__DUMMY__ 0.465113885817237 neg 0.3285959216066863 off 0.20629019257607653	false	0.5
trostlosigkeit	neg 1.0		__DUMMY__ 0.4634486814814536 neg 0.33206064037282856 off 0.20449067814571786	false	1.0
lutschen	neg 1.0		__DUMMY__ 0.4638224518055972 neg 0.32105968155969733 off 0.21511786663470542	false	1.0
undiszipliniert	neg 1.0		__DUMMY__ 0.46566955356300654 neg 0.31620306735834003 off 0.2181273790786535	false	1.0
kopfschmerz	neg 1.0		__DUMMY__ 0.46855970885947873 neg 0.3210106225475136 off 0.21042966859300768	false	1.0
unvorhergesehen	neg 1.0		__DUMMY__ 0.4718645943820886 neg 0.3183695786928354 off 0.20976582692507595	false	1.0
desinteressiert	neg 1.0		__DUMMY__ 0.4648525973635534 neg 0.31746776440248325 off 0.21767963823396339	false	1.0
armselig	off 1.0		__DUMMY__ 0.46347506451810006 neg 0.3181452457054138 off 0.2183796897764862	false	0.5
desaster	neg 1.0		__DUMMY__ 0.4649113753950101 neg 0.33193314600084756 off 0.20315547860414226	false	1.0
tod	neg 1.0		__DUMMY__ 0.4624819911901036 neg 0.3317573796204972 off 0.20576062918939916	false	1.0
herzlos	neg 1.0		__DUMMY__ 0.4658789361704886 neg 0.31445356949431286 off 0.21966749433519855	false	1.0
unwissenheit	neg 1.0		__DUMMY__ 0.4646716684333668 neg 0.3277721129190352 off 0.20755621864759807	false	1.0
widersinnig	neg 1.0		__DUMMY__ 0.4619528649941913 neg 0.32978410037835404 off 0.2082630346274547	false	1.0
bedenklich	neg 1.0		__DUMMY__ 0.46665659560292266 neg 0.3269291234847583 off 0.20641428091231914	false	1.0
beanstanden	neg 1.0		__DUMMY__ 0.46719063652645104 neg 0.32792022030195633 off 0.20488914317159246	false	1.0
panisch	neg 1.0	neg 1.0	neg 0.6486586681422235 __DUMMY__ 0.22986008093963398 off 0.1214812509181425	false	1.0
debil	off 1.0		__DUMMY__ 0.46835047161950955 neg 0.32949466654766285 off 0.20215486183282771	false	0.5
abstrich	neg 1.0		__DUMMY__ 0.470370913250013 neg 0.3179238822317374 off 0.2117052045182496	false	1.0
primitiv	neg 1.0		__DUMMY__ 0.4643180648395492 neg 0.31868188750083287 off 0.21700004765961797	false	1.0
abschaum	off 1.0	off 1.0	off 0.5922928792598798 __DUMMY__ 0.22524947849937724 neg 0.18245764224074282	false	1.0
provozieren	neg 1.0		__DUMMY__ 0.4651313496983535 neg 0.3243291377769392 off 0.2105395125247073	false	1.0
tot	neg 1.0		__DUMMY__ 0.4667127154607392 neg 0.3235623926023528 off 0.209724891936908	false	1.0
instabil	neg 1.0		__DUMMY__ 0.4625637650491843 neg 0.31796366218648986 off 0.21947257276432586	false	1.0
schwuchtel	off 1.0		__DUMMY__ 0.45900204028231956 neg 0.3106927733540966 off 0.2303051863635839	false	0.5
zerren	neg 1.0		__DUMMY__ 0.46858384458663616 neg 0.32211918462595746 off 0.20929697078740642	false	1.0
kinderficker	off 1.0		__DUMMY__ 0.46211975322604043 neg 0.3173296234674007 off 0.22055062330655886	false	0.5
gefahr	neg 1.0		__DUMMY__ 0.4657393106582148 neg 0.3273704954307733 off 0.2068901939110118	false	1.0
rabiat	neg 1.0		__DUMMY__ 0.4670775926693286 neg 0.32221140417086286 off 0.2107110031598086	false	1.0
verlangsamung	neg 1.0		__DUMMY__ 0.4600420735805206 neg 0.31674058832572705 off 0.22321733809375227	false	1.0
ausgestorben	neg 1.0		__DUMMY__ 0.4683065547985312 neg 0.32234668433396985 off 0.20934676086749887	false	1.0
anklagen	neg 1.0		__DUMMY__ 0.46423897065766 neg 0.3261845160244097 off 0.20957651331793029	false	1.0
trott	neg 1.0		__DUMMY__ 0.46810161416369145 neg 0.3208389940848887 off 0.21105939175141994	false	1.0
verminderung	neg 1.0		__DUMMY__ 0.4655252186301676 neg 0.3157052308866893 off 0.2187695504831431	false	1.0
nach			__DUMMY__ 0.4728002362291325 neg 0.32354875897888474 off 0.2036510047919828	false	0.0
rost	neg 1.0		__DUMMY__ 0.4620143004028467 neg 0.3139205185225624 off 0.22406518107459097	false	1.0
destruktiv	neg 1.0	neg 1.0	neg 0.6557712623793536 __DUMMY__ 0.22555601268343253 off 0.118672724937214	false	1.0
unzumutbarkeit	neg 1.0		__DUMMY__ 0.46642152468684966 neg 0.3154465404958197 off 0.21813193481733062	false	1.0
labil	off 1.0	off 1.0	off 0.5930750170752177 __DUMMY__ 0.22567337730111078 neg 0.18125160562367154	false	1.0
ziemlich	neg 1.0		__DUMMY__ 0.46681304858245826 neg 0.316452338251134 off 0.21673461316640777	false	1.0
lachnummer	off 1.0		__DUMMY__ 0.46451930211233 neg 0.32635493497086615 off 0.20912576291680393	false	0.5
oder			__DUMMY__ 0.4694424359488079 neg 0.31942717845204127 off 0.2111303855991508	false	0.0
verfall	neg 1.0		__DUMMY__ 0.4681787428465351 neg 0.32989536323432944 off 0.20192589391913549	false	1.0
ausgrenzung	neg 1.0		__DUMMY__ 0.46177943455591347 neg 0.32631757213932433 off 0.21190299330476206	false	1.0
unordnung	neg 1.0		__DUMMY__ 0.4637458612923883 neg 0.31567970509180404 off 0.22057443361580767	false	1.0
fehlverhalten	neg 1.0		__DUMMY__ 0.465294742617744 neg 0.32865205511654005 off 0.20605320226571605	false	1.0
eine			__DUMMY__ 0.46997895553130176 neg 0.32459076916486507 off 0.2054302753038331	false	0.0
nille	neg 1.0		__DUMMY__ 0.46434155980607383 neg 0.3252569807114447 off 0.21040145948248137	false	1.0
qual	neg 1.0		__DUMMY__ 0.4677292299961746 neg 0.3213963967233539 off 0.21087437328047146	false	1.0
verschwenden	neg 1.0		__DUMMY__ 0.46788169873370755 neg 0.3252221770255085 off 0.20689612424078385	false	1.0
riesig	neg 1.0		__DUMMY__ 0.4671935061400304 neg 0.323058949658551 off 0.20974754420141864	false	1.0
verurteilen	neg 1.0		__DUMMY__ 0.46388427386632847 neg 0.32855814470804906 off 0.20755758142562256	false	1.0
klischee	neg 1.0	neg 1.0	neg 0.6530089791132778 __DUMMY__ 0.22564182168725522 off 0.121349199199467	false	1.0
diktatorisch	neg 1.0		__DUMMY__ 0.4599072895031049 neg 0.32960186646154277 off 0.21049084403535243	false	1.0
vorhersehbar	neg 1.0		__DUMMY__ 0.4640476425097947 neg 0.3237713565251382 off 0.21218100096506715	false	1.0
sowie			__DUMMY__ 0.4616272139465372 neg 0.31622657716455316 off 0.22214620888890954	false	0.0
stornieren	neg 1.0		__DUMMY__ 0.46954119137633266 neg 0.3160409535612772 off 0.21441785506239022	false	1.0
besteuerung	neg 1.0		__DUMMY__ 0.4654562551911349 neg 0.32253818696338477 off 0.21200555784548034	false	1.0
ungeschminkt	neg 1.0		__DUMMY__ 0.46553044971871416 neg 0.31741230744704735 off 0.21705724283423858	false	1.0
kritisch	neg 1.0		__DUMMY__ 0.4651534278868631 neg 0.3285056769168403 off 0.2063408951962967	false	1.0
schlamperei	off 1.0		__DUMMY__ 0.4643086815444208 neg 0.3289139377562595 off 0.20677738069931978	false	0.5
sucht	neg 1.0	neg 1.0	neg 0.6486523248220768 __DUMMY__ 0.229387132219915 off 0.12196054295800825	false	1.0
egoistisch	off 1.0		__DUMMY__ 0.4639380280789555 neg 0.31423885168910365 off 0.2218231202319408	false	0.5
ausbeuter	off 1.0		__DUMMY__ 0.4641731207578737 neg 0.3305146136545481 off 0.20531226558757829	false	0.5
arschgeburt	off 1.0		__DUMMY__ 0.4590110073730338 neg 0.3108270490889466 off 0.2301619435380197	false	0.5
schubs	neg 1.0	neg 1.0	neg 0.6518055731838959 __DUMMY__ 0.22952219560473092 off 0.11867223121137317	false	1.0
unsolide	neg 1.0		__DUMMY__ 0.45790172865196177 neg 0.3284344669719937 off 0.21366380437604446	false	1.0
beschwerde	neg 1.0		__DUMMY__ 0.46519177967685055 neg 0.326844596279306 off 0.20796362404384355	false	1.0
stocken	neg 1.0		__DUMMY__ 0.4671839069722528 neg 0.32493762561483475 off 0.20787846741291247	false	1.0
isolieren	neg 1.0		__DUMMY__ 0.46894182654250444 neg 0.3205408522933941 off 0.21051732116410152	false	1.0
unheilbar	neg 1.0		__DUMMY__ 0.4655355644430558 neg 0.3235492310032728 off 0.21091520455367135	false	1.0
pisser	off 1.0		__DUMMY__ 0.46287196556117205 neg 0.3176053218586916 off 0.2195227125801363	false	0.5
löschen	neg 1.0		__DUMMY__ 0.4663469283529902 neg 0.321660871296412 off 0.21199220035059782	false	1.0
durchfallen	neg 1.0		__DUMMY__ 0.46674603290774713 neg 0.326241403051635 off 0.2070125640406179	false	1.0
wichser	off 1.0		__DUMMY__ 0.4629402367169803 neg 0.3102634081920962 off 0.2267963550909235	false	0.5
terror	neg 1.0		__DUMMY__ 0.4686928940412427 neg 0.3158226004804494 off 0.21548450547830794	false	1.0
krass	neg 1.0		__DUMMY__ 0.46554797883471716 neg 0.3143870759713384 off 0.22006494519394437	false	1.0
revolte	neg 1.0	neg 1.0	neg 0.6561403302742068 __DUMMY__ 0.22302031423834534 off 0.12083935548744772	false	1.0
besorgt	neg 1.0		__DUMMY__ 0.47133659424701696 neg 0.3186605264302165 off 0.2100028793227666	false	1.0
nachlassen	neg 1.0		__DUMMY__ 0.4682403415405011 neg 0.32310016718893425 off 0.20865949127056452	false	1.0
alt	neg 1.0		__DUMMY__ 0.470323085828902 neg 0.3224814098438625 off 0.20719550432723563	false	1.0
hundesohn	off 1.0		__DUMMY__ 0.46045741738827306 neg 0.31416763076312487 off 0.22537495184860223	false	0.5
als			__DUMMY__ 0.4691117849040675 neg 0.32230503868451105 off 0.2085831764114215	false	0.0
abschreckung	neg 1.0		__DUMMY__ 0.46531416983003276 neg 0.33012656893137826 off 0.20455926123858895	false	1.0
unqualifiziert	neg 1.0	neg 1.0	neg 0.6534006924848251 __DUMMY__ 0.22579381122533904 off 0.12080549628983572	false	1.0
abgewichst	off 1.0		__DUMMY__ 0.46601116386613556 neg 0.32432713149269005 off 0.2096617046411745	false	0.5
schwer	neg 1.0		__DUMMY__ 0.468203119105143 neg 0.3214622989798306 off 0.21033458191502635	false	1.0
bedeutungslosigkeit	neg 1.0		__DUMMY__ 0.46564795587563906 neg 0.3288944867751283 off 0.20545755734923266	false	1.0
kapitulation	neg 1.0		__DUMMY__ 0.46138590111161293 neg 0.33200271759976546 off 0.2066113812886217	false	1.0
unscharf	neg 1.0		__DUMMY__ 0.4671881070049625 neg 0.3187520567501033 off 0.21405983624493422	false	1.0
schwinden	neg 1.0		__DUMMY__ 0.46667288734274204 neg 0.3273640467913183 off 0.20596306586593977	false	1.0
versklavung	neg 1.0	neg 1.0	neg 0.656269524477137 __DUMMY__ 0.22404075775586313 off 0.1196897177669999	false	1.0
schlecht	neg 1.0		__DUMMY__ 0.46705166987499663 neg 0.315802060182481 off 0.21714626994252229	false	1.0
verhasst	neg 1.0		__DUMMY__ 0.4644243848095613 neg 0.3251747931609904 off 0.2104008220294483	false	1.0
beschweren	neg 1.0		__DUMMY__ 0.4674971972956333 neg 0.3200398174082772 off 0.21246298529608942	false	1.0
scheiden	neg 1.0		__DUMMY__ 0.46862804050889995 neg 0.32089121591445036 off 0.21048074357664967	false	1.0
frustriert	neg 1.0		__DUMMY__ 0.46760608885671406 neg 0.3232310331999459 off 0.20916287794334013	false	1.0
schimmelig	neg 1.0		__DUMMY__ 0.46697973110976426 neg 0.3257811633204429 off 0.20723910556979286	false	1.0
fisch	neg 1.0	neg 1.0	neg 0.6522172975086619 __DUMMY__ 0.22920393129943709 off 0.118578771191901	false	1.0
schmuggel	neg 1.0		__DUMMY__ 0.46903683436137855 neg 0.32491375995733396 off 0.20604940568128755	false	1.0
auffallen	neg 1.0		__DUMMY__ 0.467231623550054 neg 0.3198063720677702 off 0.21296200438217583	false	1.0
konkurrenz	neg 1.0		__DUMMY__ 0.469106506062063 neg 0.32559677423842287 off 0.20529671969951419	false	1.0
teufelskreis	neg 1.0	neg 1.0	neg 0.6546495783028884 __DUMMY__ 0.22664376711318093 off 0.11870665458393065	false	1.0
aufschreien	neg 1.0		__DUMMY__ 0.4649278777635189 neg 0.3227303593453256 off 0.21234176289115533	false	1.0
schuldner	neg 1.0		__DUMMY__ 0.4645679879746055 neg 0.3292243083095936 off 0.20620770371580097	false	1.0
missgeburt	off 1.0	off 1.0	off 0.5964856607768815 __DUMMY__ 0.2245254770028826 neg 0.17898886222023602	false	1.0
arbeitslos	neg 1.0		__DUMMY__ 0.46611759929440705 neg 0.32590429971214196 off 0.20797810099345093	false	1.0
befallen	neg 1.0		__DUMMY__ 0.46105512852476893 neg 0.33222624608733287 off 0.20671862538789806	false	1.0
miesepetrig	off 1.0		__DUMMY__ 0.46775080396324553 neg 0.3153318061474536 off 0.21691738988930082	false	0.5
alarmieren	neg 1.0		__DUMMY__ 0.4628847169970478 neg 0.32188040676545177 off 0.2152348762375005	false	1.0
ungeduscht	off 1.0		__DUMMY__ 0.4674419110902186 neg 0.3183156133713777 off 0.2142424755384037	false	0.5
knappheit	neg 1.0		__DUMMY__ 0.46507413554058497 neg 0.3268924876847956 off 0.2080333767746195	false	1.0
schlange	neg 1.0		__DUMMY__ 0.4696745457102949 neg 0.3174577694652766 off 0.21286768482442853	false	1.0
harsch	neg 1.0		__DUMMY__ 0.4665154680066821 neg 0.30978027389554214 off 0.22370425809777578	false	1.0
lang	neg 1.0		__DUMMY__ 0.467016714867852 neg 0.32074889742981366 off 0.21223438770233446	false	1.0
ziellos	neg 1.0		__DUMMY__ 0.46837006429968464 neg 0.3237054811957301 off 0.20792445450458508	false	1.0
selbstverliebt	neg 1.0		__DUMMY__ 0.45947638048246087 neg 0.31334506299191184 off 0.22717855652562732	false	1.0
beseitigen	neg 1.0		__DUMMY__ 0.46907428152441283 neg 0.31845002963985575 off 0.21247568883573148	false	1.0
dumm	off 1.0		__DUMMY__ 0.4629895771127999 neg 0.3146234088744654 off 0.22238701401273475	false	0.5
arbeitsloser	neg 1.0		__DUMMY__ 0.46671688982817533 neg 0.32602642173228413 off 0.20725668843954045	false	1.0
blitzen	neg 1.0		__DUMMY__ 0.46504153952439947 neg 0.320529203377569 off 0.2144292570980315	false	1.0
hilflos	neg 1.0		__DUMMY__ 0.46769265390802395 neg 0.32355861327902424 off 0.20874873281295167	false	1.0
eklig	off 1.0		__DUMMY__ 0.46226107497068225 neg 0.3145107007696328 off 0.22322822425968486	false	0.5
begriff			__DUMMY__ 0.4663556983821851 neg 0.3247784401009726 off 0.20886586151684228	false	0.0
hungersnot	neg 1.0		__DUMMY__ 0.46078649230474555 neg 0.33026318785382974 off 0.20895031984142481	false	1.0
ungesetzlich	neg 1.0		__DUMMY__ 0.46071589249076367 neg 0.3271449411845225 off 0.21213916632471394	false	1.0
verschwendung	neg 1.0		__DUMMY__ 0.4673228324577718 neg 0.3269283581955678 off 0.20574880934666046	false	1.0
schmerzvoll	neg 1.0		__DUMMY__ 0.4677185582685666 neg 0.3197542455414608 off 0.21252719618997262	false	1.0
vorzeitig	neg 1.0		__DUMMY__ 0.46590422497778994 neg 0.31749962353637917 off 0.21659615148583095	false	1.0
unvollkommenheit	neg 1.0		__DUMMY__ 0.4666849119721161 neg 0.32242273397722554 off 0.21089235405065848	false	1.0
intervenieren	neg 1.0		__DUMMY__ 0.4634732084563492 neg 0.3309612410660506 off 0.20556555047760022	false	1.0
banause	off 1.0		__DUMMY__ 0.4621569273286749 neg 0.31292427355937025 off 0.22491879911195492	false	0.5
rebell	neg 1.0		__DUMMY__ 0.46862184862590806 neg 0.32618354497006136 off 0.20519460640403053	false	1.0
unlogisch	neg 1.0		__DUMMY__ 0.46422749756397813 neg 0.3169323579305286 off 0.21884014450549322	false	1.0
leiden	neg 1.0	neg 1.0	neg 0.6511466359461794 __DUMMY__ 0.2314131687743346 off 0.11744019527948601	false	1.0
abschaffung	neg 1.0		__DUMMY__ 0.4636523314041945 neg 0.3252381175936789 off 0.21110955100212664	false	1.0
sturz	neg 1.0		__DUMMY__ 0.4628213507569283 neg 0.32575968465138966 off 0.21141896459168188	false	1.0
verkleinerung	neg 1.0		__DUMMY__ 0.46251283811233096 neg 0.3231553979991249 off 0.21433176388854408	false	1.0
schmarotzer	off 1.0		__DUMMY__ 0.4647194222769206 neg 0.3281672269656767 off 0.20711335075740275	false	0.5
bestrafung	neg 1.0		__DUMMY__ 0.46606861215165846 neg 0.32214863537093424 off 0.21178275247740724	false	1.0
achtlos	neg 1.0		__DUMMY__ 0.46945230600082305 neg 0.31983179109241383 off 0.21071590290676315	false	1.0
ungeheuer	neg 1.0		__DUMMY__ 0.46656974669460466 neg 0.32033327193497785 off 0.21309698137041744	false	1.0
unaufrichtig	neg 1.0		__DUMMY__ 0.46227720300894337 neg 0.3247019518491518 off 0.21302084514190472	false	1.0
groggy	neg 1.0		__DUMMY__ 0.46545909464306523 neg 0.3200949312055383 off 0.21444597415139655	false	1.0
verletzlich	neg 1.0		__DUMMY__ 0.46594735762243 neg 0.3169398222907784 off 0.2171128200867915	false	1.0
