unsolidarisch	neg 1.0		__DUMMY__ 0.8723875174121514 neg 0.07965304515440193 off 0.04795943743344665	false	1.0
nachteilig	neg 1.0		__DUMMY__ 0.8815280201226454 neg 0.07372590512484821 off 0.044746074752506436	false	1.0
skeptisch	neg 1.0		__DUMMY__ 0.8835143050367004 neg 0.07405420455467272 off 0.042431490408626864	false	1.0
schrecklich	neg 1.0		__DUMMY__ 0.8798160578426002 neg 0.06663437334622481 off 0.05354956881117504	false	1.0
schlapp	neg 1.0		__DUMMY__ 0.8844335873973743 neg 0.06595579846003573 off 0.04961061414258988	false	1.0
abfall	neg 1.0		__DUMMY__ 0.8839032956506323 neg 0.07504468484272304 off 0.041052019506644694	false	1.0
widerspenstig	neg 1.0		__DUMMY__ 0.8851890083389617 neg 0.0688432355590399 off 0.04596775610199837	false	1.0
abrupt	neg 1.0		__DUMMY__ 0.8865215186657067 neg 0.06858172303608616 off 0.04489675829820713	false	1.0
unwirksam	neg 1.0		__DUMMY__ 0.8762904755132743 neg 0.07610754429639634 off 0.04760198019032934	false	1.0
angreifen	neg 1.0		__DUMMY__ 0.8810103046753782 neg 0.0752207105401121 off 0.043768984784509746	false	1.0
inkonsistent	neg 1.0		__DUMMY__ 0.8788897978910696 neg 0.07275624555115803 off 0.04835395655777239	false	1.0
abrutschen	neg 1.0		__DUMMY__ 0.8852971846890331 neg 0.07358306544542935 off 0.04111974986553757	false	1.0
unsicher	neg 1.0		__DUMMY__ 0.8830169069899099 neg 0.07047611880334029 off 0.04650697420674988	false	1.0
bauernkind	off 1.0		__DUMMY__ 0.875278624536966 neg 0.06839867826756119 off 0.05632269719547275	false	0.5
angreifer	neg 1.0		__DUMMY__ 0.8771905965873108 neg 0.0732464409488091 off 0.04956296246388002	false	1.0
trennen	neg 1.0		__DUMMY__ 0.8886810976195928 neg 0.06863971169702142 off 0.042679190683385784	false	1.0
schmutz	neg 1.0		__DUMMY__ 0.8879301297789659 neg 0.06165503678262036 off 0.05041483343841384	false	1.0
inkonsistenz	neg 1.0	neg 1.0	neg 0.5245463395896076 __DUMMY__ 0.43795513262294966 off 0.037498527787442705	false	1.0
erschreckend	neg 1.0		__DUMMY__ 0.8812076694381018 neg 0.07303044926297309 off 0.04576188129892515	false	1.0
ertrinken	neg 1.0		__DUMMY__ 0.8851017944064026 neg 0.07109323967225144 off 0.043804965921346	false	1.0
pickelface	off 1.0		__DUMMY__ 0.8792132668383605 neg 0.07319882496182382 off 0.047587908199815565	false	0.5
seiner			__DUMMY__ 0.8835185542057977 neg 0.07304975926835926 off 0.04343168652584302	false	0.0
lauch	neg 1.0		__DUMMY__ 0.8836402279007107 neg 0.07441041827596463 off 0.04194935382332453	false	1.0
unwichtig	neg 1.0		__DUMMY__ 0.8801013127625499 neg 0.06964439322620161 off 0.05025429401124852	false	1.0
steuerhinterziehung	neg 1.0		__DUMMY__ 0.8762498172921199 neg 0.07711644069197811 off 0.04663374201590193	false	1.0
schock	neg 1.0		__DUMMY__ 0.886084419836334 neg 0.06901616088092338 off 0.04489941928274253	false	1.0
beule	neg 1.0		__DUMMY__ 0.8839907562327685 neg 0.06538599327725891 off 0.05062325048997274	false	1.0
vergelten	neg 1.0		__DUMMY__ 0.8770424426182679 neg 0.06782008456960331 off 0.055137472812128746	false	1.0
verdorbenheit	neg 1.0	neg 1.0	neg 0.5210403517922554 __DUMMY__ 0.44316705201112333 off 0.035792596196621236	false	1.0
trauma	neg 1.0		__DUMMY__ 0.8812015500492741 neg 0.07067467756009817 off 0.048123772390627734	false	1.0
sinnlos	neg 1.0		__DUMMY__ 0.8815119122414944 neg 0.07014075440993081 off 0.048347333348574786	false	1.0
fettsack	off 1.0	off 1.0	off 0.5119761329827219 __DUMMY__ 0.4361806842195645 neg 0.051843182797713605	false	1.0
feige	off 1.0		__DUMMY__ 0.8781707821776592 neg 0.07172737403834696 off 0.050101843783993884	false	0.5
abdanken	neg 1.0		__DUMMY__ 0.8744356537474246 neg 0.07849944710739253 off 0.04706489914518287	false	1.0
wichtigtuer	off 1.0	off 1.0	off 0.5066440668254246 __DUMMY__ 0.4376987389189587 neg 0.055657194255616646	false	1.0
misslingen	neg 1.0		__DUMMY__ 0.8855843222714425 neg 0.06649135145667148 off 0.04792432627188609	false	1.0
untreu	off 1.0		__DUMMY__ 0.8804675005212556 neg 0.06871322865314496 off 0.05081927082559947	false	0.5
missmutig	neg 1.0		__DUMMY__ 0.8837783294514525 neg 0.06680840836835689 off 0.04941326218019053	false	1.0
hurenbock	off 1.0		__DUMMY__ 0.8865615353431454 neg 0.06624822230690994 off 0.04719024234994471	false	0.5
betrunken	neg 1.0		__DUMMY__ 0.8830298809024306 neg 0.06531863997806843 off 0.051651479119500854	false	1.0
korrupt	off 1.0		__DUMMY__ 0.874882484347086 neg 0.07946292773295402 off 0.04565458791996	false	0.5
unmut	neg 1.0		__DUMMY__ 0.882854766666023 neg 0.07525003595709466 off 0.04189519737688242	false	1.0
hackfresse	off 1.0		__DUMMY__ 0.8778739584164361 neg 0.0658482214392222 off 0.05627782014434169	false	0.5
aufblasen	neg 1.0		__DUMMY__ 0.8850664868632016 neg 0.06756759010827662 off 0.047365923028521925	false	1.0
gewaltsam	neg 1.0		__DUMMY__ 0.8766709496404366 neg 0.07542973904180118 off 0.047899311317762296	false	1.0
unbeliebtheit	neg 1.0		__DUMMY__ 0.8695847806386676 neg 0.0776861789890674 off 0.052729040372264994	false	1.0
sturheit	neg 1.0		__DUMMY__ 0.8782206629823356 neg 0.07566036159943217 off 0.0461189754182323	false	1.0
kuh	neg 1.0		__DUMMY__ 0.8805267332125656 neg 0.07186333640789241 off 0.04760993037954203	false	1.0
erschrecken	neg 1.0		__DUMMY__ 0.8830716552575226 neg 0.06766197302032696 off 0.04926637172215045	false	1.0
opfer	neg 1.0	neg 1.0	neg 0.5263386063453507 __DUMMY__ 0.4403074708319002 off 0.03335392282274909	false	1.0
sinken	neg 1.0		__DUMMY__ 0.883230691235023 neg 0.07453354932980509 off 0.04223575943517205	false	1.0
stinktier	neg 1.0		__DUMMY__ 0.8772215631339922 neg 0.0689331486615093 off 0.053845288204498444	false	1.0
tucke	off 1.0		__DUMMY__ 0.8785655337470352 neg 0.0650956122351537 off 0.05633885401781111	false	0.5
ein			__DUMMY__ 0.8877418139043645 neg 0.06570705396821447 off 0.04655113212742114	false	0.0
abstieg	neg 1.0		__DUMMY__ 0.879709320560405 neg 0.07462925711135002 off 0.04566142232824501	false	1.0
missverstehen	neg 1.0		__DUMMY__ 0.8786550518153037 neg 0.07291218127690109 off 0.048432766907795195	false	1.0
ergebnislos	neg 1.0		__DUMMY__ 0.8808473911372496 neg 0.0739441387351127 off 0.045208470127637616	false	1.0
unter			__DUMMY__ 0.8915563789076906 neg 0.07062003489233497 off 0.03782358619997454	false	0.0
manipulieren	neg 1.0		__DUMMY__ 0.8805981166494355 neg 0.07584381633409812 off 0.0435580670164663	false	1.0
unbewiesen	neg 1.0		__DUMMY__ 0.8713324464848393 neg 0.08087753327358743 off 0.04779002024157328	false	1.0
verschleppen	neg 1.0		__DUMMY__ 0.8794521025891455 neg 0.07549443595484406 off 0.045053461456010434	false	1.0
weib	off 1.0		__DUMMY__ 0.8773997264246648 neg 0.06525301770064701 off 0.05734725587468827	false	0.5
opposition	neg 1.0		__DUMMY__ 0.8754595996075261 neg 0.07616909970107044 off 0.048371300691403524	false	1.0
verkehrswidrig	neg 1.0		__DUMMY__ 0.8816420324249421 neg 0.06392093010370357 off 0.05443703747135438	false	1.0
inkorrekt	neg 1.0		__DUMMY__ 0.8737738341974135 neg 0.07466394843588267 off 0.05156221736670385	false	1.0
vermeiden	neg 1.0		__DUMMY__ 0.8879863484578463 neg 0.07218850629509103 off 0.039825145247062696	false	1.0
abweichung	neg 1.0		__DUMMY__ 0.8749994763636136 neg 0.07967189665706613 off 0.04532862697932034	false	1.0
alkoholisiert	neg 1.0		__DUMMY__ 0.8849997223035859 neg 0.0706805050687768 off 0.044319772627637234	false	1.0
scheiss	off 1.0	off 1.0	off 0.508823589735683 __DUMMY__ 0.4399719348933585 neg 0.05120447537095858	false	1.0
herausforderung	neg 1.0		__DUMMY__ 0.8889776259158406 neg 0.0665750124726965 off 0.04444736161146289	false	1.0
pervers	off 1.0		__DUMMY__ 0.8764533728704937 neg 0.06394695131597271 off 0.05959967581353353	false	0.5
wackelig	neg 1.0		__DUMMY__ 0.8892712077080434 neg 0.06655862433049771 off 0.04417016796145893	false	1.0
verwickeln	neg 1.0		__DUMMY__ 0.8798376322847868 neg 0.07198781152664464 off 0.048174556188568474	false	1.0
vorwand	neg 1.0		__DUMMY__ 0.8813373104528944 neg 0.0761102541351915 off 0.04255243541191404	false	1.0
muschi	off 1.0		__DUMMY__ 0.8795344939201086 neg 0.07317918994059182 off 0.04728631613929965	false	0.5
entmutigung	neg 1.0		__DUMMY__ 0.8693948562343601 neg 0.08088849949203594 off 0.049716644273603984	false	1.0
unangemessen	neg 1.0		__DUMMY__ 0.8784247123667036 neg 0.07639256557103676 off 0.04518272206225972	false	1.0
unstetig	neg 1.0		__DUMMY__ 0.8786070997157053 neg 0.07179240948358 off 0.04960049080071476	false	1.0
entmutigen	neg 1.0		__DUMMY__ 0.8825077982021412 neg 0.07007671766889062 off 0.04741548412896814	false	1.0
schwanz	neg 1.0		__DUMMY__ 0.8817876355986185 neg 0.07307547102660596 off 0.045136893374775416	false	1.0
verbot	neg 1.0		__DUMMY__ 0.8759901037168908 neg 0.07797684917865982 off 0.046033047104449366	false	1.0
leid	neg 1.0		__DUMMY__ 0.8783832201164546 neg 0.06686594234792399 off 0.054750837535621294	false	1.0
archaisch	neg 1.0		__DUMMY__ 0.8794853358439372 neg 0.07504552414696311 off 0.04546914000909973	false	1.0
gegen			__DUMMY__ 0.8814141357770401 neg 0.07546408306619631 off 0.043121781156763614	false	0.0
scheidung	neg 1.0	neg 1.0	neg 0.5137083841640213 __DUMMY__ 0.43624668431387564 off 0.05004493152210299	false	1.0
einschlag	neg 1.0		__DUMMY__ 0.8788684628178325 neg 0.06666430190421391 off 0.05446723527795366	false	1.0
m			__DUMMY__ 0.884512858195818 neg 0.07000195196041366 off 0.04548518984376825	false	0.0
abgestanden	neg 1.0		__DUMMY__ 0.8845487626921835 neg 0.06958035138975355 off 0.04587088591806295	false	1.0
schmierig	off 1.0		__DUMMY__ 0.8798432003940853 neg 0.06636396596642315 off 0.05379283363949166	false	0.5
unpraktisch	neg 1.0		__DUMMY__ 0.8857193683252748 neg 0.06712936178007964 off 0.0471512698946456	false	1.0
wixxer	off 1.0		__DUMMY__ 0.8744467091633139 neg 0.06573465791158513 off 0.05981863292510095	false	0.5
bezeichnet			__DUMMY__ 0.8791902258673571 neg 0.07445565119582967 off 0.04635412293681314	false	0.0
jammerlappen	off 1.0		__DUMMY__ 0.8810881941281827 neg 0.06870236303299061 off 0.05020944283882668	false	0.5
farce	neg 1.0		__DUMMY__ 0.8723547133948425 neg 0.08113182511226555 off 0.046513461492892	false	1.0
zwecklos	neg 1.0		__DUMMY__ 0.879677965509951 neg 0.07549780240816675 off 0.04482423208188223	false	1.0
turbulent	neg 1.0		__DUMMY__ 0.8774534136110631 neg 0.06933380646553619 off 0.05321277992340069	false	1.0
invasion	neg 1.0		__DUMMY__ 0.8834103801962992 neg 0.06743176119655203 off 0.04915785860714876	false	1.0
schuld	neg 1.0		__DUMMY__ 0.8805509480527904 neg 0.07204752999028094 off 0.047401521956928636	false	1.0
risiko	neg 1.0		__DUMMY__ 0.8849699281808648 neg 0.06583437182656902 off 0.04919569999256617	false	1.0
finster	neg 1.0		__DUMMY__ 0.8864686689985671 neg 0.06729482537223777 off 0.04623650562919511	false	1.0
geisteskrank	off 1.0		__DUMMY__ 0.875989295139558 neg 0.07218717623760713 off 0.05182352862283487	false	0.5
zusammenbrechen	neg 1.0		__DUMMY__ 0.8835215817647305 neg 0.07104517141777536 off 0.04543324681749424	false	1.0
ausbeute	neg 1.0		__DUMMY__ 0.8876282959102166 neg 0.06837586679890176 off 0.04399583729088156	false	1.0
hinterhalt	neg 1.0		__DUMMY__ 0.881517773429497 neg 0.07104042963178492 off 0.047441796938718105	false	1.0
kritik	neg 1.0		__DUMMY__ 0.874016874348338 neg 0.07953035309963091 off 0.046452772552031174	false	1.0
einschrumpfen	neg 1.0		__DUMMY__ 0.8746247709275833 neg 0.0752268175827214 off 0.05014841148969541	false	1.0
riskant	neg 1.0		__DUMMY__ 0.8826114876124932 neg 0.07367055634660594 off 0.04371795604090086	false	1.0
frustrieren	neg 1.0		__DUMMY__ 0.8818545780437537 neg 0.07442783677548931 off 0.043717585180757	false	1.0
groll	neg 1.0		__DUMMY__ 0.8802320575390224 neg 0.07478474367843008 off 0.04498319878254759	false	1.0
gibt			__DUMMY__ 0.8823194909632296 neg 0.07242112914034501 off 0.04525937989642529	false	0.0
qualvoll	neg 1.0		__DUMMY__ 0.8837199536345617 neg 0.06803888082912533 off 0.04824116553631292	false	1.0
wackeln	neg 1.0		__DUMMY__ 0.8867905861513666 neg 0.06634950535080854 off 0.0468599084978249	false	1.0
klagen	neg 1.0		__DUMMY__ 0.8801554679607095 neg 0.07732525741645062 off 0.042519274622839845	false	1.0
bankrott	neg 1.0		__DUMMY__ 0.883257968896399 neg 0.06648561442251508 off 0.050256416681086	false	1.0
trauern	neg 1.0		__DUMMY__ 0.8830086268855 neg 0.0731387021443939 off 0.04385267097010614	false	1.0
ablehnung	neg 1.0	neg 1.0	neg 0.52954416041951 __DUMMY__ 0.4353569253981156 off 0.0350989141823743	false	1.0
stur	neg 1.0		__DUMMY__ 0.8808767805330971 neg 0.07144675615333398 off 0.04767646331356897	false	1.0
aufruhr	neg 1.0		__DUMMY__ 0.8762944511017471 neg 0.07610673076653801 off 0.04759881813171492	false	1.0
melancholie	neg 1.0		__DUMMY__ 0.8879907857643448 neg 0.06773938225640165 off 0.044269831979253625	false	1.0
ist			__DUMMY__ 0.8814217573843948 neg 0.07078900844785777 off 0.04778923416774744	false	0.0
torheit	neg 1.0		__DUMMY__ 0.8744877795861351 neg 0.07724274461985427 off 0.048269475794010634	false	1.0
dreckskind	off 1.0		__DUMMY__ 0.87333844597551 neg 0.07095913681391935 off 0.05570241721057068	false	0.5
umtauschen	neg 1.0		__DUMMY__ 0.8858094358506161 neg 0.06842060732356262 off 0.04576995682582128	false	1.0
zum			__DUMMY__ 0.8928272151011958 neg 0.06709325790898518 off 0.04007952698981908	false	0.0
zersetzen	neg 1.0		__DUMMY__ 0.8805225998396895 neg 0.07640168816232193 off 0.04307571199798859	false	1.0
zur			__DUMMY__ 0.8856615453891017 neg 0.07386214189014217 off 0.04047631272075614	false	0.0
frust	neg 1.0		__DUMMY__ 0.8834880370405775 neg 0.07117959133578078 off 0.04533237162364166	false	1.0
unerbittlichkeit	neg 1.0		__DUMMY__ 0.8802606955992954 neg 0.07588731372416582 off 0.04385199067653879	false	1.0
zwei			__DUMMY__ 0.8900653207453979 neg 0.06841833755744582 off 0.04151634169715638	false	0.0
unkorrekt	neg 1.0		__DUMMY__ 0.875641739797226 neg 0.07238453648044238 off 0.0519737237223316	false	1.0
hexe	off 1.0		__DUMMY__ 0.8812689089377548 neg 0.06841545888129719 off 0.05031563218094814	false	0.5
lasch	neg 1.0		__DUMMY__ 0.8784598238450347 neg 0.07212877680826925 off 0.04941139934669593	false	1.0
rivale	neg 1.0		__DUMMY__ 0.8779316803851167 neg 0.0681346659886127 off 0.05393365362627055	false	1.0
mutlos	off 1.0	off 1.0	off 0.5038436312234761 __DUMMY__ 0.43763683955593385 neg 0.05851952922059	false	1.0
wirr	off 1.0		__DUMMY__ 0.8755421516574582 neg 0.07138132402213762 off 0.0530765243204041	false	0.5
jahr			__DUMMY__ 0.8886188284830916 neg 0.06806996988838009 off 0.043311201628528265	false	0.0
wird			__DUMMY__ 0.8830279662612774 neg 0.07285914720638192 off 0.04411288653234061	false	0.0
strafbar	neg 1.0		__DUMMY__ 0.8781764395717974 neg 0.07759354678048387 off 0.04423001364771868	false	1.0
erosion	neg 1.0		__DUMMY__ 0.8846362021118344 neg 0.06757959334054695 off 0.047784204547618614	false	1.0
eingehen	neg 1.0		__DUMMY__ 0.8806315122819875 neg 0.07478758225561824 off 0.044580905462394335	false	1.0
faul	off 1.0		__DUMMY__ 0.8846651088725653 neg 0.06582544544478404 off 0.049509445682650706	false	0.5
provisorium	neg 1.0		__DUMMY__ 0.8894805204143998 neg 0.07313771464071056 off 0.037381764944889664	false	1.0
schmerzen	neg 1.0		__DUMMY__ 0.8850705795500093 neg 0.06976392595610936 off 0.045165494493881374	false	1.0
schrumpfen	neg 1.0		__DUMMY__ 0.8851937918285432 neg 0.07471100425355598 off 0.040095203917900835	false	1.0
geistlos	off 1.0		__DUMMY__ 0.8721391071788547 neg 0.07834706652749795 off 0.04951382629364745	false	0.5
fehlkauf	neg 1.0		__DUMMY__ 0.8792402452452003 neg 0.0716259145073252 off 0.04913384024747453	false	1.0
frustrierend	neg 1.0	neg 1.0	neg 0.5223603314296259 __DUMMY__ 0.440276098617663 off 0.03736356995271104	false	1.0
unzufrieden	neg 1.0		__DUMMY__ 0.8813040317164629 neg 0.07387972430277087 off 0.04481624398076622	false	1.0
verzweifeln	neg 1.0		__DUMMY__ 0.8833452578300511 neg 0.07056769658703642 off 0.04608704558291251	false	1.0
verzweifelt	neg 1.0		__DUMMY__ 0.8816435750365454 neg 0.07079172668280223 off 0.047564698280652344	false	1.0
misstrauensantrag	neg 1.0		__DUMMY__ 0.8782875800239797 neg 0.07271422376636325 off 0.04899819620965705	false	1.0
abfallen	neg 1.0		__DUMMY__ 0.8875451349999334 neg 0.06571293728281861 off 0.0467419277172481	false	1.0
fucker	off 1.0		__DUMMY__ 0.8781541858664733 neg 0.0686517413573579 off 0.053194072776168715	false	0.5
ungezogen	neg 1.0		__DUMMY__ 0.8788046844491019 neg 0.06374622963820309 off 0.0574490859126951	false	1.0
irrsinnig	neg 1.0	neg 1.0	neg 0.5250102805010797 __DUMMY__ 0.4391385442327189 off 0.03585117526620137	false	1.0
unfassbar	neg 1.0		__DUMMY__ 0.8806013418886766 neg 0.06884687988783722 off 0.05055177822348609	false	1.0
hart	neg 1.0		__DUMMY__ 0.8786315478549919 neg 0.0708471340554796 off 0.0505213180895284	false	1.0
widerlich	off 1.0		__DUMMY__ 0.8782004465990839 neg 0.07044454608715016 off 0.051355007313765834	false	0.5
fatal	neg 1.0		__DUMMY__ 0.8798194548301372 neg 0.07109984742734833 off 0.049080697742514404	false	1.0
bruch	neg 1.0		__DUMMY__ 0.8794295996140178 neg 0.07831937431857139 off 0.04225102606741092	false	1.0
aushungern	neg 1.0		__DUMMY__ 0.8753281010761704 neg 0.0770729736818469 off 0.047598925241982656	false	1.0
anspannung	neg 1.0		__DUMMY__ 0.8870124098965484 neg 0.07191998016772806 off 0.04106760993572361	false	1.0
von			__DUMMY__ 0.8889008438542114 neg 0.0685025224592765 off 0.0425966336865121	false	0.0
kraftlos	neg 1.0		__DUMMY__ 0.8875318590002745 neg 0.06835993135721062 off 0.044108209642514884	false	1.0
vom			__DUMMY__ 0.891850323189291 neg 0.06993824674411403 off 0.0382114300665949	false	0.0
grenzdebil	off 1.0		__DUMMY__ 0.8813830985460845 neg 0.06725949494273441 off 0.051357406511180995	false	0.5
vor			__DUMMY__ 0.8861926947913527 neg 0.07181357610725904 off 0.041993729101388315	false	0.0
unterwerfen	neg 1.0		__DUMMY__ 0.880359608711338 neg 0.07536099456217724 off 0.04427939672648469	false	1.0
versenkung	neg 1.0		__DUMMY__ 0.8817979834939145 neg 0.0743217703334757 off 0.043880246172609834	false	1.0
entziehen	neg 1.0		__DUMMY__ 0.8820248029920928 neg 0.0758503241833673 off 0.04212487282453988	false	1.0
finanzkrise	neg 1.0		__DUMMY__ 0.8750377829460666 neg 0.07800648038560644 off 0.04695573666832699	false	1.0
schimpfend	neg 1.0		__DUMMY__ 0.889318618931391 neg 0.063493339163047 off 0.047188041905562014	false	1.0
profan	neg 1.0		__DUMMY__ 0.8822157716064609 neg 0.06955378037614658 off 0.048230448017392506	false	1.0
korruption	neg 1.0		__DUMMY__ 0.8756053836046377 neg 0.07875729890588844 off 0.04563731748947387	false	1.0
â			__DUMMY__ 0.8839450898588813 neg 0.07129688582152878 off 0.04475802431958984	false	0.0
schmutzig	neg 1.0		__DUMMY__ 0.884539250504705 neg 0.06466755572833145 off 0.050793193766963535	false	1.0
sexy	neg 1.0		__DUMMY__ 0.8817298295750543 neg 0.06822064895330843 off 0.050049521471637194	false	1.0
abraten	neg 1.0		__DUMMY__ 0.883533893417833 neg 0.06907185279013334 off 0.04739425379203369	false	1.0
schwarz	neg 1.0		__DUMMY__ 0.8806504019495831 neg 0.07102372078129696 off 0.04832587726911996	false	1.0
fotze	off 1.0		__DUMMY__ 0.8798656771553498 neg 0.07440257299682117 off 0.045731749847828976	false	0.5
verwirren	neg 1.0		__DUMMY__ 0.8818247652899521 neg 0.06921727886758242 off 0.04895795584246551	false	1.0
zahnlos	off 1.0		__DUMMY__ 0.879738470089706 neg 0.07509734908390918 off 0.04516418082638482	false	0.5
verheeren	neg 1.0		__DUMMY__ 0.8722682899520011 neg 0.0682178661602929 off 0.05951384388770588	false	1.0
hippie	neg 1.0		__DUMMY__ 0.8810813033409927 neg 0.06897205040926309 off 0.04994664624974423	false	1.0
rammen	neg 1.0		__DUMMY__ 0.8829315085834709 neg 0.06852552541296081 off 0.04854296600356827	false	1.0
unlauter	neg 1.0	neg 1.0	neg 0.5255314292987276 __DUMMY__ 0.4373896376147451 off 0.03707893308652727	false	1.0
unheilvoll	neg 1.0		__DUMMY__ 0.8834586519332585 neg 0.06873806877765398 off 0.04780327928908766	false	1.0
niedrig	neg 1.0		__DUMMY__ 0.8819519127568927 neg 0.07356081755019701 off 0.044487269692910225	false	1.0
explosion	neg 1.0		__DUMMY__ 0.8825951728511061 neg 0.06804024442825858 off 0.04936458272063528	false	1.0
weichei	off 1.0		__DUMMY__ 0.8780601062877129 neg 0.06664093941571844 off 0.05529895429656861	false	0.5
minusmensch	off 1.0		__DUMMY__ 0.871526398876052 neg 0.06888528293399042 off 0.05958831818995761	false	0.5
farblos	neg 1.0		__DUMMY__ 0.88031353811933 neg 0.0726128372927237 off 0.047073624587946304	false	1.0
unwissend	neg 1.0	neg 1.0	neg 0.5233831503095713 __DUMMY__ 0.4382357100666122 off 0.03838113962381636	false	1.0
traurig	neg 1.0		__DUMMY__ 0.8814189658981584 neg 0.06589631183932487 off 0.05268472226251683	false	1.0
senkung	neg 1.0		__DUMMY__ 0.8795946256659068 neg 0.07119702941640207 off 0.049208344917691195	false	1.0
ungleich	neg 1.0	neg 1.0	neg 0.5279531034667866 __DUMMY__ 0.4386492087645168 off 0.033397687768696706	false	1.0
heikel	neg 1.0		__DUMMY__ 0.8818099266256204 neg 0.07520962572889146 off 0.04298044764548805	false	1.0
drosselung	neg 1.0		__DUMMY__ 0.8822141078616482 neg 0.06497842448327817 off 0.05280746765507372	false	1.0
falsch	neg 1.0		__DUMMY__ 0.8806398993665503 neg 0.06966659207194946 off 0.049693508561500246	false	1.0
unzufriedenheit	neg 1.0		__DUMMY__ 0.8811412629081741 neg 0.0758875596056979 off 0.04297117748612799	false	1.0
kurz	neg 1.0		__DUMMY__ 0.8868349740458383 neg 0.06820755243977968 off 0.044957473514382056	false	1.0
unsinnig	neg 1.0		__DUMMY__ 0.8810558983020327 neg 0.07377747967675737 off 0.04516662202121	false	1.0
penner	off 1.0	off 1.0	off 0.5130835904037653 __DUMMY__ 0.43787282998366056 neg 0.04904357961257418	false	1.0
seicht	neg 1.0		__DUMMY__ 0.8738897679996454 neg 0.06845856909903482 off 0.057651662901319733	false	1.0
dummheit	off 1.0	off 1.0	off 0.5070790394504331 __DUMMY__ 0.4376279867440929 neg 0.05529297380547398	false	1.0
unerfreulich	neg 1.0		__DUMMY__ 0.8834164560726991 neg 0.0741959071967259 off 0.042387636730574926	false	1.0
motherfucker	off 1.0	off 1.0	off 0.5104013468750834 __DUMMY__ 0.43738386466726514 neg 0.052214788457651526	false	1.0
pikiert	neg 1.0		__DUMMY__ 0.8789119541287718 neg 0.07076329356491598 off 0.05032475230631222	false	1.0
wrack	neg 1.0		__DUMMY__ 0.8842733846497434 neg 0.07106655488956509 off 0.044660060460691604	false	1.0
gangster	neg 1.0		__DUMMY__ 0.8809740394328697 neg 0.06980272026602213 off 0.04922324030110827	false	1.0
krank	neg 1.0		__DUMMY__ 0.88428410265804 neg 0.06469275727763159 off 0.05102314006432838	false	1.0
reich	neg 1.0		__DUMMY__ 0.8723770734352491 neg 0.07619605048850649 off 0.05142687607624448	false	1.0
gnadenlos	neg 1.0		__DUMMY__ 0.8817339648433594 neg 0.07074329239407239 off 0.04752274276256821	false	1.0
niedergeschlagen	neg 1.0		__DUMMY__ 0.8836347486149732 neg 0.07104335090817873 off 0.04532190047684802	false	1.0
terrorisieren	off 1.0	off 1.0	off 0.5034566866832242 __DUMMY__ 0.4403677830108715 neg 0.05617553030590433	false	1.0
sinnlosigkeit	neg 1.0		__DUMMY__ 0.8802018948978577 neg 0.07467418747094372 off 0.04512391763119857	false	1.0
behindern	neg 1.0		__DUMMY__ 0.8843549850343746 neg 0.06926534556256815 off 0.0463796694030573	false	1.0
undemokratisch	neg 1.0		__DUMMY__ 0.8741815050038969 neg 0.07733758729997552 off 0.04848090769612753	false	1.0
wirtschaftskrise	neg 1.0		__DUMMY__ 0.8778351329000633 neg 0.07671863411850055 off 0.04544623298143619	false	1.0
neid	neg 1.0		__DUMMY__ 0.8844805011041461 neg 0.06648258167325288 off 0.04903691722260106	false	1.0
rutschen	neg 1.0		__DUMMY__ 0.892938283519412 neg 0.06696603692710847 off 0.04009567955347947	false	1.0
rezession	neg 1.0		__DUMMY__ 0.8729574474640477 neg 0.07235326611982636 off 0.05468928641612603	false	1.0
fehlgeburt	neg 1.0		__DUMMY__ 0.8823210370041934 neg 0.0708210712022365 off 0.04685789179357001	false	1.0
charakterschwach	off 1.0		__DUMMY__ 0.8787566210801072 neg 0.06994499159468144 off 0.05129838732521128	false	0.5
isolation	neg 1.0		__DUMMY__ 0.8821678151377719 neg 0.06706801024454602 off 0.05076417461768205	false	1.0
ablenkung	neg 1.0		__DUMMY__ 0.8844304295677208 neg 0.0688215551237559 off 0.046748015308523336	false	1.0
pech	neg 1.0		__DUMMY__ 0.8831487152244502 neg 0.06827778018902139 off 0.04857350458652847	false	1.0
vermeidung	neg 1.0		__DUMMY__ 0.8830935477531289 neg 0.06508037080585626 off 0.051826081441015	false	1.0
dominieren	neg 1.0		__DUMMY__ 0.8822307392339263 neg 0.0719878878904149 off 0.045781372875658824	false	1.0
schwindlig	neg 1.0		__DUMMY__ 0.8861163604650772 neg 0.0656482703406966 off 0.04823536919422617	false	1.0
lutscher	neg 1.0		__DUMMY__ 0.8751863975104534 neg 0.06680141455170274 off 0.05801218793784402	false	1.0
pflicht	neg 1.0		__DUMMY__ 0.8816510560264139 neg 0.07532900022781594 off 0.0430199437457701	false	1.0
faschist	off 1.0		__DUMMY__ 0.8746166010586839 neg 0.07612808710813668 off 0.04925531183317952	false	0.5
verschleudern	neg 1.0		__DUMMY__ 0.878473338591145 neg 0.07660190379120588 off 0.04492475761764918	false	1.0
wenn			__DUMMY__ 0.8813763684909336 neg 0.06893983363518143 off 0.04968379787388495	false	0.0
ehebruch	neg 1.0		__DUMMY__ 0.8785274973107158 neg 0.07680640861292114 off 0.044666094076362996	false	1.0
spott	off 1.0		__DUMMY__ 0.879432589886095 neg 0.07638911029145216 off 0.04417829982245283	false	0.5
trostlosigkeit	neg 1.0		__DUMMY__ 0.8769213602635706 neg 0.07983212966871596 off 0.043246510067713496	false	1.0
lutschen	neg 1.0		__DUMMY__ 0.8777875136103132 neg 0.07170928688193186 off 0.05050319950775492	false	1.0
undiszipliniert	neg 1.0		__DUMMY__ 0.8799680479836857 neg 0.06786644349327445 off 0.05216550852303986	false	1.0
kopfschmerz	neg 1.0		__DUMMY__ 0.8838388860970061 neg 0.07035234460482637 off 0.04580876929816757	false	1.0
unvorhergesehen	neg 1.0		__DUMMY__ 0.888381592198779 neg 0.06701025071221572 off 0.04460815708900521	false	1.0
desinteressiert	neg 1.0		__DUMMY__ 0.8787970572683359 neg 0.06906381585988132 off 0.05213912687178276	false	1.0
armselig	off 1.0		__DUMMY__ 0.8769348644583586 neg 0.06999500329779347 off 0.05307013224384799	false	0.5
desaster	neg 1.0		__DUMMY__ 0.8790338752832306 neg 0.07896601945260075 off 0.04200010526416853	false	1.0
tod	neg 1.0		__DUMMY__ 0.8758182056768318 neg 0.08015843099260936 off 0.044023363330558916	false	1.0
herzlos	neg 1.0		__DUMMY__ 0.880209591275514 neg 0.0664772095392678 off 0.05331319918521827	false	1.0
unwissenheit	neg 1.0		__DUMMY__ 0.8787226737318399 neg 0.07611399279278547 off 0.04516333347537465	false	1.0
widersinnig	neg 1.0		__DUMMY__ 0.8750824905773026 neg 0.07850708094511913 off 0.04641042847757832	false	1.0
bedenklich	neg 1.0		__DUMMY__ 0.8813184404200616 neg 0.07486570248843777 off 0.0438158570915007	false	1.0
beanstanden	neg 1.0		__DUMMY__ 0.8821435688505221 neg 0.07521110939408591 off 0.042645321755391846	false	1.0
panisch	neg 1.0	neg 1.0	neg 0.5188182804423309 __DUMMY__ 0.44508668441326316 off 0.03609503514440587	false	1.0
debil	off 1.0		__DUMMY__ 0.883906605144833 neg 0.07602187970867003 off 0.040071515146496935	false	0.5
abstrich	neg 1.0		__DUMMY__ 0.8871434972252776 neg 0.06704544734847025 off 0.0458110554262522	false	1.0
primitiv	neg 1.0		__DUMMY__ 0.8781403324718593 neg 0.07000645813897302 off 0.05185320938916759	false	1.0
abschaum	off 1.0	off 1.0	off 0.5086192118896833 __DUMMY__ 0.4368104111707984 neg 0.05457037693951831	false	1.0
provozieren	neg 1.0		__DUMMY__ 0.8791522962158569 neg 0.07371791011343802 off 0.04712979367070514	false	1.0
tot	neg 1.0		__DUMMY__ 0.8818727063800981 neg 0.07246997995490907 off 0.045657313664992795	false	1.0
instabil	neg 1.0		__DUMMY__ 0.8758680665767332 neg 0.070177726871575 off 0.0539542065516917	false	1.0
schwuchtel	off 1.0		__DUMMY__ 0.8709765382685661 neg 0.06639030593689324 off 0.06263315579454062	false	0.5
zerren	neg 1.0		__DUMMY__ 0.8837771007682397 neg 0.07085820525257319 off 0.04536469397918726	false	1.0
kinderficker	off 1.0		__DUMMY__ 0.8754397426154114 neg 0.06962791033075597 off 0.05493234705383263	false	0.5
gefahr	neg 1.0		__DUMMY__ 0.8802693821679919 neg 0.07525566175475715 off 0.04447495607725092	false	1.0
rabiat	neg 1.0		__DUMMY__ 0.8817345557273455 neg 0.07149756378698777 off 0.04676788048566675	false	1.0
verlangsamung	neg 1.0		__DUMMY__ 0.8724094818778273 neg 0.07030551990478343 off 0.057284998217389256	false	1.0
ausgestorben	neg 1.0		__DUMMY__ 0.883418820137852 neg 0.07115025574651962 off 0.045430924115628275	false	1.0
anklagen	neg 1.0		__DUMMY__ 0.8784006005482611 neg 0.07492798562953716 off 0.046671413822201815	false	1.0
trott	neg 1.0		__DUMMY__ 0.8832663179080997 neg 0.07015786383347106 off 0.04657581825842926	false	1.0
verminderung	neg 1.0		__DUMMY__ 0.8797519703387384 neg 0.06764295093581318 off 0.05260507872544832	false	1.0
nach			__DUMMY__ 0.8895996558458756 neg 0.07022339689409492 off 0.04017694726002944	false	0.0
rost	neg 1.0		__DUMMY__ 0.8754309427794218 neg 0.06727571546014485 off 0.057293341760433304	false	1.0
destruktiv	neg 1.0	neg 1.0	neg 0.5275641190353277 __DUMMY__ 0.43736986261017263 off 0.03506601835449956	false	1.0
unzumutbarkeit	neg 1.0		__DUMMY__ 0.8812545501982992 neg 0.0667860277900394 off 0.05195942201166139	false	1.0
labil	off 1.0	off 1.0	off 0.509225770145392 __DUMMY__ 0.4374887513291367 neg 0.05328547852547128	false	1.0
ziemlich	neg 1.0		__DUMMY__ 0.881344171245355 neg 0.06766882966999098 off 0.05098699908465405	false	1.0
lachnummer	off 1.0		__DUMMY__ 0.8783791064595682 neg 0.07524929624429864 off 0.046371597296133236	false	0.5
oder			__DUMMY__ 0.8849032687174785 neg 0.06881686412088557 off 0.046279867161635936	false	0.0
verfall	neg 1.0		__DUMMY__ 0.8836340182512571 neg 0.07616121212605184 off 0.04020476962269102	false	1.0
ausgrenzung	neg 1.0		__DUMMY__ 0.8749799328196379 neg 0.07600978222771025 off 0.04901028495265182	false	1.0
unordnung	neg 1.0		__DUMMY__ 0.8778752330660324 neg 0.06784633207657462 off 0.05427843485739302	false	1.0
fehlverhalten	neg 1.0		__DUMMY__ 0.8795979749448716 neg 0.07638640107818184 off 0.044015623976946625	false	1.0
eine			__DUMMY__ 0.8856505900396159 neg 0.0721238347322735 off 0.04222557522811055	false	0.0
nille	neg 1.0		__DUMMY__ 0.8782560414064438 neg 0.07454757556178318 off 0.04719638303177301	false	1.0
qual	neg 1.0		__DUMMY__ 0.8827690722345279 neg 0.07066623307040064 off 0.046564694695071435	false	1.0
verschwenden	neg 1.0		__DUMMY__ 0.882813558890887 neg 0.07339807951836631 off 0.04378836159074671	false	1.0
riesig	neg 1.0		__DUMMY__ 0.8824678875511727 neg 0.07175795793915493 off 0.04577415450967238	false	1.0
verurteilen	neg 1.0		__DUMMY__ 0.8777444683514287 neg 0.0768402001543884 off 0.04541533149418286	false	1.0
klischee	neg 1.0	neg 1.0	neg 0.5251218179068448 __DUMMY__ 0.43732280546174135 off 0.03755537663141396	false	1.0
diktatorisch	neg 1.0		__DUMMY__ 0.8723801693481553 neg 0.07909708908014462 off 0.04852274157170011	false	1.0
vorhersehbar	neg 1.0		__DUMMY__ 0.8776282928306394 neg 0.07380830712952594 off 0.048563400039834684	false	1.0
sowie			__DUMMY__ 0.8745134304084357 neg 0.06936129973373613 off 0.056125269857828244	false	0.0
stornieren	neg 1.0		__DUMMY__ 0.8854765392261877 neg 0.06596881363892082 off 0.04855464713489136	false	1.0
besteuerung	neg 1.0		__DUMMY__ 0.8799149922394182 neg 0.07231394057044487 off 0.04777106719013706	false	1.0
ungeschminkt	neg 1.0		__DUMMY__ 0.8800514322094156 neg 0.06879292637778275 off 0.05115564141280161	false	1.0
kritisch	neg 1.0		__DUMMY__ 0.8793128970181632 neg 0.07647750677723682 off 0.04420959620460004	false	1.0
schlamperei	off 1.0		__DUMMY__ 0.8784306889949696 neg 0.07687427010126302 off 0.044695040903767407	false	0.5
sucht	neg 1.0	neg 1.0	neg 0.5186462734609196 __DUMMY__ 0.44475392861901153 off 0.03659979792006875	false	1.0
egoistisch	off 1.0		__DUMMY__ 0.8776562511052122 neg 0.0670278014257155 off 0.05531594746907223	false	0.5
ausbeuter	off 1.0		__DUMMY__ 0.878102303919146 neg 0.07815627212505848 off 0.04374142395579553	false	0.5
arschgeburt	off 1.0		__DUMMY__ 0.8710493850560661 neg 0.06635588287528155 off 0.06259473206865239	false	0.5
schubs	neg 1.0	neg 1.0	neg 0.5219522511876792 __DUMMY__ 0.4447041260329891 off 0.03334362277933176	false	1.0
unsolide	neg 1.0		__DUMMY__ 0.8694718907472603 neg 0.07924885973286633 off 0.05127924951987332	false	1.0
beschwerde	neg 1.0		__DUMMY__ 0.8796184012699675 neg 0.07509664727244736 off 0.045284951457585196	false	1.0
stocken	neg 1.0		__DUMMY__ 0.8822277261316787 neg 0.0731011005168144 off 0.04467117335150686	false	1.0
isolieren	neg 1.0		__DUMMY__ 0.8848102807771633 neg 0.06901921194525176 off 0.04617050727758491	false	1.0
unheilbar	neg 1.0		__DUMMY__ 0.8797663211169007 neg 0.07287084101957031 off 0.04736283786352891	false	1.0
pisser	off 1.0		__DUMMY__ 0.8765066538716739 neg 0.06962982832438773 off 0.053863517803938284	false	0.5
löschen	neg 1.0		__DUMMY__ 0.8809004803410049 neg 0.07134335379113729 off 0.047756165867857796	false	1.0
durchfallen	neg 1.0		__DUMMY__ 0.8813661313306014 neg 0.0744251184725366 off 0.04420875019686209	false	1.0
wichser	off 1.0		__DUMMY__ 0.8761817524775445 neg 0.06472793571163805 off 0.05909031181081744	false	0.5
terror	neg 1.0		__DUMMY__ 0.884071005189871 neg 0.06642103566941529 off 0.04950795914071369	false	1.0
krass	neg 1.0		__DUMMY__ 0.879985332766781 neg 0.0666594887888803 off 0.05335517844433872	false	1.0
revolte	neg 1.0	neg 1.0	neg 0.5291602834946946 __DUMMY__ 0.4328377578999374 off 0.03800195860536812	false	1.0
besorgt	neg 1.0		__DUMMY__ 0.8876738656908727 neg 0.06718195744474656 off 0.04514417686438083	false	1.0
nachlassen	neg 1.0		__DUMMY__ 0.883528926807724 neg 0.07160667067859879 off 0.04486440251367728	false	1.0
alt	neg 1.0		__DUMMY__ 0.8869255574153851 neg 0.07029270236916293 off 0.042781740215451884	false	1.0
hundesohn	off 1.0		__DUMMY__ 0.8731103861161261 neg 0.06805255894925384 off 0.058837054934619985	false	0.5
als			__DUMMY__ 0.8845265689910142 neg 0.07076144757370752 off 0.04471198343527825	false	0.0
abschreckung	neg 1.0		__DUMMY__ 0.8797476425773219 neg 0.0773430928457133 off 0.04290926457696488	false	1.0
unqualifiziert	neg 1.0	neg 1.0	neg 0.5251365134898265 __DUMMY__ 0.43783640618422703 off 0.037027080325946496	false	1.0
abgewichst	off 1.0		__DUMMY__ 0.8805725327920416 neg 0.07328697002887492 off 0.04614049717908347	false	0.5
schwer	neg 1.0		__DUMMY__ 0.8831777736498337 neg 0.0706295177507966 off 0.04619270859936965	false	1.0
bedeutungslosigkeit	neg 1.0		__DUMMY__ 0.8800455737691464 neg 0.07647558601713601 off 0.04347884021371767	false	1.0
kapitulation	neg 1.0		__DUMMY__ 0.8743633900666908 neg 0.08027851030654506 off 0.04535809962676399	false	1.0
unscharf	neg 1.0		__DUMMY__ 0.8823037107761412 neg 0.069139642738783 off 0.048556646485075655	false	1.0
schwinden	neg 1.0		__DUMMY__ 0.8814674646180842 neg 0.07505554870337912 off 0.04347698667853666	false	1.0
versklavung	neg 1.0	neg 1.0	neg 0.5287016152038773 __DUMMY__ 0.43473430615249553 off 0.03656407864362719	false	1.0
schlecht	neg 1.0		__DUMMY__ 0.8816607609748264 neg 0.0670477827324797 off 0.05129145629269387	false	1.0
verhasst	neg 1.0		__DUMMY__ 0.8782482390054808 neg 0.07455449019334619 off 0.04719727080117307	false	1.0
beschweren	neg 1.0		__DUMMY__ 0.8822581274019416 neg 0.06985791840245888 off 0.0478839541955994	false	1.0
scheiden	neg 1.0		__DUMMY__ 0.8842037681902869 neg 0.06998541536486261 off 0.045810816444850425	false	1.0
frustriert	neg 1.0		__DUMMY__ 0.8824087868761157 neg 0.07204773920695477 off 0.045543473916929554	false	1.0
schimmelig	neg 1.0		__DUMMY__ 0.8822236083737449 neg 0.07417830250032108 off 0.04359808912593404	false	1.0
fisch	neg 1.0	neg 1.0	neg 0.5222879236953627 __DUMMY__ 0.44439708123162125 off 0.03331499507301604	false	1.0
schmuggel	neg 1.0		__DUMMY__ 0.8848831753082822 neg 0.07225069491423512 off 0.042866129777482644	false	1.0
auffallen	neg 1.0		__DUMMY__ 0.8818894902698808 neg 0.06984832370080757 off 0.04826218602931169	false	1.0
konkurrenz	neg 1.0		__DUMMY__ 0.8846872506349391 neg 0.07281537780218768 off 0.04249737156287319	false	1.0
teufelskreis	neg 1.0	neg 1.0	neg 0.5260890435315142 __DUMMY__ 0.43915850387075434 off 0.03475245259773151	false	1.0
aufschreien	neg 1.0		__DUMMY__ 0.878838071372523 neg 0.07276327359009015 off 0.048398655037386974	false	1.0
schuldner	neg 1.0		__DUMMY__ 0.8787605303968874 neg 0.07707196749663624 off 0.04416750210647633	false	1.0
missgeburt	off 1.0	off 1.0	off 0.5125895134705861 __DUMMY__ 0.4357449162254276 neg 0.051665570303986184	false	1.0
arbeitslos	neg 1.0		__DUMMY__ 0.8804423171556035 neg 0.07441407030807543 off 0.045143612536321084	false	1.0
befallen	neg 1.0		__DUMMY__ 0.8737323133163122 neg 0.0809681810107643 off 0.045299505672923485	false	1.0
miesepetrig	off 1.0		__DUMMY__ 0.8828044899756756 neg 0.06653586598424513 off 0.05065964404007923	false	0.5
alarmieren	neg 1.0		__DUMMY__ 0.8764022879738758 neg 0.07258068698399617 off 0.051017025042128086	false	1.0
ungeduscht	off 1.0		__DUMMY__ 0.8825712268827784 neg 0.06885632214492592 off 0.04857245097229567	false	0.5
knappheit	neg 1.0		__DUMMY__ 0.8793981612542975 neg 0.0753329056292223 off 0.04526893311648018	false	1.0
schlange	neg 1.0		__DUMMY__ 0.8852122448661518 neg 0.0672998733803046 off 0.04748788175354358	false	1.0
harsch	neg 1.0		__DUMMY__ 0.8810923172408825 neg 0.06293338969441858 off 0.055974293064698935	false	1.0
lang	neg 1.0		__DUMMY__ 0.881785972537413 neg 0.07046258716915176 off 0.047751440293435254	false	1.0
ziellos	neg 1.0		__DUMMY__ 0.8833520366579011 neg 0.07221462827783355 off 0.04443333506426533	false	1.0
selbstverliebt	neg 1.0		__DUMMY__ 0.8714838474217005 neg 0.06824563498291944 off 0.060270517595380046	false	1.0
beseitigen	neg 1.0		__DUMMY__ 0.8849190511595235 neg 0.06768239114570608 off 0.04739855769477046	false	1.0
dumm	off 1.0		__DUMMY__ 0.8762428393087737 neg 0.06783725635633447 off 0.0559199043348919	false	0.5
arbeitsloser	neg 1.0		__DUMMY__ 0.8814914644464864 neg 0.07400681362456528 off 0.04450172192894835	false	1.0
blitzen	neg 1.0		__DUMMY__ 0.8792366891082088 neg 0.07094988524277035 off 0.049813425649020915	false	1.0
hilflos	neg 1.0		__DUMMY__ 0.882634920110764 neg 0.07221077756590669 off 0.0451543023233292	false	1.0
eklig	off 1.0		__DUMMY__ 0.8752789304500659 neg 0.06812950802432581 off 0.056591561525608354	false	0.5
begriff			__DUMMY__ 0.88100750877516 neg 0.07337578244296958 off 0.04561670878187053	false	0.0
hungersnot	neg 1.0		__DUMMY__ 0.873512627802605 neg 0.07942436894552013 off 0.04706300325187494	false	1.0
ungesetzlich	neg 1.0		__DUMMY__ 0.873396657806935 neg 0.07697019599458706 off 0.04963314619847794	false	1.0
verschwendung	neg 1.0		__DUMMY__ 0.8821806694436228 neg 0.0746635315443282 off 0.04315579901204891	false	1.0
schmerzvoll	neg 1.0		__DUMMY__ 0.882573192156663 neg 0.06959913725792281 off 0.04782767058541422	false	1.0
vorzeitig	neg 1.0		__DUMMY__ 0.8805465927987632 neg 0.0683752292199163 off 0.051078177981320326	false	1.0
unvollkommenheit	neg 1.0		__DUMMY__ 0.8816579854773307 neg 0.07151969503105587 off 0.04682231949161352	false	1.0
intervenieren	neg 1.0		__DUMMY__ 0.8771936220501513 neg 0.07872289258272477 off 0.04408348536712398	false	1.0
banause	off 1.0		__DUMMY__ 0.875229624031583 neg 0.06697677384852645 off 0.057793602119890534	false	0.5
rebell	neg 1.0		__DUMMY__ 0.884504124334482 neg 0.07344338824071668 off 0.042052487424801305	false	1.0
unlogisch	neg 1.0		__DUMMY__ 0.8779160116421116 neg 0.06896110883446319 off 0.05312287952342512	false	1.0
leiden	neg 1.0	neg 1.0	neg 0.5201481657277857 __DUMMY__ 0.44813077860763617 off 0.03172105566457821	false	1.0
abschaffung	neg 1.0		__DUMMY__ 0.8774961015546174 neg 0.07470103489586019 off 0.0478028635495224	false	1.0
sturz	neg 1.0		__DUMMY__ 0.8762038034843991 neg 0.07560979735679327 off 0.04818639915880777	false	1.0
verkleinerung	neg 1.0		__DUMMY__ 0.8758881682639501 neg 0.07376335394640694 off 0.05034847778964289	false	1.0
schmarotzer	off 1.0		__DUMMY__ 0.8787199280242038 neg 0.0764326061009658 off 0.04484746587483035	false	0.5
bestrafung	neg 1.0		__DUMMY__ 0.880531717339562 neg 0.07165402840900241 off 0.04781425425143544	false	1.0
achtlos	neg 1.0		__DUMMY__ 0.8849446754883656 neg 0.06893835002643774 off 0.04611697448519673	false	1.0
ungeheuer	neg 1.0		__DUMMY__ 0.8810996082807031 neg 0.07052527907435455 off 0.04837511264494241	false	1.0
unaufrichtig	neg 1.0		__DUMMY__ 0.8755884570633261 neg 0.07481270462587608 off 0.04959883831079793	false	1.0
groggy	neg 1.0		__DUMMY__ 0.8797127936112101 neg 0.07040647458442048 off 0.049880731804369326	false	1.0
