unsolidarisch	neg 1.0		__DUMMY__ 0.9191653232314979 neg 0.05085162111784807 off 0.02998305565065399	false	1.0
nachteilig	neg 1.0		__DUMMY__ 0.9270446822337538 neg 0.0457855283834926 off 0.027169789382753617	false	1.0
skeptisch	neg 1.0		__DUMMY__ 0.9287490291470426 neg 0.04601173735947418 off 0.02523923349348329	false	1.0
schrecklich	neg 1.0		__DUMMY__ 0.9254788619474087 neg 0.04023073516595619 off 0.03429040288663513	false	1.0
schlapp	neg 1.0		__DUMMY__ 0.9294875645766911 neg 0.039581791956813286 off 0.030930643466495555	false	1.0
abfall	neg 1.0		__DUMMY__ 0.9289863706084684 neg 0.04687670074824355 off 0.024136928643287994	false	1.0
widerspenstig	neg 1.0		__DUMMY__ 0.9301345804811705 neg 0.041859234510405983 off 0.02800618500842359	false	1.0
abrupt	neg 1.0		__DUMMY__ 0.931226561016364 neg 0.04158069490686988 off 0.027192744076766143	false	1.0
unwirksam	neg 1.0		__DUMMY__ 0.9225093048400397 neg 0.04800088776681446 off 0.029489807393145905	false	1.0
angreifen	neg 1.0		__DUMMY__ 0.9265085825875675 neg 0.04706148493355283 off 0.026429932478879672	false	1.0
inkonsistent	neg 1.0		__DUMMY__ 0.9247762109126866 neg 0.045189569423602326 off 0.030034219663711118	false	1.0
abrutschen	neg 1.0		__DUMMY__ 0.930201304575081 neg 0.045637665795098786 off 0.0241610296298203	false	1.0
unsicher	neg 1.0		__DUMMY__ 0.9281746204521486 neg 0.04324489423323323 off 0.02858048531461807	false	1.0
bauernkind	off 1.0		__DUMMY__ 0.9217149015412321 neg 0.041774417460045184 off 0.03651068099872272	false	0.5
angreifer	neg 1.0		__DUMMY__ 0.9232673540397865 neg 0.04557389949261078 off 0.03115874646760272	false	1.0
trennen	neg 1.0		__DUMMY__ 0.9330624060158084 neg 0.041581636623160625 off 0.02535595736103103	false	1.0
schmutz	neg 1.0		__DUMMY__ 0.9326013897146913 neg 0.035761923297287626 off 0.031636686988021016	false	1.0
inkonsistenz	neg 1.0	neg 1.0	neg 0.5104224117915612 __DUMMY__ 0.4613418877691276 off 0.028235700439311173	false	1.0
erschreckend	neg 1.0		__DUMMY__ 0.9267053784553737 neg 0.04528777040131637 off 0.028006851143309953	false	1.0
ertrinken	neg 1.0		__DUMMY__ 0.9299996079693791 neg 0.043648518540855746 off 0.026351873489765174	false	1.0
pickelface	off 1.0		__DUMMY__ 0.9251328431976669 neg 0.04540549263971363 off 0.02946166416261955	false	0.5
seiner			__DUMMY__ 0.9286834702145261 neg 0.045244206063884435 off 0.026072323721589425	false	0.0
lauch	neg 1.0		__DUMMY__ 0.9289548980407653 neg 0.04629165896264783 off 0.02475344299658683	false	1.0
unwichtig	neg 1.0		__DUMMY__ 0.9257660067281177 neg 0.042590369127917645 off 0.031643624143964634	false	1.0
steuerhinterziehung	neg 1.0		__DUMMY__ 0.9225583754071958 neg 0.04864804472827614 off 0.028793579864528022	false	1.0
schock	neg 1.0		__DUMMY__ 0.93083756748247 neg 0.04198279045668218 off 0.027179642060847782	false	1.0
beule	neg 1.0		__DUMMY__ 0.9291865659196075 neg 0.039089800993057346 off 0.031723633087335265	false	1.0
vergelten	neg 1.0		__DUMMY__ 0.923182218334389 neg 0.04110299509258504 off 0.035714786573025945	false	1.0
verdorbenheit	neg 1.0	neg 1.0	neg 0.5069357961474571 __DUMMY__ 0.46671214525564747 off 0.02635205859689544	false	1.0
trauma	neg 1.0		__DUMMY__ 0.9267539402392001 neg 0.043383303880528225 off 0.029862755880271662	false	1.0
sinnlos	neg 1.0		__DUMMY__ 0.9269326271302805 neg 0.0429813866498468 off 0.030085986219872695	false	1.0
fettsack	off 1.0	off 1.0	off 0.5025207260458373 __DUMMY__ 0.4594964079164796 neg 0.03798286603768311	false	1.0
feige	off 1.0		__DUMMY__ 0.9241433258700512 neg 0.0443105748133808 off 0.03154609931656802	false	0.5
abdanken	neg 1.0		__DUMMY__ 0.9209541072724262 neg 0.04981354920070638 off 0.029232343526867457	false	1.0
wichtigtuer	off 1.0	off 1.0	off 0.4974148235014229 __DUMMY__ 0.4609955858374619 neg 0.04158959066111525	false	1.0
misslingen	neg 1.0		__DUMMY__ 0.9305901147897856 neg 0.03979731833157665 off 0.029612566878637694	false	1.0
untreu	off 1.0		__DUMMY__ 0.9260239238287925 neg 0.04188680782318205 off 0.03208926834802545	false	0.5
missmutig	neg 1.0		__DUMMY__ 0.9288831288791022 neg 0.0402455056702132 off 0.030871365450684588	false	1.0
hurenbock	off 1.0		__DUMMY__ 0.9314738125316464 neg 0.03961783001376325 off 0.028908357454590285	false	0.5
betrunken	neg 1.0		__DUMMY__ 0.9282672549870727 neg 0.03909275952561194 off 0.032639985487315365	false	1.0
korrupt	off 1.0		__DUMMY__ 0.921365484866382 neg 0.05058585909558258 off 0.028048656038035448	false	0.5
unmut	neg 1.0		__DUMMY__ 0.9282263371398368 neg 0.046927696913719445 off 0.024845965946443744	false	1.0
hackfresse	off 1.0		__DUMMY__ 0.9238542536835512 neg 0.03963574826904694 off 0.03650999804740181	false	0.5
aufblasen	neg 1.0		__DUMMY__ 0.9299578917203976 neg 0.04085303025101313 off 0.029189078028589336	false	1.0
gewaltsam	neg 1.0		__DUMMY__ 0.9228485126983997 neg 0.04735443542080199 off 0.029797051880798325	false	1.0
unbeliebtheit	neg 1.0		__DUMMY__ 0.9166908826012294 neg 0.049431631796656085 off 0.03387748560211441	false	1.0
sturheit	neg 1.0		__DUMMY__ 0.9241829924854776 neg 0.04744064619784522 off 0.028376361316677153	false	1.0
kuh	neg 1.0		__DUMMY__ 0.9263058281973741 neg 0.04441699489832972 off 0.02927717690429618	false	1.0
erschrecken	neg 1.0		__DUMMY__ 0.9282570101630554 neg 0.04097167422002727 off 0.030771315616917372	false	1.0
opfer	neg 1.0	neg 1.0	neg 0.5120904614703147 __DUMMY__ 0.4637419793260399 off 0.02416755920364539	false	1.0
sinken	neg 1.0		__DUMMY__ 0.9284693019814587 neg 0.04645330076894488 off 0.025077397249596418	false	1.0
stinktier	neg 1.0		__DUMMY__ 0.9233735790693424 neg 0.0421389333432014 off 0.034487487587456164	false	1.0
tucke	off 1.0		__DUMMY__ 0.9245688849901237 neg 0.03898061301339646 off 0.036450501996479846	false	0.5
ein			__DUMMY__ 0.9322663768082898 neg 0.03926901531978851 off 0.028464607871921732	false	0.0
abstieg	neg 1.0		__DUMMY__ 0.9254186066584619 neg 0.04660287938655915 off 0.027978513954978988	false	1.0
missverstehen	neg 1.0		__DUMMY__ 0.924526398257713 neg 0.045275546598559674 off 0.030198055143727393	false	1.0
ergebnislos	neg 1.0		__DUMMY__ 0.9264881741634302 neg 0.04594165408405466 off 0.02757017175251517	false	1.0
unter			__DUMMY__ 0.9355999314297293 neg 0.04305442977588804 off 0.021345638794382577	false	0.0
manipulieren	neg 1.0		__DUMMY__ 0.9262131422594765 neg 0.04752719618202924 off 0.026259661558494258	false	1.0
unbewiesen	neg 1.0		__DUMMY__ 0.9182334474134323 neg 0.05189526665130559 off 0.029871285935262157	false	1.0
verschleppen	neg 1.0		__DUMMY__ 0.925322532694583 neg 0.047216422630989956 off 0.027461044674427067	false	1.0
weib	off 1.0		__DUMMY__ 0.9235229867748795 neg 0.039109657890360174 off 0.03736735533476031	false	0.5
opposition	neg 1.0		__DUMMY__ 0.9217594919298269 neg 0.048130647379753616 off 0.030109860690419554	false	1.0
verkehrswidrig	neg 1.0		__DUMMY__ 0.9271941531880367 neg 0.03790605061884577 off 0.034899796193117685	false	1.0
inkorrekt	neg 1.0		__DUMMY__ 0.9203766664519344 neg 0.046803125485007764 off 0.03282020806305792	false	1.0
vermeiden	neg 1.0		__DUMMY__ 0.9326103783824201 neg 0.04438873552003609 off 0.0230008860975437	false	1.0
abweichung	neg 1.0		__DUMMY__ 0.9213639747244705 neg 0.05088215389236516 off 0.027753871383164295	false	1.0
alkoholisiert	neg 1.0		__DUMMY__ 0.9300168719637287 neg 0.043371921420914485 off 0.026611206615356753	false	1.0
scheiss	off 1.0	off 1.0	off 0.49930343575469505 __DUMMY__ 0.4634216693986007 neg 0.037274894846704355	false	1.0
herausforderung	neg 1.0		__DUMMY__ 0.9334483733752043 neg 0.03973332740532765 off 0.026818299219468072	false	1.0
pervers	off 1.0		__DUMMY__ 0.9226935154180916 off 0.039232185636625595 neg 0.03807429894528283	false	1.0
wackelig	neg 1.0		__DUMMY__ 0.9336070792660431 neg 0.0399028681487775 off 0.026490052585179398	false	1.0
verwickeln	neg 1.0		__DUMMY__ 0.925512005691777 neg 0.04449784196064665 off 0.029990152347576307	false	1.0
vorwand	neg 1.0		__DUMMY__ 0.9268814163353346 neg 0.04772879882766246 off 0.025389784837002893	false	1.0
muschi	off 1.0		__DUMMY__ 0.925369950972604 neg 0.04540142921594039 off 0.02922861981145563	false	0.5
entmutigung	neg 1.0		__DUMMY__ 0.9165804312210857 neg 0.051962766390025505 off 0.03145680238888881	false	1.0
unangemessen	neg 1.0		__DUMMY__ 0.924370775162681 neg 0.048049971709446575 off 0.02757925312787257	false	1.0
unstetig	neg 1.0		__DUMMY__ 0.924489426204289 neg 0.04442745386354553 off 0.031083119932165504	false	1.0
entmutigen	neg 1.0		__DUMMY__ 0.9278301160178479 neg 0.04286150321365756 off 0.02930838076849454	false	1.0
schwanz	neg 1.0		__DUMMY__ 0.927377086299255 neg 0.0452529740765814 off 0.02736993962416363	false	1.0
verbot	neg 1.0		__DUMMY__ 0.9223295789070879 neg 0.0493312040194566 off 0.02833921707345552	false	1.0
leid	neg 1.0		__DUMMY__ 0.9242831361855939 neg 0.040457608727325574 off 0.03525925508708047	false	1.0
archaisch	neg 1.0		__DUMMY__ 0.9252384298712649 neg 0.04697708081578872 off 0.02778448931294643	false	1.0
gegen			__DUMMY__ 0.9269186774246407 neg 0.047165936458427295 off 0.025915386116931907	false	0.0
scheidung	neg 1.0	neg 1.0	neg 0.49986170406368263 __DUMMY__ 0.4595293700652484 off 0.040608925871068915	false	1.0
einschlag	neg 1.0		__DUMMY__ 0.9247900001424328 neg 0.040157348991163036 off 0.03505265086640417	false	1.0
m			__DUMMY__ 0.9296046596618541 neg 0.04275898278750007 off 0.027636357550645738	false	0.0
abgestanden	neg 1.0		__DUMMY__ 0.9296828545663761 neg 0.04253430220201422 off 0.0277828432316097	false	1.0
schmierig	off 1.0		__DUMMY__ 0.9255320615456688 neg 0.04000498438819436 off 0.03446295406613692	false	0.5
unpraktisch	neg 1.0		__DUMMY__ 0.930592725694017 neg 0.040458827623381446 off 0.028948446682601575	false	1.0
wixxer	off 1.0		__DUMMY__ 0.9209517188529779 neg 0.03961007555369972 off 0.03943820559332239	false	0.5
bezeichnet			__DUMMY__ 0.9250235042670869 neg 0.04647185756078815 off 0.028504638172124987	false	0.0
jammerlappen	off 1.0		__DUMMY__ 0.9265890591130772 neg 0.04181961326885197 off 0.03159132761807072	false	0.5
farce	neg 1.0		__DUMMY__ 0.9191731666705125 neg 0.052052849056843674 off 0.02877398427264378	false	1.0
zwecklos	neg 1.0		__DUMMY__ 0.9253784486911605 neg 0.04735072784742499 off 0.027270823461414597	false	1.0
turbulent	neg 1.0		__DUMMY__ 0.9235669669819561 neg 0.04238822470069988 off 0.034044808317344084	false	1.0
invasion	neg 1.0		__DUMMY__ 0.9286559819328636 neg 0.04067494937210539 off 0.030669068695031117	false	1.0
schuld	neg 1.0		__DUMMY__ 0.926144450253566 neg 0.044516451749358324 off 0.029339097997075816	false	1.0
risiko	neg 1.0		__DUMMY__ 0.9300745018559253 neg 0.03921229059228676 off 0.030713207551787972	false	1.0
finster	neg 1.0		__DUMMY__ 0.9312241758767912 neg 0.0406586982755946 off 0.028117125847614298	false	1.0
geisteskrank	off 1.0		__DUMMY__ 0.9222448709953563 neg 0.044761814783526234 off 0.03299331422111737	false	0.5
zusammenbrechen	neg 1.0		__DUMMY__ 0.9286232387785274 neg 0.043666805259756435 off 0.027709955961716187	false	1.0
ausbeute	neg 1.0		__DUMMY__ 0.9322859454347553 neg 0.0413824605191914 off 0.02633159404605325	false	1.0
hinterhalt	neg 1.0		__DUMMY__ 0.9270586760815603 neg 0.04364296081525729 off 0.029298363103182318	false	1.0
kritik	neg 1.0		__DUMMY__ 0.9206195610751646 neg 0.05067322652793789 off 0.02870721239689756	false	1.0
einschrumpfen	neg 1.0		__DUMMY__ 0.9211368520004968 neg 0.0472649796278395 off 0.03159816837166381	false	1.0
riskant	neg 1.0		__DUMMY__ 0.927902430850058 neg 0.04577510762052133 off 0.026322461529420714	false	1.0
frustrieren	neg 1.0		__DUMMY__ 0.9272489243262485 neg 0.046420382002040114 off 0.026330693671711414	false	1.0
groll	neg 1.0		__DUMMY__ 0.9259332784729674 neg 0.04667377522306834 off 0.027392946303964247	false	1.0
gibt			__DUMMY__ 0.9275730744067535 neg 0.04482205770653167 off 0.027604867886714787	false	0.0
qualvoll	neg 1.0		__DUMMY__ 0.9288034316345746 neg 0.041281462667638026 off 0.02991510569778752	false	1.0
wackeln	neg 1.0		__DUMMY__ 0.931422683650628 neg 0.039806914098846645 off 0.028770402250525424	false	1.0
klagen	neg 1.0		__DUMMY__ 0.9259104024961787 neg 0.048701998253606604 off 0.025387599250214565	false	1.0
bankrott	neg 1.0		__DUMMY__ 0.928478489538838 neg 0.04000078207902945 off 0.031520728382132525	false	1.0
trauern	neg 1.0		__DUMMY__ 0.9283267873490693 neg 0.04525991822791037 off 0.02641329442302031	false	1.0
ablehnung	neg 1.0	neg 1.0	neg 0.5153391314537116 __DUMMY__ 0.4586579202481433 off 0.026002948298145163	false	1.0
stur	neg 1.0		__DUMMY__ 0.926412726488325 neg 0.044028879552575104 off 0.029558393959099986	false	1.0
aufruhr	neg 1.0		__DUMMY__ 0.9225371568474316 neg 0.04789131695633542 off 0.02957152619623293	false	1.0
melancholie	neg 1.0		__DUMMY__ 0.9325584101754438 neg 0.04087653842466066 off 0.02656505139989555	false	1.0
ist			__DUMMY__ 0.9268035241054823 neg 0.04356822526925819 off 0.02962825062525953	false	0.0
torheit	neg 1.0		__DUMMY__ 0.9209718294807958 neg 0.04884636045406588 off 0.030181810065138214	false	1.0
dreckskind	off 1.0		__DUMMY__ 0.919998868655716 neg 0.04391205243667033 off 0.036089078907613675	false	0.5
umtauschen	neg 1.0		__DUMMY__ 0.9306441694199913 neg 0.0415721307895185 off 0.027783699790490154	false	1.0
zum			__DUMMY__ 0.9366588177131568 neg 0.04018969340272479 off 0.023151488884118384	false	0.0
zersetzen	neg 1.0		__DUMMY__ 0.9261610985246205 neg 0.04800791405584947 off 0.025830987419530042	false	1.0
zur			__DUMMY__ 0.9305645293394633 neg 0.04580093039545808 off 0.02363454026507859	false	0.0
frust	neg 1.0		__DUMMY__ 0.9285762271559502 neg 0.043775858107161635 off 0.027647914736888185	false	1.0
unerbittlichkeit	neg 1.0		__DUMMY__ 0.9259688786907 neg 0.04755220545360278 off 0.026478915855697224	false	1.0
zwei			__DUMMY__ 0.934227075530962 neg 0.04140216993699635 off 0.024370754532041704	false	0.0
unkorrekt	neg 1.0		__DUMMY__ 0.9220171278517224 neg 0.04490234481753906 off 0.033080527330738574	false	1.0
hexe	off 1.0		__DUMMY__ 0.926801227328445 neg 0.04165836764716815 off 0.031540405024386896	false	0.5
lasch	neg 1.0		__DUMMY__ 0.9243691437501709 neg 0.04462146795673612 off 0.031009388293093	false	1.0
rivale	neg 1.0		__DUMMY__ 0.9239466015724553 neg 0.04143778838326428 off 0.03461561004428036	false	1.0
mutlos	off 1.0	off 1.0	off 0.49473118502760244 __DUMMY__ 0.46098024390688663 neg 0.04428857106551086	false	1.0
wirr	off 1.0		__DUMMY__ 0.921859794077991 neg 0.04418409698005532 off 0.033956108941953715	false	0.5
jahr			__DUMMY__ 0.9330058025110496 neg 0.04114420184632497 off 0.02584999564262539	false	0.0
wird			__DUMMY__ 0.9282157857746424 neg 0.0451747666787535 off 0.026609447546604145	false	0.0
strafbar	neg 1.0		__DUMMY__ 0.9241774190609744 neg 0.048996437764978897 off 0.02682614317404674	false	1.0
erosion	neg 1.0		__DUMMY__ 0.9296922541479042 neg 0.04078812599185057 off 0.02951961986024514	false	1.0
eingehen	neg 1.0		__DUMMY__ 0.9261628300778815 neg 0.046755404172975086 off 0.027081765749143494	false	1.0
faul	off 1.0		__DUMMY__ 0.9297083394756481 neg 0.039429740217800255 off 0.030861920306551657	false	0.5
provisorium	neg 1.0		__DUMMY__ 0.9337970517811688 neg 0.04522454531298613 off 0.02097840290584508	false	1.0
schmerzen	neg 1.0		__DUMMY__ 0.9300107762440479 neg 0.04269764950845657 off 0.027291574247495495	false	1.0
schrumpfen	neg 1.0		__DUMMY__ 0.9301940347368955 neg 0.04647969058469468 off 0.023326274678409798	false	1.0
geistlos	off 1.0		__DUMMY__ 0.9189231213701742 neg 0.04983370421325345 off 0.031243174416572355	false	0.5
fehlkauf	neg 1.0		__DUMMY__ 0.9251153004767007 neg 0.04417295411076402 off 0.03071174541253538	false	1.0
frustrierend	neg 1.0	neg 1.0	neg 0.5083580107777157 __DUMMY__ 0.4635700021071887 off 0.028071987115095606	false	1.0
unzufrieden	neg 1.0		__DUMMY__ 0.9267525321155667 neg 0.04599669390045323 off 0.027250773983980132	false	1.0
verzweifeln	neg 1.0		__DUMMY__ 0.9284869866778479 neg 0.04327356245193754 off 0.028239450870214466	false	1.0
verzweifelt	neg 1.0		__DUMMY__ 0.9270059396736002 neg 0.04354265271815929 off 0.02945140760824052	false	1.0
misstrauensantrag	neg 1.0		__DUMMY__ 0.9241865961836365 neg 0.045231850792618246 off 0.03058155302374519	false	1.0
abfallen	neg 1.0		__DUMMY__ 0.9321397626945201 neg 0.03927159288173691 off 0.028588644423742964	false	1.0
fucker	off 1.0		__DUMMY__ 0.92407234796667 neg 0.041852341348160856 off 0.034075310685169204	false	0.5
ungezogen	neg 1.0		__DUMMY__ 0.9247092659772799 neg 0.03786593140425833 off 0.037424802618461844	false	1.0
irrsinnig	neg 1.0	neg 1.0	neg 0.5109804996960743 __DUMMY__ 0.4623948785547003 off 0.026624621749225384	false	1.0
unfassbar	neg 1.0		__DUMMY__ 0.9261335625052664 neg 0.042001593885450585 off 0.03186484360928307	false	1.0
hart	neg 1.0		__DUMMY__ 0.9246568535752288 neg 0.04359103565157212 off 0.03175211077319904	false	1.0
widerlich	off 1.0		__DUMMY__ 0.9241351240295868 neg 0.04331399316952662 off 0.03255088280088657	false	0.5
fatal	neg 1.0		__DUMMY__ 0.9255633686071725 neg 0.04376244458444837 off 0.030674186808379144	false	1.0
bruch	neg 1.0		__DUMMY__ 0.9251859226166433 neg 0.049599442791330633 off 0.02521463459202598	false	1.0
aushungern	neg 1.0		__DUMMY__ 0.9217390130707904 neg 0.048584147136822055 off 0.029676839792387444	false	1.0
anspannung	neg 1.0		__DUMMY__ 0.9316302701811775 neg 0.0442673415105266 off 0.024102388308295895	false	1.0
von			__DUMMY__ 0.9332939012500604 neg 0.04143302092743485 off 0.02527307782250476	false	0.0
kraftlos	neg 1.0		__DUMMY__ 0.9321249466098673 neg 0.041363142617030356 off 0.02651191077310238	false	1.0
vom			__DUMMY__ 0.9358080761854366 neg 0.042577311261732184 off 0.02161461255283127	false	0.0
grenzdebil	off 1.0		__DUMMY__ 0.9268457829696082 neg 0.04066246334264393 off 0.032491753687747815	false	0.5
vor			__DUMMY__ 0.9309647667846598 neg 0.04418388899757119 off 0.02485134421776904	false	0.0
unterwerfen	neg 1.0		__DUMMY__ 0.9260724585843222 neg 0.04711203213186561 off 0.026815509283812194	false	1.0
versenkung	neg 1.0		__DUMMY__ 0.9271614221923804 neg 0.04632841341963146 off 0.026510164387988193	false	1.0
entziehen	neg 1.0		__DUMMY__ 0.9274689570300461 neg 0.047494751274661046 off 0.025036291695292857	false	1.0
finanzkrise	neg 1.0		__DUMMY__ 0.9214802266282426 neg 0.0494949793853332 off 0.029024793986424328	false	1.0
schimpfend	neg 1.0		__DUMMY__ 0.9337064164765613 neg 0.037400905073203775 off 0.028892678450234965	false	1.0
profan	neg 1.0		__DUMMY__ 0.9275266124675741 neg 0.042521501955400706 off 0.029951885577025265	false	1.0
korruption	neg 1.0		__DUMMY__ 0.9220139972805609 neg 0.04999278810735526 off 0.02799321461208387	false	1.0
â			__DUMMY__ 0.9291347107909999 neg 0.043824799232520174 off 0.02704048997647995	false	0.0
schmutzig	neg 1.0		__DUMMY__ 0.9295608088258177 neg 0.038463745677621584 off 0.03197544549656065	false	1.0
sexy	neg 1.0		__DUMMY__ 0.9271887808754442 neg 0.04139085910954199 off 0.03142036001501389	false	1.0
abraten	neg 1.0		__DUMMY__ 0.9286717030241519 neg 0.04209751024300441 off 0.029230786732843697	false	1.0
schwarz	neg 1.0		__DUMMY__ 0.9262826788764107 neg 0.043685416362046786 off 0.030031904761542508	false	1.0
fotze	off 1.0		__DUMMY__ 0.9256558497539897 neg 0.04640687506850657 off 0.027937275177503655	false	0.5
verwirren	neg 1.0		__DUMMY__ 0.9271968827198476 neg 0.04223321764974532 off 0.03056989963040717	false	1.0
zahnlos	off 1.0		__DUMMY__ 0.9254544360263771 neg 0.046988081716901726 off 0.027557482256721152	false	0.5
verheeren	neg 1.0		__DUMMY__ 0.9189811364513804 neg 0.04170688409840724 off 0.03931197945021238	false	1.0
hippie	neg 1.0		__DUMMY__ 0.9266391311474771 neg 0.0419993508044478 off 0.03136151804807509	false	1.0
rammen	neg 1.0		__DUMMY__ 0.9282107787601976 neg 0.04169258274199236 off 0.03009663849780998	false	1.0
unlauter	neg 1.0	neg 1.0	neg 0.5114057696207672 __DUMMY__ 0.46074869877972385 off 0.027845531599508876	false	1.0
unheilvoll	neg 1.0		__DUMMY__ 0.9286752443068281 neg 0.041821206669021914 off 0.029503549024149985	false	1.0
niedrig	neg 1.0		__DUMMY__ 0.9273848804049122 neg 0.04573732123647129 off 0.026877798358616447	false	1.0
explosion	neg 1.0		__DUMMY__ 0.9279661137695748 neg 0.04119682442237546 off 0.030837061808049696	false	1.0
weichei	off 1.0		__DUMMY__ 0.9239903974896587 neg 0.04031190004598055 off 0.03569770246436071	false	0.5
minusmensch	off 1.0		__DUMMY__ 0.9184301206473184 neg 0.042163451404934535 off 0.039406427947747076	false	0.5
farblos	neg 1.0		__DUMMY__ 0.9261170221010551 neg 0.04498964289771568 off 0.0288933350012292	false	1.0
unwissend	neg 1.0	neg 1.0	neg 0.509413604573123 __DUMMY__ 0.46150897059166607 off 0.02907742483521096	false	1.0
traurig	neg 1.0		__DUMMY__ 0.9268878770941437 neg 0.03955020154868387 off 0.03356192135717254	false	1.0
senkung	neg 1.0		__DUMMY__ 0.925382747051205 neg 0.04389637463874435 off 0.030720878310050583	false	1.0
ungleich	neg 1.0	neg 1.0	neg 0.5137340730027112 __DUMMY__ 0.4620067952869408 off 0.02425913171034799	false	1.0
heikel	neg 1.0		__DUMMY__ 0.9272654129982141 neg 0.04701753071773678 off 0.02571705628404919	false	1.0
drosselung	neg 1.0		__DUMMY__ 0.927672197518587 neg 0.038723040316329546 off 0.03360476216508353	false	1.0
falsch	neg 1.0		__DUMMY__ 0.9262202982001208 neg 0.0426199292037296 off 0.03115977259614963	false	1.0
unzufriedenheit	neg 1.0		__DUMMY__ 0.9267098013870156 neg 0.047539829571586506 off 0.02575036904139785	false	1.0
kurz	neg 1.0		__DUMMY__ 0.9314699299027351 neg 0.04133850163517068 off 0.027191568462094192	false	1.0
unsinnig	neg 1.0		__DUMMY__ 0.9266067624077847 neg 0.04588166333949809 off 0.027511574252717122	false	1.0
penner	off 1.0	off 1.0	off 0.5036580717659572 __DUMMY__ 0.4611224390124906 neg 0.035219489221552144	false	1.0
seicht	neg 1.0		__DUMMY__ 0.9204215478657639 neg 0.041812846720777085 off 0.03776560541345901	false	1.0
dummheit	off 1.0	off 1.0	off 0.4978440472989579 __DUMMY__ 0.46091368367473945 neg 0.041242269026302646	false	1.0
unerfreulich	neg 1.0		__DUMMY__ 0.9285905111996087 neg 0.04620842188720701 off 0.025201066913184238	false	1.0
motherfucker	off 1.0	off 1.0	off 0.5011037736797104 __DUMMY__ 0.46064893110367977 neg 0.03824729521660986	false	1.0
pikiert	neg 1.0		__DUMMY__ 0.9247699880067336 neg 0.043537312955874305 off 0.03169269903739206	false	1.0
wrack	neg 1.0		__DUMMY__ 0.9294636677687819 neg 0.043605331202010794 off 0.026931001029207324	false	1.0
gangster	neg 1.0		__DUMMY__ 0.9265539198012449 neg 0.042699651556627596 off 0.030746428642127514	false	1.0
krank	neg 1.0		__DUMMY__ 0.9293583542782956 neg 0.03851864412807874 off 0.03212300159362563	false	1.0
reich	neg 1.0		__DUMMY__ 0.9190395614195976 neg 0.0482620851668163 off 0.032698353413586095	false	1.0
gnadenlos	neg 1.0		__DUMMY__ 0.9271168382074866 neg 0.04344867628830934 off 0.029434485504204046	false	1.0
niedergeschlagen	neg 1.0		__DUMMY__ 0.928750590068042 neg 0.04368218249277479 off 0.027567227439183335	false	1.0
terrorisieren	off 1.0	off 1.0	off 0.494298027068688 __DUMMY__ 0.4637830205307299 neg 0.04191895240058218	false	1.0
sinnlosigkeit	neg 1.0		__DUMMY__ 0.9258252151587226 neg 0.04666840869278773 off 0.027506376148489723	false	1.0
behindern	neg 1.0		__DUMMY__ 0.9294964442996616 neg 0.042145311317426805 off 0.028358244382911593	false	1.0
undemokratisch	neg 1.0		__DUMMY__ 0.9207617476709531 neg 0.0488735746033468 off 0.030364677725700073	false	1.0
wirtschaftskrise	neg 1.0		__DUMMY__ 0.9239250978897571 neg 0.048290913824068436 off 0.027783988286174486	false	1.0
neid	neg 1.0		__DUMMY__ 0.9295495870331898 neg 0.039938491686403725 off 0.03051192128040656	false	1.0
rutschen	neg 1.0		__DUMMY__ 0.9367487790761468 neg 0.04012029772145675 off 0.023130923202396344	false	1.0
rezession	neg 1.0		__DUMMY__ 0.9195709150858997 neg 0.04506587362236991 off 0.03536321129173033	false	1.0
fehlgeburt	neg 1.0		__DUMMY__ 0.9277642372935867 neg 0.04348242274181249 off 0.028753339964600878	false	1.0
charakterschwach	off 1.0		__DUMMY__ 0.9246505097750833 neg 0.042822232915534664 off 0.03252725730938192	false	0.5
isolation	neg 1.0		__DUMMY__ 0.927552330765552 neg 0.04046194688101733 off 0.031985722353430696	false	1.0
ablenkung	neg 1.0		__DUMMY__ 0.9294156567140978 neg 0.041850047095763315 off 0.028734296190138987	false	1.0
pech	neg 1.0		__DUMMY__ 0.9283775970794909 neg 0.041532476158491906 off 0.03008992676201726	false	1.0
vermeidung	neg 1.0		__DUMMY__ 0.9283634682739229 neg 0.03884042633440594 off 0.032796105391671125	false	1.0
dominieren	neg 1.0		__DUMMY__ 0.9275886694763189 neg 0.044421333926367296 off 0.027989996597313768	false	1.0
schwindlig	neg 1.0		__DUMMY__ 0.9309591501942608 neg 0.0392671031245992 off 0.029773746681139985	false	1.0
lutscher	neg 1.0		__DUMMY__ 0.921600670642142 neg 0.040463101628535024 off 0.03793622772932298	false	1.0
pflicht	neg 1.0		__DUMMY__ 0.9270786350096384 neg 0.04711523303919665 off 0.025806131951164928	false	1.0
faschist	off 1.0		__DUMMY__ 0.9211715587669715 neg 0.04785394348082118 off 0.03097449775220738	false	0.5
verschleudern	neg 1.0		__DUMMY__ 0.9243924626900172 neg 0.04824760953922848 off 0.02735992777075434	false	1.0
wenn			__DUMMY__ 0.9267922822206411 neg 0.04205443485455623 off 0.031153282924802645	false	0.0
ehebruch	neg 1.0		__DUMMY__ 0.9245005716233381 neg 0.048325580160498025 off 0.027173848216163872	false	1.0
spott	off 1.0		__DUMMY__ 0.9252931375139766 neg 0.047949725851773206 off 0.026757136634250216	false	0.5
trostlosigkeit	neg 1.0		__DUMMY__ 0.9229926730691228 neg 0.05096943320428572 off 0.026037893726591505	false	1.0
lutschen	neg 1.0		__DUMMY__ 0.9238944656251515 neg 0.04427287833378913 off 0.03183265604105928	false	1.0
undiszipliniert	neg 1.0		__DUMMY__ 0.9256491813383962 neg 0.04120512880827128 off 0.03314568985333246	false	1.0
kopfschmerz	neg 1.0		__DUMMY__ 0.9288949974713641 neg 0.0432248397013822 off 0.027880162827253707	false	1.0
unvorhergesehen	neg 1.0		__DUMMY__ 0.9328234532731386 neg 0.04031250970552049 off 0.026864037021340798	false	1.0
desinteressiert	neg 1.0		__DUMMY__ 0.9246391993686738 neg 0.04219291349540511 off 0.03316788713592114	false	1.0
armselig	off 1.0		__DUMMY__ 0.9230448423689575 neg 0.0429688346744372 off 0.03398632295660542	false	0.5
desaster	neg 1.0		__DUMMY__ 0.9248855065813484 neg 0.05011131582274867 off 0.025003177595903005	false	1.0
tod	neg 1.0		__DUMMY__ 0.9220566274431297 neg 0.05136910189398326 off 0.026574270662887093	false	1.0
herzlos	neg 1.0		__DUMMY__ 0.925858302886251 neg 0.04003454216158259 off 0.03410715495216628	false	1.0
unwissenheit	neg 1.0		__DUMMY__ 0.9246430890826153 neg 0.04779689264784649 off 0.027560018269538147	false	1.0
widersinnig	neg 1.0		__DUMMY__ 0.921515589313464 neg 0.04981722547788867 off 0.028667185208647288	false	1.0
bedenklich	neg 1.0		__DUMMY__ 0.926841882922728 neg 0.046752150346106046 off 0.026405966731166047	false	1.0
beanstanden	neg 1.0		__DUMMY__ 0.9275714516053969 neg 0.04696328484262402 off 0.025465263551979048	false	1.0
panisch	neg 1.0	neg 1.0	neg 0.5047424963501904 __DUMMY__ 0.46858917760089996 off 0.0266683260489096	false	1.0
debil	off 1.0		__DUMMY__ 0.9291295665315535 neg 0.0476467712769308 off 0.023223662191515712	false	0.5
abstrich	neg 1.0		__DUMMY__ 0.9320323163126423 neg 0.04031209989515933 off 0.027655583792198336	false	1.0
primitiv	neg 1.0		__DUMMY__ 0.9241092080304737 neg 0.04292559708758876 off 0.03296519488193752	false	1.0
abschaum	off 1.0	off 1.0	off 0.4993782991535083 __DUMMY__ 0.4601101232304139 neg 0.04051157761607779	false	1.0
provozieren	neg 1.0		__DUMMY__ 0.9249419473201737 neg 0.045921179094266996 off 0.02913687358555939	false	1.0
tot	neg 1.0		__DUMMY__ 0.9273884073548095 neg 0.04486378788589553 off 0.027747804759294867	false	1.0
instabil	neg 1.0		__DUMMY__ 0.9220830772109041 neg 0.043193812731184465 off 0.03472311005791142	false	1.0
schwuchtel	off 1.0		__DUMMY__ 0.9179365668905372 off 0.04186004284812742 neg 0.040203390261335445	false	1.0
zerren	neg 1.0		__DUMMY__ 0.9288733398713505 neg 0.04349702016805581 off 0.027629639960593783	false	1.0
kinderficker	off 1.0		__DUMMY__ 0.9218733622181555 neg 0.04260639302899323 off 0.035520244752851135	false	0.5
gefahr	neg 1.0		__DUMMY__ 0.9259717511737204 neg 0.04701684903102789 off 0.02701139979525161	false	1.0
rabiat	neg 1.0		__DUMMY__ 0.9271024667537063 neg 0.04407970902824683 off 0.028817824218046944	false	1.0
verlangsamung	neg 1.0		__DUMMY__ 0.9191193908889443 neg 0.04338433002549218 off 0.037496279085563466	false	1.0
ausgestorben	neg 1.0		__DUMMY__ 0.9285688572510515 neg 0.04375463885513452 off 0.027676503893813924	false	1.0
anklagen	neg 1.0		__DUMMY__ 0.9244381725405545 neg 0.04677013218145139 off 0.02879169527799407	false	1.0
trott	neg 1.0		__DUMMY__ 0.928529192817909 neg 0.042927633470224894 off 0.028543173711866068	false	1.0
verminderung	neg 1.0		__DUMMY__ 0.9254363854464623 neg 0.041068181133275476 off 0.0334954334202622	false	1.0
nach			__DUMMY__ 0.9338794802100207 neg 0.042837747592668285 off 0.023282772197311067	false	0.0
rost	neg 1.0		__DUMMY__ 0.9218641211490161 neg 0.040732599860358536 off 0.037403278990625385	false	1.0
destruktiv	neg 1.0	neg 1.0	neg 0.5134217160999699 __DUMMY__ 0.46068470080858964 off 0.02589358309144054	false	1.0
unzumutbarkeit	neg 1.0		__DUMMY__ 0.926820199839275 neg 0.0402166381124853 off 0.032963162048239764	false	1.0
labil	off 1.0	off 1.0	off 0.49996717990077666 __DUMMY__ 0.4607605537480106 neg 0.03927226635121271	false	1.0
ziemlich	neg 1.0		__DUMMY__ 0.926766113943406 neg 0.0410293230870372 off 0.03220456296955674	false	1.0
lachnummer	off 1.0		__DUMMY__ 0.9242903350712995 neg 0.04713715833311909 off 0.02857250659558131	false	0.5
oder			__DUMMY__ 0.9298144247359064 neg 0.04188995727039525 off 0.02829561799369832	false	0.0
verfall	neg 1.0		__DUMMY__ 0.9289217668485066 neg 0.04766094082593436 off 0.02341729232555903	false	1.0
ausgrenzung	neg 1.0		__DUMMY__ 0.9214790813424583 neg 0.04774929607880179 off 0.03077162257873988	false	1.0
unordnung	neg 1.0		__DUMMY__ 0.9239724273139124 neg 0.041143286711918525 off 0.034884285974169024	false	1.0
fehlverhalten	neg 1.0		__DUMMY__ 0.9254067502297258 neg 0.04795091729563113 off 0.02664233247464308	false	1.0
eine			__DUMMY__ 0.9304630703041342 neg 0.04450222675253075 off 0.025034702943334947	false	0.0
nille	neg 1.0		__DUMMY__ 0.924223708453978 neg 0.04657771117570549 off 0.0291985803703165	false	1.0
qual	neg 1.0		__DUMMY__ 0.9281062693008644 neg 0.043341821974939417 off 0.028551908724196218	false	1.0
verschwenden	neg 1.0		__DUMMY__ 0.9280330618861958 neg 0.045617499863675096 off 0.026349438250129	false	1.0
riesig	neg 1.0		__DUMMY__ 0.9279501105080047 neg 0.04416165010029593 off 0.027888239391699432	false	1.0
verurteilen	neg 1.0		__DUMMY__ 0.9238348683715838 neg 0.04836243492760105 off 0.02780269670081516	false	1.0
klischee	neg 1.0	neg 1.0	neg 0.5111460420548523 __DUMMY__ 0.4605297122711146 off 0.028324245674033077	false	1.0
diktatorisch	neg 1.0		__DUMMY__ 0.919214451665549 neg 0.05034641156074788 off 0.030439136773703083	false	1.0
vorhersehbar	neg 1.0		__DUMMY__ 0.9235905577238633 neg 0.046072384186852555 off 0.030337058089284094	false	1.0
sowie			__DUMMY__ 0.9209724821818123 neg 0.042536128486702164 off 0.03649138933148546	false	0.0
stornieren	neg 1.0		__DUMMY__ 0.930414441977659 neg 0.03944256135610971 off 0.03014299666623131	false	1.0
besteuerung	neg 1.0		__DUMMY__ 0.9256854678731046 neg 0.044775469001588235 off 0.029539063125307286	false	1.0
ungeschminkt	neg 1.0		__DUMMY__ 0.9258309694311447 neg 0.04196117512389827 off 0.032207855444956954	false	1.0
kritisch	neg 1.0		__DUMMY__ 0.9251260825573292 neg 0.048085941117841945 off 0.02678797632482891	false	1.0
schlamperei	off 1.0		__DUMMY__ 0.924440347527224 neg 0.04836522677139387 off 0.027194425701382172	false	0.5
sucht	neg 1.0	neg 1.0	neg 0.5044013704110053 __DUMMY__ 0.46848543480661237 off 0.027113194782382288	false	1.0
egoistisch	off 1.0		__DUMMY__ 0.923687321517008 neg 0.04053874651586623 off 0.0357739319671257	false	0.5
ausbeuter	off 1.0		__DUMMY__ 0.9241299805061312 neg 0.04943572777214292 off 0.026434291721725983	false	0.5
arschgeburt	off 1.0		__DUMMY__ 0.9180101316998074 off 0.04185728900246328 neg 0.04013257929772924	false	1.0
schubs	neg 1.0	neg 1.0	neg 0.5078059072019248 __DUMMY__ 0.4682994829501171 off 0.02389460984795823	false	1.0
unsolide	neg 1.0		__DUMMY__ 0.9165932072995231 neg 0.05065625765263584 off 0.03275053504784106	false	1.0
beschwerde	neg 1.0		__DUMMY__ 0.925447787119215 neg 0.04690534845888522 off 0.027646864421899776	false	1.0
stocken	neg 1.0		__DUMMY__ 0.9276458489391406 neg 0.045266752828221984 off 0.02708739823263739	false	1.0
isolieren	neg 1.0		__DUMMY__ 0.9299378173563121 neg 0.04177484568562579 off 0.028287336958062098	false	1.0
unheilbar	neg 1.0		__DUMMY__ 0.925443232966534 neg 0.04519231517855214 off 0.02936445185491387	false	1.0
pisser	off 1.0		__DUMMY__ 0.9227938592168818 neg 0.04262237169699288 off 0.034583769086125336	false	0.5
löschen	neg 1.0		__DUMMY__ 0.9264879550062238 neg 0.04393485701472145 off 0.029577187979054762	false	1.0
durchfallen	neg 1.0		__DUMMY__ 0.9268325585874256 neg 0.046436724821323085 off 0.026730716591251237	false	1.0
wichser	off 1.0		__DUMMY__ 0.9223621309275715 off 0.038869248677982714 neg 0.0387686203944458	false	1.0
terror	neg 1.0		__DUMMY__ 0.9291798906610474 neg 0.039913261378851934 off 0.030906847960100542	false	1.0
krass	neg 1.0		__DUMMY__ 0.9257374725069638 neg 0.040238054250324694 off 0.03402447324271153	false	1.0
revolte	neg 1.0	neg 1.0	neg 0.5151084458524902 __DUMMY__ 0.4560138029155732 off 0.028877751231936807	false	1.0
besorgt	neg 1.0		__DUMMY__ 0.9322470979762765 neg 0.040366636216065475 off 0.027386265807658006	false	1.0
nachlassen	neg 1.0		__DUMMY__ 0.9286911476430917 neg 0.044114191021317924 off 0.027194661335590467	false	1.0
alt	neg 1.0		__DUMMY__ 0.9318525339694372 neg 0.0429169522263302 off 0.025230513804232513	false	1.0
hundesohn	off 1.0		__DUMMY__ 0.9198249551409269 neg 0.04140776041619084 off 0.03876728444288234	false	0.5
als			__DUMMY__ 0.9295128514124067 neg 0.043399283515978236 off 0.027087865071615043	false	0.0
abschreckung	neg 1.0		__DUMMY__ 0.9255774673151389 neg 0.04869556874092789 off 0.025726963943933187	false	1.0
unqualifiziert	neg 1.0	neg 1.0	neg 0.5110110949814606 __DUMMY__ 0.46118162009311114 off 0.027807284925428253	false	1.0
abgewichst	off 1.0		__DUMMY__ 0.9262481209046168 neg 0.04549886634198006 off 0.02825301275340308	false	0.5
schwer	neg 1.0		__DUMMY__ 0.9283210756348059 neg 0.04336495761248668 off 0.028313966752707424	false	1.0
bedeutungslosigkeit	neg 1.0		__DUMMY__ 0.9257806232429273 neg 0.0480306290258893 off 0.02618874773118346	false	1.0
kapitulation	neg 1.0		__DUMMY__ 0.9209196325643455 neg 0.05126492874443791 off 0.027815438691216623	false	1.0
unscharf	neg 1.0		__DUMMY__ 0.927738651208477 neg 0.042211512380604076 off 0.030049836410919004	false	1.0
schwinden	neg 1.0		__DUMMY__ 0.9269641891011067 neg 0.04689057520599089 off 0.026145235692902495	false	1.0
versklavung	neg 1.0	neg 1.0	neg 0.514570786600386 __DUMMY__ 0.45799996988441316 off 0.02742924351520077	false	1.0
schlecht	neg 1.0		__DUMMY__ 0.927038628912388 neg 0.04048845268257532 off 0.032472918405036605	false	1.0
verhasst	neg 1.0		__DUMMY__ 0.9241836664803907 neg 0.04661279645393458 off 0.029203537065674648	false	1.0
beschweren	neg 1.0		__DUMMY__ 0.9275533971378741 neg 0.04274527754388382 off 0.029701325318241968	false	1.0
scheiden	neg 1.0		__DUMMY__ 0.9292962880982506 neg 0.04283465529677162 off 0.027869056604977804	false	1.0
frustriert	neg 1.0		__DUMMY__ 0.9276880172561722 neg 0.0445057956592244 off 0.02780618708460344	false	1.0
schimmelig	neg 1.0		__DUMMY__ 0.9277454339705887 neg 0.04629927340597234 off 0.025955292623438927	false	1.0
fisch	neg 1.0	neg 1.0	neg 0.5080478490278484 __DUMMY__ 0.46809892094763716 off 0.023853230024514557	false	1.0
schmuggel	neg 1.0		__DUMMY__ 0.9299238692648452 neg 0.044493666453073795 off 0.025582464282081035	false	1.0
auffallen	neg 1.0		__DUMMY__ 0.9272298929144575 neg 0.042769161851345064 off 0.030000945234197503	false	1.0
konkurrenz	neg 1.0		__DUMMY__ 0.9296826497501349 neg 0.04497455524947465 off 0.025342795000390377	false	1.0
teufelskreis	neg 1.0	neg 1.0	neg 0.5119994084013495 __DUMMY__ 0.46242934166568334 off 0.025571249932967097	false	1.0
aufschreien	neg 1.0		__DUMMY__ 0.9246537595246122 neg 0.0451939101256754 off 0.030152330349712472	false	1.0
schuldner	neg 1.0		__DUMMY__ 0.9247142070086299 neg 0.048547591409658995 off 0.02673820158171109	false	1.0
missgeburt	off 1.0	off 1.0	off 0.503165606408352 __DUMMY__ 0.45910473469330304 neg 0.037729658898344946	false	1.0
arbeitslos	neg 1.0		__DUMMY__ 0.92601639409042 neg 0.046444230264633284 off 0.027539375644946722	false	1.0
befallen	neg 1.0		__DUMMY__ 0.9202226350691489 neg 0.05204670506794592 off 0.027730659862905155	false	1.0
miesepetrig	off 1.0		__DUMMY__ 0.9280836586061147 neg 0.04008669551184373 off 0.0318296458820415	false	0.5
alarmieren	neg 1.0		__DUMMY__ 0.9226332548014382 neg 0.045003014241400095 off 0.032363730957161746	false	1.0
ungeduscht	off 1.0		__DUMMY__ 0.9279635274189613 neg 0.04200626805230787 off 0.03003020452873085	false	0.5
knappheit	neg 1.0		__DUMMY__ 0.9252238897946327 neg 0.047169800237916476 off 0.02760630996745089	false	1.0
schlange	neg 1.0		__DUMMY__ 0.9300607489650169 neg 0.04064749279539769 off 0.02929175823958548	false	1.0
harsch	neg 1.0		__DUMMY__ 0.9265476213472918 neg 0.03718032029994507 off 0.03627205835276304	false	1.0
lang	neg 1.0		__DUMMY__ 0.9272468128497715 neg 0.04320075580004993 off 0.02955243135017853	false	1.0
ziellos	neg 1.0		__DUMMY__ 0.9284303451602236 neg 0.04468076733345387 off 0.02688888750632251	false	1.0
selbstverliebt	neg 1.0		__DUMMY__ 0.9183268903766328 neg 0.04175188885581976 off 0.03992122076754731	false	1.0
beseitigen	neg 1.0		__DUMMY__ 0.9299784134315054 neg 0.04077569240513881 off 0.02924589416335578	false	1.0
dumm	off 1.0		__DUMMY__ 0.9224263398428164 neg 0.0412978836265651 off 0.03627577653061843	false	0.5
arbeitsloser	neg 1.0		__DUMMY__ 0.9269864641381068 neg 0.04599847874913875 off 0.027015057112754478	false	1.0
blitzen	neg 1.0		__DUMMY__ 0.9251017716753879 neg 0.043624589608067116 off 0.03127363871654507	false	1.0
hilflos	neg 1.0		__DUMMY__ 0.9279331667315427 neg 0.04461377853140571 off 0.0274530547370515	false	1.0
eklig	off 1.0		__DUMMY__ 0.9215940166827635 neg 0.04160309545660089 off 0.03680288786063562	false	0.5
begriff			__DUMMY__ 0.9266092025267312 neg 0.04552219260222317 off 0.027868604871045588	false	0.0
hungersnot	neg 1.0		__DUMMY__ 0.9201282619708506 neg 0.050676564242608295 off 0.029195173786541004	false	1.0
ungesetzlich	neg 1.0		__DUMMY__ 0.9200400475386422 neg 0.04857371432650006 off 0.031386238134857726	false	1.0
verschwendung	neg 1.0		__DUMMY__ 0.9275646167810854 neg 0.04658664612055203 off 0.025848737098362617	false	1.0
schmerzvoll	neg 1.0		__DUMMY__ 0.9278305014227415 neg 0.04253629704838342 off 0.029633201528875053	false	1.0
vorzeitig	neg 1.0		__DUMMY__ 0.9261984891354559 neg 0.04150875483792705 off 0.032292756026616964	false	1.0
unvollkommenheit	neg 1.0		__DUMMY__ 0.9271762551961638 neg 0.04401481884768674 off 0.02880892595614957	false	1.0
intervenieren	neg 1.0		__DUMMY__ 0.9233593739520415 neg 0.0499161008065127 off 0.026724525241445748	false	1.0
banause	off 1.0		__DUMMY__ 0.9215741740699361 neg 0.04065102769009031 off 0.03777479823997355	false	0.5
rebell	neg 1.0		__DUMMY__ 0.9297308937338677 neg 0.04548903649032927 off 0.02478006977580296	false	1.0
unlogisch	neg 1.0		__DUMMY__ 0.9238598620896099 neg 0.04215138921333151 off 0.033988748697058556	false	1.0
leiden	neg 1.0	neg 1.0	neg 0.5058374128068315 __DUMMY__ 0.47184170526016733 off 0.022320881933001146	false	1.0
abschaffung	neg 1.0		__DUMMY__ 0.9236276190863469 neg 0.04668849570651834 off 0.02968388520713461	false	1.0
sturz	neg 1.0		__DUMMY__ 0.9223893099205107 neg 0.047583575223672896 off 0.03002711485581643	false	1.0
verkleinerung	neg 1.0		__DUMMY__ 0.9221788756959017 neg 0.0460345687844201 off 0.0317865555196781	false	1.0
schmarotzer	off 1.0		__DUMMY__ 0.9246130044119492 neg 0.048077962240055144 off 0.027309033347995636	false	0.5
bestrafung	neg 1.0		__DUMMY__ 0.9261495171178048 neg 0.04415932452850718 off 0.029691158353688043	false	1.0
achtlos	neg 1.0		__DUMMY__ 0.9298592924322826 neg 0.04192730654875194 off 0.02821340101896547	false	1.0
