unsolidarisch	neg 1.0		neg 0.5842371898567119 off 0.3748956492067769 __DUMMY__ 0.04086716093651117	false	1.0
nachteilig	neg 1.0		neg 0.5831063196456308 off 0.3753896832352114 __DUMMY__ 0.041503997119157796	false	1.0
skeptisch	neg 1.0		neg 0.5852783548861495 off 0.3730672192421786 __DUMMY__ 0.04165442587167184	false	1.0
schrecklich	neg 1.0		neg 0.5702146784185137 off 0.3883769089541292 __DUMMY__ 0.041408412627357324	false	1.0
schlapp	neg 1.0		neg 0.5729496978236905 off 0.38532917801194877 __DUMMY__ 0.041721124164360794	false	1.0
abfall	neg 1.0		neg 0.5870488289986411 off 0.3712632582416043 __DUMMY__ 0.04168791275975461	false	1.0
widerspenstig	neg 1.0		neg 0.5782889696140328 off 0.37993949879584227 __DUMMY__ 0.04177153159012514	false	1.0
abrupt	neg 1.0		neg 0.5793555036709976 off 0.37879315439467187 __DUMMY__ 0.04185134193433067	false	1.0
unwirksam	neg 1.0		neg 0.5815585297789648 off 0.3773055456791973 __DUMMY__ 0.041135924541837995	false	1.0
angreifen	neg 1.0		neg 0.5849531890570464 off 0.37355396107729033 __DUMMY__ 0.04149284986566331	false	1.0
inkonsistent	neg 1.0		neg 0.5787127068769851 off 0.37998029781694137 __DUMMY__ 0.041306995306073395	false	1.0
abrutschen	neg 1.0		neg 0.5860495880066787 off 0.37215880765396886 __DUMMY__ 0.04179160433935251	false	1.0
unsicher	neg 1.0		neg 0.579144400198974 off 0.37921117614484146 __DUMMY__ 0.041644423656184586	false	1.0
bauernkind	off 1.0		neg 0.5686588660266507 off 0.3902953837214964 __DUMMY__ 0.0410457502518528	false	0.5
angreifer	neg 1.0		neg 0.5784187540036655 off 0.3803885956358663 __DUMMY__ 0.04119265036046819	false	1.0
trennen	neg 1.0		neg 0.5813243371478103 off 0.3766431039261207 __DUMMY__ 0.04203255892606909	false	1.0
schmutz	neg 1.0		neg 0.5703161508438399 off 0.3877692987318926 __DUMMY__ 0.04191455042426754	false	1.0
inkonsistenz	neg 1.0	neg 1.0	neg 0.777523467995853 off 0.20277961674913406 __DUMMY__ 0.019696915255012833	false	1.0
erschreckend	neg 1.0		neg 0.5816417894023509 off 0.3768527032928252 __DUMMY__ 0.041505507304823885	false	1.0
ertrinken	neg 1.0		neg 0.582022626311173 off 0.3761998309248792 __DUMMY__ 0.04177754276394784	false	1.0
pickelface	off 1.0		neg 0.5801427797346116 off 0.37853055546726144 __DUMMY__ 0.04132666479812699	false	0.5
seiner			neg 0.5837034920231675 off 0.3746313625927438 __DUMMY__ 0.04166514538408864	false	0.0
lauch	neg 1.0		neg 0.5856937400225324 off 0.37267216062830144 __DUMMY__ 0.04163409934916613	false	1.0
unwichtig	neg 1.0		neg 0.5753508856548746 off 0.3832253473950435 __DUMMY__ 0.041423766950081944	false	1.0
steuerhinterziehung	neg 1.0		neg 0.5837042187139326 off 0.3751783013559835 __DUMMY__ 0.04111747993008389	false	1.0
schock	neg 1.0		neg 0.579488479840593 off 0.3786661397946976 __DUMMY__ 0.04184538036470943	false	1.0
beule	neg 1.0		neg 0.5716796134743519 off 0.3866500327456321 __DUMMY__ 0.04167035378001603	false	1.0
vergelten	neg 1.0		neg 0.5702113625571682 off 0.38862278803790484 __DUMMY__ 0.04116584940492695	false	1.0
verdorbenheit	neg 1.0	neg 1.0	neg 0.7766540119941305 off 0.20339356404731693 __DUMMY__ 0.019952423958552606	false	1.0
trauma	neg 1.0		neg 0.5778270557426058 off 0.38067315229651677 __DUMMY__ 0.04149979196087747	false	1.0
sinnlos	neg 1.0		neg 0.5773274663178608 off 0.3811399229284535 __DUMMY__ 0.04153261075368579	false	1.0
fettsack	off 1.0	off 1.0	off 0.6772460331596449 neg 0.3031448266998513 __DUMMY__ 0.01960914014050379	false	1.0
feige	off 1.0		neg 0.5768763664669372 off 0.3818422528959406 __DUMMY__ 0.04128138063712214	false	0.5
abdanken	neg 1.0		neg 0.584413303317005 off 0.3745890742337094 __DUMMY__ 0.04099762244928553	false	1.0
wichtigtuer	off 1.0	off 1.0	off 0.671833811870518 neg 0.308470545007208 __DUMMY__ 0.01969564312227396	false	1.0
misslingen	neg 1.0		neg 0.5754341844291763 off 0.3828032752229324 __DUMMY__ 0.0417625403478912	false	1.0
untreu	off 1.0		neg 0.5740876334500571 off 0.3844540492288855 __DUMMY__ 0.041458317321057474	false	0.5
missmutig	neg 1.0		neg 0.5740503358884755 off 0.3842698399205811 __DUMMY__ 0.041679824190943376	false	1.0
hurenbock	off 1.0		neg 0.5755515275153754 off 0.38263411475678194 __DUMMY__ 0.04181435772784259	false	0.5
betrunken	neg 1.0		neg 0.5708423835435721 off 0.3875312191086604 __DUMMY__ 0.0416263973477675	false	1.0
korrupt	off 1.0		neg 0.5861856647111195 off 0.3727808481607732 __DUMMY__ 0.041033487128107254	false	0.5
unmut	neg 1.0		neg 0.5867778114366423 off 0.37162596855894686 __DUMMY__ 0.041596220004410864	false	1.0
hackfresse	off 1.0		neg 0.5672487710223262 off 0.3914897556935317 __DUMMY__ 0.041261473284141904	false	0.5
aufblasen	neg 1.0		neg 0.5762829476991197 off 0.38193657637510586 __DUMMY__ 0.04178047592577423	false	1.0
gewaltsam	neg 1.0		neg 0.5812631670606406 off 0.37758415683170665 __DUMMY__ 0.04115267610765276	false	1.0
unbeliebtheit	neg 1.0		neg 0.578451038000291 off 0.3808866310752435 __DUMMY__ 0.04066233092446551	false	1.0
sturheit	neg 1.0		neg 0.5832691494255322 off 0.3754494406281297 __DUMMY__ 0.04128140994633805	false	1.0
kuh	neg 1.0		neg 0.5784564497838873 off 0.38014941503590344 __DUMMY__ 0.04139413518020926	false	1.0
erschrecken	neg 1.0		neg 0.5747074014280711 off 0.38365009925992216 __DUMMY__ 0.041642499312006885	false	1.0
opfer	neg 1.0	neg 1.0	neg 0.7809426543598642 off 0.19924081006607477 __DUMMY__ 0.01981653557406101	false	1.0
sinken	neg 1.0		neg 0.5856442773433043 off 0.37273644505615133 __DUMMY__ 0.041619277600544395	false	1.0
stinktier	neg 1.0		neg 0.5712760789593779 off 0.3875331171111015 __DUMMY__ 0.04119080392952052	false	1.0
tucke	off 1.0		neg 0.5665116098402835 off 0.3922181540407969 __DUMMY__ 0.041270236118919744	false	0.5
ein			neg 0.575768346003776 off 0.3822784876212446 __DUMMY__ 0.041953166374979166	false	0.0
abstieg	neg 1.0		neg 0.5829124060951292 off 0.3757166419549232 __DUMMY__ 0.04137095194994757	false	1.0
missverstehen	neg 1.0		neg 0.5791215163541182 off 0.3795576920976501 __DUMMY__ 0.041320791548231664	false	1.0
ergebnislos	neg 1.0		neg 0.5829600301455582 off 0.37559578023398627 __DUMMY__ 0.04144418962045545	false	1.0
unter			neg 0.5869731233549461 off 0.37080646673766204 __DUMMY__ 0.042220409907391794	false	0.0
manipulieren	neg 1.0		neg 0.5856455410213421 off 0.372908455072616 __DUMMY__ 0.04144600390604185	false	1.0
unbewiesen	neg 1.0		neg 0.5851552900722177 off 0.37405141056538393 __DUMMY__ 0.04079329936239841	false	1.0
verschleppen	neg 1.0		neg 0.5841290106405574 off 0.37453361548915626 __DUMMY__ 0.04133737387028635	false	1.0
weib	off 1.0		neg 0.5659966747210167 off 0.3927973082705042 __DUMMY__ 0.04120601700847933	false	0.5
opposition	neg 1.0		neg 0.5807291349380821 off 0.3781819826401066 __DUMMY__ 0.0410888824218114	false	1.0
verkehrswidrig	neg 1.0		neg 0.5676198455963303 off 0.3908950488620029 __DUMMY__ 0.04148510554166676	false	1.0
inkorrekt	neg 1.0		neg 0.5775609489755688 off 0.38148153244685146 __DUMMY__ 0.0409575185775798	false	1.0
vermeiden	neg 1.0		neg 0.5862153347347939 off 0.3718316246113334 __DUMMY__ 0.04195304065387263	false	1.0
abweichung	neg 1.0		neg 0.5862375579003002 off 0.3727128153037653 __DUMMY__ 0.04104962679593444	false	1.0
alkoholisiert	neg 1.0		neg 0.5807483955250182 off 0.37753143770030195 __DUMMY__ 0.0417201667746799	false	1.0
scheiss	off 1.0	off 1.0	off 0.6755564779536587 neg 0.304647708749848 __DUMMY__ 0.019795813296493242	false	1.0
herausforderung	neg 1.0		neg 0.5788879120047666 off 0.379098407618403 __DUMMY__ 0.04201368037683032	false	1.0
pervers	off 1.0		neg 0.5632198478998797 off 0.3956357240987106 __DUMMY__ 0.041144428001409786	false	0.5
wackelig	neg 1.0		neg 0.5783908728387412 off 0.3795421489524334 __DUMMY__ 0.0420669782088254	false	1.0
verwickeln	neg 1.0		neg 0.578806704258591 off 0.37978494818049996 __DUMMY__ 0.041408347560909005	false	1.0
vorwand	neg 1.0		neg 0.5865741379950543 off 0.37192683485715844 __DUMMY__ 0.04149902714778725	false	1.0
muschi	off 1.0		neg 0.5803936611537243 off 0.37824748174703604 __DUMMY__ 0.04135885709923957	false	0.5
entmutigung	neg 1.0		neg 0.5834129629465056 off 0.37593826777857897 __DUMMY__ 0.04064876927491552	false	1.0
unangemessen	neg 1.0		neg 0.5844219092333681 off 0.37428199446837657 __DUMMY__ 0.04129609629825515	false	1.0
unstetig	neg 1.0		neg 0.5770566968915233 off 0.38166167997499617 __DUMMY__ 0.04128162313348055	false	1.0
entmutigen	neg 1.0		neg 0.5782064551388687 off 0.3802075000773732 __DUMMY__ 0.04158604478375819	false	1.0
schwanz	neg 1.0		neg 0.5820212938701795 off 0.37647966543795297 __DUMMY__ 0.041499040691867585	false	1.0
verbot	neg 1.0		neg 0.5849287314257263 off 0.37396700090890883 __DUMMY__ 0.04110426766536481	false	1.0
leid	neg 1.0		neg 0.5692315757859598 off 0.3894702418570639 __DUMMY__ 0.04129818235697616	false	1.0
archaisch	neg 1.0		neg 0.583154819889001 off 0.37547167822301375 __DUMMY__ 0.04137350188798534	false	1.0
gegen			neg 0.5859195650576409 off 0.37258216918832 __DUMMY__ 0.04149826575403917	false	0.0
scheidung	neg 1.0	neg 1.0	neg 0.7650513337727548 off 0.2153402219644971 __DUMMY__ 0.019608444262748166	false	1.0
einschlag	neg 1.0		neg 0.5697176475528729 off 0.38897746114901527 __DUMMY__ 0.04130489129811187	false	1.0
m			neg 0.5796144692635197 off 0.3786540357802543 __DUMMY__ 0.041731494956226176	false	0.0
abgestanden	neg 1.0		neg 0.5782760140049437 off 0.38002835784600575 __DUMMY__ 0.04169562814905037	false	1.0
schmierig	off 1.0		neg 0.5697668305002683 off 0.38883059803232073 __DUMMY__ 0.041402571467411095	false	0.5
unpraktisch	neg 1.0		neg 0.5760705562763659 off 0.3821168211390627 __DUMMY__ 0.041812622584571385	false	1.0
wixxer	off 1.0		neg 0.5641049005041238 off 0.3948891924350115 __DUMMY__ 0.04100590706086464	false	0.5
bezeichnet			neg 0.5820679915665115 off 0.3765799532343426 __DUMMY__ 0.041352055199146046	false	0.0
jammerlappen	off 1.0		neg 0.5747320851575252 off 0.38376992243449426 __DUMMY__ 0.04149799240798068	false	0.5
farce	neg 1.0		neg 0.5863620043171457 off 0.3727833403372684 __DUMMY__ 0.04085465534558598	false	1.0
zwecklos	neg 1.0		neg 0.5840329931187341 off 0.37456882737000025 __DUMMY__ 0.041398179511265634	false	1.0
turbulent	neg 1.0		neg 0.5724803187607898 off 0.38633768864453094 __DUMMY__ 0.041181992594679195	false	1.0
invasion	neg 1.0		neg 0.5748658910765186 off 0.38348362030318184 __DUMMY__ 0.04165048862029958	false	1.0
schuld	neg 1.0		neg 0.5795080277726437 off 0.37903258628923336 __DUMMY__ 0.04145938593812293	false	1.0
risiko	neg 1.0		neg 0.5741891387811642 off 0.3840948375667402 __DUMMY__ 0.041716023652095605	false	1.0
finster	neg 1.0		neg 0.5765886046767338 off 0.3815537842125545 __DUMMY__ 0.04185761111071156	false	1.0
geisteskrank	off 1.0		neg 0.5756510309644993 off 0.3832171560773563 __DUMMY__ 0.041131812958144366	false	0.5
zusammenbrechen	neg 1.0		neg 0.5805445851425274 off 0.37777647542914555 __DUMMY__ 0.041678939428327136	false	1.0
ausbeute	neg 1.0		neg 0.5797110083619162 off 0.37837322882695584 __DUMMY__ 0.04191576281112798	false	1.0
hinterhalt	neg 1.0		neg 0.5787175874419206 off 0.3798091671030653 __DUMMY__ 0.04147324545501403	false	1.0
kritik	neg 1.0		neg 0.5854852566473604 off 0.3735455703829946 __DUMMY__ 0.040969172969645	false	1.0
einschrumpfen	neg 1.0		neg 0.5789278763664124 off 0.38005615520663166 __DUMMY__ 0.04101596842695606	false	1.0
riskant	neg 1.0		neg 0.5838453133270912 off 0.37454996594569634 __DUMMY__ 0.04160472072721247	false	1.0
frustrieren	neg 1.0		neg 0.5843032056598888 off 0.3741456763352758 __DUMMY__ 0.04155111800483529	false	1.0
groll	neg 1.0		neg 0.5836286195181521 off 0.3749524901935251 __DUMMY__ 0.04141889028832261	false	1.0
gibt			neg 0.5816250767750353 off 0.3767778143776004 __DUMMY__ 0.04159710884736431	false	0.0
qualvoll	neg 1.0		neg 0.5757781558444206 off 0.3825416793890647 __DUMMY__ 0.041680164766514746	false	1.0
wackeln	neg 1.0		neg 0.5760280816588558 off 0.3820690690076009 __DUMMY__ 0.04190284933354329	false	1.0
klagen	neg 1.0		neg 0.5875025201334987 off 0.37109648129434597 __DUMMY__ 0.04140099857215545	false	1.0
bankrott	neg 1.0		neg 0.5729583226215864 off 0.38540019558944816 __DUMMY__ 0.04164148178896547	false	1.0
trauern	neg 1.0		neg 0.5835187503097136 off 0.3748795409967808 __DUMMY__ 0.041601708693505775	false	1.0
ablehnung	neg 1.0	neg 1.0	neg 0.7814182984154671 off 0.19901367139822565 __DUMMY__ 0.019568030186307345	false	1.0
stur	neg 1.0		neg 0.5788624553646443 off 0.37965480639679383 __DUMMY__ 0.04148273823856187	false	1.0
aufruhr	neg 1.0		neg 0.5820411813680892 off 0.37683019241599325 __DUMMY__ 0.04112862621591749	false	1.0
melancholie	neg 1.0		neg 0.579042209599396 off 0.3789970726211717 __DUMMY__ 0.04196071777943239	false	1.0
ist			neg 0.5780921834295115 off 0.3803734271802712 __DUMMY__ 0.04153438939021738	false	0.0
torheit	neg 1.0		neg 0.5823443538696608 off 0.37664768352597683 __DUMMY__ 0.04100796260436243	false	1.0
dreckskind	off 1.0		neg 0.570989054875783 off 0.38808278253876555 __DUMMY__ 0.040928162585451455	false	0.5
umtauschen	neg 1.0		neg 0.5778667796187825 off 0.3803156896469862 __DUMMY__ 0.04181753073423135	false	1.0
zum			neg 0.5826084606225699 off 0.375083191096668 __DUMMY__ 0.04230834828076216	false	0.0
zersetzen	neg 1.0		neg 0.5862652021794834 off 0.37229060563314476 __DUMMY__ 0.04144419218737174	false	1.0
zur			neg 0.5869335031266965 off 0.37126784401248525 __DUMMY__ 0.041798652860818394	false	0.0
frust	neg 1.0		neg 0.5807792393794312 off 0.37754236287628934 __DUMMY__ 0.04167839774427949	false	1.0
unerbittlichkeit	neg 1.0		neg 0.5853906960540654 off 0.37319114133675013 __DUMMY__ 0.0414181626091845	false	1.0
zwei			neg 0.5820717207430803 off 0.375799971337896 __DUMMY__ 0.042128307919023715	false	0.0
unkorrekt	neg 1.0		neg 0.5756072794633265 off 0.3833158501157989 __DUMMY__ 0.041076870420874836	false	1.0
hexe	off 1.0		neg 0.573904766818059 off 0.3846177902091049 __DUMMY__ 0.04147744297283593	false	0.5
lasch	neg 1.0		neg 0.5778454060448432 off 0.38085446867412687 __DUMMY__ 0.04130012528102978	false	1.0
rivale	neg 1.0		neg 0.5709421732070338 off 0.38781386880216956 __DUMMY__ 0.041243957990796484	false	1.0
mutlos	off 1.0	off 1.0	off 0.6686087305161169 neg 0.311705748661857 __DUMMY__ 0.01968552082202606	false	1.0
wirr	off 1.0		neg 0.5737149615200018 off 0.38520903566210857 __DUMMY__ 0.04107600281788962	false	0.5
jahr			neg 0.5802900280303697 off 0.3776974210195234 __DUMMY__ 0.04201255095010697	false	0.0
wird			neg 0.582732502098874 off 0.3756251436894577 __DUMMY__ 0.041642354211668405	false	0.0
strafbar	neg 1.0		neg 0.5861670258282121 off 0.3725627018900917 __DUMMY__ 0.041270272281696226	false	1.0
erosion	neg 1.0		neg 0.5760767897680191 off 0.382185496764176 __DUMMY__ 0.04173771346780476	false	1.0
eingehen	neg 1.0		neg 0.5838369442105404 off 0.3746920508913362 __DUMMY__ 0.041471004898123325	false	1.0
faul	off 1.0		neg 0.5730895468553855 off 0.38517530541104733 __DUMMY__ 0.0417351477335671	false	0.5
provisorium	neg 1.0		neg 0.5887059186314022 off 0.3692164428581297 __DUMMY__ 0.0420776385104681	false	1.0
schmerzen	neg 1.0		neg 0.5792017409855352 off 0.37903242080347754 __DUMMY__ 0.041765838210987276	false	1.0
schrumpfen	neg 1.0		neg 0.5878472560873109 off 0.3703939189281364 __DUMMY__ 0.0417588249845526	false	1.0
geistlos	off 1.0		neg 0.5819317652147774 off 0.37721574268770425 __DUMMY__ 0.04085249209751826	false	0.5
fehlkauf	neg 1.0		neg 0.5776290285709047 off 0.38102556661053466 __DUMMY__ 0.04134540481856061	false	1.0
frustrierend	neg 1.0	neg 1.0	neg 0.7764379689430402 off 0.20373053350369555 __DUMMY__ 0.019831497553264403	false	1.0
unzufrieden	neg 1.0		neg 0.583019255666761 off 0.37546388057284474 __DUMMY__ 0.04151686376039427	false	1.0
verzweifeln	neg 1.0		neg 0.579670737027311 off 0.3786645619032156 __DUMMY__ 0.041664701069473446	false	1.0
verzweifelt	neg 1.0		neg 0.5783723088488075 off 0.3800789845912281 __DUMMY__ 0.04154870655996434	false	1.0
misstrauensantrag	neg 1.0		neg 0.5780086064012507 off 0.380701121858775 __DUMMY__ 0.04129027173997419	false	1.0
abfallen	neg 1.0		neg 0.5755001675831218 off 0.38255342898110195 __DUMMY__ 0.04194640343577626	false	1.0
fucker	off 1.0		neg 0.5721029430466179 off 0.3866034220744281 __DUMMY__ 0.04129363487895399	false	0.5
ungezogen	neg 1.0		neg 0.5648817754905122 off 0.3938074798550678 __DUMMY__ 0.041310744654419855	false	1.0
irrsinnig	neg 1.0	neg 1.0	neg 0.778587240853633 off 0.2016370238536816 __DUMMY__ 0.019775735292685385	false	1.0
unfassbar	neg 1.0		neg 0.5743784104045994 off 0.3841540766536852 __DUMMY__ 0.041467512941715426	false	1.0
hart	neg 1.0		neg 0.5755729766201751 off 0.3831626178354326 __DUMMY__ 0.041264405544392285	false	1.0
widerlich	off 1.0		neg 0.5747978752359553 off 0.38391309671827567 __DUMMY__ 0.04128902804576905	false	0.5
fatal	neg 1.0		neg 0.5772978504082655 off 0.3812990877649837 __DUMMY__ 0.04140306182675058	false	1.0
bruch	neg 1.0		neg 0.5883277816854883 off 0.37031500872510215 __DUMMY__ 0.041357209589409576	false	1.0
aushungern	neg 1.0		neg 0.583192464225109 off 0.3757487051052933 __DUMMY__ 0.04105883066959767	false	1.0
anspannung	neg 1.0		neg 0.584996325754445 off 0.3730988310494537 __DUMMY__ 0.04190484319610126	false	1.0
von			neg 0.5813515243216845 off 0.37663208390581704 __DUMMY__ 0.042016391772498496	false	0.0
kraftlos	neg 1.0		neg 0.5798520716301487 off 0.37820300951736524 __DUMMY__ 0.041944918852486024	false	1.0
vom			neg 0.5858848116046369 off 0.3718744843611338 __DUMMY__ 0.04224070403422934	false	0.0
grenzdebil	off 1.0		neg 0.5726524752715257 off 0.38583043171074455 __DUMMY__ 0.041517093017729656	false	0.5
vor			neg 0.5841036576972097 off 0.37403958227520895 __DUMMY__ 0.04185676002758132	false	0.0
unterwerfen	neg 1.0		neg 0.5846692013145739 off 0.37390992510309484 __DUMMY__ 0.041420873582331194	false	1.0
versenkung	neg 1.0		neg 0.5842413667501892 off 0.37420892144659496 __DUMMY__ 0.04154971180321589	false	1.0
entziehen	neg 1.0		neg 0.5868103254126762 off 0.37164085168858174 __DUMMY__ 0.04154882289874209	false	1.0
finanzkrise	neg 1.0		neg 0.5836448827537828 off 0.3753153664846286 __DUMMY__ 0.04103975076158875	false	1.0
schimpfend	neg 1.0		neg 0.5736530341414615 off 0.3843008033124293 __DUMMY__ 0.04204616254610924	false	1.0
profan	neg 1.0		neg 0.5768943363758163 off 0.38152632179230306 __DUMMY__ 0.04157934183188072	false	1.0
korruption	neg 1.0		neg 0.5856520730359317 off 0.3732715655096066 __DUMMY__ 0.04107636145446159	false	1.0
â			neg 0.5810524695848887 off 0.37725986282361207 __DUMMY__ 0.0416876675914992	false	0.0
schmutzig	neg 1.0		neg 0.5714688042908129 off 0.38679547013511034 __DUMMY__ 0.04173572557407671	false	1.0
sexy	neg 1.0		neg 0.5745131460201914 off 0.38394743446720275 __DUMMY__ 0.041539419512605875	false	1.0
abraten	neg 1.0		neg 0.5772605767374216 off 0.38107157711203915 __DUMMY__ 0.04166784615053915	false	1.0
schwarz	neg 1.0		neg 0.5778596781978527 off 0.38068213424110936 __DUMMY__ 0.04145818756103805	false	1.0
fotze	off 1.0		neg 0.5824450630110012 off 0.3761742639860443 __DUMMY__ 0.04138067300295437	false	0.5
verwirren	neg 1.0		neg 0.5761498210000835 off 0.3822951298791838 __DUMMY__ 0.041555049120732664	false	1.0
zahnlos	off 1.0		neg 0.5835830039730436 off 0.375018425849263 __DUMMY__ 0.04139857017769333	false	0.5
verheeren	neg 1.0		neg 0.5661592726581257 off 0.39298323007290664 __DUMMY__ 0.04085749726896777	false	1.0
hippie	neg 1.0		neg 0.5751708180279871 off 0.38333599861940376 __DUMMY__ 0.041493183352609236	false	1.0
rammen	neg 1.0		neg 0.575628117932091 off 0.3827801032094873 __DUMMY__ 0.04159177885842177	false	1.0
unlauter	neg 1.0	neg 1.0	neg 0.7782272240149561 off 0.20210653652929372 __DUMMY__ 0.019666239455750148	false	1.0
unheilvoll	neg 1.0		neg 0.5765354105969039 off 0.3818245615877634 __DUMMY__ 0.041640027815332624	false	1.0
niedrig	neg 1.0		neg 0.5827993710367192 off 0.37568194774408703 __DUMMY__ 0.04151868121919377	false	1.0
explosion	neg 1.0		neg 0.575024919859548 off 0.38338588908316334 __DUMMY__ 0.041589191057288685	false	1.0
weichei	off 1.0		neg 0.5684925338040133 off 0.39022924424237615 __DUMMY__ 0.04127822195361042	false	0.5
minusmensch	off 1.0		neg 0.5668470005214732 off 0.3923600468496324 __DUMMY__ 0.04079295262889434	false	0.5
farblos	neg 1.0		neg 0.5796391313656598 off 0.37898814811339243 __DUMMY__ 0.041372720520947835	false	1.0
unwissend	neg 1.0	neg 1.0	neg 0.7762437928872605 off 0.2040297316227276 __DUMMY__ 0.01972647549001177	false	1.0
traurig	neg 1.0		neg 0.5705913829783186 off 0.38789263932090007 __DUMMY__ 0.041515977700781304	false	1.0
senkung	neg 1.0		neg 0.5769649900141558 off 0.3816707932277151 __DUMMY__ 0.041364216758129145	false	1.0
ungleich	neg 1.0	neg 1.0	neg 0.7816518410657155 off 0.19861069176549126 __DUMMY__ 0.01973746716879329	false	1.0
heikel	neg 1.0		neg 0.5855026242105286 off 0.3729597470808264 __DUMMY__ 0.041537628708644934	false	1.0
drosselung	neg 1.0		neg 0.5699006003326502 off 0.38856350994715694 __DUMMY__ 0.041535889720192815	false	1.0
falsch	neg 1.0		neg 0.575742382035871 off 0.3827940914841706 __DUMMY__ 0.04146352647995845	false	1.0
unzufriedenheit	neg 1.0		neg 0.5861425299357652 off 0.37237300427049547 __DUMMY__ 0.04148446579373925	false	1.0
kurz	neg 1.0		neg 0.5787623348803279 off 0.379329771927504 __DUMMY__ 0.041907893192168144	false	1.0
unsinnig	neg 1.0		neg 0.582650884362903 off 0.3758627848320319 __DUMMY__ 0.04148633080506505	false	1.0
penner	off 1.0	off 1.0	off 0.6789872611680916 neg 0.30130454458483036 __DUMMY__ 0.019708194247078068	false	1.0
seicht	neg 1.0		neg 0.5680547262591366 off 0.3909667526087423 __DUMMY__ 0.04097852113212115	false	1.0
dummheit	off 1.0	off 1.0	off 0.6722740863279782 neg 0.30803291075617917 __DUMMY__ 0.019693002915842656	false	1.0
unerfreulich	neg 1.0		neg 0.5852150812096597 off 0.37312845569109926 __DUMMY__ 0.04165646309924117	false	1.0
motherfucker	off 1.0	off 1.0	off 0.6757215930238184 neg 0.30459657807501506 __DUMMY__ 0.01968182890116665	false	1.0
pikiert	neg 1.0		neg 0.5759277463941892 off 0.38273960875774093 __DUMMY__ 0.04133264484806997	false	1.0
wrack	neg 1.0		neg 0.5809934387880976 off 0.3773453685293083 __DUMMY__ 0.041661192682594064	false	1.0
gangster	neg 1.0		neg 0.5762139089095606 off 0.38230187608437216 __DUMMY__ 0.0414842150060673	false	1.0
krank	neg 1.0		neg 0.571102010581903 off 0.38718581873572394 __DUMMY__ 0.04171217068237305	false	1.0
reich	neg 1.0		neg 0.5781763890141013 off 0.38097426456699823 __DUMMY__ 0.04084934641890045	false	1.0
gnadenlos	neg 1.0		neg 0.5785483833734292 off 0.3799016597649613 __DUMMY__ 0.04154995686160962	false	1.0
niedergeschlagen	neg 1.0		neg 0.580470220194977 off 0.3778588401678828 __DUMMY__ 0.041670939637140136	false	1.0
terrorisieren	off 1.0	off 1.0	off 0.6693072986825463 neg 0.3108703403397055 __DUMMY__ 0.01982236097774818	false	1.0
sinnlosigkeit	neg 1.0		neg 0.5832299729794783 off 0.37533506321143645 __DUMMY__ 0.04143496380908532	false	1.0
behindern	neg 1.0		neg 0.5783747774033307 off 0.3799128322294762 __DUMMY__ 0.041712390367193125	false	1.0
undemokratisch	neg 1.0		neg 0.5823497192378103 off 0.37667094389715533 __DUMMY__ 0.040979336865034334	false	1.0
wirtschaftskrise	neg 1.0		neg 0.584424486168441 off 0.37434594583937697 __DUMMY__ 0.04122956799218203	false	1.0
neid	neg 1.0		neg 0.5741051409072221 off 0.3841747698720388 __DUMMY__ 0.04172008922073899	false	1.0
rutschen	neg 1.0		neg 0.5823211994002722 off 0.37535499276463186 __DUMMY__ 0.04232380783509608	false	1.0
rezession	neg 1.0		neg 0.5729901226479738 off 0.38609694236079456 __DUMMY__ 0.04091293499123174	false	1.0
fehlgeburt	neg 1.0		neg 0.5788626241732415 off 0.3796176578195872 __DUMMY__ 0.04151971800717129	false	1.0
charakterschwach	off 1.0		neg 0.5747806550430237 off 0.3839042096958339 __DUMMY__ 0.041315135261142555	false	0.5
isolation	neg 1.0		neg 0.573078997371451 off 0.38535597349283646 __DUMMY__ 0.04156502913571272	false	1.0
ablenkung	neg 1.0		neg 0.5778335142830274 off 0.38042641255336435 __DUMMY__ 0.041740073163608185	false	1.0
pech	neg 1.0		neg 0.5752613294815724 off 0.38311626845875885 __DUMMY__ 0.0416224020596687	false	1.0
vermeidung	neg 1.0		neg 0.570710159031805 off 0.387673960181257 __DUMMY__ 0.04161588078693791	false	1.0
dominieren	neg 1.0		neg 0.5808983288379117 off 0.3775527998630047 __DUMMY__ 0.04154887129908357	false	1.0
schwindlig	neg 1.0		neg 0.5739729909685295 off 0.38419167609215316 __DUMMY__ 0.04183533293931734	false	1.0
lutscher	neg 1.0		neg 0.5663086447932623 off 0.3926363486027171 __DUMMY__ 0.04105500660402067	false	1.0
pflicht	neg 1.0		neg 0.5857125482878056 off 0.3727539606627002 __DUMMY__ 0.041533491049494074	false	1.0
faschist	off 1.0		neg 0.5809232386791434 off 0.378075361370099 __DUMMY__ 0.04100139995075749	false	0.5
verschleudern	neg 1.0		neg 0.5846975816937307 off 0.3740184768429154 __DUMMY__ 0.04128394146335395	false	1.0
wenn			neg 0.5752149493051562 off 0.3832586747599964 __DUMMY__ 0.04152637593484736	false	0.0
ehebruch	neg 1.0		neg 0.5853259625877033 off 0.37338744527316997 __DUMMY__ 0.04128659213912676	false	1.0
spott	off 1.0		neg 0.5854980273414389 off 0.3731500381283451 __DUMMY__ 0.04135193453021602	false	0.5
trostlosigkeit	neg 1.0		neg 0.5881760564125549 off 0.3706302051679828 __DUMMY__ 0.04119373841946232	false	1.0
lutschen	neg 1.0		neg 0.5764617638647849 off 0.3823143519545469 __DUMMY__ 0.041223884180668184	false	1.0
undiszipliniert	neg 1.0		neg 0.5722361588300611 off 0.3863562864619523 __DUMMY__ 0.04140755470798681	false	1.0
kopfschmerz	neg 1.0		neg 0.5790972844237555 off 0.37922226747462107 __DUMMY__ 0.04168044810162333	false	1.0
unvorhergesehen	neg 1.0		neg 0.5782706551853974 off 0.3797333324388128 __DUMMY__ 0.04199601237578968	false	1.0
desinteressiert	neg 1.0		neg 0.573143181827652 off 0.38552448367022546 __DUMMY__ 0.041332334502122536	false	1.0
armselig	off 1.0		neg 0.5730926394077465 off 0.3857068630511588 __DUMMY__ 0.0412004975410949	false	0.5
desaster	neg 1.0		neg 0.5889670612646254 off 0.3696991996604598 __DUMMY__ 0.04133373907491483	false	1.0
tod	neg 1.0		neg 0.5871509332482696 off 0.37175791065428465 __DUMMY__ 0.04109115609744583	false	1.0
herzlos	neg 1.0		neg 0.5705036559298103 off 0.3880662828258636 __DUMMY__ 0.04143006124432604	false	1.0
unwissenheit	neg 1.0		neg 0.5843085885734969 off 0.37437945790376853 __DUMMY__ 0.04131195352273449	false	1.0
widersinnig	neg 1.0		neg 0.5848952808795128 off 0.3740555071537165 __DUMMY__ 0.04104921196677091	false	1.0
bedenklich	neg 1.0		neg 0.5845485771072992 off 0.37394671690871256 __DUMMY__ 0.041504705983988074	false	1.0
beanstanden	neg 1.0		neg 0.5859824417906664 off 0.37246520687834284 __DUMMY__ 0.04155235133099092	false	1.0
panisch	neg 1.0	neg 1.0	neg 0.7755050864983929 off 0.20443311093105299 __DUMMY__ 0.02006180257055401	false	1.0
debil	off 1.0		neg 0.5882743249716027 off 0.3700684861165688 __DUMMY__ 0.04165718891182857	false	0.5
abstrich	neg 1.0		neg 0.5768088139632547 off 0.3813573599777291 __DUMMY__ 0.04183382605901617	false	1.0
primitiv	neg 1.0		neg 0.5741795617776413 off 0.3845400193350562 __DUMMY__ 0.0412804188873025	false	1.0
abschaum	off 1.0	off 1.0	off 0.6735023780746078 neg 0.3068495686983317 __DUMMY__ 0.019648053227060536	false	1.0
provozieren	neg 1.0		neg 0.5807998474014485 off 0.37783983599708715 __DUMMY__ 0.041360316601464255	false	1.0
tot	neg 1.0		neg 0.5808133960424395 off 0.37769604161158365 __DUMMY__ 0.04149056234597692	false	1.0
instabil	neg 1.0		neg 0.5723312448480686 off 0.3865681863813978 __DUMMY__ 0.041100568770533606	false	1.0
schwuchtel	off 1.0		neg 0.5623438506975406 off 0.39688905326485224 __DUMMY__ 0.04076709603760721	false	0.5
zerren	neg 1.0		neg 0.5804539805764394 off 0.37785528947153846 __DUMMY__ 0.04169072995202214	false	1.0
kinderficker	off 1.0		neg 0.5714555093034549 off 0.38748253840934527 __DUMMY__ 0.0410619522871998	false	0.5
gefahr	neg 1.0		neg 0.58455388492289 off 0.3740368058868744 __DUMMY__ 0.04140930919023573	false	1.0
rabiat	neg 1.0		neg 0.5796621187169905 off 0.3787929346102204 __DUMMY__ 0.041544946672789046	false	1.0
verlangsamung	neg 1.0		neg 0.5695010160966892 off 0.3896370639078752 __DUMMY__ 0.040861919995435605	false	1.0
ausgestorben	neg 1.0		neg 0.5805207850196458 off 0.3778158837257882 __DUMMY__ 0.041663331254566054	false	1.0
anklagen	neg 1.0		neg 0.5823608221006819 off 0.3763763372757848 __DUMMY__ 0.04126284062353321	false	1.0
trott	neg 1.0		neg 0.578733693913134 off 0.37962118016442875 __DUMMY__ 0.04164512592243732	false	1.0
verminderung	neg 1.0		neg 0.5715834607986865 off 0.38702373544670216 __DUMMY__ 0.04139280375461128	false	1.0
nach			neg 0.5845001490652239 off 0.37341038232345725 __DUMMY__ 0.042089468611318834	false	0.0
rost	neg 1.0		neg 0.5676507476326239 off 0.3913045137337705 __DUMMY__ 0.04104473863360563	false	1.0
destruktiv	neg 1.0	neg 1.0	neg 0.7803815672099474 off 0.1999430324222844 __DUMMY__ 0.019675400367768194	false	1.0
unzumutbarkeit	neg 1.0		neg 0.5719082450808065 off 0.3866203586223028 __DUMMY__ 0.041471396296890756	false	1.0
labil	off 1.0	off 1.0	off 0.6744613619630909 neg 0.3058516235201698 __DUMMY__ 0.019687014516739265	false	1.0
ziemlich	neg 1.0		neg 0.5731988154849436 off 0.3852802325466441 __DUMMY__ 0.04152095196841241	false	1.0
lachnummer	off 1.0		neg 0.5826791125039094 off 0.3760211074528536 __DUMMY__ 0.04129978004323706	false	0.5
oder			neg 0.5779690429167638 off 0.3802583451192571 __DUMMY__ 0.0417726119639792	false	0.0
verfall	neg 1.0		neg 0.5887047477393093 off 0.3696503855423574 __DUMMY__ 0.04164486671833351	false	1.0
ausgrenzung	neg 1.0		neg 0.5810451620960609 off 0.3779249293463863 __DUMMY__ 0.041029908557552786	false	1.0
unordnung	neg 1.0		neg 0.5705701631858083 off 0.3882234553758922 __DUMMY__ 0.0412063814382995	false	1.0
fehlverhalten	neg 1.0		neg 0.585673098119682 off 0.37295568846257127 __DUMMY__ 0.04137121341774684	false	1.0
eine			neg 0.5839481572109 off 0.3742281071812462 __DUMMY__ 0.04182373560785385	false	0.0
nille	neg 1.0		neg 0.5813507927288653 off 0.377369171188206 __DUMMY__ 0.04128003608292857	false	1.0
qual	neg 1.0		neg 0.579127842473184 off 0.379262767404627 __DUMMY__ 0.04160939012218893	false	1.0
verschwenden	neg 1.0		neg 0.583374467476618 off 0.37500259671460917 __DUMMY__ 0.041622935808772826	false	1.0
riesig	neg 1.0		neg 0.5806376488007857 off 0.3778184227409767 __DUMMY__ 0.041543928458237483	false	1.0
verurteilen	neg 1.0		neg 0.5847278897161547 off 0.37403758318215 __DUMMY__ 0.04123452710169524	false	1.0
klischee	neg 1.0	neg 1.0	neg 0.7775911423809595 off 0.2027235606597851 __DUMMY__ 0.01968529695925534	false	1.0
diktatorisch	neg 1.0		neg 0.5834921630152808 off 0.3756567775618633 __DUMMY__ 0.040851059422856016	false	1.0
vorhersehbar	neg 1.0		neg 0.5795330751221879 off 0.3792112836987501 __DUMMY__ 0.04125564117906191	false	1.0
sowie			neg 0.5698831778768274 off 0.3890969834343817 __DUMMY__ 0.041019838688790784	false	0.0
stornieren	neg 1.0		neg 0.5744284176918649 off 0.3838037685788746 __DUMMY__ 0.041767813729260535	false	1.0
besteuerung	neg 1.0		neg 0.5789752340421941 off 0.3796427210997725 __DUMMY__ 0.04138204485803345	false	1.0
ungeschminkt	neg 1.0		neg 0.5733939612731027 off 0.3852168180235367 __DUMMY__ 0.04138922070336046	false	1.0
kritisch	neg 1.0		neg 0.5853923998021394 off 0.3732480696216974 __DUMMY__ 0.041359530576163095	false	1.0
schlamperei	off 1.0		neg 0.5853625207862694 off 0.37336652690815253 __DUMMY__ 0.041270952305578	false	0.5
sucht	neg 1.0	neg 1.0	neg 0.775270035511696 off 0.20471801828241898 __DUMMY__ 0.020011946205884926	false	1.0
egoistisch	off 1.0		neg 0.5691170240821789 off 0.3896412618867056 __DUMMY__ 0.041241714031115394	false	0.5
ausbeuter	off 1.0		neg 0.5870113219514386 off 0.37172563581061424 __DUMMY__ 0.041263042237947065	false	0.5
arschgeburt	off 1.0		neg 0.5625347981353745 off 0.39669942639890343 __DUMMY__ 0.04076577546572192	false	0.5
schubs	neg 1.0	neg 1.0	neg 0.7784815891650744 off 0.20149018524506837 __DUMMY__ 0.02002822558985721	false	1.0
unsolide	neg 1.0		neg 0.5809912847262304 off 0.3783501790503223 __DUMMY__ 0.0406585362234475	false	1.0
beschwerde	neg 1.0		neg 0.5836332791633256 off 0.37501172067652566 __DUMMY__ 0.04135500016014865	false	1.0
stocken	neg 1.0		neg 0.5827206026287557 off 0.37573239954095156 __DUMMY__ 0.04154699783029288	false	1.0
isolieren	neg 1.0		neg 0.5790754207415385 off 0.37921352784478296 __DUMMY__ 0.041711051413678604	false	1.0
unheilbar	neg 1.0		neg 0.5802385235088539 off 0.37836817866695505 __DUMMY__ 0.04139329782419097	false	1.0
pisser	off 1.0		neg 0.5721476237243912 off 0.38672022474118545 __DUMMY__ 0.04113215153442326	false	0.5
löschen	neg 1.0		neg 0.5786098055211907 off 0.3799146572221183 __DUMMY__ 0.041475537256690946	false	1.0
durchfallen	neg 1.0		neg 0.5838394530106078 off 0.37464764496583597 __DUMMY__ 0.04151290202355611	false	1.0
wichser	off 1.0		neg 0.5641845063042659 off 0.39466788894641436 __DUMMY__ 0.041147604749319694	false	0.5
terror	neg 1.0		neg 0.5736260188130755 off 0.38467601449906036 __DUMMY__ 0.04169796668786401	false	1.0
krass	neg 1.0		neg 0.570137929792197 off 0.38846972461218815 __DUMMY__ 0.04139234559561477	false	1.0
revolte	neg 1.0	neg 1.0	neg 0.7793482811783691 off 0.20120569510367997 __DUMMY__ 0.019446023717950872	false	1.0
besorgt	neg 1.0		neg 0.5783746233346617 off 0.3796775073663773 __DUMMY__ 0.04194786929896106	false	1.0
nachlassen	neg 1.0		neg 0.5812980704754829 off 0.3770531776074482 __DUMMY__ 0.04164875191706888	false	1.0
alt	neg 1.0		neg 0.5817597123151708 off 0.3764019510021298 __DUMMY__ 0.041838336682699324	false	1.0
hundesohn	off 1.0		neg 0.5670426413830625 off 0.39205445099989517 __DUMMY__ 0.04090290761704251	false	0.5
als			neg 0.5809734987993476 off 0.3772875019670824 __DUMMY__ 0.0417389992335702	false	0.0
abschreckung	neg 1.0		neg 0.5872882274276573 off 0.3713416869489044 __DUMMY__ 0.04137008562343829	false	1.0
unqualifiziert	neg 1.0	neg 1.0	neg 0.7781177436541641 off 0.2021860650443886 __DUMMY__ 0.01969619130144729	false	1.0
abgewichst	off 1.0		neg 0.5813044903648413 off 0.3772554121878832 __DUMMY__ 0.04144009744727546	false	0.5
schwer	neg 1.0		neg 0.5794965163279977 off 0.37884806097336066 __DUMMY__ 0.04165542269864164	false	1.0
bedeutungslosigkeit	neg 1.0		neg 0.5861305739461775 off 0.372463668864637 __DUMMY__ 0.04140575718918534	false	1.0
kapitulation	neg 1.0		neg 0.5869588596166635 off 0.37204711068475 __DUMMY__ 0.04099402969858667	false	1.0
unscharf	neg 1.0		neg 0.5758167606798129 off 0.3826378565006945 __DUMMY__ 0.04154538281949259	false	1.0
schwinden	neg 1.0		neg 0.5850483318406828 off 0.3734525225435446 __DUMMY__ 0.04149914561577265	false	1.0
versklavung	neg 1.0	neg 1.0	neg 0.7800574947669647 off 0.20040521070186287 __DUMMY__ 0.019537294531172412	false	1.0
schlecht	neg 1.0		neg 0.5726666074692837 off 0.38578912165801565 __DUMMY__ 0.041544270872700705	false	1.0
verhasst	neg 1.0		neg 0.5812979226213956 off 0.3774109473138785 __DUMMY__ 0.041291130064725845	false	1.0
beschweren	neg 1.0		neg 0.577539847784224 off 0.3808725214875327 __DUMMY__ 0.04158763072824336	false	1.0
scheiden	neg 1.0		neg 0.5790581311814968 off 0.3792620440523695 __DUMMY__ 0.04167982476613373	false	1.0
frustriert	neg 1.0		neg 0.5810775553073982 off 0.37732399826861374 __DUMMY__ 0.04159844642398808	false	1.0
schimmelig	neg 1.0		neg 0.5832775886794783 off 0.37520108664785673 __DUMMY__ 0.04152132467266509	false	1.0
fisch	neg 1.0	neg 1.0	neg 0.7787420522714745 off 0.20126229240668417 __DUMMY__ 0.019995655321841273	false	1.0
schmuggel	neg 1.0		neg 0.5838168022003769 off 0.37446676272179974 __DUMMY__ 0.04171643507782356	false	1.0
auffallen	neg 1.0		neg 0.5771070346575252 off 0.38133099044108437 __DUMMY__ 0.041561974901390304	false	1.0
konkurrenz	neg 1.0		neg 0.5846212125915283 off 0.37364627188701766 __DUMMY__ 0.04173251552145417	false	1.0
teufelskreis	neg 1.0	neg 1.0	neg 0.7798339787406414 off 0.20039121694174258 __DUMMY__ 0.01977480431761587	false	1.0
aufschreien	neg 1.0		neg 0.5789105578174161 off 0.3797482150655859 __DUMMY__ 0.04134122711699803	false	1.0
schuldner	neg 1.0		neg 0.5858257002922118 off 0.372878120814991 __DUMMY__ 0.04129617889279732	false	1.0
missgeburt	off 1.0	off 1.0	off 0.6775424173971109 neg 0.30287886418627813 __DUMMY__ 0.019578718416610956	false	1.0
arbeitslos	neg 1.0		neg 0.5831232843844968 off 0.3754220872265552 __DUMMY__ 0.04145462838894811	false	1.0
befallen	neg 1.0		neg 0.5868786093902203 off 0.37216254954360306 __DUMMY__ 0.04095884106617667	false	1.0
miesepetrig	off 1.0		neg 0.5724885373694796 off 0.3859055195906587 __DUMMY__ 0.04160594303986155	false	0.5
alarmieren	neg 1.0		neg 0.5768500219958174 off 0.3820158315993616 __DUMMY__ 0.041134146404821235	false	1.0
ungeduscht	off 1.0		neg 0.5754582880779423 off 0.382968341511273 __DUMMY__ 0.04157337041078457	false	0.5
knappheit	neg 1.0		neg 0.5835628480744811 off 0.3750932450928776 __DUMMY__ 0.041343906832641344	false	1.0
schlange	neg 1.0		neg 0.5759870544949816 off 0.38221940832144125 __DUMMY__ 0.04179353718357721	false	1.0
harsch	neg 1.0		neg 0.565803722619146 off 0.3927117852316862 __DUMMY__ 0.0414844921491678	false	1.0
lang	neg 1.0		neg 0.5780145749948763 off 0.3804446966925027 __DUMMY__ 0.04154072831262092	false	1.0
ziellos	neg 1.0		neg 0.582014938223996 off 0.3763143365474703 __DUMMY__ 0.04167072522853377	false	1.0
selbstverliebt	neg 1.0		neg 0.5654663529013184 off 0.39371778590957224 __DUMMY__ 0.0408158611891094	false	1.0
beseitigen	neg 1.0		neg 0.5768200175663802 off 0.3814571000339059 __DUMMY__ 0.04172288239971377	false	1.0
dumm	off 1.0		neg 0.5689262315506702 off 0.38992016146372616 __DUMMY__ 0.04115360698560351	false	0.5
arbeitsloser	neg 1.0		neg 0.5836693643286965 off 0.3748253647482136 __DUMMY__ 0.041505270923089845	false	1.0
blitzen	neg 1.0		neg 0.5766219068499177 off 0.3820297447766739 __DUMMY__ 0.0413483483734085	false	1.0
hilflos	neg 1.0		neg 0.5814734440547238 off 0.3769212875692505 __DUMMY__ 0.04160526837602569	false	1.0
eklig	off 1.0		neg 0.5683245808288222 off 0.39059316480641537 __DUMMY__ 0.04108225436476244	false	0.5
begriff			neg 0.5820497205151112 off 0.3764768051349046 __DUMMY__ 0.04147347434998433	false	0.0
hungersnot	neg 1.0		neg 0.5846617271935168 off 0.37440472085439563 __DUMMY__ 0.040933551952087525	false	1.0
ungesetzlich	neg 1.0		neg 0.5813612259352284 off 0.377709869832429 __DUMMY__ 0.040928904232342536	false	1.0
verschwendung	neg 1.0		neg 0.5849302938025652 off 0.3735004990583145 __DUMMY__ 0.041569207139120386	false	1.0
schmerzvoll	neg 1.0		neg 0.5773448841290543 off 0.3810465668545995 __DUMMY__ 0.041608549016346454	false	1.0
vorzeitig	neg 1.0		neg 0.5738578849502286 off 0.38472111732048236 __DUMMY__ 0.041420997729289	false	1.0
unvollkommenheit	neg 1.0		neg 0.5796683216537366 off 0.37883673054185185 __DUMMY__ 0.04149494780441153	false	1.0
intervenieren	neg 1.0		neg 0.5870778612180528 off 0.3717274002760608 __DUMMY__ 0.04119473850588647	false	1.0
banause	off 1.0		neg 0.566550901135919 off 0.39237989446371246 __DUMMY__ 0.04106920440036844	false	0.5
rebell	neg 1.0		neg 0.5848444615783884 off 0.3734772046846143 __DUMMY__ 0.041678333736997274	false	1.0
unlogisch	neg 1.0		neg 0.5721824002382924 off 0.38654535145605784 __DUMMY__ 0.04127224830564985	false	1.0
leiden	neg 1.0	neg 1.0	neg 0.7789291320687628 off 0.20087253080915124 __DUMMY__ 0.020198337122086057	false	1.0
abschaffung	neg 1.0		neg 0.5809178081751448 off 0.37787264573579576 __DUMMY__ 0.041209546089059336	false	1.0
sturz	neg 1.0		neg 0.5809379621935915 off 0.37793433085094635 __DUMMY__ 0.04112770695546214	false	1.0
verkleinerung	neg 1.0		neg 0.5779557738510481 off 0.3809461998161052 __DUMMY__ 0.04109802633284649	false	1.0
schmarotzer	off 1.0		neg 0.5847569616499856 off 0.3739252369838928 __DUMMY__ 0.04131780136612175	false	0.5
bestrafung	neg 1.0		neg 0.5790352077263747 off 0.37951863839338446 __DUMMY__ 0.04144615388024077	false	1.0
achtlos	neg 1.0		neg 0.5784770916237024 off 0.37974998483049294 __DUMMY__ 0.041772923545804565	false	1.0
ungeheuer	neg 1.0		neg 0.5772400419321754 off 0.3812688726129775 __DUMMY__ 0.041491085454847094	false	1.0
unaufrichtig	neg 1.0		neg 0.5795480870639277 off 0.3793750670393369 __DUMMY__ 0.041076845896735395	false	1.0
groggy	neg 1.0		neg 0.5764535394269139 off 0.3821570513149462 __DUMMY__ 0.04138940925813985	false	1.0
verletzlich	neg 1.0		neg 0.5732018469278197 off 0.3853645976965599 __DUMMY__ 0.04143355537562038	false	1.0
