unsolidarisch	neg 1.0		neg 0.41352237799877567 __DUMMY__ 0.3226279751491095 off 0.26384964685211487	false	1.0
nachteilig	neg 1.0		neg 0.4099110507248895 __DUMMY__ 0.3274516005420176 off 0.2626373487330929	false	1.0
skeptisch	neg 1.0		neg 0.41140368707379654 __DUMMY__ 0.32856798710456997 off 0.26002832582163354	false	1.0
schrecklich	neg 1.0		neg 0.3980798100780189 __DUMMY__ 0.3267020969026958 off 0.27521809301928546	false	1.0
schlapp	neg 1.0		neg 0.39946780373724905 __DUMMY__ 0.3290824679104311 off 0.27144972835231995	false	1.0
abfall	neg 1.0		neg 0.41296332399785673 __DUMMY__ 0.32883253484830494 off 0.2582041411538383	false	1.0
widerspenstig	neg 1.0		neg 0.40432244676756773 __DUMMY__ 0.32946949930146385 off 0.2662080539309685	false	1.0
abrupt	neg 1.0		neg 0.4049621832569387 __DUMMY__ 0.3301148602511948 off 0.2649229564918664	false	1.0
unwirksam	neg 1.0		neg 0.40997317929726096 __DUMMY__ 0.3246746174642893 off 0.2653522032384498	false	1.0
angreifen	neg 1.0		neg 0.411731651217886 __DUMMY__ 0.32733773628510104 off 0.26093061249701294	false	1.0
inkonsistent	neg 1.0		neg 0.40656669518349375 __DUMMY__ 0.32598604502911976 off 0.2674472597873864	false	1.0
abrutschen	neg 1.0		neg 0.41160410998441005 __DUMMY__ 0.3296008829333473 off 0.25879500708224273	false	1.0
unsicher	neg 1.0		neg 0.405630052108868 __DUMMY__ 0.3284774047016267 off 0.26589254318950534	false	1.0
bauernkind	off 1.0		neg 0.39804297680824857 __DUMMY__ 0.3240150920283455 off 0.277941931163406	false	0.5
angreifer	neg 1.0		neg 0.40668727594136983 __DUMMY__ 0.32512128442103305 off 0.26819143963759706	false	1.0
trennen	neg 1.0		neg 0.4061494872043418 __DUMMY__ 0.3314295376030654 off 0.2624209751925929	false	1.0
schmutz	neg 1.0		neg 0.3960308078862983 __DUMMY__ 0.3306259032709375 off 0.27334328884276415	false	1.0
inkonsistenz	neg 1.0	neg 1.0	neg 0.6942518657427802 __DUMMY__ 0.157315485551338 off 0.14843264870588185	false	1.0
erschreckend	neg 1.0		neg 0.40854190054852135 __DUMMY__ 0.32742949327489246 off 0.2640286061765863	false	1.0
ertrinken	neg 1.0		neg 0.40782056051959586 __DUMMY__ 0.3295039742948281 off 0.262675465185576	false	1.0
pickelface	off 1.0		neg 0.40780092251227495 __DUMMY__ 0.3261207291837341 off 0.26607834830399085	false	0.5
seiner			neg 0.40986615807703014 __DUMMY__ 0.3286447310122897 off 0.2614891109106801	false	0.0
lauch	neg 1.0		neg 0.41189050455909715 __DUMMY__ 0.32844973959972834 off 0.2596597558411745	false	1.0
unwichtig	neg 1.0		neg 0.40288200189739715 __DUMMY__ 0.32681720945938225 off 0.27030078864322055	false	1.0
steuerhinterziehung	neg 1.0		neg 0.4120082725998719 __DUMMY__ 0.32454632352239854 off 0.26344540387772947	false	1.0
schock	neg 1.0		neg 0.4051570341536669 __DUMMY__ 0.3300217027295919 off 0.26482126311674103	false	1.0
beule	neg 1.0		neg 0.39844855505697446 __DUMMY__ 0.3287189052979867 off 0.27283253964503884	false	1.0
vergelten	neg 1.0		neg 0.39892619782683947 __DUMMY__ 0.3249421874068558 off 0.2761316147663048	false	1.0
verdorbenheit	neg 1.0	neg 1.0	neg 0.6923709248846448 __DUMMY__ 0.15932767158884723 off 0.14830140352650792	false	1.0
trauma	neg 1.0		neg 0.40495414479647185 __DUMMY__ 0.3273832807055385 off 0.2676625744979896	false	1.0
sinnlos	neg 1.0		neg 0.4043414362611686 __DUMMY__ 0.3276315111933369 off 0.26802705254549464	false	1.0
fettsack	off 1.0	off 1.0	off 0.6230453459887925 neg 0.22032604185538235 __DUMMY__ 0.1566286121558252	false	1.0
feige	off 1.0		neg 0.4048974852993881 __DUMMY__ 0.3257448101211766 off 0.2693577045794353	false	0.5
abdanken	neg 1.0		neg 0.4131408373462057 __DUMMY__ 0.3236356292281228 off 0.2632235334256714	false	1.0
wichtigtuer	off 1.0	off 1.0	off 0.6174932941073641 neg 0.22521299934389868 __DUMMY__ 0.15729370654873717	false	1.0
misslingen	neg 1.0		neg 0.4015602241262094 __DUMMY__ 0.3294483162163184 off 0.26899145965747207	false	1.0
untreu	off 1.0		neg 0.4015617860750561 __DUMMY__ 0.32707433432452765 off 0.27136387960041614	false	0.5
missmutig	neg 1.0		neg 0.40063519025228916 __DUMMY__ 0.3287702141725721 off 0.2705945955751389	false	1.0
hurenbock	off 1.0		neg 0.4014990978903834 __DUMMY__ 0.32986403378779244 off 0.26863686832182426	false	0.5
betrunken	neg 1.0		neg 0.3978258952387936 __DUMMY__ 0.328361025953368 off 0.27381307880783845	false	1.0
korrupt	off 1.0		neg 0.4147085191415201 __DUMMY__ 0.3238911149183037 off 0.2614003659401762	false	0.5
unmut	neg 1.0		neg 0.41302780101370334 __DUMMY__ 0.32814098459617297 off 0.25883121439012374	false	1.0
hackfresse	off 1.0		neg 0.3958377307467337 __DUMMY__ 0.3256011641614292 off 0.27856110509183707	false	0.5
aufblasen	neg 1.0		neg 0.40237866547044504 __DUMMY__ 0.3295183276169475 off 0.26810300691260736	false	1.0
gewaltsam	neg 1.0		neg 0.40956391476862314 __DUMMY__ 0.3248191886668155 off 0.26561689656456144	false	1.0
unbeliebtheit	neg 1.0		neg 0.40884353581060884 __DUMMY__ 0.32110983775442575 off 0.27004662643496535	false	1.0
sturheit	neg 1.0		neg 0.41094891699638303 __DUMMY__ 0.3257522079591284 off 0.2632988750444886	false	1.0
kuh	neg 1.0		neg 0.40599899333693296 __DUMMY__ 0.3266725919705574 off 0.26732841469250956	false	1.0
erschrecken	neg 1.0		neg 0.4014269757769225 __DUMMY__ 0.32846651984000075 off 0.2701065043830766	false	1.0
opfer	neg 1.0	neg 1.0	neg 0.6971393935834377 __DUMMY__ 0.15825178107523058 off 0.14460882534133168	false	1.0
sinken	neg 1.0		neg 0.41188560549426073 __DUMMY__ 0.32834194795195515 off 0.2597724465537842	false	1.0
stinktier	neg 1.0		neg 0.39995809357360484 __DUMMY__ 0.325097366333291 off 0.2749445400931042	false	1.0
tucke	off 1.0		neg 0.3950929748032638 __DUMMY__ 0.3257199431961473 off 0.27918708200058884	false	0.5
ein			neg 0.4011832386676051 __DUMMY__ 0.330854908159441 off 0.2679618531729539	false	0.0
abstieg	neg 1.0		neg 0.4102398256990613 __DUMMY__ 0.32647097211317816 off 0.26328920218776053	false	1.0
missverstehen	neg 1.0		neg 0.406882618544458 __DUMMY__ 0.3260398310138161 off 0.26707755044172576	false	1.0
ergebnislos	neg 1.0		neg 0.4099867364613406 __DUMMY__ 0.32701630324712283 off 0.2629969602915366	false	1.0
unter			neg 0.4107683069351629 __DUMMY__ 0.33286321331154184 off 0.2563684797532953	false	0.0
manipulieren	neg 1.0		neg 0.41255378747239047 __DUMMY__ 0.3270055029600293 off 0.26044070956758025	false	1.0
unbewiesen	neg 1.0		neg 0.41469334576572314 __DUMMY__ 0.32207465133746105 off 0.2632320028968158	false	1.0
verschleppen	neg 1.0		neg 0.4115197775349993 __DUMMY__ 0.32621779067278683 off 0.2622624317922139	false	1.0
weib	off 1.0		neg 0.39484065757759684 __DUMMY__ 0.3252078672167163 off 0.2799514752056869	false	0.5
opposition	neg 1.0		neg 0.40940229040658715 __DUMMY__ 0.3243046008772979 off 0.266293108716115	false	1.0
verkehrswidrig	neg 1.0		neg 0.3952658194397777 __DUMMY__ 0.32735173183864574 off 0.2773824487215765	false	1.0
inkorrekt	neg 1.0		neg 0.4068201416938669 __DUMMY__ 0.3233225802118043 off 0.2698572780943288	false	1.0
vermeiden	neg 1.0		neg 0.4111070368862538 __DUMMY__ 0.33085498701182525 off 0.25803797610192103	false	1.0
abweichung	neg 1.0		neg 0.4147348954980993 __DUMMY__ 0.3240220304516878 off 0.2612430740502129	false	1.0
alkoholisiert	neg 1.0		neg 0.4068578464877494 __DUMMY__ 0.32914786643130706 off 0.2639942870809436	false	1.0
scheiss	off 1.0	off 1.0	off 0.6208449104575535 neg 0.22106063276012966 __DUMMY__ 0.1580944567823169	false	1.0
herausforderung	neg 1.0		neg 0.4038164358358908 __DUMMY__ 0.331336179192491 off 0.26484738497161814	false	1.0
pervers	off 1.0		neg 0.39243484947053947 __DUMMY__ 0.32473605689095797 off 0.28282909363850256	false	0.5
wackelig	neg 1.0		neg 0.40324593792996477 __DUMMY__ 0.3316955565228186 off 0.2650585055472165	false	1.0
verwickeln	neg 1.0		neg 0.40622611503373174 __DUMMY__ 0.3267005936692432 off 0.2670732912970252	false	1.0
vorwand	neg 1.0		neg 0.41324943570301065 __DUMMY__ 0.32739653717653616 off 0.259354027120453	false	1.0
muschi	off 1.0		neg 0.4079181108219657 __DUMMY__ 0.32635379403024084 off 0.26572809514779344	false	0.5
entmutigung	neg 1.0		neg 0.4136080834621222 __DUMMY__ 0.32099502896602694 off 0.2653968875718507	false	1.0
unangemessen	neg 1.0		neg 0.41201040941365935 __DUMMY__ 0.3258595865406824 off 0.2621300040456582	false	1.0
unstetig	neg 1.0		neg 0.40506794284256864 __DUMMY__ 0.32581616932662966 off 0.2691158878308017	false	1.0
entmutigen	neg 1.0		neg 0.4049394059784864 __DUMMY__ 0.3280597226500121 off 0.2670008713715016	false	1.0
schwanz	neg 1.0		neg 0.4089235037450338 __DUMMY__ 0.32743438166913835 off 0.263642114585828	false	1.0
verbot	neg 1.0		neg 0.41321647910154635 __DUMMY__ 0.32443751109060165 off 0.26234600980785205	false	1.0
leid	neg 1.0		neg 0.39758445993581115 __DUMMY__ 0.32587940879426175 off 0.27653613126992704	false	1.0
archaisch	neg 1.0		neg 0.4105076283353335 __DUMMY__ 0.32645059239399277 off 0.2630417792706737	false	1.0
gegen			neg 0.4125847527766204 __DUMMY__ 0.32740997416217194 off 0.26000527306120763	false	0.0
scheidung	neg 1.0	neg 1.0	neg 0.682229306077492 off 0.1611354678272022 __DUMMY__ 0.15663522609530586	false	1.0
einschlag	neg 1.0		neg 0.39795785557194163 __DUMMY__ 0.3259627294591663 off 0.27607941496889193	false	1.0
m			neg 0.4057454217193356 __DUMMY__ 0.32913674502104234 off 0.2651178332596221	false	0.0
abgestanden	neg 1.0		neg 0.4046629094782654 __DUMMY__ 0.3289347605906379 off 0.26640232993109664	false	1.0
schmierig	off 1.0		neg 0.39767837532359107 __DUMMY__ 0.3266666556052612 off 0.27565496907114767	false	0.5
unpraktisch	neg 1.0		neg 0.4020568525187924 __DUMMY__ 0.3297718900285365 off 0.2681712574526709	false	1.0
wixxer	off 1.0		neg 0.39384267137944495 __DUMMY__ 0.3236872911344385 off 0.28247003748611654	false	0.5
bezeichnet			neg 0.40955116076606934 __DUMMY__ 0.32627999229391963 off 0.2641688469400109	false	0.0
jammerlappen	off 1.0		neg 0.4020037156192698 __DUMMY__ 0.327374724576598 off 0.2706215598041321	false	0.5
farce	neg 1.0		neg 0.4156064623573463 __DUMMY__ 0.32254506949582373 off 0.26184846814683016	false	1.0
zwecklos	neg 1.0		neg 0.4112536524308125 __DUMMY__ 0.3266201252921913 off 0.2621262222769962	false	1.0
turbulent	neg 1.0		neg 0.4010640843903992 __DUMMY__ 0.3250830277404783 off 0.27385288786912254	false	1.0
invasion	neg 1.0		neg 0.4015162214965753 __DUMMY__ 0.3285318575498454 off 0.2699519209535795	false	1.0
schuld	neg 1.0		neg 0.40669797794334894 __DUMMY__ 0.32707975465811967 off 0.26622226739853133	false	1.0
risiko	neg 1.0		neg 0.4005209361975159 __DUMMY__ 0.3290992024423369 off 0.27037986136014724	false	1.0
finster	neg 1.0		neg 0.40240890491015124 __DUMMY__ 0.3301312497786947 off 0.267459845311154	false	1.0
geisteskrank	off 1.0		neg 0.4043279531729419 __DUMMY__ 0.32461151659744875 off 0.27106053022960935	false	0.5
zusammenbrechen	neg 1.0		neg 0.40681824916197873 __DUMMY__ 0.32873671954167083 off 0.26444503129635033	false	1.0
ausbeute	neg 1.0		neg 0.40508029580880245 __DUMMY__ 0.33060302973246714 off 0.2643166744587304	false	1.0
hinterhalt	neg 1.0		neg 0.405852029724854 __DUMMY__ 0.32727536643636684 off 0.26687260383877914	false	1.0
kritik	neg 1.0		neg 0.4142991251002007 __DUMMY__ 0.32341176061958105 off 0.26228911428021806	false	1.0
einschrumpfen	neg 1.0		neg 0.4079245103358222 __DUMMY__ 0.3237591599342019 off 0.2683163297299759	false	1.0
riskant	neg 1.0		neg 0.41024822278192163 __DUMMY__ 0.3281809517975119 off 0.2615708254205664	false	1.0
frustrieren	neg 1.0		neg 0.4109021121281936 __DUMMY__ 0.3277772440485051 off 0.26132064382330117	false	1.0
groll	neg 1.0		neg 0.41075010148537716 __DUMMY__ 0.3267951321094681 off 0.26245476640515475	false	1.0
gibt			neg 0.40817191157366794 __DUMMY__ 0.32811628268602194 off 0.26371180574031006	false	0.0
qualvoll	neg 1.0		neg 0.40229637500744564 __DUMMY__ 0.32877069620611893 off 0.2689329287864354	false	1.0
wackeln	neg 1.0		neg 0.40163466422002403 __DUMMY__ 0.33044559634696563 off 0.26791973943301023	false	1.0
klagen	neg 1.0		neg 0.4145023559278646 __DUMMY__ 0.3266741142024274 off 0.2588235298697078	false	1.0
bankrott	neg 1.0		neg 0.3997687464608794 __DUMMY__ 0.32847233626431754 off 0.271758917274803	false	1.0
trauern	neg 1.0		neg 0.4099071646370704 __DUMMY__ 0.3282017525380095 off 0.2618910828249201	false	1.0
ablehnung	neg 1.0	neg 1.0	neg 0.6986270973368723 __DUMMY__ 0.15630411036387576 off 0.1450687922992519	false	1.0
stur	neg 1.0		neg 0.4059893752726863 __DUMMY__ 0.32725857290969446 off 0.2667520518176192	false	1.0
aufruhr	neg 1.0		neg 0.4103981198600051 __DUMMY__ 0.3246291321433429 off 0.26497274799665216	false	1.0
melancholie	neg 1.0		neg 0.40428264913431844 __DUMMY__ 0.3309127135621393 off 0.26480463730354226	false	1.0
ist			neg 0.40508431046561105 __DUMMY__ 0.32764091367113735 off 0.2672747758632516	false	0.0
torheit	neg 1.0		neg 0.41115314661953883 __DUMMY__ 0.32370706018525436 off 0.2651397931952069	false	1.0
dreckskind	off 1.0		neg 0.4007349919074058 __DUMMY__ 0.323098470037314 off 0.27616653805528013	false	0.5
umtauschen	neg 1.0		neg 0.40377648765828406 __DUMMY__ 0.329818521531736 off 0.2664049908099801	false	1.0
zum			neg 0.4062592076010944 __DUMMY__ 0.33354017257311763 off 0.260200619825788	false	0.0
zersetzen	neg 1.0		neg 0.4131783568386544 __DUMMY__ 0.3269815387568164 off 0.2598401044045293	false	1.0
zur			neg 0.4123872064815646 __DUMMY__ 0.3296799859280567 off 0.25793280759037857	false	0.0
frust	neg 1.0		neg 0.4070365430227739 __DUMMY__ 0.3287333153267621 off 0.264230141650464	false	1.0
unerbittlichkeit	neg 1.0		neg 0.4124258636878259 __DUMMY__ 0.32679236300954123 off 0.2607817733026329	false	1.0
zwei			neg 0.40649139316164923 __DUMMY__ 0.3321632323527479 off 0.26134537448560297	false	0.0
unkorrekt	neg 1.0		neg 0.40448468787855635 __DUMMY__ 0.32424132206441064 off 0.27127399005703307	false	1.0
hexe	off 1.0		neg 0.40133407829696294 __DUMMY__ 0.3272740256560938 off 0.27139189604694314	false	0.5
lasch	neg 1.0		neg 0.4057295035399071 __DUMMY__ 0.32589548614462055 off 0.26837501031547234	false	1.0
rivale	neg 1.0		neg 0.3993946232674264 __DUMMY__ 0.3255012924509101 off 0.27510408428166344	false	1.0
mutlos	off 1.0	off 1.0	off 0.6143487336998588 neg 0.22842985651629727 __DUMMY__ 0.1572214097838439	false	1.0
wirr	off 1.0		neg 0.4027143324883075 __DUMMY__ 0.3242394876149338 off 0.27304617989675867	false	0.5
jahr			neg 0.40523793382327306 __DUMMY__ 0.3313114991608975 off 0.2634505670158294	false	0.0
wird			neg 0.4090700057505717 __DUMMY__ 0.3284595362629476 off 0.26247045798648067	false	0.0
strafbar	neg 1.0		neg 0.4137555785448151 __DUMMY__ 0.32567627503526153 off 0.2605681464199235	false	1.0
erosion	neg 1.0		neg 0.40233325086488847 __DUMMY__ 0.3291940191296073 off 0.26847273000550426	false	1.0
eingehen	neg 1.0		neg 0.4107719347846342 __DUMMY__ 0.3271675260463297 off 0.26206053916903604	false	1.0
faul	off 1.0		neg 0.39952911797857876 __DUMMY__ 0.3291877111822999 off 0.27128317083912135	false	0.5
provisorium	neg 1.0		neg 0.41302864960933405 __DUMMY__ 0.3317814749384305 off 0.25518987545223537	false	1.0
schmerzen	neg 1.0		neg 0.40526492932671176 __DUMMY__ 0.3294265104956876 off 0.2653085601776007	false	1.0
schrumpfen	neg 1.0		neg 0.41341110631980826 __DUMMY__ 0.3293852738688392 off 0.25720361981135254	false	1.0
geistlos	off 1.0		neg 0.41139150892881804 __DUMMY__ 0.3225188257478194 off 0.26608966532336253	false	0.5
fehlkauf	neg 1.0		neg 0.40535953519036966 __DUMMY__ 0.3262379711002903 off 0.2684024937093399	false	1.0
frustrierend	neg 1.0	neg 1.0	neg 0.6926515613778398 __DUMMY__ 0.15835527115698816 off 0.148993167465172	false	1.0
unzufrieden	neg 1.0		neg 0.4098113867935596 __DUMMY__ 0.32751453402816827 off 0.26267407917827224	false	1.0
verzweifeln	neg 1.0		neg 0.40604002608124906 __DUMMY__ 0.32862905469355497 off 0.265330919225196	false	1.0
verzweifelt	neg 1.0		neg 0.4052841856471215 __DUMMY__ 0.32774870092431746 off 0.26696711342856116	false	1.0
misstrauensantrag	neg 1.0		neg 0.4059963431908888 __DUMMY__ 0.32582367710153326 off 0.26817997970757795	false	1.0
abfallen	neg 1.0		neg 0.400982914921545 __DUMMY__ 0.33077811846989386 off 0.2682389666085612	false	1.0
fucker	off 1.0		neg 0.40031218835463367 __DUMMY__ 0.32582275196594335 off 0.27386505967942304	false	0.5
ungezogen	neg 1.0		neg 0.3933689215126342 __DUMMY__ 0.3259935170941677 off 0.2806375613931982	false	1.0
irrsinnig	neg 1.0	neg 1.0	neg 0.6950110048922218 __DUMMY__ 0.15791649882992628 off 0.14707249627785202	false	1.0
unfassbar	neg 1.0		neg 0.4018048511985901 __DUMMY__ 0.3271459683761846 off 0.2710491804252252	false	1.0
hart	neg 1.0		neg 0.40372636969097303 __DUMMY__ 0.325688429319749 off 0.2705852009892779	false	1.0
widerlich	off 1.0		neg 0.4029042497058315 __DUMMY__ 0.32579964068010286 off 0.27129610961406564	false	0.5
fatal	neg 1.0		neg 0.40483119220785635 __DUMMY__ 0.32665131726870994 off 0.26851749052343366	false	1.0
bruch	neg 1.0		neg 0.41546523176003236 __DUMMY__ 0.32635308224117765 off 0.2581816859987898	false	1.0
aushungern	neg 1.0		neg 0.41171160905276427 __DUMMY__ 0.32409690079547787 off 0.26419149015175786	false	1.0
anspannung	neg 1.0		neg 0.41013532218375676 __DUMMY__ 0.330484048102545 off 0.2593806297136982	false	1.0
von			neg 0.406203649834211 __DUMMY__ 0.33136262910974335 off 0.2624337210560457	false	0.0
kraftlos	neg 1.0		neg 0.40509908699926783 __DUMMY__ 0.33076846107839364 off 0.26413245192233853	false	1.0
vom			neg 0.4096802675712764 __DUMMY__ 0.33302900670449004 off 0.25729072572423356	false	0.0
grenzdebil	off 1.0		neg 0.3999592322493117 __DUMMY__ 0.32752209214421474 off 0.2725186756064734	false	0.5
vor			neg 0.40949312267673993 __DUMMY__ 0.3300907347222794 off 0.2604161426009806	false	0.0
unterwerfen	neg 1.0		neg 0.41172507129588765 __DUMMY__ 0.326817098422097 off 0.26145783028201525	false	1.0
versenkung	neg 1.0		neg 0.4108278231680581 __DUMMY__ 0.3277709002830374 off 0.26140127654890455	false	1.0
entziehen	neg 1.0		neg 0.4132735296618581 __DUMMY__ 0.32777069753540405 off 0.2589557728027377	false	1.0
finanzkrise	neg 1.0		neg 0.4123095660561339 __DUMMY__ 0.3239520629431988 off 0.26373837100066727	false	1.0
schimpfend	neg 1.0		neg 0.3988003275440751 __DUMMY__ 0.33157433288172017 off 0.26962533957420476	false	1.0
profan	neg 1.0		neg 0.4037560037457303 __DUMMY__ 0.3279937949147681 off 0.26825020133950156	false	1.0
korruption	neg 1.0		neg 0.4140353110766383 __DUMMY__ 0.324224598784341 off 0.26174009013902066	false	1.0
â			neg 0.4072953074956578 __DUMMY__ 0.32880892925360244 off 0.2638957632507397	false	0.0
schmutzig	neg 1.0		neg 0.39795435881383007 __DUMMY__ 0.3291818627987253 off 0.27286377838744474	false	1.0
sexy	neg 1.0		neg 0.40163869946464265 __DUMMY__ 0.3276826576883039 off 0.2706786428470534	false	1.0
abraten	neg 1.0		neg 0.40375554952730414 __DUMMY__ 0.32866893614184356 off 0.2675755143308523	false	1.0
schwarz	neg 1.0		neg 0.4051500153775809 __DUMMY__ 0.3270739475603639 off 0.2677760370620553	false	1.0
fotze	off 1.0		neg 0.40979977957995345 __DUMMY__ 0.32652145075624367 off 0.26367876966380294	false	0.5
verwirren	neg 1.0		neg 0.40313342332317237 __DUMMY__ 0.3278015900569652 off 0.2690649866198625	false	1.0
zahnlos	off 1.0		neg 0.41080851729441376 __DUMMY__ 0.32662515371917733 off 0.26256632898640897	false	0.5
verheeren	neg 1.0		neg 0.39636744442752986 __DUMMY__ 0.3225776799434066 off 0.28105487562906356	false	1.0
hippie	neg 1.0		neg 0.4024412636877498 __DUMMY__ 0.32733226195357074 off 0.27022647435867947	false	1.0
rammen	neg 1.0		neg 0.40250463344911847 __DUMMY__ 0.3281490172295635 off 0.26934634932131807	false	1.0
unlauter	neg 1.0	neg 1.0	neg 0.695074201391388 __DUMMY__ 0.15708078753960417 off 0.14784501106900794	false	1.0
unheilvoll	neg 1.0		neg 0.4031763551358744 __DUMMY__ 0.3284882821444357 off 0.26833536271969	false	1.0
niedrig	neg 1.0		neg 0.40959232635720705 __DUMMY__ 0.32759962753615696 off 0.26280804610663594	false	1.0
explosion	neg 1.0		neg 0.40191624807412746 __DUMMY__ 0.3280739438068852 off 0.2700098081189874	false	1.0
weichei	off 1.0		neg 0.39697511079772674 __DUMMY__ 0.32572625626326257 off 0.27729863293901075	false	0.5
minusmensch	off 1.0		neg 0.39723703496737545 __DUMMY__ 0.3220940037535575 off 0.2806689612790671	false	0.5
farblos	neg 1.0		neg 0.4071775185869571 __DUMMY__ 0.3265248640091306 off 0.26629761740391217	false	1.0
unwissend	neg 1.0	neg 1.0	neg 0.6928966523947696 __DUMMY__ 0.15753291903070726 off 0.14957042857452313	false	1.0
traurig	neg 1.0		neg 0.39799591302301 __DUMMY__ 0.3275185746941797 off 0.2744855122828102	false	1.0
senkung	neg 1.0		neg 0.40467970750658455 __DUMMY__ 0.3264019182545893 off 0.26891837423882614	false	1.0
ungleich	neg 1.0	neg 1.0	neg 0.6981713968444213 __DUMMY__ 0.15762800760938456 off 0.14420059554619416	false	1.0
heikel	neg 1.0		neg 0.41209022693428826 __DUMMY__ 0.32768289930763295 off 0.2602268737580788	false	1.0
drosselung	neg 1.0		neg 0.3972294265155349 __DUMMY__ 0.3277172694903437 off 0.27505330399412137	false	1.0
falsch	neg 1.0		neg 0.40311236708924025 __DUMMY__ 0.3271161506769859 off 0.2697714822337738	false	1.0
unzufriedenheit	neg 1.0		neg 0.41288440984198577 __DUMMY__ 0.3272886149327728 off 0.2598269752252414	false	1.0
kurz	neg 1.0		neg 0.40424381429271045 __DUMMY__ 0.33047744735618856 off 0.26527873835110094	false	1.0
unsinnig	neg 1.0		neg 0.4095752647417788 __DUMMY__ 0.3272940869932957 off 0.2631306482649254	false	1.0
penner	off 1.0	off 1.0	off 0.6245223417912081 neg 0.2180857273371643 __DUMMY__ 0.15739193087162753	false	1.0
seicht	neg 1.0		neg 0.39769164093327847 __DUMMY__ 0.3234688821082654 off 0.2788394769584562	false	1.0
dummheit	off 1.0	off 1.0	off 0.6179362668776814 neg 0.22479116705945298 __DUMMY__ 0.1572725660628656	false	1.0
unerfreulich	neg 1.0		neg 0.4113596112196999 __DUMMY__ 0.3285836330219631 off 0.26005675575833703	false	1.0
motherfucker	off 1.0	off 1.0	off 0.6213835349035076 neg 0.2214316700177589 __DUMMY__ 0.15718479507873348	false	1.0
pikiert	neg 1.0		neg 0.40380125683690316 __DUMMY__ 0.3261369197893594 off 0.27006182337373746	false	1.0
wrack	neg 1.0		neg 0.4072924472964784 __DUMMY__ 0.3287004854993618 off 0.26400706720415984	false	1.0
gangster	neg 1.0		neg 0.40348746120689255 __DUMMY__ 0.32726578746467416 off 0.26924675132843345	false	1.0
krank	neg 1.0		neg 0.3977161675929746 __DUMMY__ 0.3290116691235822 off 0.2732721632834431	false	1.0
reich	neg 1.0		neg 0.4078724048892106 __DUMMY__ 0.3225568987686922 off 0.26957069634209735	false	1.0
gnadenlos	neg 1.0		neg 0.40542469199409803 __DUMMY__ 0.3277603861693082 off 0.2668149218365937	false	1.0
niedergeschlagen	neg 1.0		neg 0.4067850266696201 __DUMMY__ 0.32870205859255786 off 0.2645129147378221	false	1.0
terrorisieren	off 1.0	off 1.0	off 0.6146685321636902 neg 0.2270369221632425 __DUMMY__ 0.15829454567306722	false	1.0
sinnlosigkeit	neg 1.0		neg 0.4103413474610016 __DUMMY__ 0.3268995014315822 off 0.26275915110741627	false	1.0
behindern	neg 1.0		neg 0.40463026872220365 __DUMMY__ 0.3290024903982869 off 0.2663672408795094	false	1.0
undemokratisch	neg 1.0		neg 0.411257145606274 __DUMMY__ 0.3234914187891085 off 0.26525143560461756	false	1.0
wirtschaftskrise	neg 1.0		neg 0.4122567571486935 __DUMMY__ 0.3253922887117096 off 0.26235095413959697	false	1.0
neid	neg 1.0		neg 0.40053264672644134 __DUMMY__ 0.3290781224687983 off 0.27038923080476046	false	1.0
rutschen	neg 1.0		neg 0.4059563650230722 __DUMMY__ 0.333642520620768 off 0.2604011143561596	false	1.0
rezession	neg 1.0		neg 0.4026815538273411 __DUMMY__ 0.32298300981925493 off 0.2743354363534039	false	1.0
fehlgeburt	neg 1.0		neg 0.4058215957000832 __DUMMY__ 0.32764415829435795 off 0.2665342460055588	false	1.0
charakterschwach	off 1.0		neg 0.40274140936017877 __DUMMY__ 0.32601494821120636 off 0.27124364242861493	false	0.5
isolation	neg 1.0		neg 0.4001673837255224 __DUMMY__ 0.32789063081262876 off 0.2719419854618489	false	1.0
ablenkung	neg 1.0		neg 0.40400039036877466 __DUMMY__ 0.3292022958821722 off 0.26679731374905313	false	1.0
pech	neg 1.0		neg 0.40206854965087524 __DUMMY__ 0.3283545786519428 off 0.26957687169718203	false	1.0
vermeidung	neg 1.0		neg 0.39770885238868264 __DUMMY__ 0.3283010891119391 off 0.2739900584993782	false	1.0
dominieren	neg 1.0		neg 0.407633520547284 __DUMMY__ 0.3278151916984193 off 0.2645512877542967	false	1.0
schwindlig	neg 1.0		neg 0.399985160718211 __DUMMY__ 0.3299483339530827 off 0.27006650532870624	false	1.0
lutscher	neg 1.0		neg 0.3957568488660475 __DUMMY__ 0.3240613248714801 off 0.28018182626247246	false	1.0
pflicht	neg 1.0		neg 0.4122873167531396 __DUMMY__ 0.3276492840660846 off 0.26006339918077587	false	1.0
faschist	off 1.0		neg 0.40979704586751825 __DUMMY__ 0.3236678271550949 off 0.26653512697738696	false	0.5
verschleudern	neg 1.0		neg 0.41231277012063244 __DUMMY__ 0.3258038237202202 off 0.2618834061591474	false	1.0
wenn			neg 0.40237117992544336 __DUMMY__ 0.3275836107040627 off 0.270045209370494	false	0.0
ehebruch	neg 1.0		neg 0.41287451414944903 __DUMMY__ 0.32581184355486476 off 0.2613136422956862	false	1.0
spott	off 1.0		neg 0.4127799586395361 __DUMMY__ 0.3262989651681134 off 0.2609210761923506	false	0.5
trostlosigkeit	neg 1.0		neg 0.41601528339599375 __DUMMY__ 0.3250994381824875 off 0.25888527842151887	false	1.0
lutschen	neg 1.0		neg 0.4047142655760498 __DUMMY__ 0.3253517592757481 off 0.269933975148202	false	1.0
undiszipliniert	neg 1.0		neg 0.400002719096641 __DUMMY__ 0.326709622109558 off 0.27328765879380096	false	1.0
kopfschmerz	neg 1.0		neg 0.4054912748819879 __DUMMY__ 0.32879192471397567 off 0.2657168004040364	false	1.0
unvorhergesehen	neg 1.0		neg 0.40340554588820837 __DUMMY__ 0.3311810609720272 off 0.2654133931397645	false	1.0
desinteressiert	neg 1.0		neg 0.40116221352819076 __DUMMY__ 0.3261267533517646 off 0.27271103312004463	false	1.0
armselig	off 1.0		neg 0.4016190667258424 __DUMMY__ 0.32512982410142616 off 0.2732511091727315	false	0.5
desaster	neg 1.0		neg 0.41618004153073557 __DUMMY__ 0.3261566954827458 off 0.25766326298651865	false	1.0
tod	neg 1.0		neg 0.4154889222655082 __DUMMY__ 0.3243716357046771 off 0.26013944202981465	false	1.0
herzlos	neg 1.0		neg 0.39824439367642517 __DUMMY__ 0.32686797421558894 off 0.27488763210798595	false	1.0
unwissenheit	neg 1.0		neg 0.4118288512834599 __DUMMY__ 0.32598612915540126 off 0.26218501956113893	false	1.0
widersinnig	neg 1.0		neg 0.4134147183325145 __DUMMY__ 0.3240115293574969 off 0.26257375230998853	false	1.0
bedenklich	neg 1.0		neg 0.41131285176269755 __DUMMY__ 0.32743071924819056 off 0.2612564289891118	false	1.0
beanstanden	neg 1.0		neg 0.41245883114110676 __DUMMY__ 0.327807168990287 off 0.2597339998686062	false	1.0
panisch	neg 1.0	neg 1.0	neg 0.6907816719296938 __DUMMY__ 0.16017160356998603 off 0.14904672450032017	false	1.0
debil	off 1.0		neg 0.41427199867779163 __DUMMY__ 0.32862857877807433 off 0.25709942254413404	false	0.5
abstrich	neg 1.0		neg 0.402660958089319 __DUMMY__ 0.3300424190854911 off 0.2672966228251899	false	1.0
primitiv	neg 1.0		neg 0.40233412524931456 __DUMMY__ 0.32573728811908614 off 0.2719285866315993	false	1.0
abschaum	off 1.0	off 1.0	off 0.6192863081180664 neg 0.2237904417377098 __DUMMY__ 0.1569232501442238	false	1.0
provozieren	neg 1.0		neg 0.4083280257542173 __DUMMY__ 0.32633205333886284 off 0.26533992090692	false	1.0
tot	neg 1.0		neg 0.4078246353207413 __DUMMY__ 0.32741587493841434 off 0.26475948974084423	false	1.0
instabil	neg 1.0		neg 0.4012707154723471 __DUMMY__ 0.32443557506787807 off 0.2742937094597747	false	1.0
schwuchtel	off 1.0		neg 0.3930821408756876 __DUMMY__ 0.3218779845443461 off 0.28503987457996627	false	0.5
zerren	neg 1.0		neg 0.40668530631080363 __DUMMY__ 0.32883102097658506 off 0.2644836727126112	false	1.0
kinderficker	off 1.0		neg 0.40055708409464325 __DUMMY__ 0.3241226945355904 off 0.27532022136976625	false	0.5
gefahr	neg 1.0		neg 0.41163761266604487 __DUMMY__ 0.3267451781380773 off 0.26161720919587794	false	1.0
rabiat	neg 1.0		neg 0.40650335278957145 __DUMMY__ 0.32773677861220607 off 0.2657598685982225	false	1.0
verlangsamung	neg 1.0		neg 0.39952999737161415 __DUMMY__ 0.32261806799816206 off 0.27785193463022373	false	1.0
ausgestorben	neg 1.0		neg 0.4068643104077296 __DUMMY__ 0.32862796720661946 off 0.264507722385651	false	1.0
anklagen	neg 1.0		neg 0.41013032146560285 __DUMMY__ 0.32565032426028423 off 0.26421935427411297	false	1.0
trott	neg 1.0		neg 0.40525381988020515 __DUMMY__ 0.32848204447064866 off 0.26626413564914614	false	1.0
verminderung	neg 1.0		neg 0.3994516428148627 __DUMMY__ 0.326602891082371 off 0.2739454661027662	false	1.0
nach			neg 0.40895283369377333 __DUMMY__ 0.33186878151387306 off 0.2591783847923535	false	0.0
rost	neg 1.0		neg 0.39700465673508284 __DUMMY__ 0.32402650943303074 off 0.27896883383188636	false	1.0
destruktiv	neg 1.0	neg 1.0	neg 0.697179162591253 __DUMMY__ 0.15713869486777704 off 0.1456821425409699	false	1.0
unzumutbarkeit	neg 1.0		neg 0.3993906388567106 __DUMMY__ 0.3272299857225473 off 0.27337937542074203	false	1.0
labil	off 1.0	off 1.0	off 0.6201265899724967 neg 0.2226483988538013 __DUMMY__ 0.157225011173702	false	1.0
ziemlich	neg 1.0		neg 0.40047241300138414 __DUMMY__ 0.32754912678751785 off 0.2719784602110979	false	1.0
lachnummer	off 1.0		neg 0.4103299848770257 __DUMMY__ 0.325883470929763 off 0.2637865441932112	false	0.5
oder			neg 0.40403194230631373 __DUMMY__ 0.3294519980577209 off 0.2665160596359654	false	0.0
verfall	neg 1.0		neg 0.4146867017757756 __DUMMY__ 0.3285154257977786 off 0.2567978724264458	false	1.0
ausgrenzung	neg 1.0		neg 0.40980637829320266 __DUMMY__ 0.32387768912563175 off 0.2663159325811656	false	1.0
unordnung	neg 1.0		neg 0.3991461034566486 __DUMMY__ 0.32526800569865705 off 0.27558589084469437	false	1.0
fehlverhalten	neg 1.0		neg 0.4128712953571075 __DUMMY__ 0.3264357353095825 off 0.26069296933331015	false	1.0
eine			neg 0.4094961679368325 __DUMMY__ 0.3298394521782718 off 0.2606643798848956	false	0.0
nille	neg 1.0		neg 0.4091532252462604 __DUMMY__ 0.32574654486375604 off 0.26510022988998355	false	1.0
qual	neg 1.0		neg 0.4057653252598671 __DUMMY__ 0.3282122366806741 off 0.26602243805945897	false	1.0
verschwenden	neg 1.0		neg 0.4097537936514266 __DUMMY__ 0.3283214748607775 off 0.2619247314877959	false	1.0
riesig	neg 1.0		neg 0.4074161593033254 __DUMMY__ 0.3277834969537253 off 0.26480034374294925	false	1.0
verurteilen	neg 1.0		neg 0.41251187693085367 __DUMMY__ 0.3254100527645637 off 0.26207807030458263	false	1.0
klischee	neg 1.0	neg 1.0	neg 0.6943979607713874 __DUMMY__ 0.15720654647405755 off 0.14839549275455508	false	1.0
diktatorisch	neg 1.0		neg 0.4128525720021738 __DUMMY__ 0.32252433403789205 off 0.2646230939599341	false	1.0
vorhersehbar	neg 1.0		neg 0.4075432999128707 __DUMMY__ 0.32554587265027946 off 0.26691082743684985	false	1.0
sowie			neg 0.39928419918158986 __DUMMY__ 0.3237818309380821 off 0.276933969880328	false	0.0
stornieren	neg 1.0		neg 0.4005980601369015 __DUMMY__ 0.32948208423123143 off 0.26991985563186704	false	1.0
besteuerung	neg 1.0		neg 0.4065215393573035 __DUMMY__ 0.3265396185396207 off 0.2669388421030756	false	1.0
ungeschminkt	neg 1.0		neg 0.40120805835027473 __DUMMY__ 0.3265932144748693 off 0.27219872717485605	false	1.0
kritisch	neg 1.0		neg 0.4126758298523251 __DUMMY__ 0.3263391889411265 off 0.26098498120654845	false	1.0
schlamperei	off 1.0		neg 0.4129639608944336 __DUMMY__ 0.32570514540902007 off 0.2613308936965463	false	0.5
sucht	neg 1.0	neg 1.0	neg 0.6907160338687102 __DUMMY__ 0.15981459212386798 off 0.14946937400742186	false	1.0
egoistisch	off 1.0		neg 0.39766433972937476 __DUMMY__ 0.32545590765993127 off 0.2768797526106939	false	0.5
ausbeuter	off 1.0		neg 0.4145839989170395 __DUMMY__ 0.32562166630442063 off 0.25979433477853986	false	0.5
arschgeburt	off 1.0		neg 0.3932414932990515 __DUMMY__ 0.32187819348276003 off 0.2848803132181884	false	0.5
schubs	neg 1.0	neg 1.0	neg 0.6938799416790973 __DUMMY__ 0.15992311330606357 off 0.1461969450148391	false	1.0
unsolide	neg 1.0		neg 0.41125447202143356 __DUMMY__ 0.3210733072264145 off 0.2676722207521521	false	1.0
beschwerde	neg 1.0		neg 0.4109851134231213 __DUMMY__ 0.32634308747704416 off 0.26267179909983457	false	1.0
stocken	neg 1.0		neg 0.4093707267424351 __DUMMY__ 0.32778911989414944 off 0.2628401533634156	false	1.0
isolieren	neg 1.0		neg 0.40518810992387094 __DUMMY__ 0.32904842740162005 off 0.2657634626745091	false	1.0
unheilbar	neg 1.0		neg 0.4076220534743707 __DUMMY__ 0.32660908380289866 off 0.26576886272273076	false	1.0
pisser	off 1.0		neg 0.4009642885711187 __DUMMY__ 0.3246618828169398 off 0.27437382861194154	false	0.5
löschen	neg 1.0		neg 0.4057898077550902 __DUMMY__ 0.32720779851265236 off 0.2670023937322573	false	1.0
durchfallen	neg 1.0		neg 0.4106119538012431 __DUMMY__ 0.32749521980033214 off 0.26189282639842476	false	1.0
wichser	off 1.0		neg 0.393353282220665 __DUMMY__ 0.3247386321835514 off 0.2819080855957836	false	0.5
terror	neg 1.0		neg 0.40017356560848083 __DUMMY__ 0.32890018515223485 off 0.2709262492392844	false	1.0
krass	neg 1.0		neg 0.39808561192277314 __DUMMY__ 0.32661057535413257 off 0.2753038127230944	false	1.0
revolte	neg 1.0	neg 1.0	neg 0.6970953457336118 __DUMMY__ 0.15534704966902807 off 0.14755760459736023	false	1.0
besorgt	neg 1.0		neg 0.40364441169597653 __DUMMY__ 0.33080507434463574 off 0.26555051395938783	false	1.0
nachlassen	neg 1.0		neg 0.4076431746432539 __DUMMY__ 0.3285566372416971 off 0.26380018811504896	false	1.0
alt	neg 1.0		neg 0.4073667857746391 __DUMMY__ 0.33003291641957966 off 0.2626002978057814	false	1.0
hundesohn	off 1.0		neg 0.39697825732723735 __DUMMY__ 0.32292054796394803 off 0.2801011947088148	false	0.5
als			neg 0.40698074950482777 __DUMMY__ 0.32920689431851957 off 0.26381235617665255	false	0.0
abschreckung	neg 1.0		neg 0.41440640470686907 __DUMMY__ 0.32644081506758826 off 0.2591527802255427	false	1.0
unqualifiziert	neg 1.0	neg 1.0	neg 0.6948422696372807 __DUMMY__ 0.15730445880979993 off 0.14785327155291936	false	1.0
abgewichst	off 1.0		neg 0.40849094630286503 __DUMMY__ 0.32695497723900707 off 0.2645540764581278	false	0.5
schwer	neg 1.0		neg 0.40592567681168057 __DUMMY__ 0.3285592672943252 off 0.26551505589399427	false	1.0
bedeutungslosigkeit	neg 1.0		neg 0.4131807409747387 __DUMMY__ 0.326693583183029 off 0.2601256758422323	false	1.0
kapitulation	neg 1.0		neg 0.41560307416171915 __DUMMY__ 0.3235983618901061 off 0.26079856394817474	false	1.0
unscharf	neg 1.0		neg 0.40290014518788037 __DUMMY__ 0.32778631087755866 off 0.2693135439345608	false	1.0
schwinden	neg 1.0		neg 0.4117832003342218 __DUMMY__ 0.32742272325091626 off 0.2607940764148619	false	1.0
versklavung	neg 1.0	neg 1.0	neg 0.6974148856163248 __DUMMY__ 0.1560647179031621 off 0.1465203964805132	false	1.0
schlecht	neg 1.0		neg 0.39985576363235315 __DUMMY__ 0.327723124615928 off 0.27242111175171896	false	1.0
verhasst	neg 1.0		neg 0.40907367667845773 __DUMMY__ 0.3258159558045964 off 0.2651103675169458	false	1.0
beschweren	neg 1.0		neg 0.40432554904638707 __DUMMY__ 0.3280474534982482 off 0.26762699745536467	false	1.0
scheiden	neg 1.0		neg 0.405410715994392 __DUMMY__ 0.32882008633388626 off 0.2657691976717217	false	1.0
frustriert	neg 1.0		neg 0.40765056873273714 __DUMMY__ 0.32812723606117766 off 0.26422219520608514	false	1.0
schimmelig	neg 1.0		neg 0.4101229082107285 __DUMMY__ 0.3276227894118571 off 0.2622543023774145	false	1.0
fisch	neg 1.0	neg 1.0	neg 0.6942511844136487 __DUMMY__ 0.15968608962065872 off 0.14606272596569256	false	1.0
schmuggel	neg 1.0		neg 0.4097109024743866 __DUMMY__ 0.3291081004074235 off 0.26118099711818993	false	1.0
auffallen	neg 1.0		neg 0.40402644748311756 __DUMMY__ 0.32785474011155863 off 0.26811881240532376	false	1.0
konkurrenz	neg 1.0		neg 0.41042470736294556 __DUMMY__ 0.3291858361317053 off 0.2603894565053491	false	1.0
teufelskreis	neg 1.0	neg 1.0	neg 0.6962387695760776 __DUMMY__ 0.15791108076607246 off 0.14585014965785	false	1.0
aufschreien	neg 1.0		neg 0.406622467152891 __DUMMY__ 0.3261861938884112 off 0.26719133895869795	false	1.0
schuldner	neg 1.0		neg 0.4133219188039296 __DUMMY__ 0.3258940717364444 off 0.2607840094596259	false	1.0
missgeburt	off 1.0	off 1.0	off 0.6234427215876724 neg 0.220157639161922 __DUMMY__ 0.15639963925040556	false	1.0
arbeitslos	neg 1.0		neg 0.4101521522356884 __DUMMY__ 0.32704600658940464 off 0.26280184117490696	false	1.0
befallen	neg 1.0		neg 0.4157273852528789 __DUMMY__ 0.3233515921768978 off 0.2609210225702233	false	1.0
miesepetrig	off 1.0		neg 0.3994752846612235 __DUMMY__ 0.3282135463644943 off 0.2723111689742823	false	0.5
alarmieren	neg 1.0		neg 0.4054093942617703 __DUMMY__ 0.32467427027654466 off 0.26991633546168514	false	1.0
ungeduscht	off 1.0		neg 0.4024767095622315 __DUMMY__ 0.32798035064219555 off 0.2695429397955729	false	0.5
knappheit	neg 1.0		neg 0.41099178626915867 __DUMMY__ 0.326258992486232 off 0.2627492212446094	false	1.0
schlange	neg 1.0		neg 0.4020462124230894 __DUMMY__ 0.32961667007886464 off 0.26833711749804595	false	1.0
harsch	neg 1.0		neg 0.3935347710915319 __DUMMY__ 0.3273114862852039 off 0.27915374262326415	false	1.0
lang	neg 1.0		neg 0.40496818369943816 __DUMMY__ 0.3276955604448053 off 0.26733625585575654	false	1.0
ziellos	neg 1.0		neg 0.40827225448002996 __DUMMY__ 0.328678837603844 off 0.26304890791612595	false	1.0
selbstverliebt	neg 1.0		neg 0.3958945407279074 __DUMMY__ 0.32223135086881904 off 0.28187410840327365	false	1.0
beseitigen	neg 1.0		neg 0.4030252551177739 __DUMMY__ 0.3291427922702296 off 0.26783195261199644	false	1.0
dumm	off 1.0		neg 0.3978638710916349 __DUMMY__ 0.32477773066309423 off 0.2773583982452709	false	0.5
arbeitsloser	neg 1.0		neg 0.4104227907667069 __DUMMY__ 0.32745991529881574 off 0.2621172939344775	false	1.0
blitzen	neg 1.0		neg 0.40438551096080033 __DUMMY__ 0.3262562393055653 off 0.26935824973363437	false	1.0
hilflos	neg 1.0		neg 0.40800384783357996 __DUMMY__ 0.32818501041961196 off 0.26381114174680825	false	1.0
eklig	off 1.0		neg 0.3975958739173895 __DUMMY__ 0.32424604772448834 off 0.2781580783581223	false	0.5
begriff			neg 0.4090409781258496 __DUMMY__ 0.32720570983572517 off 0.26375331203842506	false	0.0
hungersnot	neg 1.0		neg 0.4136751720448066 __DUMMY__ 0.32315685503194036 off 0.26316797292325317	false	1.0
ungesetzlich	neg 1.0		neg 0.41048172563705715 __DUMMY__ 0.32311144246142864 off 0.26640683190151415	false	1.0
verschwendung	neg 1.0		neg 0.41142982929127453 __DUMMY__ 0.3279151767380686 off 0.2606549939706569	false	1.0
schmerzvoll	neg 1.0		neg 0.4040654075435941 __DUMMY__ 0.32820681018367026 off 0.26772778227273564	false	1.0
vorzeitig	neg 1.0		neg 0.4014305964222804 __DUMMY__ 0.3268533826758181 off 0.27171602090190144	false	1.0
unvollkommenheit	neg 1.0		neg 0.4066719917145985 __DUMMY__ 0.3274158297020424 off 0.2659121785833592	false	1.0
intervenieren	neg 1.0		neg 0.414916753310193 __DUMMY__ 0.32511132992954134 off 0.25997191676026565	false	1.0
banause	off 1.0		neg 0.3959436676655084 __DUMMY__ 0.32416177186235523 off 0.27989456047213634	false	0.5
rebell	neg 1.0		neg 0.41090567799026456 __DUMMY__ 0.32881017366382437 off 0.260284148345911	false	1.0
unlogisch	neg 1.0		neg 0.4004888272716129 __DUMMY__ 0.32567404678439726 off 0.2738371259439899	false	1.0
leiden	neg 1.0	neg 1.0	neg 0.6935848022090135 __DUMMY__ 0.16125626799761963 off 0.14515892979336678	false	1.0
abschaffung	neg 1.0		neg 0.4090113176637768 __DUMMY__ 0.32523428271174254 off 0.26575439962448066	false	1.0
sturz	neg 1.0		neg 0.40937798860025776 __DUMMY__ 0.32462855453954764 off 0.26599345686019465	false	1.0
verkleinerung	neg 1.0		neg 0.40663767417580793 __DUMMY__ 0.3244038641737458 off 0.2689584616504461	false	1.0
schmarotzer	off 1.0		neg 0.4122410315089316 __DUMMY__ 0.3260246667235829 off 0.2617343017674856	false	0.5
bestrafung	neg 1.0		neg 0.40627004018633256 __DUMMY__ 0.3269992184062375 off 0.26673074140742986	false	1.0
achtlos	neg 1.0		neg 0.40447784469688647 __DUMMY__ 0.32945720930284234 off 0.2660649460002711	false	1.0
ungeheuer	neg 1.0		neg 0.40444127622517334 __DUMMY__ 0.32735509457648254 off 0.2682036291983442	false	1.0
unaufrichtig	neg 1.0		neg 0.4082128429452027 __DUMMY__ 0.3242367504165056 off 0.26755040663829166	false	1.0
groggy	neg 1.0		neg 0.40403337463382777 __DUMMY__ 0.3265621416257061 off 0.26940448374046627	false	1.0
verletzlich	neg 1.0		neg 0.40081786045961204 __DUMMY__ 0.32690905821925237 off 0.27227308132113553	false	1.0
ablehnen	neg 1.0		neg 0.41152298649229896 __DUMMY__ 0.3261827414603345 off 0.2622942720473665	false	1.0
