unsolidarisch	neg 1.0		__DUMMY__ 0.919165323231498 neg 0.05085162111784804 off 0.029983055650653952	false	1.0
nachteilig	neg 1.0		__DUMMY__ 0.9270446822337537 neg 0.0457855283834926 off 0.027169789382753638	false	1.0
skeptisch	neg 1.0		__DUMMY__ 0.9287490291470426 neg 0.04601173735947418 off 0.02523923349348329	false	1.0
schrecklich	neg 1.0		__DUMMY__ 0.9254788619474087 neg 0.04023073516595617 off 0.034290402886635214	false	1.0
schlapp	neg 1.0		__DUMMY__ 0.9294875645766913 neg 0.03958179195681315 off 0.030930643466495523	false	1.0
abfall	neg 1.0		__DUMMY__ 0.9289863706084686 neg 0.04687670074824345 off 0.024136928643288005	false	1.0
widerspenstig	neg 1.0		__DUMMY__ 0.9301345804811703 neg 0.04185923451040606 off 0.02800618500842357	false	1.0
abrupt	neg 1.0		__DUMMY__ 0.931226561016364 neg 0.04158069490686983 off 0.02719274407676614	false	1.0
unwirksam	neg 1.0		__DUMMY__ 0.9225093048400396 neg 0.04800088776681449 off 0.029489807393145943	false	1.0
angreifen	neg 1.0		__DUMMY__ 0.9265085825875676 neg 0.04706148493355273 off 0.026429932478879623	false	1.0
inkonsistent	neg 1.0		__DUMMY__ 0.9247762109126867 neg 0.0451895694236022 off 0.03003421966371103	false	1.0
abrutschen	neg 1.0		__DUMMY__ 0.930201304575081 neg 0.045637665795098745 off 0.024161029629820294	false	1.0
unsicher	neg 1.0		__DUMMY__ 0.9281746204521486 neg 0.043244894233233286 off 0.02858048531461814	false	1.0
bauernkind	off 1.0		__DUMMY__ 0.9217149015412321 neg 0.041774417460045093 off 0.03651068099872273	false	0.5
angreifer	neg 1.0		__DUMMY__ 0.9232673540397867 neg 0.04557389949261071 off 0.031158746467602704	false	1.0
trennen	neg 1.0		__DUMMY__ 0.9330624060158084 neg 0.04158163662316053 off 0.025355957361031054	false	1.0
schmutz	neg 1.0		__DUMMY__ 0.9326013897146913 neg 0.03576192329728764 off 0.031636686988021016	false	1.0
inkonsistenz	neg 1.0	neg 1.0	neg 0.5104224117915612 __DUMMY__ 0.4613418877691276 off 0.02823570043931116	false	1.0
erschreckend	neg 1.0		__DUMMY__ 0.9267053784553737 neg 0.04528777040131638 off 0.028006851143309877	false	1.0
ertrinken	neg 1.0		__DUMMY__ 0.9299996079693791 neg 0.043648518540855746 off 0.02635187348976517	false	1.0
pickelface	off 1.0		__DUMMY__ 0.9251328431976666 neg 0.045405492639713635 off 0.029461664162619618	false	0.5
seiner			__DUMMY__ 0.928683470214526 neg 0.04524420606388444 off 0.026072323721589467	false	0.0
lauch	neg 1.0		__DUMMY__ 0.9289548980407653 neg 0.04629165896264782 off 0.024753442996586838	false	1.0
unwichtig	neg 1.0		__DUMMY__ 0.9257660067281177 neg 0.04259036912791765 off 0.031643624143964606	false	1.0
steuerhinterziehung	neg 1.0		__DUMMY__ 0.9225583754071958 neg 0.04864804472827618 off 0.02879357986452807	false	1.0
schock	neg 1.0		__DUMMY__ 0.9308375674824702 neg 0.04198279045668215 off 0.027179642060847782	false	1.0
beule	neg 1.0		__DUMMY__ 0.9291865659196075 neg 0.03908980099305731 off 0.03172363308733521	false	1.0
vergelten	neg 1.0		__DUMMY__ 0.923182218334389 neg 0.041102995092585026 off 0.035714786573026014	false	1.0
verdorbenheit	neg 1.0	neg 1.0	neg 0.5069357961474571 __DUMMY__ 0.4667121452556474 off 0.026352058596895434	false	1.0
trauma	neg 1.0		__DUMMY__ 0.9267539402392001 neg 0.043383303880528225 off 0.029862755880271676	false	1.0
sinnlos	neg 1.0		__DUMMY__ 0.9269326271302805 neg 0.042981386649846916 off 0.03008598621987266	false	1.0
fettsack	off 1.0	off 1.0	off 0.5025207260458373 __DUMMY__ 0.45949640791647944 neg 0.037982866037683236	false	1.0
feige	off 1.0		__DUMMY__ 0.924143325870051 neg 0.04431057481338092 off 0.03154609931656807	false	0.5
abdanken	neg 1.0		__DUMMY__ 0.9209541072724262 neg 0.04981354920070634 off 0.029232343526867415	false	1.0
wichtigtuer	off 1.0	off 1.0	off 0.49741482350142285 __DUMMY__ 0.46099558583746186 neg 0.04158959066111526	false	1.0
misslingen	neg 1.0		__DUMMY__ 0.9305901147897857 neg 0.03979731833157666 off 0.029612566878637683	false	1.0
untreu	off 1.0		__DUMMY__ 0.9260239238287925 neg 0.041886807823182125 off 0.0320892683480254	false	0.5
missmutig	neg 1.0		__DUMMY__ 0.9288831288791023 neg 0.0402455056702132 off 0.030871365450684536	false	1.0
hurenbock	off 1.0		__DUMMY__ 0.9314738125316464 neg 0.03961783001376324 off 0.02890835745459026	false	0.5
betrunken	neg 1.0		__DUMMY__ 0.9282672549870726 neg 0.03909275952561205 off 0.03263998548731537	false	1.0
korrupt	off 1.0		__DUMMY__ 0.9213654848663821 neg 0.05058585909558246 off 0.028048656038035406	false	0.5
unmut	neg 1.0		__DUMMY__ 0.9282263371398368 neg 0.04692769691371943 off 0.024845965946443768	false	1.0
hackfresse	off 1.0		__DUMMY__ 0.9238542536835511 neg 0.03963574826904707 off 0.036509998047401813	false	0.5
aufblasen	neg 1.0		__DUMMY__ 0.9299578917203977 neg 0.040853030251013014 off 0.02918907802858936	false	1.0
gewaltsam	neg 1.0		__DUMMY__ 0.9228485126983998 neg 0.04735443542080189 off 0.029797051880798276	false	1.0
unbeliebtheit	neg 1.0		__DUMMY__ 0.9166908826012294 neg 0.049431631796656134 off 0.03387748560211439	false	1.0
sturheit	neg 1.0		__DUMMY__ 0.9241829924854778 neg 0.047440646197845146 off 0.028376361316677118	false	1.0
kuh	neg 1.0		__DUMMY__ 0.9263058281973741 neg 0.044416994898329724 off 0.029277176904296164	false	1.0
erschrecken	neg 1.0		__DUMMY__ 0.9282570101630553 neg 0.04097167422002731 off 0.03077131561691742	false	1.0
opfer	neg 1.0	neg 1.0	neg 0.5120904614703148 __DUMMY__ 0.4637419793260397 off 0.024167559203645446	false	1.0
sinken	neg 1.0		__DUMMY__ 0.9284693019814587 neg 0.046453300768944834 off 0.025077397249596445	false	1.0
stinktier	neg 1.0		__DUMMY__ 0.9233735790693425 neg 0.042138933343201415 off 0.0344874875874561	false	1.0
tucke	off 1.0		__DUMMY__ 0.9245688849901238 neg 0.03898061301339637 off 0.036450501996479784	false	0.5
ein			__DUMMY__ 0.9322663768082897 neg 0.0392690153197886 off 0.02846460787192173	false	0.0
abstieg	neg 1.0		__DUMMY__ 0.925418606658462 neg 0.04660287938655907 off 0.02797851395497893	false	1.0
missverstehen	neg 1.0		__DUMMY__ 0.924526398257713 neg 0.0452755465985596 off 0.030198055143727393	false	1.0
ergebnislos	neg 1.0		__DUMMY__ 0.9264881741634301 neg 0.04594165408405471 off 0.027570171752515173	false	1.0
unter			__DUMMY__ 0.9355999314297295 neg 0.04305442977588799 off 0.021345638794382574	false	0.0
manipulieren	neg 1.0		__DUMMY__ 0.9262131422594765 neg 0.04752719618202926 off 0.026259661558494282	false	1.0
unbewiesen	neg 1.0		__DUMMY__ 0.9182334474134323 neg 0.05189526665130551 off 0.029871285935262178	false	1.0
verschleppen	neg 1.0		__DUMMY__ 0.9253225326945832 neg 0.047216422630989865 off 0.027461044674427	false	1.0
weib	off 1.0		__DUMMY__ 0.9235229867748795 neg 0.03910965789036022 off 0.037367355334760245	false	0.5
opposition	neg 1.0		__DUMMY__ 0.9217594919298265 neg 0.04813064737975381 off 0.030109860690419654	false	1.0
verkehrswidrig	neg 1.0		__DUMMY__ 0.9271941531880364 neg 0.037906050618845805 off 0.034899796193117734	false	1.0
inkorrekt	neg 1.0		__DUMMY__ 0.9203766664519344 neg 0.0468031254850077 off 0.03282020806305793	false	1.0
vermeiden	neg 1.0		__DUMMY__ 0.9326103783824203 neg 0.04438873552003607 off 0.023000886097543673	false	1.0
abweichung	neg 1.0		__DUMMY__ 0.9213639747244707 neg 0.05088215389236511 off 0.027753871383164225	false	1.0
alkoholisiert	neg 1.0		__DUMMY__ 0.9300168719637287 neg 0.04337192142091454 off 0.026611206615356736	false	1.0
scheiss	off 1.0	off 1.0	off 0.499303435754695 __DUMMY__ 0.4634216693986007 neg 0.0372748948467044	false	1.0
herausforderung	neg 1.0		__DUMMY__ 0.933448373375204 neg 0.03973332740532771 off 0.026818299219468163	false	1.0
pervers	off 1.0		__DUMMY__ 0.9226935154180916 off 0.03923218563662557 neg 0.03807429894528283	false	1.0
wackelig	neg 1.0		__DUMMY__ 0.933607079266043 neg 0.03990286814877749 off 0.026490052585179436	false	1.0
verwickeln	neg 1.0		__DUMMY__ 0.9255120056917769 neg 0.04449784196064669 off 0.02999015234757635	false	1.0
vorwand	neg 1.0		__DUMMY__ 0.9268814163353346 neg 0.04772879882766248 off 0.025389784837002903	false	1.0
muschi	off 1.0		__DUMMY__ 0.925369950972604 neg 0.04540142921594042 off 0.029228619811455626	false	0.5
entmutigung	neg 1.0		__DUMMY__ 0.9165804312210856 neg 0.05196276639002555 off 0.031456802388888844	false	1.0
unangemessen	neg 1.0		__DUMMY__ 0.924370775162681 neg 0.048049971709446554 off 0.027579253127872592	false	1.0
unstetig	neg 1.0		__DUMMY__ 0.924489426204289 neg 0.044427453863545525 off 0.031083119932165483	false	1.0
entmutigen	neg 1.0		__DUMMY__ 0.9278301160178478 neg 0.04286150321365762 off 0.02930838076849459	false	1.0
schwanz	neg 1.0		__DUMMY__ 0.9273770862992549 neg 0.0452529740765815 off 0.027369939624163668	false	1.0
verbot	neg 1.0		__DUMMY__ 0.922329578907088 neg 0.04933120401945649 off 0.028339217073455523	false	1.0
leid	neg 1.0		__DUMMY__ 0.924283136185594 neg 0.0404576087273255 off 0.035259255087080436	false	1.0
archaisch	neg 1.0		__DUMMY__ 0.9252384298712649 neg 0.04697708081578868 off 0.027784489312946387	false	1.0
gegen			__DUMMY__ 0.9269186774246407 neg 0.04716593645842731 off 0.02591538611693187	false	0.0
scheidung	neg 1.0	neg 1.0	neg 0.49986170406368274 __DUMMY__ 0.45952937006524835 off 0.04060892587106895	false	1.0
einschlag	neg 1.0		__DUMMY__ 0.9247900001424328 neg 0.040157348991163 off 0.03505265086640414	false	1.0
m			__DUMMY__ 0.9296046596618541 neg 0.04275898278750008 off 0.027636357550645807	false	0.0
abgestanden	neg 1.0		__DUMMY__ 0.9296828545663761 neg 0.04253430220201418 off 0.027782843231609684	false	1.0
schmierig	off 1.0		__DUMMY__ 0.9255320615456685 neg 0.04000498438819447 off 0.03446295406613704	false	0.5
unpraktisch	neg 1.0		__DUMMY__ 0.9305927256940171 neg 0.040458827623381356 off 0.02894844668260155	false	1.0
wixxer	off 1.0		__DUMMY__ 0.920951718852978 neg 0.039610075553699706 off 0.039438205593322374	false	0.5
bezeichnet			__DUMMY__ 0.9250235042670867 neg 0.046471857560788296 off 0.028504638172125042	false	0.0
jammerlappen	off 1.0		__DUMMY__ 0.9265890591130772 neg 0.04181961326885203 off 0.031591327618070715	false	0.5
farce	neg 1.0		__DUMMY__ 0.9191731666705126 neg 0.05205284905684363 off 0.02877398427264378	false	1.0
zwecklos	neg 1.0		__DUMMY__ 0.9253784486911603 neg 0.04735072784742511 off 0.027270823461414597	false	1.0
turbulent	neg 1.0		__DUMMY__ 0.923566966981956 neg 0.0423882247006999 off 0.03404480831734408	false	1.0
invasion	neg 1.0		__DUMMY__ 0.9286559819328634 neg 0.04067494937210549 off 0.030669068695031165	false	1.0
schuld	neg 1.0		__DUMMY__ 0.9261444502535657 neg 0.04451645174935837 off 0.029339097997075837	false	1.0
risiko	neg 1.0		__DUMMY__ 0.9300745018559253 neg 0.03921229059228669 off 0.030713207551787983	false	1.0
finster	neg 1.0		__DUMMY__ 0.931224175876791 neg 0.04065869827559465 off 0.028117125847614353	false	1.0
geisteskrank	off 1.0		__DUMMY__ 0.9222448709953562 neg 0.04476181478352631 off 0.032993314221117384	false	0.5
zusammenbrechen	neg 1.0		__DUMMY__ 0.9286232387785275 neg 0.04366680525975635 off 0.027709955961716128	false	1.0
ausbeute	neg 1.0		__DUMMY__ 0.9322859454347552 neg 0.04138246051919151 off 0.02633159404605328	false	1.0
hinterhalt	neg 1.0		__DUMMY__ 0.9270586760815603 neg 0.04364296081525729 off 0.02929836310318235	false	1.0
kritik	neg 1.0		__DUMMY__ 0.9206195610751645 neg 0.050673226527937966 off 0.028707212396897497	false	1.0
einschrumpfen	neg 1.0		__DUMMY__ 0.9211368520004966 neg 0.04726497962783952 off 0.031598168371663835	false	1.0
riskant	neg 1.0		__DUMMY__ 0.927902430850058 neg 0.04577510762052137 off 0.02632246152942066	false	1.0
frustrieren	neg 1.0		__DUMMY__ 0.9272489243262486 neg 0.04642038200204006 off 0.026330693671711293	false	1.0
groll	neg 1.0		__DUMMY__ 0.9259332784729675 neg 0.04667377522306829 off 0.027392946303964265	false	1.0
gibt			__DUMMY__ 0.9275730744067535 neg 0.04482205770653166 off 0.027604867886714773	false	0.0
qualvoll	neg 1.0		__DUMMY__ 0.9288034316345746 neg 0.041281462667637936 off 0.029915105697787544	false	1.0
wackeln	neg 1.0		__DUMMY__ 0.9314226836506279 neg 0.0398069140988467 off 0.02877040225052546	false	1.0
klagen	neg 1.0		__DUMMY__ 0.925910402496179 neg 0.04870199825360664 off 0.02538759925021451	false	1.0
bankrott	neg 1.0		__DUMMY__ 0.928478489538838 neg 0.04000078207902937 off 0.03152072838213249	false	1.0
trauern	neg 1.0		__DUMMY__ 0.9283267873490695 neg 0.04525991822791027 off 0.026413294423020314	false	1.0
ablehnung	neg 1.0	neg 1.0	neg 0.5153391314537115 __DUMMY__ 0.45865792024814334 off 0.026002948298145142	false	1.0
stur	neg 1.0		__DUMMY__ 0.926412726488325 neg 0.044028879552575076 off 0.0295583939591	false	1.0
aufruhr	neg 1.0		__DUMMY__ 0.9225371568474315 neg 0.04789131695633551 off 0.029571526196232992	false	1.0
melancholie	neg 1.0		__DUMMY__ 0.9325584101754438 neg 0.04087653842466062 off 0.026565051399895585	false	1.0
ist			__DUMMY__ 0.9268035241054823 neg 0.04356822526925825 off 0.029628250625259495	false	0.0
torheit	neg 1.0		__DUMMY__ 0.9209718294807958 neg 0.04884636045406594 off 0.03018181006513821	false	1.0
dreckskind	off 1.0		__DUMMY__ 0.9199988686557159 neg 0.043912052436670304 off 0.036089078907613696	false	0.5
umtauschen	neg 1.0		__DUMMY__ 0.9306441694199912 neg 0.04157213078951854 off 0.02778369979049024	false	1.0
zum			__DUMMY__ 0.9366588177131568 neg 0.040189693402724824 off 0.02315148888411839	false	0.0
zersetzen	neg 1.0		__DUMMY__ 0.9261610985246205 neg 0.048007914055849435 off 0.02583098741953003	false	1.0
zur			__DUMMY__ 0.9305645293394633 neg 0.04580093039545812 off 0.023634540265078587	false	0.0
frust	neg 1.0		__DUMMY__ 0.9285762271559501 neg 0.043775858107161704 off 0.02764791473688822	false	1.0
unerbittlichkeit	neg 1.0		__DUMMY__ 0.9259688786907001 neg 0.047552205453602725 off 0.026478915855697217	false	1.0
zwei			__DUMMY__ 0.934227075530962 neg 0.041402169936996365 off 0.02437075453204173	false	0.0
unkorrekt	neg 1.0		__DUMMY__ 0.9220171278517224 neg 0.044902344817539096 off 0.033080527330738546	false	1.0
hexe	off 1.0		__DUMMY__ 0.926801227328445 neg 0.041658367647168126 off 0.03154040502438687	false	0.5
lasch	neg 1.0		__DUMMY__ 0.924369143750171 neg 0.044621467956736084 off 0.031009388293093	false	1.0
rivale	neg 1.0		__DUMMY__ 0.9239466015724552 neg 0.04143778838326433 off 0.03461561004428039	false	1.0
mutlos	off 1.0	off 1.0	off 0.4947311850276025 __DUMMY__ 0.46098024390688663 neg 0.04428857106551094	false	1.0
wirr	off 1.0		__DUMMY__ 0.9218597940779909 neg 0.04418409698005536 off 0.03395610894195373	false	0.5
jahr			__DUMMY__ 0.9330058025110496 neg 0.04114420184632503 off 0.025849995642625384	false	0.0
wird			__DUMMY__ 0.9282157857746423 neg 0.04517476667875353 off 0.026609447546604204	false	0.0
strafbar	neg 1.0		__DUMMY__ 0.9241774190609743 neg 0.04899643776497896 off 0.02682614317404682	false	1.0
erosion	neg 1.0		__DUMMY__ 0.9296922541479045 neg 0.040788125991850534 off 0.02951961986024512	false	1.0
eingehen	neg 1.0		__DUMMY__ 0.9261628300778815 neg 0.04675540417297504 off 0.027081765749143488	false	1.0
faul	off 1.0		__DUMMY__ 0.929708339475648 neg 0.039429740217800276 off 0.030861920306551698	false	0.5
provisorium	neg 1.0		__DUMMY__ 0.9337970517811687 neg 0.045224545312986225 off 0.020978402905845097	false	1.0
schmerzen	neg 1.0		__DUMMY__ 0.9300107762440479 neg 0.04269764950845663 off 0.027291574247495513	false	1.0
schrumpfen	neg 1.0		__DUMMY__ 0.9301940347368955 neg 0.04647969058469462 off 0.02332627467840976	false	1.0
geistlos	off 1.0		__DUMMY__ 0.9189231213701742 neg 0.049833704213253414 off 0.031243174416572355	false	0.5
fehlkauf	neg 1.0		__DUMMY__ 0.9251153004767007 neg 0.04417295411076399 off 0.030711745412535366	false	1.0
frustrierend	neg 1.0	neg 1.0	neg 0.5083580107777157 __DUMMY__ 0.46357000210718863 off 0.028071987115095627	false	1.0
unzufrieden	neg 1.0		__DUMMY__ 0.9267525321155665 neg 0.0459966939004533 off 0.027250773983980216	false	1.0
verzweifeln	neg 1.0		__DUMMY__ 0.9284869866778478 neg 0.04327356245193769 off 0.02823945087021458	false	1.0
verzweifelt	neg 1.0		__DUMMY__ 0.9270059396736002 neg 0.04354265271815934 off 0.02945140760824049	false	1.0
misstrauensantrag	neg 1.0		__DUMMY__ 0.9241865961836365 neg 0.04523185079261832 off 0.03058155302374511	false	1.0
abfallen	neg 1.0		__DUMMY__ 0.9321397626945201 neg 0.039271592881736934 off 0.028588644423742954	false	1.0
fucker	off 1.0		__DUMMY__ 0.9240723479666699 neg 0.04185234134816081 off 0.03407531068516927	false	0.5
ungezogen	neg 1.0		__DUMMY__ 0.9247092659772799 neg 0.03786593140425833 off 0.03742480261846183	false	1.0
irrsinnig	neg 1.0	neg 1.0	neg 0.5109804996960744 __DUMMY__ 0.4623948785547002 off 0.02662462174922547	false	1.0
unfassbar	neg 1.0		__DUMMY__ 0.9261335625052664 neg 0.04200159388545064 off 0.03186484360928308	false	1.0
hart	neg 1.0		__DUMMY__ 0.9246568535752289 neg 0.043591035651572074 off 0.03175211077319903	false	1.0
widerlich	off 1.0		__DUMMY__ 0.9241351240295868 neg 0.043313993169526686 off 0.032550882800886576	false	0.5
fatal	neg 1.0		__DUMMY__ 0.9255633686071725 neg 0.043762444584448404 off 0.030674186808379147	false	1.0
bruch	neg 1.0		__DUMMY__ 0.9251859226166433 neg 0.049599442791330633 off 0.025214634592026004	false	1.0
aushungern	neg 1.0		__DUMMY__ 0.9217390130707908 neg 0.04858414713682191 off 0.02967683979238738	false	1.0
anspannung	neg 1.0		__DUMMY__ 0.9316302701811775 neg 0.04426734151052655 off 0.024102388308295863	false	1.0
von			__DUMMY__ 0.9332939012500604 neg 0.04143302092743483 off 0.02527307782250475	false	0.0
kraftlos	neg 1.0		__DUMMY__ 0.9321249466098673 neg 0.041363142617030384 off 0.026511910773102342	false	1.0
vom			__DUMMY__ 0.9358080761854366 neg 0.04257731126173214 off 0.021614612552831283	false	0.0
grenzdebil	off 1.0		__DUMMY__ 0.9268457829696081 neg 0.040662463342643985 off 0.03249175368774787	false	0.5
vor			__DUMMY__ 0.9309647667846597 neg 0.04418388899757126 off 0.024851344217769057	false	0.0
unterwerfen	neg 1.0		__DUMMY__ 0.9260724585843223 neg 0.04711203213186559 off 0.026815509283812156	false	1.0
versenkung	neg 1.0		__DUMMY__ 0.9271614221923805 neg 0.046328413419631405 off 0.02651016438798811	false	1.0
entziehen	neg 1.0		__DUMMY__ 0.9274689570300461 neg 0.04749475127466108 off 0.025036291695292864	false	1.0
finanzkrise	neg 1.0		__DUMMY__ 0.9214802266282424 neg 0.04949497938533322 off 0.02902479398642436	false	1.0
schimpfend	neg 1.0		__DUMMY__ 0.9337064164765613 neg 0.03740090507320381 off 0.02889267845023493	false	1.0
profan	neg 1.0		__DUMMY__ 0.9275266124675742 neg 0.042521501955400665 off 0.029951885577025175	false	1.0
korruption	neg 1.0		__DUMMY__ 0.9220139972805609 neg 0.04999278810735529 off 0.02799321461208386	false	1.0
â			__DUMMY__ 0.9291347107909997 neg 0.043824799232520195 off 0.02704048997647998	false	0.0
schmutzig	neg 1.0		__DUMMY__ 0.9295608088258177 neg 0.03846374567762157 off 0.03197544549656069	false	1.0
sexy	neg 1.0		__DUMMY__ 0.927188780875444 neg 0.04139085910954207 off 0.03142036001501396	false	1.0
abraten	neg 1.0		__DUMMY__ 0.9286717030241519 neg 0.04209751024300436 off 0.029230786732843697	false	1.0
schwarz	neg 1.0		__DUMMY__ 0.9262826788764107 neg 0.04368541636204679 off 0.0300319047615425	false	1.0
fotze	off 1.0		__DUMMY__ 0.9256558497539897 neg 0.046406875068506666 off 0.02793727517750361	false	0.5
verwirren	neg 1.0		__DUMMY__ 0.9271968827198475 neg 0.042233217649745386 off 0.03056989963040717	false	1.0
zahnlos	off 1.0		__DUMMY__ 0.925454436026377 neg 0.04698808171690185 off 0.027557482256721246	false	0.5
verheeren	neg 1.0		__DUMMY__ 0.9189811364513805 neg 0.04170688409840718 off 0.039311979450212385	false	1.0
hippie	neg 1.0		__DUMMY__ 0.9266391311474771 neg 0.04199935080444773 off 0.03136151804807507	false	1.0
rammen	neg 1.0		__DUMMY__ 0.9282107787601978 neg 0.04169258274199234 off 0.030096638497809972	false	1.0
unlauter	neg 1.0	neg 1.0	neg 0.5114057696207673 __DUMMY__ 0.46074869877972385 off 0.02784553159950887	false	1.0
unheilvoll	neg 1.0		__DUMMY__ 0.9286752443068279 neg 0.041821206669022046 off 0.029503549024150068	false	1.0
niedrig	neg 1.0		__DUMMY__ 0.9273848804049122 neg 0.045737321236471264 off 0.026877798358616502	false	1.0
explosion	neg 1.0		__DUMMY__ 0.9279661137695747 neg 0.04119682442237548 off 0.03083706180804975	false	1.0
weichei	off 1.0		__DUMMY__ 0.9239903974896587 neg 0.040311900045980564 off 0.0356977024643607	false	0.5
minusmensch	off 1.0		__DUMMY__ 0.9184301206473184 neg 0.042163451404934556 off 0.03940642794774708	false	0.5
farblos	neg 1.0		__DUMMY__ 0.9261170221010551 neg 0.04498964289771566 off 0.028893335001229217	false	1.0
unwissend	neg 1.0	neg 1.0	neg 0.5094136045731229 __DUMMY__ 0.461508970591666 off 0.029077424835211065	false	1.0
traurig	neg 1.0		__DUMMY__ 0.9268878770941434 neg 0.03955020154868394 off 0.03356192135717256	false	1.0
senkung	neg 1.0		__DUMMY__ 0.925382747051205 neg 0.043896374638744365 off 0.030720878310050572	false	1.0
ungleich	neg 1.0	neg 1.0	neg 0.5137340730027112 __DUMMY__ 0.4620067952869408 off 0.02425913171034801	false	1.0
heikel	neg 1.0		__DUMMY__ 0.9272654129982141 neg 0.04701753071773675 off 0.025717056284049154	false	1.0
drosselung	neg 1.0		__DUMMY__ 0.9276721975185869 neg 0.038723040316329616 off 0.03360476216508352	false	1.0
falsch	neg 1.0		__DUMMY__ 0.9262202982001209 neg 0.0426199292037296 off 0.0311597725961496	false	1.0
unzufriedenheit	neg 1.0		__DUMMY__ 0.9267098013870155 neg 0.047539829571586575 off 0.02575036904139787	false	1.0
kurz	neg 1.0		__DUMMY__ 0.9314699299027351 neg 0.04133850163517069 off 0.027191568462094196	false	1.0
unsinnig	neg 1.0		__DUMMY__ 0.9266067624077847 neg 0.0458816633394981 off 0.02751157425271717	false	1.0
penner	off 1.0	off 1.0	off 0.5036580717659572 __DUMMY__ 0.46112243901249067 neg 0.03521948922155212	false	1.0
seicht	neg 1.0		__DUMMY__ 0.9204215478657639 neg 0.041812846720777064 off 0.03776560541345899	false	1.0
dummheit	off 1.0	off 1.0	off 0.49784404729895787 __DUMMY__ 0.46091368367473956 neg 0.04124226902630261	false	1.0
unerfreulich	neg 1.0		__DUMMY__ 0.9285905111996087 neg 0.04620842188720706 off 0.025201066913184213	false	1.0
motherfucker	off 1.0	off 1.0	off 0.5011037736797105 __DUMMY__ 0.46064893110367966 neg 0.03824729521660989	false	1.0
pikiert	neg 1.0		__DUMMY__ 0.9247699880067336 neg 0.043537312955874416 off 0.03169269903739205	false	1.0
wrack	neg 1.0		__DUMMY__ 0.9294636677687819 neg 0.043605331202010815 off 0.026931001029207317	false	1.0
gangster	neg 1.0		__DUMMY__ 0.926553919801245 neg 0.042699651556627534 off 0.030746428642127475	false	1.0
krank	neg 1.0		__DUMMY__ 0.9293583542782956 neg 0.0385186441280788 off 0.032123001593625626	false	1.0
reich	neg 1.0		__DUMMY__ 0.9190395614195975 neg 0.048262085166816376 off 0.03269835341358612	false	1.0
gnadenlos	neg 1.0		__DUMMY__ 0.9271168382074866 neg 0.04344867628830936 off 0.02943448550420405	false	1.0
niedergeschlagen	neg 1.0		__DUMMY__ 0.9287505900680418 neg 0.043682182492774856 off 0.027567227439183346	false	1.0
terrorisieren	off 1.0	off 1.0	off 0.494298027068688 __DUMMY__ 0.4637830205307299 neg 0.04191895240058221	false	1.0
sinnlosigkeit	neg 1.0		__DUMMY__ 0.9258252151587225 neg 0.04666840869278774 off 0.027506376148489737	false	1.0
behindern	neg 1.0		__DUMMY__ 0.9294964442996616 neg 0.04214531131742687 off 0.028358244382911575	false	1.0
undemokratisch	neg 1.0		__DUMMY__ 0.920761747670953 neg 0.048873574603346924 off 0.03036467772570007	false	1.0
wirtschaftskrise	neg 1.0		__DUMMY__ 0.9239250978897571 neg 0.048290913824068436 off 0.027783988286174503	false	1.0
neid	neg 1.0		__DUMMY__ 0.9295495870331898 neg 0.03993849168640377 off 0.030511921280406532	false	1.0
rutschen	neg 1.0		__DUMMY__ 0.936748779076147 neg 0.04012029772145668 off 0.023130923202396313	false	1.0
rezession	neg 1.0		__DUMMY__ 0.9195709150858998 neg 0.04506587362236987 off 0.03536321129173035	false	1.0
fehlgeburt	neg 1.0		__DUMMY__ 0.9277642372935867 neg 0.043482422741812514 off 0.028753339964600857	false	1.0
charakterschwach	off 1.0		__DUMMY__ 0.9246505097750836 neg 0.04282223291553464 off 0.0325272573093819	false	0.5
isolation	neg 1.0		__DUMMY__ 0.9275523307655519 neg 0.040461946881017424 off 0.031985722353430716	false	1.0
ablenkung	neg 1.0		__DUMMY__ 0.9294156567140978 neg 0.041850047095763405 off 0.028734296190138932	false	1.0
pech	neg 1.0		__DUMMY__ 0.9283775970794909 neg 0.04153247615849188 off 0.030089926762017286	false	1.0
vermeidung	neg 1.0		__DUMMY__ 0.928363468273923 neg 0.038840426334405896 off 0.03279610539167107	false	1.0
dominieren	neg 1.0		__DUMMY__ 0.9275886694763188 neg 0.04442133392636738 off 0.027989996597313844	false	1.0
schwindlig	neg 1.0		__DUMMY__ 0.9309591501942608 neg 0.03926710312459921 off 0.029773746681139968	false	1.0
lutscher	neg 1.0		__DUMMY__ 0.9216006706421419 neg 0.040463101628535086 off 0.03793622772932296	false	1.0
pflicht	neg 1.0		__DUMMY__ 0.9270786350096385 neg 0.04711523303919663 off 0.025806131951164896	false	1.0
faschist	off 1.0		__DUMMY__ 0.9211715587669712 neg 0.04785394348082127 off 0.030974497752207425	false	0.5
verschleudern	neg 1.0		__DUMMY__ 0.9243924626900171 neg 0.04824760953922857 off 0.027359927770754366	false	1.0
wenn			__DUMMY__ 0.9267922822206413 neg 0.04205443485455611 off 0.03115328292480261	false	0.0
ehebruch	neg 1.0		__DUMMY__ 0.9245005716233381 neg 0.048325580160498025 off 0.027173848216163858	false	1.0
spott	off 1.0		__DUMMY__ 0.9252931375139768 neg 0.04794972585177305 off 0.026757136634250195	false	0.5
trostlosigkeit	neg 1.0		__DUMMY__ 0.9229926730691228 neg 0.05096943320428571 off 0.02603789372659152	false	1.0
lutschen	neg 1.0		__DUMMY__ 0.9238944656251515 neg 0.0442728783337892 off 0.0318326560410593	false	1.0
undiszipliniert	neg 1.0		__DUMMY__ 0.925649181338396 neg 0.0412051288082714 off 0.033145689853332584	false	1.0
kopfschmerz	neg 1.0		__DUMMY__ 0.9288949974713641 neg 0.043224839701382245 off 0.027880162827253717	false	1.0
unvorhergesehen	neg 1.0		__DUMMY__ 0.9328234532731386 neg 0.04031250970552048 off 0.026864037021340808	false	1.0
desinteressiert	neg 1.0		__DUMMY__ 0.9246391993686738 neg 0.04219291349540521 off 0.03316788713592109	false	1.0
armselig	off 1.0		__DUMMY__ 0.9230448423689573 neg 0.042968834674437316 off 0.03398632295660538	false	0.5
desaster	neg 1.0		__DUMMY__ 0.9248855065813483 neg 0.05011131582274871 off 0.025003177595902985	false	1.0
tod	neg 1.0		__DUMMY__ 0.9220566274431297 neg 0.05136910189398321 off 0.026574270662887076	false	1.0
herzlos	neg 1.0		__DUMMY__ 0.9258583028862511 neg 0.040034542161582615 off 0.034107154952166256	false	1.0
unwissenheit	neg 1.0		__DUMMY__ 0.9246430890826153 neg 0.04779689264784654 off 0.027560018269538213	false	1.0
widersinnig	neg 1.0		__DUMMY__ 0.9215155893134641 neg 0.04981722547788867 off 0.028667185208647257	false	1.0
bedenklich	neg 1.0		__DUMMY__ 0.9268418829227281 neg 0.046752150346105956 off 0.026405966731166037	false	1.0
beanstanden	neg 1.0		__DUMMY__ 0.9275714516053971 neg 0.04696328484262392 off 0.02546526355197899	false	1.0
panisch	neg 1.0	neg 1.0	neg 0.5047424963501903 __DUMMY__ 0.4685891776009001 off 0.02666832604890954	false	1.0
debil	off 1.0		__DUMMY__ 0.9291295665315535 neg 0.04764677127693073 off 0.023223662191515705	false	0.5
abstrich	neg 1.0		__DUMMY__ 0.9320323163126423 neg 0.04031209989515934 off 0.027655583792198356	false	1.0
primitiv	neg 1.0		__DUMMY__ 0.9241092080304739 neg 0.04292559708758865 off 0.032965194881937526	false	1.0
abschaum	off 1.0	off 1.0	off 0.49937829915350823 __DUMMY__ 0.460110123230414 neg 0.040511577616077765	false	1.0
provozieren	neg 1.0		__DUMMY__ 0.9249419473201737 neg 0.04592117909426695 off 0.02913687358555936	false	1.0
tot	neg 1.0		__DUMMY__ 0.9273884073548095 neg 0.044863787885895505 off 0.027747804759294867	false	1.0
instabil	neg 1.0		__DUMMY__ 0.9220830772109041 neg 0.04319381273118443 off 0.03472311005791142	false	1.0
schwuchtel	off 1.0		__DUMMY__ 0.9179365668905372 off 0.041860042848127416 neg 0.040203390261335466	false	1.0
zerren	neg 1.0		__DUMMY__ 0.9288733398713505 neg 0.043497020168055775 off 0.027629639960593783	false	1.0
kinderficker	off 1.0		__DUMMY__ 0.9218733622181555 neg 0.042606393028993286 off 0.03552024475285111	false	0.5
gefahr	neg 1.0		__DUMMY__ 0.9259717511737207 neg 0.047016849031027784 off 0.027011399795251557	false	1.0
rabiat	neg 1.0		__DUMMY__ 0.9271024667537063 neg 0.04407970902824678 off 0.028817824218046895	false	1.0
verlangsamung	neg 1.0		__DUMMY__ 0.9191193908889443 neg 0.04338433002549217 off 0.03749627908556342	false	1.0
ausgestorben	neg 1.0		__DUMMY__ 0.9285688572510518 neg 0.04375463885513442 off 0.027676503893813816	false	1.0
anklagen	neg 1.0		__DUMMY__ 0.9244381725405545 neg 0.04677013218145142 off 0.02879169527799407	false	1.0
trott	neg 1.0		__DUMMY__ 0.9285291928179089 neg 0.04292763347022506 off 0.028543173711866123	false	1.0
verminderung	neg 1.0		__DUMMY__ 0.9254363854464623 neg 0.04106818113327543 off 0.03349543342026224	false	1.0
nach			__DUMMY__ 0.9338794802100208 neg 0.042837747592668125 off 0.023282772197311067	false	0.0
rost	neg 1.0		__DUMMY__ 0.9218641211490161 neg 0.04073259986035847 off 0.03740327899062539	false	1.0
destruktiv	neg 1.0	neg 1.0	neg 0.5134217160999698 __DUMMY__ 0.46068470080858975 off 0.02589358309144049	false	1.0
unzumutbarkeit	neg 1.0		__DUMMY__ 0.9268201998392749 neg 0.0402166381124853 off 0.032963162048239784	false	1.0
labil	off 1.0	off 1.0	off 0.4999671799007766 __DUMMY__ 0.46076055374801067 neg 0.03927226635121272	false	1.0
ziemlich	neg 1.0		__DUMMY__ 0.9267661139434062 neg 0.04102932308703711 off 0.032204562969556635	false	1.0
lachnummer	off 1.0		__DUMMY__ 0.9242903350712998 neg 0.04713715833311909 off 0.028572506595581207	false	0.5
oder			__DUMMY__ 0.9298144247359066 neg 0.0418899572703952 off 0.02829561799369832	false	0.0
verfall	neg 1.0		__DUMMY__ 0.9289217668485066 neg 0.04766094082593438 off 0.02341729232555906	false	1.0
ausgrenzung	neg 1.0		__DUMMY__ 0.9214790813424583 neg 0.04774929607880186 off 0.030771622578739898	false	1.0
unordnung	neg 1.0		__DUMMY__ 0.9239724273139124 neg 0.04114328671191853 off 0.034884285974168996	false	1.0
fehlverhalten	neg 1.0		__DUMMY__ 0.9254067502297254 neg 0.047950917295631355 off 0.026642332474643177	false	1.0
eine			__DUMMY__ 0.9304630703041342 neg 0.04450222675253074 off 0.025034702943334965	false	0.0
nille	neg 1.0		__DUMMY__ 0.9242237084539778 neg 0.04657771117570557 off 0.02919858037031658	false	1.0
qual	neg 1.0		__DUMMY__ 0.9281062693008644 neg 0.04334182197493943 off 0.02855190872419624	false	1.0
verschwenden	neg 1.0		__DUMMY__ 0.9280330618861959 neg 0.045617499863675005 off 0.026349438250129	false	1.0
riesig	neg 1.0		__DUMMY__ 0.9279501105080045 neg 0.04416165010029594 off 0.027888239391699494	false	1.0
verurteilen	neg 1.0		__DUMMY__ 0.9238348683715837 neg 0.04836243492760116 off 0.027802696700815185	false	1.0
klischee	neg 1.0	neg 1.0	neg 0.5111460420548524 __DUMMY__ 0.4605297122711146 off 0.028324245674033105	false	1.0
diktatorisch	neg 1.0		__DUMMY__ 0.919214451665549 neg 0.05034641156074787 off 0.030439136773703114	false	1.0
vorhersehbar	neg 1.0		__DUMMY__ 0.9235905577238632 neg 0.0460723841868526 off 0.030337058089284153	false	1.0
sowie			__DUMMY__ 0.9209724821818123 neg 0.04253612848670227 off 0.03649138933148551	false	0.0
stornieren	neg 1.0		__DUMMY__ 0.9304144419776589 neg 0.039442561356109754 off 0.0301429966662313	false	1.0
besteuerung	neg 1.0		__DUMMY__ 0.9256854678731046 neg 0.0447754690015882 off 0.029539063125307234	false	1.0
ungeschminkt	neg 1.0		__DUMMY__ 0.9258309694311447 neg 0.04196117512389819 off 0.032207855444956954	false	1.0
kritisch	neg 1.0		__DUMMY__ 0.9251260825573292 neg 0.04808594111784202 off 0.026787976324828842	false	1.0
schlamperei	off 1.0		__DUMMY__ 0.9244403475272241 neg 0.048365226771393655 off 0.027194425701382165	false	0.5
sucht	neg 1.0	neg 1.0	neg 0.5044013704110053 __DUMMY__ 0.46848543480661237 off 0.027113194782382315	false	1.0
egoistisch	off 1.0		__DUMMY__ 0.9236873215170082 neg 0.0405387465158662 off 0.035773931967125576	false	0.5
ausbeuter	off 1.0		__DUMMY__ 0.9241299805061312 neg 0.049435727772142876 off 0.026434291721725976	false	0.5
arschgeburt	off 1.0		__DUMMY__ 0.9180101316998074 off 0.04185728900246329 neg 0.04013257929772928	false	1.0
schubs	neg 1.0	neg 1.0	neg 0.5078059072019248 __DUMMY__ 0.4682994829501171 off 0.023894609847958215	false	1.0
unsolide	neg 1.0		__DUMMY__ 0.916593207299523 neg 0.05065625765263583 off 0.0327505350478411	false	1.0
beschwerde	neg 1.0		__DUMMY__ 0.925447787119215 neg 0.04690534845888519 off 0.027646864421899744	false	1.0
stocken	neg 1.0		__DUMMY__ 0.9276458489391406 neg 0.04526675282822196 off 0.02708739823263741	false	1.0
isolieren	neg 1.0		__DUMMY__ 0.9299378173563122 neg 0.04177484568562569 off 0.028287336958062112	false	1.0
unheilbar	neg 1.0		__DUMMY__ 0.925443232966534 neg 0.045192315178552135 off 0.029364451854913876	false	1.0
pisser	off 1.0		__DUMMY__ 0.922793859216882 neg 0.04262237169699279 off 0.034583769086125205	false	0.5
löschen	neg 1.0		__DUMMY__ 0.9264879550062239 neg 0.0439348570147214 off 0.029577187979054745	false	1.0
durchfallen	neg 1.0		__DUMMY__ 0.9268325585874255 neg 0.04643672482132311 off 0.0267307165912513	false	1.0
wichser	off 1.0		__DUMMY__ 0.9223621309275715 off 0.03886924867798271 neg 0.03876862039444585	false	1.0
terror	neg 1.0		__DUMMY__ 0.9291798906610474 neg 0.03991326137885193 off 0.030906847960100573	false	1.0
krass	neg 1.0		__DUMMY__ 0.9257374725069637 neg 0.04023805425032473 off 0.03402447324271157	false	1.0
revolte	neg 1.0	neg 1.0	neg 0.51510844585249 __DUMMY__ 0.4560138029155731 off 0.028877751231936817	false	1.0
besorgt	neg 1.0		__DUMMY__ 0.9322470979762765 neg 0.04036663621606552 off 0.027386265807658017	false	1.0
nachlassen	neg 1.0		__DUMMY__ 0.9286911476430916 neg 0.044114191021317944 off 0.027194661335590512	false	1.0
alt	neg 1.0		__DUMMY__ 0.9318525339694372 neg 0.04291695222633017 off 0.0252305138042325	false	1.0
hundesohn	off 1.0		__DUMMY__ 0.9198249551409268 neg 0.04140776041619081 off 0.038767284442882424	false	0.5
als			__DUMMY__ 0.9295128514124068 neg 0.043399283515978236 off 0.027087865071614935	false	0.0
abschreckung	neg 1.0		__DUMMY__ 0.9255774673151389 neg 0.04869556874092785 off 0.025726963943933253	false	1.0
unqualifiziert	neg 1.0	neg 1.0	neg 0.5110110949814607 __DUMMY__ 0.4611816200931111 off 0.02780728492542827	false	1.0
abgewichst	off 1.0		__DUMMY__ 0.9262481209046167 neg 0.04549886634198016 off 0.02825301275340308	false	0.5
schwer	neg 1.0		__DUMMY__ 0.9283210756348059 neg 0.04336495761248671 off 0.02831396675270738	false	1.0
bedeutungslosigkeit	neg 1.0		__DUMMY__ 0.9257806232429272 neg 0.04803062902588931 off 0.026188747731183477	false	1.0
kapitulation	neg 1.0		__DUMMY__ 0.9209196325643455 neg 0.051264928744437915 off 0.027815438691216582	false	1.0
unscharf	neg 1.0		__DUMMY__ 0.9277386512084769 neg 0.04221151238060409 off 0.03004983641091902	false	1.0
schwinden	neg 1.0		__DUMMY__ 0.9269641891011068 neg 0.04689057520599083 off 0.026145235692902415	false	1.0
versklavung	neg 1.0	neg 1.0	neg 0.5145707866003861 __DUMMY__ 0.4579999698844131 off 0.027429243515200766	false	1.0
schlecht	neg 1.0		__DUMMY__ 0.9270386289123882 neg 0.04048845268257526 off 0.03247291840503656	false	1.0
verhasst	neg 1.0		__DUMMY__ 0.9241836664803909 neg 0.04661279645393449 off 0.02920353706567461	false	1.0
beschweren	neg 1.0		__DUMMY__ 0.9275533971378744 neg 0.04274527754388372 off 0.029701325318241864	false	1.0
scheiden	neg 1.0		__DUMMY__ 0.9292962880982506 neg 0.04283465529677162 off 0.027869056604977863	false	1.0
frustriert	neg 1.0		__DUMMY__ 0.9276880172561722 neg 0.04450579565922436 off 0.027806187084603466	false	1.0
schimmelig	neg 1.0		__DUMMY__ 0.9277454339705887 neg 0.04629927340597236 off 0.025955292623438892	false	1.0
fisch	neg 1.0	neg 1.0	neg 0.5080478490278484 __DUMMY__ 0.46809892094763705 off 0.023853230024514577	false	1.0
schmuggel	neg 1.0		__DUMMY__ 0.9299238692648452 neg 0.04449366645307379 off 0.025582464282081063	false	1.0
auffallen	neg 1.0		__DUMMY__ 0.9272298929144575 neg 0.04276916185134507 off 0.030000945234197503	false	1.0
konkurrenz	neg 1.0		__DUMMY__ 0.9296826497501349 neg 0.04497455524947464 off 0.02534279500039038	false	1.0
teufelskreis	neg 1.0	neg 1.0	neg 0.5119994084013495 __DUMMY__ 0.4624293416656833 off 0.025571249932967128	false	1.0
aufschreien	neg 1.0		__DUMMY__ 0.9246537595246119 neg 0.045193910125675474 off 0.030152330349712483	false	1.0
schuldner	neg 1.0		__DUMMY__ 0.92471420700863 neg 0.04854759140965894 off 0.026738201581711026	false	1.0
missgeburt	off 1.0	off 1.0	off 0.503165606408352 __DUMMY__ 0.45910473469330315 neg 0.037729658898344905	false	1.0
arbeitslos	neg 1.0		__DUMMY__ 0.92601639409042 neg 0.04644423026463329 off 0.027539375644946726	false	1.0
befallen	neg 1.0		__DUMMY__ 0.920222635069149 neg 0.052046705067945814 off 0.027730659862905155	false	1.0
miesepetrig	off 1.0		__DUMMY__ 0.9280836586061149 neg 0.04008669551184363 off 0.031829645882041464	false	0.5
alarmieren	neg 1.0		__DUMMY__ 0.9226332548014382 neg 0.04500301424140007 off 0.03236373095716173	false	1.0
ungeduscht	off 1.0		__DUMMY__ 0.9279635274189614 neg 0.04200626805230778 off 0.030030204528730765	false	0.5
knappheit	neg 1.0		__DUMMY__ 0.9252238897946325 neg 0.04716980023791651 off 0.027606309967450886	false	1.0
schlange	neg 1.0		__DUMMY__ 0.9300607489650168 neg 0.04064749279539775 off 0.029291758239585422	false	1.0
harsch	neg 1.0		__DUMMY__ 0.9265476213472918 neg 0.03718032029994505 off 0.03627205835276299	false	1.0
lang	neg 1.0		__DUMMY__ 0.9272468128497717 neg 0.04320075580004995 off 0.02955243135017837	false	1.0
ziellos	neg 1.0		__DUMMY__ 0.9284303451602236 neg 0.04468076733345383 off 0.026888887506322522	false	1.0
selbstverliebt	neg 1.0		__DUMMY__ 0.9183268903766331 neg 0.04175188885581971 off 0.03992122076754727	false	1.0
beseitigen	neg 1.0		__DUMMY__ 0.9299784134315054 neg 0.04077569240513877 off 0.02924589416335583	false	1.0
dumm	off 1.0		__DUMMY__ 0.9224263398428163 neg 0.0412978836265651 off 0.03627577653061849	false	0.5
arbeitsloser	neg 1.0		__DUMMY__ 0.9269864641381068 neg 0.045998478749138746 off 0.027015057112754426	false	1.0
blitzen	neg 1.0		__DUMMY__ 0.9251017716753879 neg 0.04362458960806707 off 0.03127363871654508	false	1.0
hilflos	neg 1.0		__DUMMY__ 0.9279331667315427 neg 0.044613778531405725 off 0.02745305473705157	false	1.0
eklig	off 1.0		__DUMMY__ 0.9215940166827634 neg 0.041603095456600944 off 0.036802887860635625	false	0.5
begriff			__DUMMY__ 0.9266092025267311 neg 0.04552219260222323 off 0.027868604871045602	false	0.0
hungersnot	neg 1.0		__DUMMY__ 0.9201282619708507 neg 0.050676564242608226 off 0.02919517378654101	false	1.0
ungesetzlich	neg 1.0		__DUMMY__ 0.9200400475386422 neg 0.04857371432650006 off 0.03138623813485778	false	1.0
verschwendung	neg 1.0		__DUMMY__ 0.9275646167810853 neg 0.046586646120552105 off 0.02584873709836267	false	1.0
schmerzvoll	neg 1.0		__DUMMY__ 0.9278305014227415 neg 0.0425362970483834 off 0.02963320152887509	false	1.0
vorzeitig	neg 1.0		__DUMMY__ 0.9261984891354559 neg 0.04150875483792706 off 0.03229275602661696	false	1.0
unvollkommenheit	neg 1.0		__DUMMY__ 0.9271762551961635 neg 0.0440148188476868 off 0.028808925956149613	false	1.0
intervenieren	neg 1.0		__DUMMY__ 0.9233593739520416 neg 0.04991610080651259 off 0.02672452524144572	false	1.0
banause	off 1.0		__DUMMY__ 0.9215741740699361 neg 0.040651027690090324 off 0.03777479823997353	false	0.5
rebell	neg 1.0		__DUMMY__ 0.9297308937338677 neg 0.045489036490329295 off 0.02478006977580293	false	1.0
unlogisch	neg 1.0		__DUMMY__ 0.9238598620896099 neg 0.0421513892133315 off 0.033988748697058646	false	1.0
leiden	neg 1.0	neg 1.0	neg 0.5058374128068316 __DUMMY__ 0.47184170526016733 off 0.022320881933001132	false	1.0
abschaffung	neg 1.0		__DUMMY__ 0.9236276190863469 neg 0.04668849570651841 off 0.029683885207134636	false	1.0
sturz	neg 1.0		__DUMMY__ 0.9223893099205107 neg 0.04758357522367288 off 0.030027114855816456	false	1.0
verkleinerung	neg 1.0		__DUMMY__ 0.922178875695902 neg 0.04603456878441998 off 0.031786555519678114	false	1.0
schmarotzer	off 1.0		__DUMMY__ 0.9246130044119489 neg 0.048077962240055346 off 0.02730903334799569	false	0.5
bestrafung	neg 1.0		__DUMMY__ 0.9261495171178049 neg 0.044159324528507106 off 0.029691158353688008	false	1.0
achtlos	neg 1.0		__DUMMY__ 0.9298592924322826 neg 0.04192730654875194 off 0.028213401018965446	false	1.0
