unsolidarisch	neg 1.0		neg 0.6047699592005508 off 0.3882566679203139 __DUMMY__ 0.006973372879135249	false	1.0
nachteilig	neg 1.0		neg 0.6039531749091568 off 0.3889643652041661 __DUMMY__ 0.0070824598866769985	false	1.0
skeptisch	neg 1.0		neg 0.6062098305999873 off 0.3866818866790407 __DUMMY__ 0.007108282720972049	false	1.0
schrecklich	neg 1.0		neg 0.5909483267727318 off 0.40198553014049354 __DUMMY__ 0.007066143086774686	false	1.0
schlapp	neg 1.0		neg 0.593849347912064 off 0.39903097000342275 __DUMMY__ 0.007119682084513178	false	1.0
abfall	neg 1.0		neg 0.6080039734767324 off 0.38488203898709783 __DUMMY__ 0.007113987536169796	false	1.0
widerspenstig	neg 1.0		neg 0.5992415074466727 off 0.39363018858286275 __DUMMY__ 0.007128303970464462	false	1.0
abrupt	neg 1.0		neg 0.6003565098007951 off 0.39250161645065146 __DUMMY__ 0.007141873748553424	false	1.0
unwirksam	neg 1.0		neg 0.6022056147689594 off 0.3907750015860168 __DUMMY__ 0.0070193836450238075	false	1.0
angreifen	neg 1.0		neg 0.6058030486658637 off 0.38711633457913425 __DUMMY__ 0.007080616755002097	false	1.0
inkonsistent	neg 1.0		neg 0.5994329633100731 off 0.3935183863999488 __DUMMY__ 0.007048650289978001	false	1.0
abrutschen	neg 1.0		neg 0.6070525902005022 off 0.3858156185369751 __DUMMY__ 0.007131791262522816	false	1.0
unsicher	neg 1.0		neg 0.6000402598553336 off 0.39285314263609666 __DUMMY__ 0.0071065975085699085	false	1.0
bauernkind	off 1.0		neg 0.5891996585974274 off 0.4037964575423413 __DUMMY__ 0.0070038838602312714	false	0.5
angreifer	neg 1.0		neg 0.599085786794186 off 0.3938851546849525 __DUMMY__ 0.007029058520861557	false	1.0
trennen	neg 1.0		neg 0.6024254861049825 off 0.3904014599763256 __DUMMY__ 0.0071730539186920725	false	1.0
schmutz	neg 1.0		neg 0.5913120969599649 off 0.4015352713827613 __DUMMY__ 0.007152631657273704	false	1.0
inkonsistenz	neg 1.0	neg 1.0	neg 0.7874117209609859 off 0.2092314907484249 __DUMMY__ 0.0033567882905892747	false	1.0
erschreckend	neg 1.0		neg 0.6024813635762251 off 0.390435840293393 __DUMMY__ 0.007082796130381915	false	1.0
ertrinken	neg 1.0		neg 0.602999674059235 off 0.38987096840111074 __DUMMY__ 0.0071293575396541	false	1.0
pickelface	off 1.0		neg 0.6008855139816811 off 0.3920624275617633 __DUMMY__ 0.007052058456555627	false	0.5
seiner			neg 0.6046327653560628 off 0.3882571085806645 __DUMMY__ 0.007110126063272835	false	0.0
lauch	neg 1.0		neg 0.6066137586152076 off 0.38628152140522565 __DUMMY__ 0.007104719979566743	false	1.0
unwichtig	neg 1.0		neg 0.5961191387153779 off 0.39681208294626263 __DUMMY__ 0.007068778338359349	false	1.0
steuerhinterziehung	neg 1.0		neg 0.6043597314220313 off 0.3886240675271172 __DUMMY__ 0.007016201050851529	false	1.0
schock	neg 1.0		neg 0.6004854826947819 off 0.392373549525252 __DUMMY__ 0.007140967779966151	false	1.0
beule	neg 1.0		neg 0.5925478306867995 off 0.4003412302825918 __DUMMY__ 0.007110939030608598	false	1.0
vergelten	neg 1.0		neg 0.5908305293062115 off 0.40214505859792915 __DUMMY__ 0.007024412095859334	false	1.0
verdorbenheit	neg 1.0	neg 1.0	neg 0.7866654214890791 off 0.20993418500985536 __DUMMY__ 0.0034003935010653926	false	1.0
trauma	neg 1.0		neg 0.5986438686083746 off 0.39427430421736487 __DUMMY__ 0.007081827174260507	false	1.0
sinnlos	neg 1.0		neg 0.5981590606221621 off 0.39475349459079856 __DUMMY__ 0.007087444787039379	false	1.0
fettsack	off 1.0	off 1.0	off 0.6836780304645076 neg 0.31298017174048 __DUMMY__ 0.003341797795012365	false	1.0
feige	off 1.0		neg 0.5975803745014863 off 0.395375249791528 __DUMMY__ 0.007044375706985854	false	0.5
abdanken	neg 1.0		neg 0.6050142143096413 off 0.3879901111293564 __DUMMY__ 0.006995674561002258	false	1.0
wichtigtuer	off 1.0	off 1.0	off 0.678285427419873 neg 0.31835797688978096 __DUMMY__ 0.0033565956903461058	false	1.0
misslingen	neg 1.0		neg 0.5963742023973383 off 0.3964991408503074 __DUMMY__ 0.007126656752354235	false	1.0
untreu	off 1.0		neg 0.5948655115179328 off 0.3980597837405691 __DUMMY__ 0.0070747047414982415	false	0.5
missmutig	neg 1.0		neg 0.5949390001341303 off 0.3979483956034006 __DUMMY__ 0.007112604262469112	false	1.0
hurenbock	off 1.0		neg 0.5965132450023237 off 0.39635127597496617 __DUMMY__ 0.007135479022710088	false	0.5
betrunken	neg 1.0		neg 0.591686181664407 off 0.4012103534684211 __DUMMY__ 0.007103464867172113	false	1.0
korrupt	off 1.0		neg 0.6068114992952747 off 0.3861866424047035 __DUMMY__ 0.0070018583000217936	false	0.5
unmut	neg 1.0		neg 0.6076898849854881 off 0.38521183368729106 __DUMMY__ 0.007098281327220796	false	1.0
hackfresse	off 1.0		neg 0.5878944373975612 off 0.4050646160711154 __DUMMY__ 0.007040946531323353	false	0.5
aufblasen	neg 1.0		neg 0.5972315113969761 off 0.39563861045014215 __DUMMY__ 0.007129878152881619	false	1.0
gewaltsam	neg 1.0		neg 0.6019224854802065 off 0.3910553035690567 __DUMMY__ 0.007022210950736678	false	1.0
unbeliebtheit	neg 1.0		neg 0.5988504117562161 off 0.39421138476813167 __DUMMY__ 0.006938203475652276	false	1.0
sturheit	neg 1.0		neg 0.6040062737272326 off 0.3889493627215379 __DUMMY__ 0.007044363551229538	false	1.0
kuh	neg 1.0		neg 0.599215271118452 off 0.3937212098006913 __DUMMY__ 0.007063519080856734	false	1.0
erschrecken	neg 1.0		neg 0.595579875220729 off 0.39731386417706366 __DUMMY__ 0.0071062606022075	false	1.0
opfer	neg 1.0	neg 1.0	neg 0.7908946037701673 off 0.20572818096507067 __DUMMY__ 0.0033772152647619704	false	1.0
sinken	neg 1.0		neg 0.6065580496031724 off 0.38633978698021765 __DUMMY__ 0.007102163416609901	false	1.0
stinktier	neg 1.0		neg 0.5919027967994488 off 0.4010684334629183 __DUMMY__ 0.0070287697376329285	false	1.0
tucke	off 1.0		neg 0.5871559052634077 off 0.40580176743724067 __DUMMY__ 0.007042327299351632	false	0.5
ein			neg 0.5968012513224447 off 0.3960393585065163 __DUMMY__ 0.007159390171039176	false	0.0
abstieg	neg 1.0		neg 0.6036916298023746 off 0.3892487685079387 __DUMMY__ 0.007059601689686857	false	1.0
missverstehen	neg 1.0		neg 0.5998555613523686 off 0.39309330530540343 __DUMMY__ 0.007051133342228001	false	1.0
ergebnislos	neg 1.0		neg 0.6037774865251195 off 0.3891503392731997 __DUMMY__ 0.007072174201680799	false	1.0
unter			neg 0.6081955068899039 off 0.38459928410157984 __DUMMY__ 0.0072052090085162925	false	0.0
manipulieren	neg 1.0		neg 0.6064761991509321 off 0.3864512599262819 __DUMMY__ 0.007072540922786171	false	1.0
unbewiesen	neg 1.0		neg 0.605654646733529 off 0.3873846484089139 __DUMMY__ 0.006960704857557208	false	1.0
verschleppen	neg 1.0		neg 0.604898257608915 off 0.38804788868096496 __DUMMY__ 0.00705385371012017	false	1.0
weib	off 1.0		neg 0.5866096856450341 off 0.4063589275191732 __DUMMY__ 0.007031386835792549	false	0.5
opposition	neg 1.0		neg 0.6013463289154305 off 0.3916423144028479 __DUMMY__ 0.007011356681721679	false	1.0
verkehrswidrig	neg 1.0		neg 0.5883795772288989 off 0.40454130062411564 __DUMMY__ 0.007079122146985588	false	1.0
inkorrekt	neg 1.0		neg 0.5981057358560632 off 0.39490543770259706 __DUMMY__ 0.006988826441339835	false	1.0
vermeiden	neg 1.0		neg 0.6072994659940526 off 0.385541160365988 __DUMMY__ 0.007159373639959371	false	1.0
abweichung	neg 1.0		neg 0.6068669700503784 off 0.3861284331515595 __DUMMY__ 0.007004596798062122	false	1.0
alkoholisiert	neg 1.0		neg 0.6016837208862131 off 0.39119693373998243 __DUMMY__ 0.007119345373804385	false	1.0
scheiss	off 1.0	off 1.0	off 0.6820501687127088 neg 0.3145761654324468 __DUMMY__ 0.003373665854844426	false	1.0
herausforderung	neg 1.0		neg 0.5999742443399944 off 0.3928560484887314 __DUMMY__ 0.007169707171274185	false	1.0
pervers	off 1.0		neg 0.5837900101957644 off 0.40918914088425856 __DUMMY__ 0.007020848919977197	false	0.5
wackelig	neg 1.0		neg 0.5994925003961257 off 0.39332856092237534 __DUMMY__ 0.007178938681498943	false	1.0
verwickeln	neg 1.0		neg 0.5995841808046652 off 0.393349683808601 __DUMMY__ 0.007066135386733619	false	1.0
vorwand	neg 1.0		neg 0.6074340725900391 off 0.3854842768202684 __DUMMY__ 0.007081650589692691	false	1.0
muschi	off 1.0		neg 0.601153696682407 off 0.3917887064468958 __DUMMY__ 0.0070575968706973165	false	0.5
entmutigung	neg 1.0		neg 0.6038309218121398 off 0.3892331660151686 __DUMMY__ 0.006935912172691553	false	1.0
unangemessen	neg 1.0		neg 0.6051697352100655 off 0.3877833756288303 __DUMMY__ 0.007046889161104269	false	1.0
unstetig	neg 1.0		neg 0.597757473244102 off 0.3951982785394186 __DUMMY__ 0.007044248216479284	false	1.0
entmutigen	neg 1.0		neg 0.5990702526357439 off 0.3938332042294947 __DUMMY__ 0.007096543134761425	false	1.0
schwanz	neg 1.0		neg 0.6028567370680804 off 0.3900616952437547 __DUMMY__ 0.0070815676881649265	false	1.0
verbot	neg 1.0		neg 0.6055849367731032 off 0.3874011046160832 __DUMMY__ 0.007013958610813625	false	1.0
leid	neg 1.0		neg 0.5899044188193916 off 0.40304834764595276 __DUMMY__ 0.007047233534655581	false	1.0
archaisch	neg 1.0		neg 0.6039340344245443 off 0.3890058311444345 __DUMMY__ 0.0070601344310212135	false	1.0
gegen			neg 0.6067794337031457 off 0.3861390937001982 __DUMMY__ 0.007081472596656198	false	0.0
scheidung	neg 1.0	neg 1.0	neg 0.7748862115072379 off 0.2217721376454779 __DUMMY__ 0.003341650847284203	false	1.0
einschlag	neg 1.0		neg 0.5904005880772609 off 0.40255110233418934 __DUMMY__ 0.00704830958854977	false	1.0
m			neg 0.6005547578344506 off 0.3923237217032816 __DUMMY__ 0.007121520462267827	false	0.0
abgestanden	neg 1.0		neg 0.599182810541703 off 0.3937019791448867 __DUMMY__ 0.007115210313410276	false	1.0
schmierig	off 1.0		neg 0.5904947459300427 off 0.4024401312912211 __DUMMY__ 0.0070651227787361884	false	0.5
unpraktisch	neg 1.0		neg 0.5970327844170871 off 0.39583185151958084 __DUMMY__ 0.007135364063332144	false	1.0
wixxer	off 1.0		neg 0.5846082966602806 off 0.40839458413061697 __DUMMY__ 0.006997119209102447	false	0.5
bezeichnet			neg 0.6028325950179422 off 0.3901109224682483 __DUMMY__ 0.0070564825138095975	false	0.0
jammerlappen	off 1.0		neg 0.595534296697094 off 0.39738420052478635 __DUMMY__ 0.0070815027781195704	false	0.5
farce	neg 1.0		neg 0.606896579511368 off 0.38613221622049654 __DUMMY__ 0.006971204268135516	false	1.0
zwecklos	neg 1.0		neg 0.6048289232407625 off 0.38810667439660984 __DUMMY__ 0.007064402362627599	false	1.0
turbulent	neg 1.0		neg 0.593112833914622 off 0.3998600319986784 __DUMMY__ 0.007027134086699605	false	1.0
invasion	neg 1.0		neg 0.5957459076159484 off 0.3971464689404541 __DUMMY__ 0.007107623443597439	false	1.0
schuld	neg 1.0		neg 0.6003140835372721 off 0.39261101952000926 __DUMMY__ 0.0070748969427187275	false	1.0
risiko	neg 1.0		neg 0.5951037761470482 off 0.3977775418532643 __DUMMY__ 0.007118681999687411	false	1.0
finster	neg 1.0		neg 0.5975708281584602 off 0.39528614709540755 __DUMMY__ 0.007143024746132247	false	1.0
geisteskrank	off 1.0		neg 0.5962741272382416 off 0.3967071172770951 __DUMMY__ 0.0070187554846631054	false	0.5
zusammenbrechen	neg 1.0		neg 0.601465213422713 off 0.3914222708254787 __DUMMY__ 0.007112515751808384	false	1.0
ausbeute	neg 1.0		neg 0.6007423157118343 off 0.3921047706490914 __DUMMY__ 0.007152913639074324	false	1.0
hinterhalt	neg 1.0		neg 0.5995252992346657 off 0.39339764404784944 __DUMMY__ 0.00707705671748477	false	1.0
kritik	neg 1.0		neg 0.6060749214723715 off 0.38693425552524624 __DUMMY__ 0.00699082300238227	false	1.0
einschrumpfen	neg 1.0		neg 0.5995051056260098 off 0.3934960390803617 __DUMMY__ 0.0069988552936285755	false	1.0
riskant	neg 1.0		neg 0.6047446368653744 off 0.3881555727117084 __DUMMY__ 0.007099790422917221	false	1.0
frustrieren	neg 1.0		neg 0.6051771845033611 off 0.3877322126608169 __DUMMY__ 0.007090602835821903	false	1.0
groll	neg 1.0		neg 0.6044356552057218 off 0.38849643457928684 __DUMMY__ 0.007067910214991313	false	1.0
gibt			neg 0.6025098444816067 off 0.39039165614053395 __DUMMY__ 0.007098499377859263	false	0.0
qualvoll	neg 1.0		neg 0.5966734075842255 off 0.3962139261850288 __DUMMY__ 0.007112666230745512	false	1.0
wackeln	neg 1.0		neg 0.5970382637212187 off 0.3958108980370121 __DUMMY__ 0.0071508382417690905	false	1.0
klagen	neg 1.0		neg 0.6083185901047354 off 0.38461659685810146 __DUMMY__ 0.0070648130371630735	false	1.0
bankrott	neg 1.0		neg 0.5938209836262064 off 0.3990729593712608 __DUMMY__ 0.0071060570025327525	false	1.0
trauern	neg 1.0		neg 0.6044167178765468 off 0.38848410872080263 __DUMMY__ 0.007099173402650496	false	1.0
ablehnung	neg 1.0	neg 1.0	neg 0.7912471278790929 off 0.20541808787966195 __DUMMY__ 0.003334784241245085	false	1.0
stur	neg 1.0		neg 0.5996771839883076 off 0.3932439243275409 __DUMMY__ 0.0070788916841514945	false	1.0
aufruhr	neg 1.0		neg 0.6026927821360551 off 0.39028910679165635 __DUMMY__ 0.007018111072288541	false	1.0
melancholie	neg 1.0		neg 0.6000929288218873 off 0.3927463847536305 __DUMMY__ 0.007160686424482327	false	1.0
ist			neg 0.5989262527992153 off 0.39398599055561956 __DUMMY__ 0.007087756645165183	false	0.0
torheit	neg 1.0		neg 0.6029387997794735 off 0.39006373934884925 __DUMMY__ 0.006997460871677308	false	1.0
dreckskind	off 1.0		neg 0.5914828024314461 off 0.4015333954277987 __DUMMY__ 0.0069838021407551965	false	0.5
umtauschen	neg 1.0		neg 0.5988363506781376 off 0.39402746872472455 __DUMMY__ 0.00713618059713796	false	1.0
zum			neg 0.603854187741824 off 0.388925568187436 __DUMMY__ 0.007220244070740001	false	0.0
zersetzen	neg 1.0		neg 0.607095676092151 off 0.3858320679976107 __DUMMY__ 0.0070722559102383295	false	1.0
zur			neg 0.6079457520548693 off 0.38492130873074515 __DUMMY__ 0.007132939214385603	false	0.0
frust	neg 1.0		neg 0.6017013954760968 off 0.3911861841605737 __DUMMY__ 0.007112420363329621	false	1.0
unerbittlichkeit	neg 1.0		neg 0.6062059480830768 off 0.38672627232379153 __DUMMY__ 0.007067779593131731	false	1.0
zwei			neg 0.6032227027086835 off 0.38958786388445854 __DUMMY__ 0.007189433406857839	false	0.0
unkorrekt	neg 1.0		neg 0.5962019258453374 off 0.39678883721152663 __DUMMY__ 0.007009236943136095	false	1.0
hexe	off 1.0		neg 0.5946857632532637 off 0.3982363836709467 __DUMMY__ 0.007077853075789511	false	0.5
lasch	neg 1.0		neg 0.5985644604931323 off 0.39438797512926094 __DUMMY__ 0.007047564377606887	false	1.0
rivale	neg 1.0		neg 0.5915973679056853 off 0.4013647622398443 __DUMMY__ 0.007037869854470461	false	1.0
mutlos	off 1.0	off 1.0	off 0.675051540398994 neg 0.32159360682640403 __DUMMY__ 0.0033548527746019934	false	1.0
wirr	off 1.0		neg 0.5942971574173341 off 0.3986937692270626 __DUMMY__ 0.007009073355603257	false	0.5
jahr			neg 0.6013749201286056 off 0.391455534305729 __DUMMY__ 0.007169545565665436	false	0.0
wird			neg 0.603642684750508 off 0.38925106520129543 __DUMMY__ 0.007106250048196649	false	0.0
strafbar	neg 1.0		neg 0.6069112919093448 off 0.3860462709275475 __DUMMY__ 0.007042437163107788	false	1.0
erosion	neg 1.0		neg 0.5970049739128411 off 0.39587246617020094 __DUMMY__ 0.007122559916957871	false	1.0
eingehen	neg 1.0		neg 0.6046692554397374 off 0.38825385925889505 __DUMMY__ 0.007076885301367571	false	1.0
faul	off 1.0		neg 0.5939985826966498 off 0.39887932955884203 __DUMMY__ 0.007122087744508124	false	0.5
provisorium	neg 1.0		neg 0.6098604967252751 off 0.3829587502822223 __DUMMY__ 0.007180752992502794	false	1.0
schmerzen	neg 1.0		neg 0.6001504800261139 off 0.39272219271946646 __DUMMY__ 0.007127327254419575	false	1.0
schrumpfen	neg 1.0		neg 0.6088438584518381 off 0.3840300397687296 __DUMMY__ 0.007126101779432366	false	1.0
geistlos	off 1.0		neg 0.6024456784874466 off 0.39058346768940655 __DUMMY__ 0.006970853823146723	false	0.5
fehlkauf	neg 1.0		neg 0.598368144907329 off 0.3945765291510316 __DUMMY__ 0.00705532594163945	false	1.0
frustrierend	neg 1.0	neg 1.0	neg 0.7863904710231051 off 0.2102297314014652 __DUMMY__ 0.0033797975754295724	false	1.0
unzufrieden	neg 1.0		neg 0.6038707085114862 off 0.389044549459391 __DUMMY__ 0.007084742029122792	false	1.0
verzweifeln	neg 1.0		neg 0.6005804218148025 off 0.3923095010327986 __DUMMY__ 0.007110077152398816	false	1.0
verzweifelt	neg 1.0		neg 0.5992159267863226 off 0.3936938618494912 __DUMMY__ 0.0070902113641862176	false	1.0
misstrauensantrag	neg 1.0		neg 0.5987158937505201 off 0.39423823787660667 __DUMMY__ 0.007045868372873167	false	1.0
abfallen	neg 1.0		neg 0.5965270852819866 off 0.39631461892327474 __DUMMY__ 0.0071582957947385764	false	1.0
fucker	off 1.0		neg 0.5927907642567656 off 0.4001627275733041 __DUMMY__ 0.007046508169930202	false	0.5
ungezogen	neg 1.0		neg 0.5855418642182122 off 0.40740879273817204 __DUMMY__ 0.007049343043615817	false	1.0
irrsinnig	neg 1.0	neg 1.0	neg 0.7885138827615435 off 0.20811583706358266 __DUMMY__ 0.003370280174873869	false	1.0
unfassbar	neg 1.0		neg 0.5951618574971824 off 0.3977618677866363 __DUMMY__ 0.007076274716181317	false	1.0
hart	neg 1.0		neg 0.5962577833222309 off 0.39670091652988687 __DUMMY__ 0.007041300147882179	false	1.0
widerlich	off 1.0		neg 0.5954945083561433 off 0.39745980030698685 __DUMMY__ 0.0070456913368699345	false	0.5
fatal	neg 1.0		neg 0.5980640482588663 off 0.39487069563896904 __DUMMY__ 0.007065256102164611	false	1.0
bruch	neg 1.0		neg 0.609124811530714 off 0.38381790714230685 __DUMMY__ 0.007057281326979121	false	1.0
aushungern	neg 1.0		neg 0.6038208718751988 off 0.3891729622504648 __DUMMY__ 0.007006165874336458	false	1.0
anspannung	neg 1.0		neg 0.6060511941129928 off 0.3867976813781199 __DUMMY__ 0.007151124508887266	false	1.0
von			neg 0.6024450241267346 off 0.39038482336014296 __DUMMY__ 0.007170152513122458	false	0.0
kraftlos	neg 1.0		neg 0.6009019392665672 off 0.39194002308787435 __DUMMY__ 0.007158037645558455	false	1.0
vom			neg 0.6071085754845714 off 0.38568277088257535 __DUMMY__ 0.007208653632853166	false	0.0
grenzdebil	off 1.0		neg 0.5934531734153806 off 0.3994620584494389 __DUMMY__ 0.007084768135180366	false	0.5
vor			neg 0.6051303331143271 off 0.3877267063627686 __DUMMY__ 0.0071429605229044206	false	0.0
unterwerfen	neg 1.0		neg 0.6054824935405704 off 0.38744927170406773 __DUMMY__ 0.007068234755361802	false	1.0
versenkung	neg 1.0		neg 0.6051162328401146 off 0.387793417582103 __DUMMY__ 0.007090349577782419	false	1.0
entziehen	neg 1.0		neg 0.6076967901602445 off 0.38521302234790356 __DUMMY__ 0.007090187491851844	false	1.0
finanzkrise	neg 1.0		neg 0.6042565065142579 off 0.38874059556130663 __DUMMY__ 0.007002897924435616	false	1.0
schimpfend	neg 1.0		neg 0.5947216408245269 off 0.39810307132332695 __DUMMY__ 0.007175287852146199	false	1.0
profan	neg 1.0		neg 0.5977455075638933 off 0.39515906372658693 __DUMMY__ 0.00709542870951971	false	1.0
korruption	neg 1.0		neg 0.6062958125462208 off 0.38669500455674555 __DUMMY__ 0.007009182897033743	false	1.0
â			neg 0.6019766154086691 off 0.3909093805908352 __DUMMY__ 0.007114004000495773	false	0.0
schmutzig	neg 1.0		neg 0.592374156267447 off 0.4005036341718267 __DUMMY__ 0.007122209560726219	false	1.0
sexy	neg 1.0		neg 0.5953346128984561 off 0.3975767711044023 __DUMMY__ 0.007088615997141536	false	1.0
abraten	neg 1.0		neg 0.5981572484556335 off 0.39473217355256385 __DUMMY__ 0.007110577991802624	false	1.0
schwarz	neg 1.0		neg 0.5986555135638301 off 0.3942697997131633 __DUMMY__ 0.007074686723006612	false	1.0
fotze	off 1.0		neg 0.6032239331384931 off 0.3897147387988322 __DUMMY__ 0.007061328062674537	false	0.5
verwirren	neg 1.0		neg 0.5969868857668945 off 0.39592182647916646 __DUMMY__ 0.007091287753938928	false	1.0
zahnlos	off 1.0		neg 0.604378444662243 off 0.3885570898273437 __DUMMY__ 0.007064465510413325	false	0.5
verheeren	neg 1.0		neg 0.5865991866789335 off 0.406429155197244 __DUMMY__ 0.006971658123822582	false	1.0
hippie	neg 1.0		neg 0.5959729682425692 off 0.3969463348414836 __DUMMY__ 0.007080696915947196	false	1.0
rammen	neg 1.0		neg 0.5964755286175741 off 0.3964270559671293 __DUMMY__ 0.007097415415296521	false	1.0
unlauter	neg 1.0	neg 1.0	neg 0.7881005555424134 off 0.20854790716967622 __DUMMY__ 0.003351537287910358	false	1.0
unheilvoll	neg 1.0		neg 0.5974128757885285 off 0.3954813803807849 __DUMMY__ 0.007105743830686496	false	1.0
niedrig	neg 1.0		neg 0.6036466444785096 off 0.38926847028828626 __DUMMY__ 0.007084885233204189	false	1.0
explosion	neg 1.0		neg 0.5958740776182591 off 0.39702881372323806 __DUMMY__ 0.00709710865850292	false	1.0
weichei	off 1.0		neg 0.5891504871334247 off 0.4038056943762246 __DUMMY__ 0.0070438184903507785	false	0.5
minusmensch	off 1.0		neg 0.5872617979771249 off 0.40577760824156245 __DUMMY__ 0.006960593781312778	false	0.5
farblos	neg 1.0		neg 0.600395213936026 off 0.3925449702222221 __DUMMY__ 0.007059815841751951	false	1.0
unwissend	neg 1.0	neg 1.0	neg 0.7861431000332805 off 0.21049503529818533 __DUMMY__ 0.0033618646685342458	false	1.0
traurig	neg 1.0		neg 0.591382123940633 off 0.40153331036389767 __DUMMY__ 0.007084565695469196	false	1.0
senkung	neg 1.0		neg 0.597706317085791 off 0.39523518825350656 __DUMMY__ 0.007058494660702461	false	1.0
ungleich	neg 1.0	neg 1.0	neg 0.7915647710846768 off 0.20507150566010918 __DUMMY__ 0.003363723255213894	false	1.0
heikel	neg 1.0		neg 0.6063757627214569 off 0.38653596109980926 __DUMMY__ 0.007088276178733954	false	1.0
drosselung	neg 1.0		neg 0.5906982239587639 off 0.4022139094015609 __DUMMY__ 0.007087866639675317	false	1.0
falsch	neg 1.0		neg 0.5965309137353063 off 0.39639349247189903 __DUMMY__ 0.007075593792794677	false	1.0
unzufriedenheit	neg 1.0		neg 0.6069942317119799 off 0.3859266177865306 __DUMMY__ 0.007079150501489393	false	1.0
kurz	neg 1.0		neg 0.5997855905134458 off 0.39306269143932254 __DUMMY__ 0.007151718047231634	false	1.0
unsinnig	neg 1.0		neg 0.6034853608832809 off 0.38943514989821926 __DUMMY__ 0.007079489218500032	false	1.0
penner	off 1.0	off 1.0	off 0.68545189035522 neg 0.31118937210325065 __DUMMY__ 0.003358737541529177	false	1.0
seicht	neg 1.0		neg 0.5885656618180646 off 0.4044418862821026 __DUMMY__ 0.006992451899832947	false	1.0
dummheit	off 1.0	off 1.0	off 0.678725291971752 neg 0.31791856240965505 __DUMMY__ 0.0033561456185928333	false	1.0
unerfreulich	neg 1.0		neg 0.606144766979524 off 0.3867466057746789 __DUMMY__ 0.00710862724579705	false	1.0
motherfucker	off 1.0	off 1.0	off 0.6821721400069498 neg 0.3144736223391018 __DUMMY__ 0.003354237653948334	false	1.0
pikiert	neg 1.0		neg 0.5966516639283749 off 0.39629518889372845 __DUMMY__ 0.007053147177896813	false	1.0
wrack	neg 1.0		neg 0.6019037895244795 off 0.39098696165969704 __DUMMY__ 0.007109248815823282	false	1.0
gangster	neg 1.0		neg 0.5970145854584319 off 0.3959062570513585 __DUMMY__ 0.007079157490209586	false	1.0
krank	neg 1.0		neg 0.5919915718460851 off 0.40089027256852905 __DUMMY__ 0.007118155585385851	false	1.0
reich	neg 1.0		neg 0.598662867087785 off 0.39436697138069265 __DUMMY__ 0.00697016153152223	false	1.0
gnadenlos	neg 1.0		neg 0.5993955916926823 off 0.39351398637531715 __DUMMY__ 0.0070904219320005145	false	1.0
niedergeschlagen	neg 1.0		neg 0.6013843497747846 off 0.39150456594829386 __DUMMY__ 0.007111084276921536	false	1.0
terrorisieren	off 1.0	off 1.0	off 0.6757958112894061 neg 0.3208259726686828 __DUMMY__ 0.003378216041911008	false	1.0
sinnlosigkeit	neg 1.0		neg 0.6040406715308705 off 0.38888862726613344 __DUMMY__ 0.007070701202996179	false	1.0
behindern	neg 1.0		neg 0.5993001629458468 off 0.3935816130946309 __DUMMY__ 0.00711822395952229	false	1.0
undemokratisch	neg 1.0		neg 0.6029312903623636 off 0.390076152060117 __DUMMY__ 0.006992557577519466	false	1.0
wirtschaftskrise	neg 1.0		neg 0.6051388699265393 off 0.3878257217029245 __DUMMY__ 0.007035408370536247	false	1.0
neid	neg 1.0		neg 0.5950135237864315 off 0.3978669786881544 __DUMMY__ 0.007119497525414031	false	1.0
rutschen	neg 1.0		neg 0.6035709146119499 off 0.3892061578324299 __DUMMY__ 0.007222927555620208	false	1.0
rezession	neg 1.0		neg 0.5934875360304785 off 0.39953127460785204 __DUMMY__ 0.0069811893616694674	false	1.0
fehlgeburt	neg 1.0		neg 0.5996916508182868 off 0.3932233718762462 __DUMMY__ 0.0070849773054670875	false	1.0
charakterschwach	off 1.0		neg 0.5954935997039321 off 0.3974562775075892 __DUMMY__ 0.0070501227884786485	false	0.5
isolation	neg 1.0		neg 0.5939061469969165 off 0.3990008848258696 __DUMMY__ 0.0070929681772139925	false	1.0
ablenkung	neg 1.0		neg 0.598771266706483 off 0.3941057513415881 __DUMMY__ 0.007122981951928834	false	1.0
pech	neg 1.0		neg 0.5961204035642659 off 0.3967768730850152 __DUMMY__ 0.007102723350718814	false	1.0
vermeidung	neg 1.0		neg 0.5915502561016682 off 0.4013481254935538 __DUMMY__ 0.007101618404778058	false	1.0
dominieren	neg 1.0		neg 0.6017555618903956 off 0.39115435180416386 __DUMMY__ 0.007090086305440518	false	1.0
schwindlig	neg 1.0		neg 0.5949349074431198 off 0.39792584780853224 __DUMMY__ 0.007139244748348046	false	1.0
lutscher	neg 1.0		neg 0.5868456921035003 off 0.4061487826941789 __DUMMY__ 0.007005525202320718	false	1.0
pflicht	neg 1.0		neg 0.6065866996626885 off 0.3863257299155034 __DUMMY__ 0.007087570421808139	false	1.0
faschist	off 1.0		neg 0.6015100982953548 off 0.39149358574174875 __DUMMY__ 0.006996315962896286	false	0.5
verschleudern	neg 1.0		neg 0.6054392665828199 off 0.3875160145644312 __DUMMY__ 0.0070447188527489315	false	1.0
wenn			neg 0.5960318966306898 off 0.3968817262249173 __DUMMY__ 0.007086377144392969	false	0.0
ehebruch	neg 1.0		neg 0.6060753256656528 off 0.38687946949438384 __DUMMY__ 0.007045204839963443	false	1.0
spott	off 1.0		neg 0.6062812692353992 off 0.38666231361450865 __DUMMY__ 0.007056417150092123	false	0.5
trostlosigkeit	neg 1.0		neg 0.6088868242377522 off 0.38408386070230716 __DUMMY__ 0.007029315059940698	false	1.0
lutschen	neg 1.0		neg 0.597134209117878 off 0.3958313617457469 __DUMMY__ 0.007034429136375088	false	1.0
undiszipliniert	neg 1.0		neg 0.5929785346414866 off 0.3999555010223056 __DUMMY__ 0.007065964336207777	false	1.0
kopfschmerz	neg 1.0		neg 0.6000033829085403 off 0.3928839488320122 __DUMMY__ 0.007112668259447439	false	1.0
unvorhergesehen	neg 1.0		neg 0.5993355904644728 off 0.39349768345195923 __DUMMY__ 0.007166726083567979	false	1.0
desinteressiert	neg 1.0		neg 0.5938532403109839 off 0.39909364857018365 __DUMMY__ 0.007053111118832513	false	1.0
armselig	off 1.0		neg 0.593738277609947 off 0.3992311977342818 __DUMMY__ 0.007030524655771244	false	0.5
desaster	neg 1.0		neg 0.609755133383452 off 0.3831915586716071 __DUMMY__ 0.007053307944940767	false	1.0
tod	neg 1.0		neg 0.6077982394094574 off 0.3851901350753813 __DUMMY__ 0.007011625515161183	false	1.0
herzlos	neg 1.0		neg 0.5912519131610128 off 0.40167823791677926 __DUMMY__ 0.007069848922207891	false	1.0
unwissenheit	neg 1.0		neg 0.6050645322154568 off 0.3878858771134906 __DUMMY__ 0.007049590671052725	false	1.0
widersinnig	neg 1.0		neg 0.6055231461725716 off 0.3874723060615276 __DUMMY__ 0.007004547765900653	false	1.0
bedenklich	neg 1.0		neg 0.60540091307363 off 0.3875164434492433 __DUMMY__ 0.007082643477126667	false	1.0
beanstanden	neg 1.0		neg 0.6068674784806226 off 0.38604175310191335 __DUMMY__ 0.007090768417464063	false	1.0
panisch	neg 1.0	neg 1.0	neg 0.7855709418575676 off 0.21100996075748268 __DUMMY__ 0.0034190973849496445	false	1.0
debil	off 1.0		neg 0.609216084491639 off 0.38367525266565233 __DUMMY__ 0.007108662842708825	false	0.5
abstrich	neg 1.0		neg 0.5977800064031108 off 0.3950812518520374 __DUMMY__ 0.007138741744851821	false	1.0
primitiv	neg 1.0		neg 0.5948704212290453 off 0.39808536772847375 __DUMMY__ 0.007044211042480891	false	1.0
abschaum	off 1.0	off 1.0	off 0.6799387053129348 neg 0.31671282984223287 __DUMMY__ 0.003348464844832401	false	1.0
provozieren	neg 1.0		neg 0.6015615234731414 off 0.3913805560434617 __DUMMY__ 0.007057920483396954	false	1.0
tot	neg 1.0		neg 0.6016343584028038 off 0.3912856398252675 __DUMMY__ 0.0070800017719286745	false	1.0
instabil	neg 1.0		neg 0.5929215549312881 off 0.4000651906414908 __DUMMY__ 0.007013254427221005	false	1.0
schwuchtel	off 1.0		neg 0.5827227672375452 off 0.4103210207687382 __DUMMY__ 0.006956211993716513	false	0.5
zerren	neg 1.0		neg 0.6013797777124211 off 0.39150569734982194 __DUMMY__ 0.0071145249377570115	false	1.0
kinderficker	off 1.0		neg 0.5920270664967826 off 0.40096623686467675 __DUMMY__ 0.007006696638540575	false	0.5
gefahr	neg 1.0		neg 0.6053623012385615 off 0.3875714835513131 __DUMMY__ 0.007066215210125429	false	1.0
rabiat	neg 1.0		neg 0.6005113410771777 off 0.39239913064435694 __DUMMY__ 0.0070895282784652	false	1.0
verlangsamung	neg 1.0		neg 0.5899585454084872 off 0.4030690545343795 __DUMMY__ 0.006972400057133325	false	1.0
ausgestorben	neg 1.0		neg 0.6014322295850053 off 0.39145794950199275 __DUMMY__ 0.0071098209130018705	false	1.0
anklagen	neg 1.0		neg 0.6030848492157839 off 0.3898740560357643 __DUMMY__ 0.007041094748451664	false	1.0
trott	neg 1.0		neg 0.5996262395866788 off 0.3932670334707604 __DUMMY__ 0.007106726942560772	false	1.0
verminderung	neg 1.0		neg 0.5923138797355444 off 0.4006226957714859 __DUMMY__ 0.0070634244929696785	false	1.0
nach			neg 0.6056435981082827 off 0.38717361796165467 __DUMMY__ 0.007182783930062515	false	0.0
rost	neg 1.0		neg 0.5881935845819395 off 0.40480274970109237 __DUMMY__ 0.007003665716967995	false	1.0
destruktiv	neg 1.0	neg 1.0	neg 0.7902614389021199 off 0.20638542925687064 __DUMMY__ 0.003353131841009499	false	1.0
unzumutbarkeit	neg 1.0		neg 0.592683563171756 off 0.4002396217925237 __DUMMY__ 0.00707681503572025	false	1.0
labil	off 1.0	off 1.0	off 0.6809119261002556 neg 0.3157329497349097 __DUMMY__ 0.0033551241648346083	false	1.0
ziemlich	neg 1.0		neg 0.5940032675524709 off 0.39891130039037215 __DUMMY__ 0.007085432057156986	false	1.0
lachnummer	off 1.0		neg 0.6034215196453114 off 0.3895309526329717 __DUMMY__ 0.0070475277217170364	false	0.5
oder			neg 0.598920269351043 off 0.3939511833126848 __DUMMY__ 0.007128547336272068	false	0.0
verfall	neg 1.0		neg 0.6096480564690521 off 0.3832453424851863 __DUMMY__ 0.007106601045761578	false	1.0
ausgrenzung	neg 1.0		neg 0.6016465461406338 off 0.39135223983659895 __DUMMY__ 0.0070012140227672425	false	1.0
unordnung	neg 1.0		neg 0.591206170599334 off 0.4017625161480788 __DUMMY__ 0.007031313252587412	false	1.0
fehlverhalten	neg 1.0		neg 0.606467237046397 off 0.38647302246431914 __DUMMY__ 0.00705974048928371	false	1.0
eine			neg 0.6049555994904988 off 0.3879070960066142 __DUMMY__ 0.007137304502886881	false	0.0
nille	neg 1.0		neg 0.6020753592518823 off 0.3908805231833611 __DUMMY__ 0.007044117564756653	false	1.0
qual	neg 1.0		neg 0.6000048755193501 off 0.39289452071568215 __DUMMY__ 0.007100603764967632	false	1.0
verschwenden	neg 1.0		neg 0.6042778599246464 off 0.3886192380529601 __DUMMY__ 0.007102902022393482	false	1.0
riesig	neg 1.0		neg 0.6014897099888801 off 0.3914210561725561 __DUMMY__ 0.007089233838563777	false	1.0
verurteilen	neg 1.0		neg 0.605448829696409 off 0.38751486556462567 __DUMMY__ 0.007036304738965279	false	1.0
klischee	neg 1.0	neg 1.0	neg 0.7874716050229529 off 0.20917355417536737 __DUMMY__ 0.0033548408016798575	false	1.0
diktatorisch	neg 1.0		neg 0.6040147700637529 off 0.3890146563746354 __DUMMY__ 0.0069705735616117795	false	1.0
vorhersehbar	neg 1.0		neg 0.6002354123464186 off 0.392724615782113 __DUMMY__ 0.0070399718714683505	false	1.0
sowie			neg 0.5904217312623063 off 0.4025787382068621 __DUMMY__ 0.006999530530831671	false	0.0
stornieren	neg 1.0		neg 0.5953650373832601 off 0.39750739188248146 __DUMMY__ 0.007127570734258324	false	1.0
besteuerung	neg 1.0		neg 0.5997348841629891 off 0.3932035723295193 __DUMMY__ 0.007061543507491594	false	1.0
ungeschminkt	neg 1.0		neg 0.5941281628431998 off 0.39880906169131625 __DUMMY__ 0.007062775465483969	false	1.0
kritisch	neg 1.0		neg 0.6061772584093129 off 0.38676498478991206 __DUMMY__ 0.0070577568007750575	false	1.0
schlamperei	off 1.0		neg 0.6061042677828326 off 0.38685323321944626 __DUMMY__ 0.007042498997721276	false	0.5
sucht	neg 1.0	neg 1.0	neg 0.7853125550218292 off 0.21127693090935754 __DUMMY__ 0.003410514068813261	false	1.0
egoistisch	off 1.0		neg 0.5897644220038561 off 0.40319802569452995 __DUMMY__ 0.007037552301614053	false	0.5
ausbeuter	off 1.0		neg 0.607756334393916 off 0.3852024664126218 __DUMMY__ 0.007041199193462185	false	0.5
arschgeburt	off 1.0		neg 0.5829161669581521 off 0.4101278711796024 __DUMMY__ 0.006955961862245519	false	0.5
schubs	neg 1.0	neg 1.0	neg 0.7885314396903307 off 0.20805522671742344 __DUMMY__ 0.0034133335922457795	false	1.0
unsolide	neg 1.0		neg 0.6014034600720445 off 0.3916589679126738 __DUMMY__ 0.00693757201528162	false	1.0
beschwerde	neg 1.0		neg 0.6044087760242322 off 0.3885343320356129 __DUMMY__ 0.007056891940154982	false	1.0
stocken	neg 1.0		neg 0.6035866925884976 off 0.38932351007796967 __DUMMY__ 0.007089797333532743	false	1.0
isolieren	neg 1.0		neg 0.6000117621089139 off 0.39287037588467 __DUMMY__ 0.007117862006416061	false	1.0
unheilbar	neg 1.0		neg 0.6010165715300217 off 0.39191992554414495 __DUMMY__ 0.007063502925833309	false	1.0
pisser	off 1.0		neg 0.5927543324845161 off 0.40022696371871336 __DUMMY__ 0.007018703796770359	false	0.5
löschen	neg 1.0		neg 0.5994182519627638 off 0.3935040957088536 __DUMMY__ 0.007077652328382652	false	1.0
durchfallen	neg 1.0		neg 0.6046917204709338 off 0.388224240576289 __DUMMY__ 0.007084038952777112	false	1.0
wichser	off 1.0		neg 0.584760773436235 off 0.4082177867853018 __DUMMY__ 0.007021439778463115	false	0.5
terror	neg 1.0		neg 0.594520754898193 off 0.3983635124323009 __DUMMY__ 0.007115732669506017	false	1.0
krass	neg 1.0		neg 0.5908598379937229 off 0.4020768381914138 __DUMMY__ 0.007063323814863406	false	1.0
revolte	neg 1.0	neg 1.0	neg 0.7891126412764342 off 0.20757340620165796 __DUMMY__ 0.0033139525219077447	false	1.0
besorgt	neg 1.0		neg 0.5994219132255768 off 0.39341957807662886 __DUMMY__ 0.00715850869779421	false	1.0
nachlassen	neg 1.0		neg 0.6022054654048148 off 0.3906873038292607 __DUMMY__ 0.007107230765924571	false	1.0
alt	neg 1.0		neg 0.6027579905375521 off 0.390102389044719 __DUMMY__ 0.007139620417728819	false	1.0
hundesohn	off 1.0		neg 0.5875146430010704 off 0.40550591181338197 __DUMMY__ 0.006979445185547748	false	0.5
als			neg 0.6019260443181534 off 0.3909511877208743 __DUMMY__ 0.00712276796097225	false	0.0
abschreckung	neg 1.0		neg 0.6080892742488851 off 0.3848512091402295 __DUMMY__ 0.0070595166108852695	false	1.0
unqualifiziert	neg 1.0	neg 1.0	neg 0.7880066134521204 off 0.20863671068138206 __DUMMY__ 0.003356675866497599	false	1.0
abgewichst	off 1.0		neg 0.602107421778495 off 0.3908210320490653 __DUMMY__ 0.007071546172439704	false	0.5
schwer	neg 1.0		neg 0.6003992059711953 off 0.39249230855729633 __DUMMY__ 0.007108485471508281	false	1.0
bedeutungslosigkeit	neg 1.0		neg 0.606943243484651 off 0.38599109037387924 __DUMMY__ 0.007065666141469868	false	1.0
kapitulation	neg 1.0		neg 0.6075680096790405 off 0.3854369054265257 __DUMMY__ 0.006995084894433824	false	1.0
unscharf	neg 1.0		neg 0.5966392939486101 off 0.39627120739097377 __DUMMY__ 0.0070894986604160895	false	1.0
schwinden	neg 1.0		neg 0.6059009744005411 off 0.38701741702007564 __DUMMY__ 0.007081608579383105	false	1.0
versklavung	neg 1.0	neg 1.0	neg 0.7898687070371463 off 0.20680176058394453 __DUMMY__ 0.003329532378909164	false	1.0
schlecht	neg 1.0		neg 0.5934821735680808 off 0.3994283935962227 __DUMMY__ 0.00708943283569662	false	1.0
verhasst	neg 1.0		neg 0.6020271547148603 off 0.39092679431732896 __DUMMY__ 0.007046050967810681	false	1.0
beschweren	neg 1.0		neg 0.5983999909665307 off 0.39450313879197507 __DUMMY__ 0.007096870241494304	false	1.0
scheiden	neg 1.0		neg 0.5999664764652896 off 0.39292103698851566 __DUMMY__ 0.00711248654619479	false	1.0
frustriert	neg 1.0		neg 0.6019598468026772 off 0.39094142475505284 __DUMMY__ 0.0070987284422700326	false	1.0
schimmelig	neg 1.0		neg 0.6041194835361302 off 0.38879517972145833 __DUMMY__ 0.007085336742411277	false	1.0
fisch	neg 1.0	neg 1.0	neg 0.7887768588642879 off 0.20781540714527333 __DUMMY__ 0.003407733990438732	false	1.0
schmuggel	neg 1.0		neg 0.6047738362031874 off 0.38810742931680625 __DUMMY__ 0.007118734480006326	false	1.0
auffallen	neg 1.0		neg 0.5979510660373639 off 0.39495646272484236 __DUMMY__ 0.007092471237793693	false	1.0
konkurrenz	neg 1.0		neg 0.6055915138741967 off 0.387286894495432 __DUMMY__ 0.007121591630371414	false	1.0
teufelskreis	neg 1.0	neg 1.0	neg 0.7897622884100062 off 0.20686759422626988 __DUMMY__ 0.003370117363724049	false	1.0
aufschreien	neg 1.0		neg 0.5996521115162909 off 0.3932932358734929 __DUMMY__ 0.0070546526102161725	false	1.0
schuldner	neg 1.0		neg 0.6065806233490022 off 0.38637255178649793 __DUMMY__ 0.007046824864499834	false	1.0
missgeburt	off 1.0	off 1.0	off 0.6839622297464991 neg 0.3127011868978303 __DUMMY__ 0.003336583355670637	false	1.0
arbeitslos	neg 1.0		neg 0.6039444533476104 off 0.3889814717969426 __DUMMY__ 0.007074074855447056	false	1.0
befallen	neg 1.0		neg 0.6074623210743431 off 0.3855486772600146 __DUMMY__ 0.0069890016656421914	false	1.0
miesepetrig	off 1.0		neg 0.5933292757868991 off 0.39957078057611206 __DUMMY__ 0.0070999436369888055	false	0.5
alarmieren	neg 1.0		neg 0.5974823606684574 off 0.3954985905264042 __DUMMY__ 0.0070190488051385174	false	1.0
ungeduscht	off 1.0		neg 0.5962912638109532 off 0.3966144004072692 __DUMMY__ 0.007094335781777704	false	0.5
knappheit	neg 1.0		neg 0.6043294249824808 off 0.388615585020474 __DUMMY__ 0.00705498999704529	false	1.0
schlange	neg 1.0		neg 0.5969406899069186 off 0.3959271942887808 __DUMMY__ 0.007132115804300405	false	1.0
harsch	neg 1.0		neg 0.5865572036567956 off 0.40636370225907453 __DUMMY__ 0.007079094084129839	false	1.0
lang	neg 1.0		neg 0.5988528250122107 off 0.39405834150071223 __DUMMY__ 0.007088833487077152	false	1.0
ziellos	neg 1.0		neg 0.6029358725634691 off 0.3899530316971163 __DUMMY__ 0.007111095739414537	false	1.0
selbstverliebt	neg 1.0		neg 0.5858818776252852 off 0.4071535210625952 __DUMMY__ 0.00696460131211965	false	1.0
beseitigen	neg 1.0		neg 0.5977481938724877 off 0.3951319318927194 __DUMMY__ 0.007119874234792971	false	1.0
dumm	off 1.0		neg 0.5895260713870536 off 0.4034514447770131 __DUMMY__ 0.007022483835933395	false	0.5
arbeitsloser	neg 1.0		neg 0.6045215508571365 off 0.38839576921428837 __DUMMY__ 0.007082679928575128	false	1.0
blitzen	neg 1.0		neg 0.5973583786177935 off 0.39558578205043626 __DUMMY__ 0.007055839331770213	false	1.0
hilflos	neg 1.0		neg 0.6023602918650081 off 0.3905398232505567 __DUMMY__ 0.007099884884435196	false	1.0
eklig	off 1.0		neg 0.5888831429643874 off 0.4041066166743985 __DUMMY__ 0.007010240361214172	false	0.5
begriff			neg 0.6028757391000935 off 0.39004699346468114 __DUMMY__ 0.007077267435225325	false	0.0
hungersnot	neg 1.0		neg 0.6052268742515995 off 0.38778844326469014 __DUMMY__ 0.006984682483710266	false	1.0
ungesetzlich	neg 1.0		neg 0.6019163341166823 off 0.3910997542398993 __DUMMY__ 0.0069839116434183566	false	1.0
verschwendung	neg 1.0		neg 0.6058159596796852 off 0.3870903392794582 __DUMMY__ 0.007093701040856835	false	1.0
schmerzvoll	neg 1.0		neg 0.5982136480209451 off 0.3946859005053302 __DUMMY__ 0.007100451473724595	false	1.0
vorzeitig	neg 1.0		neg 0.5946184849725462 off 0.39831334601906215 __DUMMY__ 0.007068169008391499	false	1.0
unvollkommenheit	neg 1.0		neg 0.6004927305191136 off 0.3924264377533491 __DUMMY__ 0.007080831727537184	false	1.0
intervenieren	neg 1.0		neg 0.6077887563744904 off 0.38518176074112115 __DUMMY__ 0.007029482884388538	false	1.0
banause	off 1.0		neg 0.587095316772539 off 0.4058967123226452 __DUMMY__ 0.0070079709048158235	false	0.5
rebell	neg 1.0		neg 0.6057811694362771 off 0.3871065930733725 __DUMMY__ 0.007112237490350312	false	1.0
unlogisch	neg 1.0		neg 0.5928574378383225 off 0.400099750424765 __DUMMY__ 0.007042811736912598	false	1.0
leiden	neg 1.0	neg 1.0	neg 0.789068170391918 off 0.20748944914093537 __DUMMY__ 0.0034423804671466695	false	1.0
abschaffung	neg 1.0		neg 0.6016047130094617 off 0.3913632931652392 __DUMMY__ 0.007031993825299013	false	1.0
sturz	neg 1.0		neg 0.6015808281061508 off 0.3914012374001361 __DUMMY__ 0.007017934493713316	false	1.0
verkleinerung	neg 1.0		neg 0.598571737534416 off 0.3944154090249426 __DUMMY__ 0.007012853440641396	false	1.0
schmarotzer	off 1.0		neg 0.605517404585122 off 0.3874319905485406 __DUMMY__ 0.007050604866337266	false	0.5
bestrafung	neg 1.0		neg 0.5998343494896227 off 0.3930930666741028 __DUMMY__ 0.007072583836274464	false	1.0
achtlos	neg 1.0		neg 0.5994344316578589 off 0.39343697395308663 __DUMMY__ 0.007128594389054451	false	1.0
ungeheuer	neg 1.0		neg 0.5980462685090211 off 0.3948734941982123 __DUMMY__ 0.007080237292766608	false	1.0
