unsolidarisch	neg 1.0		__DUMMY__ 0.8723875174121511 neg 0.07965304515440216 off 0.0479594374334467	false	1.0
nachteilig	neg 1.0		__DUMMY__ 0.8815280201226454 neg 0.0737259051248482 off 0.0447460747525064	false	1.0
skeptisch	neg 1.0		__DUMMY__ 0.8835143050367005 neg 0.07405420455467267 off 0.04243149040862686	false	1.0
schrecklich	neg 1.0		__DUMMY__ 0.8798160578426 neg 0.06663437334622482 off 0.053549568811175084	false	1.0
schlapp	neg 1.0		__DUMMY__ 0.8844335873973743 neg 0.06595579846003571 off 0.04961061414259001	false	1.0
abfall	neg 1.0		__DUMMY__ 0.8839032956506322 neg 0.0750446848427231 off 0.04105201950664476	false	1.0
widerspenstig	neg 1.0		__DUMMY__ 0.8851890083389617 neg 0.06884323555903979 off 0.045967756101998394	false	1.0
abrupt	neg 1.0		__DUMMY__ 0.8865215186657068 neg 0.06858172303608609 off 0.04489675829820712	false	1.0
unwirksam	neg 1.0		__DUMMY__ 0.8762904755132742 neg 0.07610754429639639 off 0.0476019801903294	false	1.0
angreifen	neg 1.0		__DUMMY__ 0.881010304675378 neg 0.07522071054011219 off 0.04376898478450978	false	1.0
inkonsistent	neg 1.0		__DUMMY__ 0.8788897978910696 neg 0.07275624555115794 off 0.04835395655777241	false	1.0
abrutschen	neg 1.0		__DUMMY__ 0.8852971846890333 neg 0.0735830654454293 off 0.041119749865537465	false	1.0
unsicher	neg 1.0		__DUMMY__ 0.88301690698991 neg 0.07047611880334023 off 0.04650697420674982	false	1.0
bauernkind	off 1.0		__DUMMY__ 0.8752786245369663 neg 0.06839867826756102 off 0.05632269719547272	false	0.5
angreifer	neg 1.0		__DUMMY__ 0.8771905965873107 neg 0.07324644094880914 off 0.0495629624638801	false	1.0
trennen	neg 1.0		__DUMMY__ 0.8886810976195928 neg 0.06863971169702134 off 0.04267919068338578	false	1.0
schmutz	neg 1.0		__DUMMY__ 0.8879301297789657 neg 0.06165503678262041 off 0.0504148334384138	false	1.0
inkonsistenz	neg 1.0	neg 1.0	neg 0.5245463395896075 __DUMMY__ 0.4379551326229498 off 0.03749852778744267	false	1.0
erschreckend	neg 1.0		__DUMMY__ 0.8812076694381017 neg 0.07303044926297315 off 0.04576188129892525	false	1.0
ertrinken	neg 1.0		__DUMMY__ 0.8851017944064026 neg 0.07109323967225144 off 0.04380496592134602	false	1.0
pickelface	off 1.0		__DUMMY__ 0.8792132668383608 neg 0.07319882496182377 off 0.047587908199815544	false	0.5
seiner			__DUMMY__ 0.8835185542057977 neg 0.0730497592683591 off 0.04343168652584308	false	0.0
lauch	neg 1.0		__DUMMY__ 0.883640227900711 neg 0.07441041827596453 off 0.04194935382332457	false	1.0
unwichtig	neg 1.0		__DUMMY__ 0.8801013127625498 neg 0.06964439322620168 off 0.05025429401124859	false	1.0
steuerhinterziehung	neg 1.0		__DUMMY__ 0.8762498172921199 neg 0.077116440691978 off 0.04663374201590199	false	1.0
schock	neg 1.0		__DUMMY__ 0.8860844198363339 neg 0.06901616088092348 off 0.04489941928274272	false	1.0
beule	neg 1.0		__DUMMY__ 0.8839907562327681 neg 0.06538599327725898 off 0.05062325048997281	false	1.0
vergelten	neg 1.0		__DUMMY__ 0.8770424426182679 neg 0.06782008456960341 off 0.055137472812128774	false	1.0
verdorbenheit	neg 1.0	neg 1.0	neg 0.5210403517922554 __DUMMY__ 0.44316705201112333 off 0.03579259619662128	false	1.0
trauma	neg 1.0		__DUMMY__ 0.8812015500492741 neg 0.07067467756009826 off 0.048123772390627706	false	1.0
sinnlos	neg 1.0		__DUMMY__ 0.8815119122414945 neg 0.07014075440993073 off 0.048347333348574745	false	1.0
fettsack	off 1.0	off 1.0	off 0.5119761329827218 __DUMMY__ 0.43618068421956463 neg 0.05184318279771358	false	1.0
feige	off 1.0		__DUMMY__ 0.8781707821776592 neg 0.07172737403834689 off 0.050101843783993884	false	0.5
abdanken	neg 1.0		__DUMMY__ 0.8744356537474243 neg 0.07849944710739272 off 0.04706489914518294	false	1.0
wichtigtuer	off 1.0	off 1.0	off 0.5066440668254246 __DUMMY__ 0.4376987389189588 neg 0.05565719425561659	false	1.0
misslingen	neg 1.0		__DUMMY__ 0.8855843222714425 neg 0.06649135145667145 off 0.047924326271886135	false	1.0
untreu	off 1.0		__DUMMY__ 0.8804675005212558 neg 0.06871322865314478 off 0.05081927082559947	false	0.5
missmutig	neg 1.0		__DUMMY__ 0.8837783294514524 neg 0.066808408368357 off 0.04941326218019055	false	1.0
hurenbock	off 1.0		__DUMMY__ 0.8865615353431454 neg 0.06624822230691002 off 0.04719024234994464	false	0.5
betrunken	neg 1.0		__DUMMY__ 0.8830298809024306 neg 0.06531863997806846 off 0.05165147911950083	false	1.0
korrupt	off 1.0		__DUMMY__ 0.874882484347086 neg 0.07946292773295399 off 0.045654587919959994	false	0.5
unmut	neg 1.0		__DUMMY__ 0.8828547666660228 neg 0.0752500359570948 off 0.041895197376882416	false	1.0
hackfresse	off 1.0		__DUMMY__ 0.8778739584164359 neg 0.06584822143922232 off 0.05627782014434171	false	0.5
aufblasen	neg 1.0		__DUMMY__ 0.8850664868632016 neg 0.06756759010827672 off 0.04736592302852183	false	1.0
gewaltsam	neg 1.0		__DUMMY__ 0.8766709496404363 neg 0.07542973904180121 off 0.047899311317762344	false	1.0
unbeliebtheit	neg 1.0		__DUMMY__ 0.8695847806386676 neg 0.07768617898906738 off 0.052729040372264974	false	1.0
sturheit	neg 1.0		__DUMMY__ 0.8782206629823355 neg 0.07566036159943221 off 0.046118975418232344	false	1.0
kuh	neg 1.0		__DUMMY__ 0.8805267332125654 neg 0.07186333640789251 off 0.04760993037954209	false	1.0
erschrecken	neg 1.0		__DUMMY__ 0.8830716552575224 neg 0.06766197302032712 off 0.04926637172215048	false	1.0
opfer	neg 1.0	neg 1.0	neg 0.5263386063453507 __DUMMY__ 0.44030747083190014 off 0.033353922822749106	false	1.0
sinken	neg 1.0		__DUMMY__ 0.8832306912350227 neg 0.07453354932980522 off 0.042235759435172035	false	1.0
stinktier	neg 1.0		__DUMMY__ 0.8772215631339924 neg 0.06893314866150932 off 0.05384528820449832	false	1.0
tucke	off 1.0		__DUMMY__ 0.8785655337470349 neg 0.06509561223515385 off 0.056338854017811156	false	0.5
ein			__DUMMY__ 0.8877418139043641 neg 0.06570705396821466 off 0.04655113212742116	false	0.0
abstieg	neg 1.0		__DUMMY__ 0.8797093205604051 neg 0.07462925711134995 off 0.04566142232824496	false	1.0
missverstehen	neg 1.0		__DUMMY__ 0.8786550518153036 neg 0.07291218127690116 off 0.04843276690779526	false	1.0
ergebnislos	neg 1.0		__DUMMY__ 0.8808473911372497 neg 0.07394413873511264 off 0.04520847012763759	false	1.0
unter			__DUMMY__ 0.8915563789076904 neg 0.07062003489233502 off 0.03782358619997453	false	0.0
manipulieren	neg 1.0		__DUMMY__ 0.8805981166494355 neg 0.07584381633409813 off 0.043558067016466216	false	1.0
unbewiesen	neg 1.0		__DUMMY__ 0.8713324464848392 neg 0.08087753327358752 off 0.04779002024157333	false	1.0
verschleppen	neg 1.0		__DUMMY__ 0.8794521025891456 neg 0.07549443595484401 off 0.04505346145601039	false	1.0
weib	off 1.0		__DUMMY__ 0.8773997264246648 neg 0.06525301770064709 off 0.057347255874688176	false	0.5
opposition	neg 1.0		__DUMMY__ 0.8754595996075262 neg 0.07616909970107039 off 0.048371300691403454	false	1.0
verkehrswidrig	neg 1.0		__DUMMY__ 0.8816420324249421 neg 0.06392093010370356 off 0.05443703747135442	false	1.0
inkorrekt	neg 1.0		__DUMMY__ 0.8737738341974134 neg 0.07466394843588267 off 0.051562217366703925	false	1.0
vermeiden	neg 1.0		__DUMMY__ 0.8879863484578463 neg 0.072188506295091 off 0.039825145247062765	false	1.0
abweichung	neg 1.0		__DUMMY__ 0.8749994763636134 neg 0.07967189665706621 off 0.04532862697932041	false	1.0
alkoholisiert	neg 1.0		__DUMMY__ 0.8849997223035859 neg 0.07068050506877682 off 0.04431977262763724	false	1.0
scheiss	off 1.0	off 1.0	off 0.508823589735683 __DUMMY__ 0.4399719348933586 neg 0.05120447537095848	false	1.0
herausforderung	neg 1.0		__DUMMY__ 0.8889776259158406 neg 0.06657501247269651 off 0.044447361611462864	false	1.0
pervers	off 1.0		__DUMMY__ 0.876453372870494 neg 0.06394695131597268 off 0.05959967581353339	false	0.5
wackelig	neg 1.0		__DUMMY__ 0.8892712077080434 neg 0.0665586243304977 off 0.0441701679614589	false	1.0
verwickeln	neg 1.0		__DUMMY__ 0.879837632284787 neg 0.07198781152664463 off 0.04817455618856842	false	1.0
vorwand	neg 1.0		__DUMMY__ 0.8813373104528945 neg 0.07611025413519144 off 0.042552435411914016	false	1.0
muschi	off 1.0		__DUMMY__ 0.8795344939201083 neg 0.073179189940592 off 0.047286316139299685	false	0.5
entmutigung	neg 1.0		__DUMMY__ 0.8693948562343601 neg 0.08088849949203587 off 0.049716644273603984	false	1.0
unangemessen	neg 1.0		__DUMMY__ 0.8784247123667033 neg 0.07639256557103692 off 0.0451827220622598	false	1.0
unstetig	neg 1.0		__DUMMY__ 0.8786070997157053 neg 0.07179240948358 off 0.04960049080071474	false	1.0
entmutigen	neg 1.0		__DUMMY__ 0.8825077982021413 neg 0.0700767176688906 off 0.04741548412896812	false	1.0
schwanz	neg 1.0		__DUMMY__ 0.8817876355986185 neg 0.07307547102660601 off 0.045136893374775375	false	1.0
verbot	neg 1.0		__DUMMY__ 0.8759901037168908 neg 0.07797684917865977 off 0.04603304710444939	false	1.0
leid	neg 1.0		__DUMMY__ 0.8783832201164549 neg 0.06686594234792394 off 0.054750837535621204	false	1.0
archaisch	neg 1.0		__DUMMY__ 0.8794853358439371 neg 0.07504552414696322 off 0.04546914000909969	false	1.0
gegen			__DUMMY__ 0.88141413577704 neg 0.07546408306619631 off 0.04312178115676367	false	0.0
scheidung	neg 1.0	neg 1.0	neg 0.5137083841640213 __DUMMY__ 0.4362466843138757 off 0.05004493152210293	false	1.0
einschlag	neg 1.0		__DUMMY__ 0.8788684628178326 neg 0.06666430190421374 off 0.054467235277953614	false	1.0
m			__DUMMY__ 0.8845128581958182 neg 0.07000195196041353 off 0.04548518984376824	false	0.0
abgestanden	neg 1.0		__DUMMY__ 0.8845487626921835 neg 0.06958035138975348 off 0.04587088591806294	false	1.0
schmierig	off 1.0		__DUMMY__ 0.8798432003940854 neg 0.06636396596642308 off 0.053792833639491576	false	0.5
unpraktisch	neg 1.0		__DUMMY__ 0.8857193683252748 neg 0.06712936178007975 off 0.04715126989464555	false	1.0
wixxer	off 1.0		__DUMMY__ 0.8744467091633139 neg 0.0657346579115851 off 0.059818632925101034	false	0.5
bezeichnet			__DUMMY__ 0.8791902258673571 neg 0.07445565119582975 off 0.04635412293681306	false	0.0
jammerlappen	off 1.0		__DUMMY__ 0.8810881941281826 neg 0.0687023630329907 off 0.05020944283882676	false	0.5
farce	neg 1.0		__DUMMY__ 0.8723547133948424 neg 0.08113182511226558 off 0.04651346149289209	false	1.0
zwecklos	neg 1.0		__DUMMY__ 0.879677965509951 neg 0.0754978024081667 off 0.04482423208188231	false	1.0
turbulent	neg 1.0		__DUMMY__ 0.877453413611063 neg 0.06933380646553626 off 0.053212779923400746	false	1.0
invasion	neg 1.0		__DUMMY__ 0.8834103801962991 neg 0.0674317611965521 off 0.04915785860714874	false	1.0
schuld	neg 1.0		__DUMMY__ 0.8805509480527908 neg 0.07204752999028079 off 0.04740152195692846	false	1.0
risiko	neg 1.0		__DUMMY__ 0.8849699281808648 neg 0.06583437182656902 off 0.04919569999256618	false	1.0
finster	neg 1.0		__DUMMY__ 0.8864686689985671 neg 0.0672948253722377 off 0.04623650562919512	false	1.0
geisteskrank	off 1.0		__DUMMY__ 0.8759892951395579 neg 0.07218717623760731 off 0.05182352862283487	false	0.5
zusammenbrechen	neg 1.0		__DUMMY__ 0.8835215817647306 neg 0.07104517141777526 off 0.04543324681749417	false	1.0
ausbeute	neg 1.0		__DUMMY__ 0.8876282959102166 neg 0.06837586679890176 off 0.04399583729088158	false	1.0
hinterhalt	neg 1.0		__DUMMY__ 0.881517773429497 neg 0.07104042963178492 off 0.04744179693871813	false	1.0
kritik	neg 1.0		__DUMMY__ 0.8740168743483376 neg 0.0795303530996311 off 0.04645277255203122	false	1.0
einschrumpfen	neg 1.0		__DUMMY__ 0.8746247709275833 neg 0.07522681758272123 off 0.050148411489695476	false	1.0
riskant	neg 1.0		__DUMMY__ 0.8826114876124932 neg 0.07367055634660598 off 0.04371795604090081	false	1.0
frustrieren	neg 1.0		__DUMMY__ 0.8818545780437536 neg 0.07442783677548932 off 0.04371758518075712	false	1.0
groll	neg 1.0		__DUMMY__ 0.8802320575390224 neg 0.07478474367843004 off 0.0449831987825475	false	1.0
gibt			__DUMMY__ 0.8823194909632296 neg 0.07242112914034493 off 0.045259379896425485	false	0.0
qualvoll	neg 1.0		__DUMMY__ 0.8837199536345619 neg 0.06803888082912522 off 0.048241165536312816	false	1.0
wackeln	neg 1.0		__DUMMY__ 0.8867905861513666 neg 0.06634950535080848 off 0.046859908497824954	false	1.0
klagen	neg 1.0		__DUMMY__ 0.8801554679607095 neg 0.07732525741645056 off 0.04251927462283986	false	1.0
bankrott	neg 1.0		__DUMMY__ 0.8832579688963987 neg 0.06648561442251522 off 0.050256416681086165	false	1.0
trauern	neg 1.0		__DUMMY__ 0.8830086268855 neg 0.07313870214439389 off 0.04385267097010613	false	1.0
ablehnung	neg 1.0	neg 1.0	neg 0.52954416041951 __DUMMY__ 0.4353569253981156 off 0.03509891418237425	false	1.0
stur	neg 1.0		__DUMMY__ 0.8808767805330971 neg 0.07144675615333397 off 0.04767646331356899	false	1.0
aufruhr	neg 1.0		__DUMMY__ 0.8762944511017471 neg 0.07610673076653808 off 0.047598818131714835	false	1.0
melancholie	neg 1.0		__DUMMY__ 0.8879907857643448 neg 0.06773938225640154 off 0.04426983197925365	false	1.0
ist			__DUMMY__ 0.881421757384395 neg 0.07078900844785765 off 0.047789234167747316	false	0.0
torheit	neg 1.0		__DUMMY__ 0.8744877795861351 neg 0.07724274461985416 off 0.04826947579401064	false	1.0
dreckskind	off 1.0		__DUMMY__ 0.8733384459755098 neg 0.07095913681391944 off 0.055702417210570745	false	0.5
umtauschen	neg 1.0		__DUMMY__ 0.8858094358506162 neg 0.06842060732356246 off 0.04576995682582124	false	1.0
zum			__DUMMY__ 0.8928272151011957 neg 0.06709325790898515 off 0.040079526989819154	false	0.0
zersetzen	neg 1.0		__DUMMY__ 0.8805225998396893 neg 0.07640168816232215 off 0.04307571199798849	false	1.0
zur			__DUMMY__ 0.8856615453891018 neg 0.07386214189014215 off 0.04047631272075611	false	0.0
frust	neg 1.0		__DUMMY__ 0.8834880370405775 neg 0.0711795913357808 off 0.0453323716236417	false	1.0
unerbittlichkeit	neg 1.0		__DUMMY__ 0.8802606955992954 neg 0.07588731372416574 off 0.043851990676538784	false	1.0
zwei			__DUMMY__ 0.8900653207453979 neg 0.06841833755744585 off 0.04151634169715628	false	0.0
unkorrekt	neg 1.0		__DUMMY__ 0.8756417397972259 neg 0.07238453648044241 off 0.05197372372233163	false	1.0
hexe	off 1.0		__DUMMY__ 0.8812689089377548 neg 0.06841545888129716 off 0.0503156321809481	false	0.5
lasch	neg 1.0		__DUMMY__ 0.878459823845035 neg 0.07212877680826918 off 0.0494113993466959	false	1.0
rivale	neg 1.0		__DUMMY__ 0.8779316803851167 neg 0.0681346659886127 off 0.05393365362627055	false	1.0
mutlos	off 1.0	off 1.0	off 0.503843631223476 __DUMMY__ 0.43763683955593397 neg 0.05851952922058996	false	1.0
wirr	off 1.0		__DUMMY__ 0.8755421516574582 neg 0.07138132402213765 off 0.053076524320404106	false	0.5
jahr			__DUMMY__ 0.8886188284830915 neg 0.06806996988838017 off 0.04331120162852831	false	0.0
wird			__DUMMY__ 0.8830279662612777 neg 0.07285914720638179 off 0.044112886532340516	false	0.0
strafbar	neg 1.0		__DUMMY__ 0.8781764395717976 neg 0.07759354678048389 off 0.04423001364771852	false	1.0
erosion	neg 1.0		__DUMMY__ 0.8846362021118346 neg 0.06757959334054693 off 0.047784204547618545	false	1.0
eingehen	neg 1.0		__DUMMY__ 0.8806315122819873 neg 0.07478758225561832 off 0.04458090546239427	false	1.0
faul	off 1.0		__DUMMY__ 0.8846651088725653 neg 0.06582544544478394 off 0.04950944568265062	false	0.5
provisorium	neg 1.0		__DUMMY__ 0.8894805204143998 neg 0.07313771464071057 off 0.03738176494488967	false	1.0
schmerzen	neg 1.0		__DUMMY__ 0.8850705795500093 neg 0.0697639259561094 off 0.04516549449388131	false	1.0
schrumpfen	neg 1.0		__DUMMY__ 0.8851937918285432 neg 0.07471100425355601 off 0.0400952039179008	false	1.0
geistlos	off 1.0		__DUMMY__ 0.8721391071788547 neg 0.07834706652749795 off 0.04951382629364738	false	0.5
fehlkauf	neg 1.0		__DUMMY__ 0.8792402452452006 neg 0.07162591450732497 off 0.04913384024747444	false	1.0
frustrierend	neg 1.0	neg 1.0	neg 0.5223603314296259 __DUMMY__ 0.44027609861766315 off 0.037363569952710944	false	1.0
unzufrieden	neg 1.0		__DUMMY__ 0.8813040317164627 neg 0.07387972430277094 off 0.04481624398076631	false	1.0
verzweifeln	neg 1.0		__DUMMY__ 0.8833452578300511 neg 0.07056769658703645 off 0.04608704558291248	false	1.0
verzweifelt	neg 1.0		__DUMMY__ 0.8816435750365451 neg 0.0707917266828024 off 0.0475646982806524	false	1.0
misstrauensantrag	neg 1.0		__DUMMY__ 0.8782875800239799 neg 0.0727142237663632 off 0.04899819620965689	false	1.0
abfallen	neg 1.0		__DUMMY__ 0.8875451349999334 neg 0.06571293728281864 off 0.04674192771724797	false	1.0
fucker	off 1.0		__DUMMY__ 0.8781541858664733 neg 0.06865174135735794 off 0.053194072776168735	false	0.5
ungezogen	neg 1.0		__DUMMY__ 0.8788046844491019 neg 0.06374622963820312 off 0.05744908591269505	false	1.0
irrsinnig	neg 1.0	neg 1.0	neg 0.5250102805010796 __DUMMY__ 0.43913854423271903 off 0.03585117526620136	false	1.0
unfassbar	neg 1.0		__DUMMY__ 0.8806013418886766 neg 0.0688468798878373 off 0.05055177822348604	false	1.0
hart	neg 1.0		__DUMMY__ 0.8786315478549918 neg 0.07084713405547975 off 0.05052131808952847	false	1.0
widerlich	off 1.0		__DUMMY__ 0.8782004465990841 neg 0.07044454608715006 off 0.051355007313765785	false	0.5
fatal	neg 1.0		__DUMMY__ 0.8798194548301369 neg 0.07109984742734853 off 0.049080697742514494	false	1.0
bruch	neg 1.0		__DUMMY__ 0.8794295996140175 neg 0.07831937431857158 off 0.04225102606741096	false	1.0
aushungern	neg 1.0		__DUMMY__ 0.8753281010761704 neg 0.07707297368184692 off 0.0475989252419827	false	1.0
anspannung	neg 1.0		__DUMMY__ 0.8870124098965484 neg 0.07191998016772805 off 0.04106760993572356	false	1.0
von			__DUMMY__ 0.8889008438542113 neg 0.06850252245927656 off 0.04259663368651213	false	0.0
kraftlos	neg 1.0		__DUMMY__ 0.8875318590002748 neg 0.06835993135721052 off 0.044108209642514766	false	1.0
vom			__DUMMY__ 0.8918503231892909 neg 0.06993824674411409 off 0.03821143006659492	false	0.0
grenzdebil	off 1.0		__DUMMY__ 0.8813830985460847 neg 0.06725949494273438 off 0.05135740651118092	false	0.5
vor			__DUMMY__ 0.8861926947913525 neg 0.07181357610725911 off 0.041993729101388405	false	0.0
unterwerfen	neg 1.0		__DUMMY__ 0.880359608711338 neg 0.07536099456217721 off 0.044279396726484704	false	1.0
versenkung	neg 1.0		__DUMMY__ 0.8817979834939146 neg 0.07432177033347571 off 0.04388024617260978	false	1.0
entziehen	neg 1.0		__DUMMY__ 0.8820248029920926 neg 0.07585032418336735 off 0.042124872824540034	false	1.0
finanzkrise	neg 1.0		__DUMMY__ 0.8750377829460663 neg 0.07800648038560662 off 0.046955736668327	false	1.0
schimpfend	neg 1.0		__DUMMY__ 0.889318618931391 neg 0.063493339163047 off 0.047188041905562014	false	1.0
profan	neg 1.0		__DUMMY__ 0.8822157716064609 neg 0.06955378037614657 off 0.04823044801739256	false	1.0
korruption	neg 1.0		__DUMMY__ 0.875605383604638 neg 0.07875729890588824 off 0.04563731748947377	false	1.0
â			__DUMMY__ 0.883945089858882 neg 0.07129688582152834 off 0.04475802431958967	false	0.0
schmutzig	neg 1.0		__DUMMY__ 0.8845392505047048 neg 0.06466755572833151 off 0.050793193766963604	false	1.0
sexy	neg 1.0		__DUMMY__ 0.8817298295750544 neg 0.06822064895330843 off 0.05004952147163713	false	1.0
abraten	neg 1.0		__DUMMY__ 0.8835338934178331 neg 0.06907185279013332 off 0.04739425379203359	false	1.0
schwarz	neg 1.0		__DUMMY__ 0.8806504019495832 neg 0.07102372078129683 off 0.04832587726911989	false	1.0
fotze	off 1.0		__DUMMY__ 0.8798656771553497 neg 0.07440257299682128 off 0.045731749847829024	false	0.5
verwirren	neg 1.0		__DUMMY__ 0.8818247652899521 neg 0.06921727886758232 off 0.048957955842465484	false	1.0
zahnlos	off 1.0		__DUMMY__ 0.8797384700897058 neg 0.07509734908390939 off 0.04516418082638485	false	0.5
verheeren	neg 1.0		__DUMMY__ 0.8722682899520012 neg 0.06821786616029298 off 0.059513843887705836	false	1.0
hippie	neg 1.0		__DUMMY__ 0.8810813033409927 neg 0.06897205040926313 off 0.04994664624974419	false	1.0
rammen	neg 1.0		__DUMMY__ 0.8829315085834711 neg 0.06852552541296075 off 0.04854296600356823	false	1.0
unlauter	neg 1.0	neg 1.0	neg 0.5255314292987275 __DUMMY__ 0.43738963761474514 off 0.03707893308652724	false	1.0
unheilvoll	neg 1.0		__DUMMY__ 0.8834586519332585 neg 0.06873806877765387 off 0.04780327928908768	false	1.0
niedrig	neg 1.0		__DUMMY__ 0.8819519127568929 neg 0.07356081755019701 off 0.044487269692910184	false	1.0
explosion	neg 1.0		__DUMMY__ 0.882595172851106 neg 0.06804024442825868 off 0.04936458272063528	false	1.0
weichei	off 1.0		__DUMMY__ 0.878060106287713 neg 0.06664093941571846 off 0.05529895429656845	false	0.5
minusmensch	off 1.0		__DUMMY__ 0.871526398876052 neg 0.06888528293399043 off 0.059588318189957565	false	0.5
farblos	neg 1.0		__DUMMY__ 0.88031353811933 neg 0.07261283729272376 off 0.04707362458794625	false	1.0
unwissend	neg 1.0	neg 1.0	neg 0.5233831503095713 __DUMMY__ 0.4382357100666122 off 0.03838113962381636	false	1.0
traurig	neg 1.0		__DUMMY__ 0.8814189658981584 neg 0.06589631183932483 off 0.05268472226251691	false	1.0
senkung	neg 1.0		__DUMMY__ 0.8795946256659066 neg 0.07119702941640206 off 0.049208344917691264	false	1.0
ungleich	neg 1.0	neg 1.0	neg 0.5279531034667866 __DUMMY__ 0.43864920876451674 off 0.033397687768696706	false	1.0
heikel	neg 1.0		__DUMMY__ 0.8818099266256204 neg 0.07520962572889145 off 0.042980447645488126	false	1.0
drosselung	neg 1.0		__DUMMY__ 0.8822141078616482 neg 0.06497842448327805 off 0.052807467655073735	false	1.0
falsch	neg 1.0		__DUMMY__ 0.88063989936655 neg 0.06966659207194963 off 0.04969350856150034	false	1.0
unzufriedenheit	neg 1.0		__DUMMY__ 0.8811412629081741 neg 0.07588755960569793 off 0.04297117748612795	false	1.0
kurz	neg 1.0		__DUMMY__ 0.8868349740458384 neg 0.06820755243977954 off 0.04495747351438194	false	1.0
unsinnig	neg 1.0		__DUMMY__ 0.8810558983020327 neg 0.07377747967675734 off 0.045166622021210016	false	1.0
penner	off 1.0	off 1.0	off 0.5130835904037652 __DUMMY__ 0.43787282998366056 neg 0.04904357961257418	false	1.0
seicht	neg 1.0		__DUMMY__ 0.8738897679996452 neg 0.06845856909903487 off 0.0576516629013198	false	1.0
dummheit	off 1.0	off 1.0	off 0.5070790394504331 __DUMMY__ 0.4376279867440929 neg 0.055292973805473954	false	1.0
unerfreulich	neg 1.0		__DUMMY__ 0.8834164560726993 neg 0.07419590719672584 off 0.04238763673057489	false	1.0
motherfucker	off 1.0	off 1.0	off 0.5104013468750833 __DUMMY__ 0.43738386466726525 neg 0.05221478845765147	false	1.0
pikiert	neg 1.0		__DUMMY__ 0.8789119541287719 neg 0.07076329356491594 off 0.05032475230631218	false	1.0
wrack	neg 1.0		__DUMMY__ 0.8842733846497434 neg 0.07106655488956494 off 0.0446600604606916	false	1.0
gangster	neg 1.0		__DUMMY__ 0.8809740394328697 neg 0.06980272026602208 off 0.04922324030110829	false	1.0
krank	neg 1.0		__DUMMY__ 0.8842841026580402 neg 0.06469275727763146 off 0.05102314006432836	false	1.0
reich	neg 1.0		__DUMMY__ 0.8723770734352491 neg 0.07619605048850649 off 0.05142687607624451	false	1.0
gnadenlos	neg 1.0		__DUMMY__ 0.8817339648433594 neg 0.07074329239407233 off 0.04752274276256823	false	1.0
niedergeschlagen	neg 1.0		__DUMMY__ 0.8836347486149734 neg 0.07104335090817862 off 0.04532190047684803	false	1.0
terrorisieren	off 1.0	off 1.0	off 0.5034566866832243 __DUMMY__ 0.4403677830108713 neg 0.056175530305904456	false	1.0
sinnlosigkeit	neg 1.0		__DUMMY__ 0.8802018948978575 neg 0.07467418747094386 off 0.04512391763119854	false	1.0
behindern	neg 1.0		__DUMMY__ 0.8843549850343744 neg 0.06926534556256814 off 0.046379669403057405	false	1.0
undemokratisch	neg 1.0		__DUMMY__ 0.874181505003897 neg 0.07733758729997545 off 0.04848090769612741	false	1.0
wirtschaftskrise	neg 1.0		__DUMMY__ 0.8778351329000633 neg 0.07671863411850054 off 0.04544623298143621	false	1.0
neid	neg 1.0		__DUMMY__ 0.8844805011041459 neg 0.06648258167325292 off 0.04903691722260115	false	1.0
rutschen	neg 1.0		__DUMMY__ 0.8929382835194118 neg 0.06696603692710856 off 0.040095679553479556	false	1.0
rezession	neg 1.0		__DUMMY__ 0.8729574474640476 neg 0.0723532661198264 off 0.05468928641612606	false	1.0
fehlgeburt	neg 1.0		__DUMMY__ 0.8823210370041937 neg 0.07082107120223642 off 0.04685789179356994	false	1.0
charakterschwach	off 1.0		__DUMMY__ 0.8787566210801074 neg 0.06994499159468133 off 0.05129838732521129	false	0.5
isolation	neg 1.0		__DUMMY__ 0.882167815137772 neg 0.06706801024454595 off 0.050764174617682026	false	1.0
ablenkung	neg 1.0		__DUMMY__ 0.8844304295677207 neg 0.0688215551237559 off 0.04674801530852336	false	1.0
pech	neg 1.0		__DUMMY__ 0.8831487152244502 neg 0.06827778018902143 off 0.04857350458652837	false	1.0
vermeidung	neg 1.0		__DUMMY__ 0.8830935477531289 neg 0.06508037080585616 off 0.05182608144101494	false	1.0
dominieren	neg 1.0		__DUMMY__ 0.8822307392339263 neg 0.07198788789041488 off 0.04578137287565876	false	1.0
schwindlig	neg 1.0		__DUMMY__ 0.8861163604650772 neg 0.06564827034069663 off 0.04823536919422623	false	1.0
lutscher	neg 1.0		__DUMMY__ 0.8751863975104532 neg 0.06680141455170269 off 0.058012187937844115	false	1.0
pflicht	neg 1.0		__DUMMY__ 0.8816510560264139 neg 0.07532900022781601 off 0.04301994374577016	false	1.0
faschist	off 1.0		__DUMMY__ 0.8746166010586836 neg 0.07612808710813677 off 0.04925531183317961	false	0.5
verschleudern	neg 1.0		__DUMMY__ 0.878473338591145 neg 0.07660190379120585 off 0.0449247576176492	false	1.0
wenn			__DUMMY__ 0.8813763684909336 neg 0.06893983363518144 off 0.04968379787388503	false	0.0
ehebruch	neg 1.0		__DUMMY__ 0.8785274973107158 neg 0.07680640861292108 off 0.044666094076363	false	1.0
spott	off 1.0		__DUMMY__ 0.8794325898860951 neg 0.07638911029145208 off 0.04417829982245288	false	0.5
trostlosigkeit	neg 1.0		__DUMMY__ 0.8769213602635705 neg 0.07983212966871592 off 0.04324651006771353	false	1.0
lutschen	neg 1.0		__DUMMY__ 0.8777875136103132 neg 0.07170928688193186 off 0.05050319950775496	false	1.0
undiszipliniert	neg 1.0		__DUMMY__ 0.8799680479836858 neg 0.06786644349327448 off 0.05216550852303969	false	1.0
kopfschmerz	neg 1.0		__DUMMY__ 0.8838388860970063 neg 0.07035234460482624 off 0.045808769298167434	false	1.0
unvorhergesehen	neg 1.0		__DUMMY__ 0.888381592198779 neg 0.0670102507122157 off 0.04460815708900526	false	1.0
desinteressiert	neg 1.0		__DUMMY__ 0.8787970572683356 neg 0.06906381585988161 off 0.052139126871782855	false	1.0
armselig	off 1.0		__DUMMY__ 0.8769348644583584 neg 0.0699950032977935 off 0.05307013224384806	false	0.5
desaster	neg 1.0		__DUMMY__ 0.8790338752832305 neg 0.07896601945260094 off 0.0420001052641685	false	1.0
tod	neg 1.0		__DUMMY__ 0.8758182056768318 neg 0.0801584309926093 off 0.04402336333055887	false	1.0
herzlos	neg 1.0		__DUMMY__ 0.8802095912755138 neg 0.06647720953926785 off 0.05331319918521832	false	1.0
unwissenheit	neg 1.0		__DUMMY__ 0.87872267373184 neg 0.07611399279278533 off 0.0451633334753747	false	1.0
widersinnig	neg 1.0		__DUMMY__ 0.8750824905773026 neg 0.07850708094511917 off 0.04641042847757825	false	1.0
bedenklich	neg 1.0		__DUMMY__ 0.8813184404200616 neg 0.07486570248843771 off 0.043815857091500654	false	1.0
beanstanden	neg 1.0		__DUMMY__ 0.8821435688505225 neg 0.07521110939408578 off 0.04264532175539181	false	1.0
panisch	neg 1.0	neg 1.0	neg 0.518818280442331 __DUMMY__ 0.44508668441326305 off 0.036095035144405936	false	1.0
debil	off 1.0		__DUMMY__ 0.883906605144833 neg 0.07602187970867007 off 0.0400715151464969	false	0.5
abstrich	neg 1.0		__DUMMY__ 0.8871434972252776 neg 0.06704544734847019 off 0.04581105542625215	false	1.0
primitiv	neg 1.0		__DUMMY__ 0.8781403324718592 neg 0.07000645813897316 off 0.05185320938916766	false	1.0
abschaum	off 1.0	off 1.0	off 0.5086192118896832 __DUMMY__ 0.4368104111707985 neg 0.054570376939518245	false	1.0
provozieren	neg 1.0		__DUMMY__ 0.8791522962158567 neg 0.07371791011343816 off 0.047129793670705196	false	1.0
tot	neg 1.0		__DUMMY__ 0.8818727063800983 neg 0.07246997995490895 off 0.045657313664992726	false	1.0
instabil	neg 1.0		__DUMMY__ 0.8758680665767332 neg 0.0701777268715751 off 0.053954206551691704	false	1.0
schwuchtel	off 1.0		__DUMMY__ 0.8709765382685658 neg 0.06639030593689342 off 0.0626331557945407	false	0.5
zerren	neg 1.0		__DUMMY__ 0.8837771007682397 neg 0.07085820525257316 off 0.045364693979187236	false	1.0
kinderficker	off 1.0		__DUMMY__ 0.8754397426154114 neg 0.06962791033075602 off 0.05493234705383256	false	0.5
gefahr	neg 1.0		__DUMMY__ 0.8802693821679919 neg 0.07525566175475717 off 0.044474956077250924	false	1.0
rabiat	neg 1.0		__DUMMY__ 0.8817345557273456 neg 0.07149756378698766 off 0.04676788048566675	false	1.0
verlangsamung	neg 1.0		__DUMMY__ 0.8724094818778274 neg 0.07030551990478338 off 0.0572849982173892	false	1.0
ausgestorben	neg 1.0		__DUMMY__ 0.883418820137852 neg 0.07115025574651977 off 0.04543092411562824	false	1.0
anklagen	neg 1.0		__DUMMY__ 0.8784006005482611 neg 0.07492798562953716 off 0.04667141382220183	false	1.0
trott	neg 1.0		__DUMMY__ 0.8832663179080998 neg 0.07015786383347095 off 0.0465758182584293	false	1.0
verminderung	neg 1.0		__DUMMY__ 0.8797519703387385 neg 0.06764295093581314 off 0.052605078725448284	false	1.0
nach			__DUMMY__ 0.8895996558458755 neg 0.07022339689409503 off 0.04017694726002948	false	0.0
rost	neg 1.0		__DUMMY__ 0.8754309427794217 neg 0.06727571546014487 off 0.057293341760433394	false	1.0
destruktiv	neg 1.0	neg 1.0	neg 0.5275641190353278 __DUMMY__ 0.43736986261017263 off 0.03506601835449957	false	1.0
unzumutbarkeit	neg 1.0		__DUMMY__ 0.8812545501982991 neg 0.06678602779003952 off 0.05195942201166136	false	1.0
labil	off 1.0	off 1.0	off 0.5092257701453919 __DUMMY__ 0.4374887513291367 neg 0.0532854785254713	false	1.0
ziemlich	neg 1.0		__DUMMY__ 0.8813441712453549 neg 0.06766882966999103 off 0.050986999084654074	false	1.0
lachnummer	off 1.0		__DUMMY__ 0.8783791064595682 neg 0.07524929624429856 off 0.04637159729613316	false	0.5
oder			__DUMMY__ 0.8849032687174786 neg 0.06881686412088557 off 0.04627986716163585	false	0.0
verfall	neg 1.0		__DUMMY__ 0.8836340182512572 neg 0.07616121212605184 off 0.04020476962269096	false	1.0
ausgrenzung	neg 1.0		__DUMMY__ 0.8749799328196382 neg 0.07600978222771014 off 0.04901028495265175	false	1.0
unordnung	neg 1.0		__DUMMY__ 0.8778752330660324 neg 0.0678463320765746 off 0.054278434857393	false	1.0
fehlverhalten	neg 1.0		__DUMMY__ 0.8795979749448717 neg 0.07638640107818181 off 0.044015623976946555	false	1.0
eine			__DUMMY__ 0.885650590039616 neg 0.07212383473227342 off 0.042225575228110546	false	0.0
nille	neg 1.0		__DUMMY__ 0.8782560414064436 neg 0.07454757556178324 off 0.04719638303177314	false	1.0
qual	neg 1.0		__DUMMY__ 0.8827690722345276 neg 0.07066623307040075 off 0.04656469469507163	false	1.0
verschwenden	neg 1.0		__DUMMY__ 0.882813558890887 neg 0.07339807951836635 off 0.043788361590746686	false	1.0
riesig	neg 1.0		__DUMMY__ 0.8824678875511727 neg 0.071757957939155 off 0.04577415450967236	false	1.0
verurteilen	neg 1.0		__DUMMY__ 0.8777444683514287 neg 0.07684020015438844 off 0.04541533149418285	false	1.0
klischee	neg 1.0	neg 1.0	neg 0.5251218179068449 __DUMMY__ 0.43732280546174124 off 0.03755537663141402	false	1.0
diktatorisch	neg 1.0		__DUMMY__ 0.872380169348155 neg 0.0790970890801447 off 0.04852274157170022	false	1.0
vorhersehbar	neg 1.0		__DUMMY__ 0.8776282928306395 neg 0.07380830712952587 off 0.04856340003983467	false	1.0
sowie			__DUMMY__ 0.8745134304084357 neg 0.06936129973373609 off 0.05612526985782827	false	0.0
stornieren	neg 1.0		__DUMMY__ 0.8854765392261877 neg 0.06596881363892088 off 0.04855464713489138	false	1.0
besteuerung	neg 1.0		__DUMMY__ 0.8799149922394178 neg 0.07231394057044496 off 0.04777106719013709	false	1.0
ungeschminkt	neg 1.0		__DUMMY__ 0.8800514322094155 neg 0.06879292637778292 off 0.05115564141280157	false	1.0
kritisch	neg 1.0		__DUMMY__ 0.8793128970181634 neg 0.07647750677723664 off 0.04420959620460001	false	1.0
schlamperei	off 1.0		__DUMMY__ 0.8784306889949697 neg 0.07687427010126302 off 0.044695040903767316	false	0.5
sucht	neg 1.0	neg 1.0	neg 0.5186462734609197 __DUMMY__ 0.44475392861901136 off 0.0365997979200688	false	1.0
egoistisch	off 1.0		__DUMMY__ 0.8776562511052121 neg 0.06702780142571563 off 0.0553159474690723	false	0.5
ausbeuter	off 1.0		__DUMMY__ 0.878102303919146 neg 0.07815627212505842 off 0.043741423955795514	false	0.5
arschgeburt	off 1.0		__DUMMY__ 0.8710493850560659 neg 0.06635588287528162 off 0.06259473206865246	false	0.5
schubs	neg 1.0	neg 1.0	neg 0.5219522511876792 __DUMMY__ 0.444704126032989 off 0.03334362277933177	false	1.0
unsolide	neg 1.0		__DUMMY__ 0.8694718907472603 neg 0.07924885973286638 off 0.05127924951987335	false	1.0
beschwerde	neg 1.0		__DUMMY__ 0.8796184012699675 neg 0.07509664727244737 off 0.045284951457585175	false	1.0
stocken	neg 1.0		__DUMMY__ 0.8822277261316785 neg 0.07310110051681451 off 0.04467117335150697	false	1.0
isolieren	neg 1.0		__DUMMY__ 0.8848102807771633 neg 0.06901921194525176 off 0.046170507277584864	false	1.0
unheilbar	neg 1.0		__DUMMY__ 0.8797663211169006 neg 0.07287084101957048 off 0.047362837863528934	false	1.0
pisser	off 1.0		__DUMMY__ 0.8765066538716739 neg 0.06962982832438777 off 0.05386351780393827	false	0.5
löschen	neg 1.0		__DUMMY__ 0.8809004803410047 neg 0.07134335379113757 off 0.04775616586785776	false	1.0
durchfallen	neg 1.0		__DUMMY__ 0.881366131330601 neg 0.07442511847253676 off 0.044208750196862115	false	1.0
wichser	off 1.0		__DUMMY__ 0.8761817524775443 neg 0.06472793571163817 off 0.059090311810817545	false	0.5
terror	neg 1.0		__DUMMY__ 0.8840710051898711 neg 0.06642103566941521 off 0.04950795914071362	false	1.0
krass	neg 1.0		__DUMMY__ 0.8799853327667809 neg 0.06665948878888034 off 0.05335517844433871	false	1.0
revolte	neg 1.0	neg 1.0	neg 0.5291602834946947 __DUMMY__ 0.4328377578999373 off 0.038001958605368105	false	1.0
besorgt	neg 1.0		__DUMMY__ 0.8876738656908724 neg 0.06718195744474671 off 0.045144176864380915	false	1.0
nachlassen	neg 1.0		__DUMMY__ 0.883528926807724 neg 0.07160667067859876 off 0.044864402513677244	false	1.0
alt	neg 1.0		__DUMMY__ 0.8869255574153851 neg 0.07029270236916288 off 0.04278174021545185	false	1.0
hundesohn	off 1.0		__DUMMY__ 0.8731103861161263 neg 0.06805255894925377 off 0.058837054934619895	false	0.5
als			__DUMMY__ 0.8845265689910143 neg 0.07076144757370745 off 0.04471198343527818	false	0.0
abschreckung	neg 1.0		__DUMMY__ 0.879747642577322 neg 0.07734309284571325 off 0.042909264576964784	false	1.0
unqualifiziert	neg 1.0	neg 1.0	neg 0.5251365134898266 __DUMMY__ 0.4378364061842268 off 0.037027080325946565	false	1.0
abgewichst	off 1.0		__DUMMY__ 0.8805725327920417 neg 0.0732869700288748 off 0.046140497179083376	false	0.5
schwer	neg 1.0		__DUMMY__ 0.8831777736498337 neg 0.07062951775079661 off 0.046192708599369595	false	1.0
bedeutungslosigkeit	neg 1.0		__DUMMY__ 0.8800455737691463 neg 0.07647558601713603 off 0.04347884021371774	false	1.0
kapitulation	neg 1.0		__DUMMY__ 0.8743633900666908 neg 0.08027851030654506 off 0.04535809962676406	false	1.0
unscharf	neg 1.0		__DUMMY__ 0.8823037107761412 neg 0.06913964273878301 off 0.04855664648507571	false	1.0
schwinden	neg 1.0		__DUMMY__ 0.8814674646180842 neg 0.0750555487033791 off 0.043476986678536715	false	1.0
versklavung	neg 1.0	neg 1.0	neg 0.5287016152038773 __DUMMY__ 0.4347343061524956 off 0.03656407864362714	false	1.0
schlecht	neg 1.0		__DUMMY__ 0.8816607609748263 neg 0.06704778273247976 off 0.05129145629269392	false	1.0
verhasst	neg 1.0		__DUMMY__ 0.8782482390054808 neg 0.07455449019334619 off 0.04719727080117305	false	1.0
beschweren	neg 1.0		__DUMMY__ 0.8822581274019419 neg 0.0698579184024588 off 0.047883954195599404	false	1.0
scheiden	neg 1.0		__DUMMY__ 0.8842037681902869 neg 0.06998541536486269 off 0.045810816444850425	false	1.0
frustriert	neg 1.0		__DUMMY__ 0.8824087868761157 neg 0.07204773920695479 off 0.04554347391692956	false	1.0
schimmelig	neg 1.0		__DUMMY__ 0.8822236083737451 neg 0.07417830250032091 off 0.04359808912593396	false	1.0
fisch	neg 1.0	neg 1.0	neg 0.5222879236953628 __DUMMY__ 0.44439708123162114 off 0.03331499507301605	false	1.0
schmuggel	neg 1.0		__DUMMY__ 0.8848831753082822 neg 0.07225069491423511 off 0.04286612977748266	false	1.0
auffallen	neg 1.0		__DUMMY__ 0.8818894902698808 neg 0.06984832370080762 off 0.04826218602931164	false	1.0
konkurrenz	neg 1.0		__DUMMY__ 0.884687250634939 neg 0.07281537780218776 off 0.04249737156287318	false	1.0
teufelskreis	neg 1.0	neg 1.0	neg 0.5260890435315142 __DUMMY__ 0.4391585038707543 off 0.034752452597731534	false	1.0
aufschreien	neg 1.0		__DUMMY__ 0.8788380713725227 neg 0.07276327359009033 off 0.04839865503738704	false	1.0
schuldner	neg 1.0		__DUMMY__ 0.8787605303968877 neg 0.07707196749663611 off 0.04416750210647626	false	1.0
missgeburt	off 1.0	off 1.0	off 0.5125895134705862 __DUMMY__ 0.43574491622542755 neg 0.05166557030398618	false	1.0
arbeitslos	neg 1.0		__DUMMY__ 0.8804423171556033 neg 0.07441407030807555 off 0.04514361253632114	false	1.0
befallen	neg 1.0		__DUMMY__ 0.8737323133163121 neg 0.08096818101076433 off 0.045299505672923526	false	1.0
miesepetrig	off 1.0		__DUMMY__ 0.8828044899756756 neg 0.06653586598424513 off 0.05065964404007921	false	0.5
alarmieren	neg 1.0		__DUMMY__ 0.8764022879738758 neg 0.07258068698399622 off 0.05101702504212808	false	1.0
ungeduscht	off 1.0		__DUMMY__ 0.8825712268827782 neg 0.06885632214492604 off 0.04857245097229566	false	0.5
knappheit	neg 1.0		__DUMMY__ 0.8793981612542975 neg 0.07533290562922226 off 0.045268933116480156	false	1.0
schlange	neg 1.0		__DUMMY__ 0.8852122448661518 neg 0.06729987338030455 off 0.04748788175354367	false	1.0
harsch	neg 1.0		__DUMMY__ 0.8810923172408827 neg 0.06293338969441847 off 0.05597429306469888	false	1.0
lang	neg 1.0		__DUMMY__ 0.881785972537413 neg 0.07046258716915174 off 0.047751440293435324	false	1.0
ziellos	neg 1.0		__DUMMY__ 0.8833520366579012 neg 0.07221462827783355 off 0.044433335064265306	false	1.0
selbstverliebt	neg 1.0		__DUMMY__ 0.8714838474217006 neg 0.06824563498291943 off 0.06027051759538003	false	1.0
beseitigen	neg 1.0		__DUMMY__ 0.8849190511595236 neg 0.06768239114570597 off 0.04739855769477044	false	1.0
dumm	off 1.0		__DUMMY__ 0.8762428393087733 neg 0.06783725635633463 off 0.05591990433489201	false	0.5
arbeitsloser	neg 1.0		__DUMMY__ 0.8814914644464864 neg 0.07400681362456525 off 0.04450172192894831	false	1.0
blitzen	neg 1.0		__DUMMY__ 0.8792366891082086 neg 0.07094988524277047 off 0.049813425649020894	false	1.0
hilflos	neg 1.0		__DUMMY__ 0.882634920110764 neg 0.07221077756590676 off 0.045154302323329176	false	1.0
eklig	off 1.0		__DUMMY__ 0.8752789304500658 neg 0.06812950802432584 off 0.056591561525608354	false	0.5
begriff			__DUMMY__ 0.88100750877516 neg 0.07337578244296951 off 0.045616708781870526	false	0.0
hungersnot	neg 1.0		__DUMMY__ 0.873512627802605 neg 0.07942436894552025 off 0.047063003251874846	false	1.0
ungesetzlich	neg 1.0		__DUMMY__ 0.873396657806935 neg 0.07697019599458714 off 0.04963314619847798	false	1.0
verschwendung	neg 1.0		__DUMMY__ 0.8821806694436231 neg 0.07466353154432806 off 0.04315579901204894	false	1.0
schmerzvoll	neg 1.0		__DUMMY__ 0.8825731921566626 neg 0.06959913725792295 off 0.04782767058541433	false	1.0
vorzeitig	neg 1.0		__DUMMY__ 0.8805465927987636 neg 0.06837522921991607 off 0.051078177981320236	false	1.0
unvollkommenheit	neg 1.0		__DUMMY__ 0.8816579854773305 neg 0.07151969503105587 off 0.04682231949161358	false	1.0
intervenieren	neg 1.0		__DUMMY__ 0.877193622050151 neg 0.07872289258272487 off 0.04408348536712406	false	1.0
banause	off 1.0		__DUMMY__ 0.8752296240315831 neg 0.06697677384852628 off 0.057793602119890486	false	0.5
rebell	neg 1.0		__DUMMY__ 0.884504124334482 neg 0.07344338824071664 off 0.042052487424801346	false	1.0
unlogisch	neg 1.0		__DUMMY__ 0.8779160116421119 neg 0.06896110883446312 off 0.053122879523424996	false	1.0
leiden	neg 1.0	neg 1.0	neg 0.5201481657277857 __DUMMY__ 0.448130778607636 off 0.031721055664578286	false	1.0
abschaffung	neg 1.0		__DUMMY__ 0.8774961015546175 neg 0.07470103489586014 off 0.04780286354952234	false	1.0
sturz	neg 1.0		__DUMMY__ 0.8762038034843991 neg 0.07560979735679332 off 0.04818639915880772	false	1.0
verkleinerung	neg 1.0		__DUMMY__ 0.8758881682639501 neg 0.07376335394640697 off 0.050348477789642916	false	1.0
schmarotzer	off 1.0		__DUMMY__ 0.878719928024204 neg 0.07643260610096576 off 0.04484746587483025	false	0.5
bestrafung	neg 1.0		__DUMMY__ 0.8805317173395623 neg 0.07165402840900228 off 0.04781425425143551	false	1.0
achtlos	neg 1.0		__DUMMY__ 0.8849446754883656 neg 0.0689383500264376 off 0.04611697448519669	false	1.0
ungeheuer	neg 1.0		__DUMMY__ 0.8810996082807032 neg 0.07052527907435437 off 0.048375112644942375	false	1.0
unaufrichtig	neg 1.0		__DUMMY__ 0.8755884570633261 neg 0.07481270462587594 off 0.049598838310797894	false	1.0
