unsolidarisch	neg 1.0		neg 0.41352237799877556 __DUMMY__ 0.3226279751491095 off 0.2638496468521151	false	1.0
nachteilig	neg 1.0		neg 0.4099110507248898 __DUMMY__ 0.3274516005420175 off 0.26263734873309263	false	1.0
skeptisch	neg 1.0		neg 0.41140368707379615 __DUMMY__ 0.3285679871045702 off 0.26002832582163354	false	1.0
schrecklich	neg 1.0		neg 0.39807981007801874 __DUMMY__ 0.32670209690269525 off 0.2752180930192859	false	1.0
schlapp	neg 1.0		neg 0.3994678037372493 __DUMMY__ 0.3290824679104307 off 0.27144972835231995	false	1.0
abfall	neg 1.0		neg 0.4129633239978565 __DUMMY__ 0.32883253484830505 off 0.25820414115383833	false	1.0
widerspenstig	neg 1.0		neg 0.4043224467675679 __DUMMY__ 0.3294694993014637 off 0.2662080539309683	false	1.0
abrupt	neg 1.0		neg 0.40496218325693867 __DUMMY__ 0.3301148602511945 off 0.26492295649186676	false	1.0
unwirksam	neg 1.0		neg 0.4099731792972606 __DUMMY__ 0.3246746174642899 off 0.26535220323844955	false	1.0
angreifen	neg 1.0		neg 0.41173165121788574 __DUMMY__ 0.3273377362851013 off 0.26093061249701305	false	1.0
inkonsistent	neg 1.0		neg 0.4065666951834933 __DUMMY__ 0.3259860450291199 off 0.26744725978738676	false	1.0
abrutschen	neg 1.0		neg 0.4116041099844106 __DUMMY__ 0.3296008829333472 off 0.2587950070822421	false	1.0
unsicher	neg 1.0		neg 0.40563005210886766 __DUMMY__ 0.32847740470162684 off 0.2658925431895056	false	1.0
bauernkind	off 1.0		neg 0.3980429768082489 __DUMMY__ 0.3240150920283455 off 0.27794193116340565	false	0.5
angreifer	neg 1.0		neg 0.4066872759413695 __DUMMY__ 0.3251212844210334 off 0.2681914396375971	false	1.0
trennen	neg 1.0		neg 0.4061494872043414 __DUMMY__ 0.3314295376030654 off 0.26242097519259305	false	1.0
schmutz	neg 1.0		neg 0.39603080788629835 __DUMMY__ 0.33062590327093777 off 0.27334328884276404	false	1.0
inkonsistenz	neg 1.0	neg 1.0	neg 0.6942518657427804 __DUMMY__ 0.1573154855513378 off 0.14843264870588185	false	1.0
erschreckend	neg 1.0		neg 0.4085419005485216 __DUMMY__ 0.32742949327489246 off 0.26402860617658597	false	1.0
ertrinken	neg 1.0		neg 0.4078205605195964 __DUMMY__ 0.32950397429482786 off 0.2626754651855758	false	1.0
pickelface	off 1.0		neg 0.40780092251227523 __DUMMY__ 0.3261207291837342 off 0.2660783483039906	false	0.5
seiner			neg 0.4098661580770307 __DUMMY__ 0.3286447310122892 off 0.26148911091068006	false	0.0
lauch	neg 1.0		neg 0.4118905045590973 __DUMMY__ 0.328449739599728 off 0.2596597558411746	false	1.0
unwichtig	neg 1.0		neg 0.4028820018973974 __DUMMY__ 0.32681720945938225 off 0.2703007886432202	false	1.0
steuerhinterziehung	neg 1.0		neg 0.4120082725998715 __DUMMY__ 0.3245463235223987 off 0.2634454038777297	false	1.0
schock	neg 1.0		neg 0.40515703415366666 __DUMMY__ 0.330021702729592 off 0.2648212631167413	false	1.0
beule	neg 1.0		neg 0.39844855505697435 __DUMMY__ 0.3287189052979867 off 0.27283253964503884	false	1.0
vergelten	neg 1.0		neg 0.3989261978268395 __DUMMY__ 0.3249421874068555 off 0.2761316147663048	false	1.0
verdorbenheit	neg 1.0	neg 1.0	neg 0.6923709248846446 __DUMMY__ 0.1593276715888475 off 0.14830140352650792	false	1.0
trauma	neg 1.0		neg 0.4049541447964716 __DUMMY__ 0.3273832807055387 off 0.26766257449798975	false	1.0
sinnlos	neg 1.0		neg 0.4043414362611686 __DUMMY__ 0.3276315111933365 off 0.26802705254549497	false	1.0
fettsack	off 1.0	off 1.0	off 0.6230453459887927 neg 0.22032604185538215 __DUMMY__ 0.15662861215582521	false	1.0
feige	off 1.0		neg 0.4048974852993881 __DUMMY__ 0.3257448101211764 off 0.26935770457943536	false	0.5
abdanken	neg 1.0		neg 0.41314083734620616 __DUMMY__ 0.32363562922812245 off 0.2632235334256714	false	1.0
wichtigtuer	off 1.0	off 1.0	off 0.6174932941073641 neg 0.22521299934389888 __DUMMY__ 0.157293706548737	false	1.0
misslingen	neg 1.0		neg 0.4015602241262094 __DUMMY__ 0.32944831621631854 off 0.2689914596574721	false	1.0
untreu	off 1.0		neg 0.40156178607505644 __DUMMY__ 0.3270743343245279 off 0.2713638796004157	false	0.5
missmutig	neg 1.0		neg 0.40063519025228833 __DUMMY__ 0.3287702141725728 off 0.2705945955751388	false	1.0
hurenbock	off 1.0		neg 0.40149909789038307 __DUMMY__ 0.32986403378779244 off 0.2686368683218245	false	0.5
betrunken	neg 1.0		neg 0.3978258952387936 __DUMMY__ 0.3283610259533681 off 0.2738130788078383	false	1.0
korrupt	off 1.0		neg 0.41470851914151985 __DUMMY__ 0.32389111491830397 off 0.2614003659401762	false	0.5
unmut	neg 1.0		neg 0.4130278010137033 __DUMMY__ 0.328140984596173 off 0.25883121439012363	false	1.0
hackfresse	off 1.0		neg 0.39583773074673395 __DUMMY__ 0.32560116416142976 off 0.2785611050918364	false	0.5
aufblasen	neg 1.0		neg 0.40237866547044504 __DUMMY__ 0.32951832761694755 off 0.2681030069126074	false	1.0
gewaltsam	neg 1.0		neg 0.40956391476862314 __DUMMY__ 0.3248191886668155 off 0.2656168965645614	false	1.0
unbeliebtheit	neg 1.0		neg 0.4088435358106092 __DUMMY__ 0.32110983775442553 off 0.27004662643496524	false	1.0
sturheit	neg 1.0		neg 0.4109489169963829 __DUMMY__ 0.32575220795912857 off 0.2632988750444886	false	1.0
kuh	neg 1.0		neg 0.40599899333693334 __DUMMY__ 0.3266725919705572 off 0.26732841469250945	false	1.0
erschrecken	neg 1.0		neg 0.4014269757769232 __DUMMY__ 0.3284665198400004 off 0.2701065043830764	false	1.0
opfer	neg 1.0	neg 1.0	neg 0.6971393935834379 __DUMMY__ 0.15825178107523044 off 0.14460882534133163	false	1.0
sinken	neg 1.0		neg 0.4118856054942609 __DUMMY__ 0.32834194795195515 off 0.25977244655378395	false	1.0
stinktier	neg 1.0		neg 0.39995809357360446 __DUMMY__ 0.3250973663332908 off 0.27494454009310476	false	1.0
tucke	off 1.0		neg 0.395092974803264 __DUMMY__ 0.3257199431961475 off 0.2791870820005884	false	0.5
ein			neg 0.4011832386676048 __DUMMY__ 0.3308549081594413 off 0.26796185317295407	false	0.0
abstieg	neg 1.0		neg 0.410239825699061 __DUMMY__ 0.32647097211317794 off 0.2632892021877611	false	1.0
missverstehen	neg 1.0		neg 0.40688261854445884 __DUMMY__ 0.32603983101381595 off 0.2670775504417252	false	1.0
ergebnislos	neg 1.0		neg 0.4099867364613406 __DUMMY__ 0.32701630324712283 off 0.2629969602915366	false	1.0
unter			neg 0.4107683069351629 __DUMMY__ 0.3328632133115416 off 0.25636847975329563	false	0.0
manipulieren	neg 1.0		neg 0.4125537874723906 __DUMMY__ 0.32700550296002906 off 0.26044070956758036	false	1.0
unbewiesen	neg 1.0		neg 0.4146933457657229 __DUMMY__ 0.3220746513374608 off 0.26323200289681614	false	1.0
verschleppen	neg 1.0		neg 0.41151977753499924 __DUMMY__ 0.32621779067278683 off 0.262262431792214	false	1.0
weib	off 1.0		neg 0.39484065757759673 __DUMMY__ 0.3252078672167164 off 0.2799514752056868	false	0.5
opposition	neg 1.0		neg 0.40940229040658704 __DUMMY__ 0.32430460087729807 off 0.2662931087161148	false	1.0
verkehrswidrig	neg 1.0		neg 0.39526581943977834 __DUMMY__ 0.3273517318386454 off 0.27738244872157636	false	1.0
inkorrekt	neg 1.0		neg 0.40682014169386654 __DUMMY__ 0.32332258021180454 off 0.2698572780943291	false	1.0
vermeiden	neg 1.0		neg 0.4111070368862538 __DUMMY__ 0.3308549870118254 off 0.25803797610192075	false	1.0
abweichung	neg 1.0		neg 0.4147348954980993 __DUMMY__ 0.3240220304516879 off 0.2612430740502129	false	1.0
alkoholisiert	neg 1.0		neg 0.4068578464877496 __DUMMY__ 0.32914786643130695 off 0.26399428708094336	false	1.0
scheiss	off 1.0	off 1.0	off 0.6208449104575534 neg 0.22106063276012974 __DUMMY__ 0.15809445678231687	false	1.0
herausforderung	neg 1.0		neg 0.40381643583589066 __DUMMY__ 0.33133617919249114 off 0.26484738497161814	false	1.0
pervers	off 1.0		neg 0.39243484947053947 __DUMMY__ 0.3247360568909578 off 0.2828290936385027	false	0.5
wackelig	neg 1.0		neg 0.4032459379299645 __DUMMY__ 0.33169555652281874 off 0.26505850554721666	false	1.0
verwickeln	neg 1.0		neg 0.4062261150337321 __DUMMY__ 0.32670059366924287 off 0.26707329129702495	false	1.0
vorwand	neg 1.0		neg 0.4132494357030107 __DUMMY__ 0.3273965371765357 off 0.25935402712045347	false	1.0
muschi	off 1.0		neg 0.4079181108219654 __DUMMY__ 0.3263537940302407 off 0.2657280951477938	false	0.5
entmutigung	neg 1.0		neg 0.41360808346212236 __DUMMY__ 0.3209950289660267 off 0.26539688757185076	false	1.0
unangemessen	neg 1.0		neg 0.4120104094136595 __DUMMY__ 0.3258595865406821 off 0.26213000404565845	false	1.0
unstetig	neg 1.0		neg 0.40506794284256886 __DUMMY__ 0.3258161693266296 off 0.26911588783080154	false	1.0
entmutigen	neg 1.0		neg 0.404939405978486 __DUMMY__ 0.3280597226500123 off 0.2670008713715018	false	1.0
schwanz	neg 1.0		neg 0.40892350374503345 __DUMMY__ 0.3274343816691386 off 0.2636421145858279	false	1.0
verbot	neg 1.0		neg 0.4132164791015464 __DUMMY__ 0.324437511090602 off 0.26234600980785155	false	1.0
leid	neg 1.0		neg 0.3975844599358108 __DUMMY__ 0.32587940879426197 off 0.2765361312699272	false	1.0
archaisch	neg 1.0		neg 0.41050762833533333 __DUMMY__ 0.32645059239399327 off 0.2630417792706734	false	1.0
gegen			neg 0.4125847527766201 __DUMMY__ 0.32740997416217177 off 0.260005273061208	false	0.0
scheidung	neg 1.0	neg 1.0	neg 0.6822293060774919 off 0.16113546782720234 __DUMMY__ 0.15663522609530584	false	1.0
einschlag	neg 1.0		neg 0.3979578555719417 __DUMMY__ 0.3259627294591664 off 0.2760794149688918	false	1.0
m			neg 0.4057454217193354 __DUMMY__ 0.32913674502104306 off 0.26511783325962146	false	0.0
abgestanden	neg 1.0		neg 0.4046629094782655 __DUMMY__ 0.32893476059063814 off 0.26640232993109625	false	1.0
schmierig	off 1.0		neg 0.3976783753235914 __DUMMY__ 0.32666665560526076 off 0.27565496907114795	false	0.5
unpraktisch	neg 1.0		neg 0.4020568525187927 __DUMMY__ 0.32977189002853624 off 0.2681712574526711	false	1.0
wixxer	off 1.0		neg 0.39384267137944506 __DUMMY__ 0.32368729113443806 off 0.28247003748611677	false	0.5
bezeichnet			neg 0.40955116076606973 __DUMMY__ 0.32627999229391946 off 0.2641688469400108	false	0.0
jammerlappen	off 1.0		neg 0.40200371561926945 __DUMMY__ 0.32737472457659805 off 0.27062155980413255	false	0.5
farce	neg 1.0		neg 0.41560646235734605 __DUMMY__ 0.32254506949582396 off 0.26184846814683016	false	1.0
zwecklos	neg 1.0		neg 0.4112536524308121 __DUMMY__ 0.3266201252921914 off 0.2621262222769965	false	1.0
turbulent	neg 1.0		neg 0.40106408439039926 __DUMMY__ 0.325083027740478 off 0.2738528878691228	false	1.0
invasion	neg 1.0		neg 0.4015162214965743 __DUMMY__ 0.3285318575498457 off 0.2699519209535801	false	1.0
schuld	neg 1.0		neg 0.4066979779433488 __DUMMY__ 0.3270797546581202 off 0.26622226739853105	false	1.0
risiko	neg 1.0		neg 0.40052093619751594 __DUMMY__ 0.3290992024423367 off 0.27037986136014736	false	1.0
finster	neg 1.0		neg 0.40240890491015147 __DUMMY__ 0.3301312497786946 off 0.26745984531115397	false	1.0
geisteskrank	off 1.0		neg 0.4043279531729418 __DUMMY__ 0.32461151659744847 off 0.27106053022960963	false	0.5
zusammenbrechen	neg 1.0		neg 0.4068182491619788 __DUMMY__ 0.3287367195416707 off 0.26444503129635044	false	1.0
ausbeute	neg 1.0		neg 0.4050802958088023 __DUMMY__ 0.3306030297324672 off 0.26431667445873047	false	1.0
hinterhalt	neg 1.0		neg 0.40585202972485407 __DUMMY__ 0.32727536643636657 off 0.26687260383877937	false	1.0
kritik	neg 1.0		neg 0.4142991251002009 __DUMMY__ 0.3234117606195809 off 0.26228911428021834	false	1.0
einschrumpfen	neg 1.0		neg 0.40792451033582133 __DUMMY__ 0.3237591599342024 off 0.2683163297299762	false	1.0
riskant	neg 1.0		neg 0.4102482227819211 __DUMMY__ 0.3281809517975126 off 0.2615708254205665	false	1.0
frustrieren	neg 1.0		neg 0.4109021121281936 __DUMMY__ 0.327777244048505 off 0.2613206438233015	false	1.0
groll	neg 1.0		neg 0.41075010148537716 __DUMMY__ 0.32679513210946853 off 0.2624547664051544	false	1.0
gibt			neg 0.40817191157366745 __DUMMY__ 0.3281162826860223 off 0.2637118057403104	false	0.0
qualvoll	neg 1.0		neg 0.4022963750074453 __DUMMY__ 0.3287706962061193 off 0.26893292878643543	false	1.0
wackeln	neg 1.0		neg 0.4016346642200243 __DUMMY__ 0.3304455963469655 off 0.2679197394330103	false	1.0
klagen	neg 1.0		neg 0.4145023559278651 __DUMMY__ 0.3266741142024271 off 0.2588235298697078	false	1.0
bankrott	neg 1.0		neg 0.3997687464608794 __DUMMY__ 0.32847233626431743 off 0.27175891727480317	false	1.0
trauern	neg 1.0		neg 0.4099071646370703 __DUMMY__ 0.32820175253800915 off 0.2618910828249206	false	1.0
ablehnung	neg 1.0	neg 1.0	neg 0.698627097336872 __DUMMY__ 0.15630411036387598 off 0.1450687922992519	false	1.0
stur	neg 1.0		neg 0.4059893752726871 __DUMMY__ 0.3272585729096937 off 0.2667520518176192	false	1.0
aufruhr	neg 1.0		neg 0.41039811986000496 __DUMMY__ 0.3246291321433428 off 0.26497274799665227	false	1.0
melancholie	neg 1.0		neg 0.40428264913431883 __DUMMY__ 0.3309127135621389 off 0.26480463730354226	false	1.0
ist			neg 0.40508431046561094 __DUMMY__ 0.3276409136711376 off 0.2672747758632515	false	0.0
torheit	neg 1.0		neg 0.4111531466195388 __DUMMY__ 0.32370706018525414 off 0.2651397931952071	false	1.0
dreckskind	off 1.0		neg 0.40073499190740564 __DUMMY__ 0.3230984700373141 off 0.27616653805528013	false	0.5
umtauschen	neg 1.0		neg 0.40377648765828417 __DUMMY__ 0.329818521531736 off 0.26640499080997987	false	1.0
zum			neg 0.40625920760109463 __DUMMY__ 0.33354017257311747 off 0.2602006198257879	false	0.0
zersetzen	neg 1.0		neg 0.4131783568386544 __DUMMY__ 0.3269815387568165 off 0.25984010440452915	false	1.0
zur			neg 0.41238720648156435 __DUMMY__ 0.3296799859280567 off 0.257932807590379	false	0.0
frust	neg 1.0		neg 0.40703654302277337 __DUMMY__ 0.32873331532676237 off 0.2642301416504642	false	1.0
unerbittlichkeit	neg 1.0		neg 0.41242586368782624 __DUMMY__ 0.32679236300954095 off 0.2607817733026328	false	1.0
zwei			neg 0.40649139316164873 __DUMMY__ 0.33216323235274775 off 0.2613453744856034	false	0.0
unkorrekt	neg 1.0		neg 0.40448468787855646 __DUMMY__ 0.32424132206441025 off 0.2712739900570331	false	1.0
hexe	off 1.0		neg 0.4013340782969633 __DUMMY__ 0.32727402565609415 off 0.2713918960469425	false	0.5
lasch	neg 1.0		neg 0.4057295035399074 __DUMMY__ 0.3258954861446204 off 0.26837501031547223	false	1.0
rivale	neg 1.0		neg 0.3993946232674261 __DUMMY__ 0.3255012924509106 off 0.2751040842816634	false	1.0
mutlos	off 1.0	off 1.0	off 0.6143487336998589 neg 0.22842985651629721 __DUMMY__ 0.15722140978384394	false	1.0
wirr	off 1.0		neg 0.40271433248830735 __DUMMY__ 0.32423948761493426 off 0.27304617989675833	false	0.5
jahr			neg 0.4052379338232732 __DUMMY__ 0.3313114991608976 off 0.26345056701582925	false	0.0
wird			neg 0.4090700057505718 __DUMMY__ 0.3284595362629476 off 0.2624704579864805	false	0.0
strafbar	neg 1.0		neg 0.4137555785448152 __DUMMY__ 0.32567627503526164 off 0.2605681464199233	false	1.0
erosion	neg 1.0		neg 0.40233325086488814 __DUMMY__ 0.3291940191296071 off 0.26847273000550476	false	1.0
eingehen	neg 1.0		neg 0.4107719347846346 __DUMMY__ 0.32716752604632954 off 0.262060539169036	false	1.0
faul	off 1.0		neg 0.3995291179785784 __DUMMY__ 0.3291877111823001 off 0.2712831708391215	false	0.5
provisorium	neg 1.0		neg 0.41302864960933405 __DUMMY__ 0.3317814749384306 off 0.2551898754522355	false	1.0
schmerzen	neg 1.0		neg 0.4052649293267115 __DUMMY__ 0.329426510495688 off 0.2653085601776005	false	1.0
schrumpfen	neg 1.0		neg 0.4134111063198077 __DUMMY__ 0.32938527386883953 off 0.2572036198113528	false	1.0
geistlos	off 1.0		neg 0.4113915089288179 __DUMMY__ 0.3225188257478198 off 0.2660896653233624	false	0.5
fehlkauf	neg 1.0		neg 0.40535953519036927 __DUMMY__ 0.3262379711002906 off 0.26840249370934016	false	1.0
frustrierend	neg 1.0	neg 1.0	neg 0.6926515613778396 __DUMMY__ 0.15835527115698822 off 0.1489931674651722	false	1.0
unzufrieden	neg 1.0		neg 0.40981138679355983 __DUMMY__ 0.32751453402816777 off 0.2626740791782725	false	1.0
verzweifeln	neg 1.0		neg 0.4060400260812493 __DUMMY__ 0.3286290546935545 off 0.2653309192251961	false	1.0
verzweifelt	neg 1.0		neg 0.40528418564712104 __DUMMY__ 0.32774870092431757 off 0.26696711342856144	false	1.0
misstrauensantrag	neg 1.0		neg 0.4059963431908889 __DUMMY__ 0.32582367710153304 off 0.2681799797075781	false	1.0
abfallen	neg 1.0		neg 0.40098291492154486 __DUMMY__ 0.33077811846989397 off 0.2682389666085612	false	1.0
fucker	off 1.0		neg 0.4003121883546334 __DUMMY__ 0.3258227519659435 off 0.273865059679423	false	0.5
ungezogen	neg 1.0		neg 0.39336892151263436 __DUMMY__ 0.3259935170941677 off 0.28063756139319795	false	1.0
irrsinnig	neg 1.0	neg 1.0	neg 0.695011004892222 __DUMMY__ 0.15791649882992603 off 0.14707249627785193	false	1.0
unfassbar	neg 1.0		neg 0.40180485119858966 __DUMMY__ 0.3271459683761848 off 0.2710491804252255	false	1.0
hart	neg 1.0		neg 0.4037263696909731 __DUMMY__ 0.32568842931974895 off 0.2705852009892778	false	1.0
widerlich	off 1.0		neg 0.4029042497058317 __DUMMY__ 0.3257996406801028 off 0.2712961096140655	false	0.5
fatal	neg 1.0		neg 0.4048311922078562 __DUMMY__ 0.3266513172687096 off 0.2685174905234343	false	1.0
bruch	neg 1.0		neg 0.4154652317600327 __DUMMY__ 0.32635308224117787 off 0.25818168599878943	false	1.0
aushungern	neg 1.0		neg 0.4117116090527643 __DUMMY__ 0.3240969007954778 off 0.2641914901517578	false	1.0
anspannung	neg 1.0		neg 0.4101353221837571 __DUMMY__ 0.3304840481025444 off 0.2593806297136986	false	1.0
von			neg 0.40620364983421137 __DUMMY__ 0.33136262910974335 off 0.2624337210560453	false	0.0
kraftlos	neg 1.0		neg 0.40509908699926755 __DUMMY__ 0.33076846107839375 off 0.2641324519223386	false	1.0
vom			neg 0.40968026757127657 __DUMMY__ 0.33302900670448965 off 0.2572907257242339	false	0.0
grenzdebil	off 1.0		neg 0.3999592322493117 __DUMMY__ 0.3275220921442153 off 0.272518675606473	false	0.5
vor			neg 0.40949312267673976 __DUMMY__ 0.33009073472228007 off 0.26041614260098006	false	0.0
unterwerfen	neg 1.0		neg 0.41172507129588715 __DUMMY__ 0.326817098422097 off 0.2614578302820159	false	1.0
versenkung	neg 1.0		neg 0.41082782316805766 __DUMMY__ 0.32777090028303757 off 0.2614012765489048	false	1.0
entziehen	neg 1.0		neg 0.4132735296618576 __DUMMY__ 0.3277706975354042 off 0.25895577280273835	false	1.0
finanzkrise	neg 1.0		neg 0.4123095660561339 __DUMMY__ 0.3239520629431987 off 0.2637383710006674	false	1.0
schimpfend	neg 1.0		neg 0.3988003275440749 __DUMMY__ 0.33157433288172006 off 0.2696253395742049	false	1.0
profan	neg 1.0		neg 0.4037560037457304 __DUMMY__ 0.3279937949147681 off 0.2682502013395016	false	1.0
korruption	neg 1.0		neg 0.4140353110766377 __DUMMY__ 0.3242245987843411 off 0.2617400901390211	false	1.0
â			neg 0.4072953074956586 __DUMMY__ 0.3288089292536019 off 0.26389576325073955	false	0.0
schmutzig	neg 1.0		neg 0.39795435881383007 __DUMMY__ 0.32918186279872497 off 0.272863778387445	false	1.0
sexy	neg 1.0		neg 0.40163869946464226 __DUMMY__ 0.3276826576883043 off 0.2706786428470534	false	1.0
abraten	neg 1.0		neg 0.40375554952730347 __DUMMY__ 0.3286689361418436 off 0.2675755143308528	false	1.0
schwarz	neg 1.0		neg 0.40515001537758033 __DUMMY__ 0.3270739475603635 off 0.2677760370620561	false	1.0
fotze	off 1.0		neg 0.4097997795799535 __DUMMY__ 0.3265214507562436 off 0.2636787696638029	false	0.5
verwirren	neg 1.0		neg 0.4031334233231728 __DUMMY__ 0.3278015900569653 off 0.269064986619862	false	1.0
zahnlos	off 1.0		neg 0.410808517294414 __DUMMY__ 0.3266251537191771 off 0.2625663289864089	false	0.5
verheeren	neg 1.0		neg 0.39636744442752997 __DUMMY__ 0.32257767994340647 off 0.2810548756290637	false	1.0
hippie	neg 1.0		neg 0.4024412636877491 __DUMMY__ 0.32733226195357135 off 0.27022647435867964	false	1.0
rammen	neg 1.0		neg 0.4025046334491185 __DUMMY__ 0.32814901722956324 off 0.26934634932131823	false	1.0
unlauter	neg 1.0	neg 1.0	neg 0.6950742013913879 __DUMMY__ 0.15708078753960417 off 0.14784501106900794	false	1.0
unheilvoll	neg 1.0		neg 0.4031763551358739 __DUMMY__ 0.3284882821444356 off 0.2683353627196904	false	1.0
niedrig	neg 1.0		neg 0.4095923263572072 __DUMMY__ 0.3275996275361569 off 0.2628080461066359	false	1.0
explosion	neg 1.0		neg 0.40191624807412746 __DUMMY__ 0.32807394380688537 off 0.27000980811898717	false	1.0
weichei	off 1.0		neg 0.3969751107977273 __DUMMY__ 0.3257262562632622 off 0.2772986329390105	false	0.5
minusmensch	off 1.0		neg 0.3972370349673758 __DUMMY__ 0.32209400375355723 off 0.2806689612790669	false	0.5
farblos	neg 1.0		neg 0.4071775185869576 __DUMMY__ 0.32652486400913033 off 0.26629761740391206	false	1.0
unwissend	neg 1.0	neg 1.0	neg 0.6928966523947694 __DUMMY__ 0.1575329190307074 off 0.14957042857452327	false	1.0
traurig	neg 1.0		neg 0.3979959130230095 __DUMMY__ 0.3275185746941801 off 0.2744855122828103	false	1.0
senkung	neg 1.0		neg 0.40467970750658433 __DUMMY__ 0.32640191825458953 off 0.26891837423882603	false	1.0
ungleich	neg 1.0	neg 1.0	neg 0.6981713968444212 __DUMMY__ 0.15762800760938483 off 0.14420059554619402	false	1.0
heikel	neg 1.0		neg 0.412090226934288 __DUMMY__ 0.3276828993076331 off 0.260226873758079	false	1.0
drosselung	neg 1.0		neg 0.3972294265155344 __DUMMY__ 0.32771726949034424 off 0.2750533039941214	false	1.0
falsch	neg 1.0		neg 0.40311236708924025 __DUMMY__ 0.3271161506769858 off 0.26977148223377395	false	1.0
unzufriedenheit	neg 1.0		neg 0.4128844098419861 __DUMMY__ 0.32728861493277267 off 0.25982697522524134	false	1.0
kurz	neg 1.0		neg 0.40424381429271083 __DUMMY__ 0.33047744735618845 off 0.2652787383511007	false	1.0
unsinnig	neg 1.0		neg 0.4095752647417783 __DUMMY__ 0.3272940869932959 off 0.26313064826492577	false	1.0
penner	off 1.0	off 1.0	off 0.6245223417912079 neg 0.21808572733716441 __DUMMY__ 0.1573919308716277	false	1.0
seicht	neg 1.0		neg 0.39769164093327897 __DUMMY__ 0.3234688821082652 off 0.2788394769584559	false	1.0
dummheit	off 1.0	off 1.0	off 0.6179362668776813 neg 0.2247911670594532 __DUMMY__ 0.15727256606286547	false	1.0
unerfreulich	neg 1.0		neg 0.4113596112196997 __DUMMY__ 0.3285836330219633 off 0.26005675575833703	false	1.0
motherfucker	off 1.0	off 1.0	off 0.6213835349035076 neg 0.22143167001775868 __DUMMY__ 0.1571847950787337	false	1.0
pikiert	neg 1.0		neg 0.40380125683690354 __DUMMY__ 0.3261369197893593 off 0.27006182337373724	false	1.0
wrack	neg 1.0		neg 0.4072924472964785 __DUMMY__ 0.3287004854993615 off 0.26400706720416	false	1.0
gangster	neg 1.0		neg 0.40348746120689216 __DUMMY__ 0.327265787464674 off 0.26924675132843395	false	1.0
krank	neg 1.0		neg 0.39771616759297473 __DUMMY__ 0.32901166912358254 off 0.27327216328344284	false	1.0
reich	neg 1.0		neg 0.40787240488921084 __DUMMY__ 0.322556898768692 off 0.26957069634209735	false	1.0
gnadenlos	neg 1.0		neg 0.4054246919940983 __DUMMY__ 0.32776038616930797 off 0.2668149218365938	false	1.0
niedergeschlagen	neg 1.0		neg 0.4067850266696194 __DUMMY__ 0.3287020585925582 off 0.26451291473782246	false	1.0
terrorisieren	off 1.0	off 1.0	off 0.6146685321636903 neg 0.22703692216324237 __DUMMY__ 0.1582945456730672	false	1.0
sinnlosigkeit	neg 1.0		neg 0.41034134746100215 __DUMMY__ 0.3268995014315818 off 0.262759151107416	false	1.0
behindern	neg 1.0		neg 0.4046302687222038 __DUMMY__ 0.32900249039828705 off 0.26636724087950914	false	1.0
undemokratisch	neg 1.0		neg 0.41125714560627397 __DUMMY__ 0.3234914187891088 off 0.2652514356046173	false	1.0
wirtschaftskrise	neg 1.0		neg 0.4122567571486937 __DUMMY__ 0.3253922887117094 off 0.26235095413959686	false	1.0
neid	neg 1.0		neg 0.4005326467264412 __DUMMY__ 0.32907812246879803 off 0.27038923080476085	false	1.0
rutschen	neg 1.0		neg 0.40595636502307214 __DUMMY__ 0.3336425206207679 off 0.26040111435616	false	1.0
rezession	neg 1.0		neg 0.4026815538273411 __DUMMY__ 0.32298300981925504 off 0.2743354363534039	false	1.0
fehlgeburt	neg 1.0		neg 0.4058215957000831 __DUMMY__ 0.3276441582943583 off 0.26653424600555864	false	1.0
charakterschwach	off 1.0		neg 0.40274140936017877 __DUMMY__ 0.32601494821120636 off 0.2712436424286148	false	0.5
isolation	neg 1.0		neg 0.40016738372552263 __DUMMY__ 0.3278906308126282 off 0.2719419854618491	false	1.0
ablenkung	neg 1.0		neg 0.4040003903687752 __DUMMY__ 0.32920229588217187 off 0.2667973137490529	false	1.0
pech	neg 1.0		neg 0.4020685496508755 __DUMMY__ 0.32835457865194245 off 0.26957687169718203	false	1.0
vermeidung	neg 1.0		neg 0.3977088523886826 __DUMMY__ 0.32830108911193945 off 0.2739900584993779	false	1.0
dominieren	neg 1.0		neg 0.4076335205472837 __DUMMY__ 0.3278151916984191 off 0.26455128775429726	false	1.0
schwindlig	neg 1.0		neg 0.39998516071821094 __DUMMY__ 0.32994833395308265 off 0.27006650532870635	false	1.0
lutscher	neg 1.0		neg 0.3957568488660474 __DUMMY__ 0.3240613248714802 off 0.2801818262624724	false	1.0
pflicht	neg 1.0		neg 0.41228731675313973 __DUMMY__ 0.32764928406608435 off 0.26006339918077587	false	1.0
faschist	off 1.0		neg 0.4097970458675179 __DUMMY__ 0.3236678271550943 off 0.2665351269773877	false	0.5
verschleudern	neg 1.0		neg 0.41231277012063267 __DUMMY__ 0.32580382372022 off 0.26188340615914735	false	1.0
wenn			neg 0.40237117992544286 __DUMMY__ 0.3275836107040626 off 0.2700452093704944	false	0.0
ehebruch	neg 1.0		neg 0.41287451414944903 __DUMMY__ 0.32581184355486476 off 0.2613136422956861	false	1.0
spott	off 1.0		neg 0.41277995863953615 __DUMMY__ 0.3262989651681134 off 0.26092107619235044	false	0.5
trostlosigkeit	neg 1.0		neg 0.41601528339599325 __DUMMY__ 0.3250994381824878 off 0.258885278421519	false	1.0
lutschen	neg 1.0		neg 0.4047142655760498 __DUMMY__ 0.3253517592757485 off 0.2699339751482016	false	1.0
undiszipliniert	neg 1.0		neg 0.4000027190966411 __DUMMY__ 0.32670962210955806 off 0.27328765879380085	false	1.0
kopfschmerz	neg 1.0		neg 0.40549127488198816 __DUMMY__ 0.32879192471397545 off 0.26571680040403634	false	1.0
unvorhergesehen	neg 1.0		neg 0.40340554588820887 __DUMMY__ 0.331181060972027 off 0.2654133931397642	false	1.0
desinteressiert	neg 1.0		neg 0.40116221352819026 __DUMMY__ 0.32612675335176494 off 0.27271103312004474	false	1.0
armselig	off 1.0		neg 0.4016190667258423 __DUMMY__ 0.3251298241014262 off 0.2732511091727315	false	0.5
desaster	neg 1.0		neg 0.41618004153073596 __DUMMY__ 0.3261566954827453 off 0.25766326298651887	false	1.0
tod	neg 1.0		neg 0.41548892226550815 __DUMMY__ 0.3243716357046771 off 0.26013944202981465	false	1.0
herzlos	neg 1.0		neg 0.3982443936764254 __DUMMY__ 0.3268679742155882 off 0.2748876321079864	false	1.0
unwissenheit	neg 1.0		neg 0.41182885128346014 __DUMMY__ 0.32598612915540137 off 0.2621850195611385	false	1.0
widersinnig	neg 1.0		neg 0.41341471833251503 __DUMMY__ 0.3240115293574967 off 0.2625737523099884	false	1.0
bedenklich	neg 1.0		neg 0.41131285176269783 __DUMMY__ 0.32743071924819067 off 0.2612564289891115	false	1.0
beanstanden	neg 1.0		neg 0.4124588311411065 __DUMMY__ 0.327807168990287 off 0.25973399986860646	false	1.0
panisch	neg 1.0	neg 1.0	neg 0.6907816719296938 __DUMMY__ 0.16017160356998597 off 0.14904672450032036	false	1.0
debil	off 1.0		neg 0.4142719986777915 __DUMMY__ 0.328628578778074 off 0.2570994225441344	false	0.5
abstrich	neg 1.0		neg 0.4026609580893191 __DUMMY__ 0.33004241908549103 off 0.2672966228251898	false	1.0
primitiv	neg 1.0		neg 0.4023341252493144 __DUMMY__ 0.3257372881190861 off 0.2719285866315995	false	1.0
abschaum	off 1.0	off 1.0	off 0.619286308118066 neg 0.2237904417377104 __DUMMY__ 0.15692325014422354	false	1.0
provozieren	neg 1.0		neg 0.40832802575421734 __DUMMY__ 0.32633205333886267 off 0.26533992090692	false	1.0
tot	neg 1.0		neg 0.40782463532074137 __DUMMY__ 0.3274158749384143 off 0.26475948974084434	false	1.0
instabil	neg 1.0		neg 0.40127071547234733 __DUMMY__ 0.32443557506787774 off 0.2742937094597748	false	1.0
schwuchtel	off 1.0		neg 0.3930821408756873 __DUMMY__ 0.32187798454434663 off 0.28503987457996605	false	0.5
zerren	neg 1.0		neg 0.40668530631080385 __DUMMY__ 0.32883102097658534 off 0.2644836727126108	false	1.0
kinderficker	off 1.0		neg 0.4005570840946437 __DUMMY__ 0.32412269453559067 off 0.2753202213697658	false	0.5
gefahr	neg 1.0		neg 0.41163761266604465 __DUMMY__ 0.3267451781380773 off 0.2616172091958781	false	1.0
rabiat	neg 1.0		neg 0.4065033527895711 __DUMMY__ 0.3277367786122064 off 0.2657598685982226	false	1.0
verlangsamung	neg 1.0		neg 0.3995299973716138 __DUMMY__ 0.3226180679981623 off 0.27785193463022384	false	1.0
ausgestorben	neg 1.0		neg 0.4068643104077296 __DUMMY__ 0.32862796720661935 off 0.264507722385651	false	1.0
anklagen	neg 1.0		neg 0.41013032146560274 __DUMMY__ 0.3256503242602843 off 0.26421935427411297	false	1.0
trott	neg 1.0		neg 0.4052538198802057 __DUMMY__ 0.3284820444706482 off 0.26626413564914597	false	1.0
verminderung	neg 1.0		neg 0.39945164281486245 __DUMMY__ 0.326602891082371 off 0.2739454661027665	false	1.0
nach			neg 0.40895283369377256 __DUMMY__ 0.3318687815138736 off 0.2591783847923537	false	0.0
rost	neg 1.0		neg 0.39700465673508306 __DUMMY__ 0.3240265094330304 off 0.2789688338318866	false	1.0
destruktiv	neg 1.0	neg 1.0	neg 0.6971791625912533 __DUMMY__ 0.157138694867777 off 0.14568214254096978	false	1.0
unzumutbarkeit	neg 1.0		neg 0.39939063885671044 __DUMMY__ 0.3272299857225477 off 0.27337937542074175	false	1.0
labil	off 1.0	off 1.0	off 0.6201265899724967 neg 0.22264839885380117 __DUMMY__ 0.1572250111737022	false	1.0
ziemlich	neg 1.0		neg 0.4004724130013846 __DUMMY__ 0.3275491267875173 off 0.271978460211098	false	1.0
lachnummer	off 1.0		neg 0.4103299848770258 __DUMMY__ 0.3258834709297633 off 0.26378654419321085	false	0.5
oder			neg 0.40403194230631406 __DUMMY__ 0.32945199805772046 off 0.2665160596359654	false	0.0
verfall	neg 1.0		neg 0.4146867017757759 __DUMMY__ 0.3285154257977786 off 0.25679787242644564	false	1.0
ausgrenzung	neg 1.0		neg 0.4098063782932027 __DUMMY__ 0.32387768912563153 off 0.26631593258116576	false	1.0
unordnung	neg 1.0		neg 0.39914610345664836 __DUMMY__ 0.32526800569865716 off 0.27558589084469437	false	1.0
fehlverhalten	neg 1.0		neg 0.4128712953571072 __DUMMY__ 0.32643573530958264 off 0.2606929693333103	false	1.0
eine			neg 0.4094961679368319 __DUMMY__ 0.32983945217827243 off 0.2606643798848956	false	0.0
nille	neg 1.0		neg 0.409153225246261 __DUMMY__ 0.32574654486375587 off 0.26510022988998305	false	1.0
qual	neg 1.0		neg 0.4057653252598672 __DUMMY__ 0.3282122366806742 off 0.26602243805945874	false	1.0
verschwenden	neg 1.0		neg 0.40975379365142695 __DUMMY__ 0.3283214748607774 off 0.26192473148779566	false	1.0
riesig	neg 1.0		neg 0.4074161593033253 __DUMMY__ 0.3277834969537253 off 0.2648003437429494	false	1.0
verurteilen	neg 1.0		neg 0.41251187693085367 __DUMMY__ 0.32541005276456336 off 0.262078070304583	false	1.0
klischee	neg 1.0	neg 1.0	neg 0.6943979607713867 __DUMMY__ 0.15720654647405782 off 0.14839549275455544	false	1.0
diktatorisch	neg 1.0		neg 0.4128525720021737 __DUMMY__ 0.32252433403789227 off 0.26462309395993405	false	1.0
vorhersehbar	neg 1.0		neg 0.4075432999128713 __DUMMY__ 0.32554587265027907 off 0.26691082743684963	false	1.0
sowie			neg 0.3992841991815897 __DUMMY__ 0.32378183093808244 off 0.27693396988032803	false	0.0
stornieren	neg 1.0		neg 0.4005980601369017 __DUMMY__ 0.3294820842312313 off 0.269919855631867	false	1.0
besteuerung	neg 1.0		neg 0.40652153935730334 __DUMMY__ 0.32653961853962055 off 0.266938842103076	false	1.0
ungeschminkt	neg 1.0		neg 0.40120805835027445 __DUMMY__ 0.32659321447486933 off 0.2721987271748562	false	1.0
kritisch	neg 1.0		neg 0.4126758298523251 __DUMMY__ 0.32633918894112646 off 0.26098498120654834	false	1.0
schlamperei	off 1.0		neg 0.41296396089443393 __DUMMY__ 0.3257051454090199 off 0.2613308936965462	false	0.5
sucht	neg 1.0	neg 1.0	neg 0.69071603386871 __DUMMY__ 0.15981459212386812 off 0.1494693740074218	false	1.0
egoistisch	off 1.0		neg 0.3976643397293745 __DUMMY__ 0.3254559076599312 off 0.27687975261069436	false	0.5
ausbeuter	off 1.0		neg 0.41458399891703934 __DUMMY__ 0.3256216663044205 off 0.25979433477853997	false	0.5
arschgeburt	off 1.0		neg 0.3932414932990517 __DUMMY__ 0.32187819348276003 off 0.2848803132181882	false	0.5
schubs	neg 1.0	neg 1.0	neg 0.6938799416790972 __DUMMY__ 0.15992311330606374 off 0.1461969450148391	false	1.0
unsolide	neg 1.0		neg 0.4112544720214335 __DUMMY__ 0.3210733072264143 off 0.2676722207521522	false	1.0
beschwerde	neg 1.0		neg 0.41098511342312116 __DUMMY__ 0.3263430874770441 off 0.2626717990998348	false	1.0
stocken	neg 1.0		neg 0.409370726742435 __DUMMY__ 0.32778911989414944 off 0.26284015336341554	false	1.0
isolieren	neg 1.0		neg 0.4051881099238707 __DUMMY__ 0.32904842740161994 off 0.26576346267450934	false	1.0
unheilbar	neg 1.0		neg 0.4076220534743712 __DUMMY__ 0.32660908380289855 off 0.2657688627227302	false	1.0
pisser	off 1.0		neg 0.4009642885711188 __DUMMY__ 0.3246618828169397 off 0.2743738286119416	false	0.5
löschen	neg 1.0		neg 0.40578980775509055 __DUMMY__ 0.3272077985126519 off 0.26700239373225754	false	1.0
durchfallen	neg 1.0		neg 0.41061195380124327 __DUMMY__ 0.3274952198003317 off 0.261892826398425	false	1.0
wichser	off 1.0		neg 0.39335328222066507 __DUMMY__ 0.32473863218355137 off 0.2819080855957836	false	0.5
terror	neg 1.0		neg 0.4001735656084808 __DUMMY__ 0.32890018515223474 off 0.27092624923928454	false	1.0
krass	neg 1.0		neg 0.39808561192277314 __DUMMY__ 0.32661057535413207 off 0.2753038127230949	false	1.0
revolte	neg 1.0	neg 1.0	neg 0.6970953457336119 __DUMMY__ 0.15534704966902796 off 0.14755760459736025	false	1.0
besorgt	neg 1.0		neg 0.4036444116959765 __DUMMY__ 0.3308050743446355 off 0.265550513959388	false	1.0
nachlassen	neg 1.0		neg 0.4076431746432543 __DUMMY__ 0.3285566372416967 off 0.26380018811504896	false	1.0
alt	neg 1.0		neg 0.4073667857746393 __DUMMY__ 0.3300329164195794 off 0.2626002978057813	false	1.0
hundesohn	off 1.0		neg 0.3969782573272373 __DUMMY__ 0.3229205479639477 off 0.2801011947088151	false	0.5
als			neg 0.4069807495048278 __DUMMY__ 0.3292068943185195 off 0.26381235617665266	false	0.0
abschreckung	neg 1.0		neg 0.4144064047068692 __DUMMY__ 0.3264408150675884 off 0.25915278022554245	false	1.0
unqualifiziert	neg 1.0	neg 1.0	neg 0.6948422696372809 __DUMMY__ 0.15730445880979987 off 0.14785327155291927	false	1.0
abgewichst	off 1.0		neg 0.40849094630286553 __DUMMY__ 0.32695497723900663 off 0.26455407645812773	false	0.5
schwer	neg 1.0		neg 0.4059256768116806 __DUMMY__ 0.3285592672943253 off 0.26551505589399416	false	1.0
bedeutungslosigkeit	neg 1.0		neg 0.41318074097473845 __DUMMY__ 0.326693583183029 off 0.2601256758422326	false	1.0
kapitulation	neg 1.0		neg 0.4156030741617186 __DUMMY__ 0.32359836189010666 off 0.26079856394817474	false	1.0
unscharf	neg 1.0		neg 0.4029001451878802 __DUMMY__ 0.32778631087755883 off 0.2693135439345609	false	1.0
schwinden	neg 1.0		neg 0.4117832003342218 __DUMMY__ 0.3274227232509159 off 0.26079407641486224	false	1.0
versklavung	neg 1.0	neg 1.0	neg 0.6974148856163249 __DUMMY__ 0.15606471790316204 off 0.14652039648051307	false	1.0
schlecht	neg 1.0		neg 0.3998557636323535 __DUMMY__ 0.3277231246159275 off 0.27242111175171896	false	1.0
verhasst	neg 1.0		neg 0.4090736766784582 __DUMMY__ 0.32581595580459605 off 0.2651103675169457	false	1.0
beschweren	neg 1.0		neg 0.4043255490463866 __DUMMY__ 0.32804745349824865 off 0.2676269974553648	false	1.0
scheiden	neg 1.0		neg 0.40541071599439227 __DUMMY__ 0.3288200863338863 off 0.2657691976717215	false	1.0
frustriert	neg 1.0		neg 0.4076505687327375 __DUMMY__ 0.32812723606117783 off 0.2642221952060848	false	1.0
schimmelig	neg 1.0		neg 0.41012290821072805 __DUMMY__ 0.3276227894118571 off 0.26225430237741487	false	1.0
fisch	neg 1.0	neg 1.0	neg 0.6942511844136486 __DUMMY__ 0.15968608962065886 off 0.14606272596569247	false	1.0
schmuggel	neg 1.0		neg 0.4097109024743865 __DUMMY__ 0.3291081004074236 off 0.26118099711818976	false	1.0
auffallen	neg 1.0		neg 0.40402644748311806 __DUMMY__ 0.3278547401115585 off 0.2681188124053234	false	1.0
konkurrenz	neg 1.0		neg 0.4104247073629459 __DUMMY__ 0.3291858361317048 off 0.2603894565053493	false	1.0
teufelskreis	neg 1.0	neg 1.0	neg 0.6962387695760778 __DUMMY__ 0.1579110807660723 off 0.14585014965784993	false	1.0
aufschreien	neg 1.0		neg 0.40662246715289047 __DUMMY__ 0.32618619388841164 off 0.2671913389586979	false	1.0
schuldner	neg 1.0		neg 0.4133219188039295 __DUMMY__ 0.3258940717364441 off 0.2607840094596264	false	1.0
missgeburt	off 1.0	off 1.0	off 0.6234427215876728 neg 0.22015763916192194 __DUMMY__ 0.15639963925040537	false	1.0
arbeitslos	neg 1.0		neg 0.4101521522356879 __DUMMY__ 0.32704600658940464 off 0.2628018411749075	false	1.0
befallen	neg 1.0		neg 0.41572738525287894 __DUMMY__ 0.3233515921768976 off 0.26092102257022354	false	1.0
miesepetrig	off 1.0		neg 0.39947528466122406 __DUMMY__ 0.32821354636449424 off 0.2723111689742818	false	0.5
alarmieren	neg 1.0		neg 0.40540939426177064 __DUMMY__ 0.32467427027654433 off 0.26991633546168503	false	1.0
ungeduscht	off 1.0		neg 0.4024767095622317 __DUMMY__ 0.32798035064219544 off 0.26954293979557303	false	0.5
knappheit	neg 1.0		neg 0.41099178626915867 __DUMMY__ 0.32625899248623225 off 0.262749221244609	false	1.0
schlange	neg 1.0		neg 0.40204621242308936 __DUMMY__ 0.32961667007886475 off 0.26833711749804584	false	1.0
harsch	neg 1.0		neg 0.39353477109153173 __DUMMY__ 0.3273114862852037 off 0.2791537426232645	false	1.0
lang	neg 1.0		neg 0.404968183699438 __DUMMY__ 0.32769556044480536 off 0.26733625585575677	false	1.0
ziellos	neg 1.0		neg 0.4082722544800298 __DUMMY__ 0.3286788376038441 off 0.2630489079161262	false	1.0
selbstverliebt	neg 1.0		neg 0.39589454072790725 __DUMMY__ 0.32223135086881904 off 0.2818741084032738	false	1.0
beseitigen	neg 1.0		neg 0.40302525511777376 __DUMMY__ 0.3291427922702298 off 0.2678319526119965	false	1.0
dumm	off 1.0		neg 0.39786387109163457 __DUMMY__ 0.32477773066309434 off 0.2773583982452711	false	0.5
arbeitsloser	neg 1.0		neg 0.41042279076670685 __DUMMY__ 0.3274599152988155 off 0.26211729393447764	false	1.0
blitzen	neg 1.0		neg 0.4043855109608003 __DUMMY__ 0.3262562393055654 off 0.26935824973363437	false	1.0
hilflos	neg 1.0		neg 0.4080038478335798 __DUMMY__ 0.32818501041961157 off 0.26381114174680853	false	1.0
eklig	off 1.0		neg 0.39759587391738893 __DUMMY__ 0.32424604772448845 off 0.2781580783581226	false	0.5
begriff			neg 0.40904097812585005 __DUMMY__ 0.32720570983572494 off 0.2637533120384251	false	0.0
hungersnot	neg 1.0		neg 0.41367517204480647 __DUMMY__ 0.3231568550319405 off 0.2631679729232531	false	1.0
ungesetzlich	neg 1.0		neg 0.4104817256370577 __DUMMY__ 0.32311144246142853 off 0.26640683190151376	false	1.0
verschwendung	neg 1.0		neg 0.4114298292912743 __DUMMY__ 0.32791517673806836 off 0.2606549939706573	false	1.0
schmerzvoll	neg 1.0		neg 0.40406540754359427 __DUMMY__ 0.32820681018367004 off 0.26772778227273564	false	1.0
vorzeitig	neg 1.0		neg 0.40143059642228063 __DUMMY__ 0.32685338267581804 off 0.2717160209019014	false	1.0
unvollkommenheit	neg 1.0		neg 0.4066719917145984 __DUMMY__ 0.3274158297020422 off 0.2659121785833595	false	1.0
intervenieren	neg 1.0		neg 0.41491675331019273 __DUMMY__ 0.3251113299295411 off 0.25997191676026604	false	1.0
banause	off 1.0		neg 0.39594366766550854 __DUMMY__ 0.32416177186235534 off 0.2798945604721361	false	0.5
rebell	neg 1.0		neg 0.41090567799026473 __DUMMY__ 0.3288101736638245 off 0.26028414834591085	false	1.0
unlogisch	neg 1.0		neg 0.40048882727161306 __DUMMY__ 0.32567404678439726 off 0.2738371259439897	false	1.0
leiden	neg 1.0	neg 1.0	neg 0.6935848022090136 __DUMMY__ 0.16125626799761963 off 0.14515892979336664	false	1.0
abschaffung	neg 1.0		neg 0.4090113176637764 __DUMMY__ 0.32523428271174304 off 0.2657543996244805	false	1.0
sturz	neg 1.0		neg 0.4093779886002578 __DUMMY__ 0.32462855453954764 off 0.2659934568601946	false	1.0
verkleinerung	neg 1.0		neg 0.4066376741758084 __DUMMY__ 0.3244038641737456 off 0.26895846165044607	false	1.0
schmarotzer	off 1.0		neg 0.4122410315089315 __DUMMY__ 0.32602466672358293 off 0.2617343017674854	false	0.5
bestrafung	neg 1.0		neg 0.4062700401863325 __DUMMY__ 0.3269992184062375 off 0.26673074140742997	false	1.0
achtlos	neg 1.0		neg 0.40447784469688647 __DUMMY__ 0.3294572093028423 off 0.26606494600027136	false	1.0
ungeheuer	neg 1.0		neg 0.4044412762251732 __DUMMY__ 0.3273550945764823 off 0.26820362919834434	false	1.0
unaufrichtig	neg 1.0		neg 0.4082128429452026 __DUMMY__ 0.32423675041650546 off 0.26755040663829194	false	1.0
groggy	neg 1.0		neg 0.40403337463382794 __DUMMY__ 0.32656214162570607 off 0.2694044837404661	false	1.0
verletzlich	neg 1.0		neg 0.4008178604596124 __DUMMY__ 0.32690905821925204 off 0.27227308132113565	false	1.0
ablehnen	neg 1.0		neg 0.41152298649229907 __DUMMY__ 0.3261827414603346 off 0.2622942720473662	false	1.0
