unsolidarisch	neg 1.0		__DUMMY__ 0.9191653232314981 neg 0.05085162111784798 off 0.029983055650653928	false	1.0
nachteilig	neg 1.0		__DUMMY__ 0.9270446822337538 neg 0.045785528383492625 off 0.027169789382753568	false	1.0
skeptisch	neg 1.0		__DUMMY__ 0.9287490291470426 neg 0.046011737359474135 off 0.025239233493483313	false	1.0
schrecklich	neg 1.0		__DUMMY__ 0.9254788619474086 neg 0.04023073516595621 off 0.03429040288663524	false	1.0
schlapp	neg 1.0		__DUMMY__ 0.9294875645766911 neg 0.0395817919568132 off 0.030930643466495576	false	1.0
abfall	neg 1.0		__DUMMY__ 0.9289863706084684 neg 0.04687670074824349 off 0.024136928643288025	false	1.0
widerspenstig	neg 1.0		__DUMMY__ 0.9301345804811705 neg 0.041859234510406 off 0.02800618500842358	false	1.0
abrupt	neg 1.0		__DUMMY__ 0.931226561016364 neg 0.04158069490686983 off 0.027192744076766136	false	1.0
unwirksam	neg 1.0		__DUMMY__ 0.9225093048400397 neg 0.048000887766814423 off 0.029489807393145884	false	1.0
angreifen	neg 1.0		__DUMMY__ 0.9265085825875677 neg 0.047061484933552694 off 0.026429932478879585	false	1.0
inkonsistent	neg 1.0		__DUMMY__ 0.9247762109126866 neg 0.04518956942360232 off 0.030034219663711115	false	1.0
abrutschen	neg 1.0		__DUMMY__ 0.930201304575081 neg 0.045637665795098724 off 0.024161029629820304	false	1.0
unsicher	neg 1.0		__DUMMY__ 0.9281746204521488 neg 0.04324489423323319 off 0.028580485314618088	false	1.0
bauernkind	off 1.0		__DUMMY__ 0.9217149015412321 neg 0.041774417460045184 off 0.03651068099872277	false	0.5
angreifer	neg 1.0		__DUMMY__ 0.9232673540397864 neg 0.04557389949261081 off 0.031158746467602746	false	1.0
trennen	neg 1.0		__DUMMY__ 0.9330624060158083 neg 0.04158163662316064 off 0.02535595736103105	false	1.0
schmutz	neg 1.0		__DUMMY__ 0.9326013897146914 neg 0.03576192329728758 off 0.03163668698802098	false	1.0
inkonsistenz	neg 1.0	neg 1.0	neg 0.5104224117915612 __DUMMY__ 0.46134188776912766 off 0.02823570043931115	false	1.0
erschreckend	neg 1.0		__DUMMY__ 0.9267053784553738 neg 0.04528777040131631 off 0.028006851143309922	false	1.0
ertrinken	neg 1.0		__DUMMY__ 0.9299996079693791 neg 0.04364851854085576 off 0.026351873489765202	false	1.0
pickelface	off 1.0		__DUMMY__ 0.9251328431976669 neg 0.0454054926397136 off 0.02946166416261959	false	0.5
seiner			__DUMMY__ 0.9286834702145261 neg 0.045244206063884386 off 0.02607232372158949	false	0.0
lauch	neg 1.0		__DUMMY__ 0.9289548980407653 neg 0.04629165896264782 off 0.024753442996586866	false	1.0
unwichtig	neg 1.0		__DUMMY__ 0.9257660067281176 neg 0.042590369127917714 off 0.03164362414396465	false	1.0
steuerhinterziehung	neg 1.0		__DUMMY__ 0.9225583754071958 neg 0.048648044728276184 off 0.028793579864528056	false	1.0
schock	neg 1.0		__DUMMY__ 0.9308375674824702 neg 0.04198279045668211 off 0.027179642060847775	false	1.0
beule	neg 1.0		__DUMMY__ 0.9291865659196074 neg 0.039089800993057346 off 0.03172363308733529	false	1.0
vergelten	neg 1.0		__DUMMY__ 0.9231822183343888 neg 0.04110299509258506 off 0.03571478657302601	false	1.0
verdorbenheit	neg 1.0	neg 1.0	neg 0.5069357961474571 __DUMMY__ 0.4667121452556475 off 0.026352058596895406	false	1.0
trauma	neg 1.0		__DUMMY__ 0.9267539402392001 neg 0.04338330388052818 off 0.029862755880271683	false	1.0
sinnlos	neg 1.0		__DUMMY__ 0.9269326271302804 neg 0.04298138664984694 off 0.030085986219872754	false	1.0
fettsack	off 1.0	off 1.0	off 0.5025207260458374 __DUMMY__ 0.45949640791647955 neg 0.03798286603768315	false	1.0
feige	off 1.0		__DUMMY__ 0.9241433258700512 neg 0.04431057481338077 off 0.03154609931656805	false	0.5
abdanken	neg 1.0		__DUMMY__ 0.9209541072724262 neg 0.049813549200706374 off 0.029232343526867446	false	1.0
wichtigtuer	off 1.0	off 1.0	off 0.49741482350142285 __DUMMY__ 0.46099558583746186 neg 0.04158959066111529	false	1.0
misslingen	neg 1.0		__DUMMY__ 0.9305901147897856 neg 0.03979731833157666 off 0.029612566878637704	false	1.0
untreu	off 1.0		__DUMMY__ 0.9260239238287924 neg 0.04188680782318212 off 0.03208926834802543	false	0.5
missmutig	neg 1.0		__DUMMY__ 0.9288831288791021 neg 0.04024550567021323 off 0.030871365450684637	false	1.0
hurenbock	off 1.0		__DUMMY__ 0.9314738125316464 neg 0.039617830013763275 off 0.028908357454590278	false	0.5
betrunken	neg 1.0		__DUMMY__ 0.9282672549870726 neg 0.03909275952561202 off 0.03263998548731544	false	1.0
korrupt	off 1.0		__DUMMY__ 0.9213654848663821 neg 0.050585859095582435 off 0.028048656038035403	false	0.5
unmut	neg 1.0		__DUMMY__ 0.9282263371398368 neg 0.04692769691371948 off 0.024845965946443723	false	1.0
hackfresse	off 1.0		__DUMMY__ 0.9238542536835512 neg 0.039635748269047 off 0.03650999804740185	false	0.5
aufblasen	neg 1.0		__DUMMY__ 0.9299578917203976 neg 0.0408530302510131 off 0.029189078028589346	false	1.0
gewaltsam	neg 1.0		__DUMMY__ 0.9228485126983997 neg 0.047354435420801914 off 0.02979705188079835	false	1.0
unbeliebtheit	neg 1.0		__DUMMY__ 0.9166908826012296 neg 0.04943163179665604 off 0.0338774856021144	false	1.0
sturheit	neg 1.0		__DUMMY__ 0.9241829924854776 neg 0.04744064619784516 off 0.02837636131667712	false	1.0
kuh	neg 1.0		__DUMMY__ 0.9263058281973741 neg 0.04441699489832978 off 0.02927717690429623	false	1.0
erschrecken	neg 1.0		__DUMMY__ 0.9282570101630554 neg 0.04097167422002724 off 0.03077131561691743	false	1.0
opfer	neg 1.0	neg 1.0	neg 0.5120904614703146 __DUMMY__ 0.46374197932604 off 0.024167559203645397	false	1.0
sinken	neg 1.0		__DUMMY__ 0.9284693019814587 neg 0.04645330076894484 off 0.02507739724959642	false	1.0
stinktier	neg 1.0		__DUMMY__ 0.9233735790693424 neg 0.04213893334320147 off 0.03448748758745616	false	1.0
tucke	off 1.0		__DUMMY__ 0.9245688849901237 neg 0.038980613013396455 off 0.03645050199647989	false	0.5
ein			__DUMMY__ 0.9322663768082896 neg 0.039269015319788624 off 0.028464607871921812	false	0.0
abstieg	neg 1.0		__DUMMY__ 0.925418606658462 neg 0.04660287938655904 off 0.027978513954978964	false	1.0
missverstehen	neg 1.0		__DUMMY__ 0.924526398257713 neg 0.04527554659855968 off 0.0301980551437274	false	1.0
ergebnislos	neg 1.0		__DUMMY__ 0.9264881741634301 neg 0.045941654084054685 off 0.027570171752515207	false	1.0
unter			__DUMMY__ 0.9355999314297295 neg 0.0430544297758879 off 0.021345638794382567	false	0.0
manipulieren	neg 1.0		__DUMMY__ 0.9262131422594766 neg 0.047527196182029226 off 0.026259661558494258	false	1.0
unbewiesen	neg 1.0		__DUMMY__ 0.9182334474134323 neg 0.05189526665130558 off 0.029871285935262153	false	1.0
verschleppen	neg 1.0		__DUMMY__ 0.9253225326945832 neg 0.04721642263098978 off 0.027461044674427018	false	1.0
weib	off 1.0		__DUMMY__ 0.9235229867748797 neg 0.03910965789036014 off 0.03736735533476025	false	0.5
opposition	neg 1.0		__DUMMY__ 0.9217594919298266 neg 0.04813064737975378 off 0.030109860690419578	false	1.0
verkehrswidrig	neg 1.0		__DUMMY__ 0.9271941531880364 neg 0.03790605061884581 off 0.03489979619311772	false	1.0
inkorrekt	neg 1.0		__DUMMY__ 0.9203766664519345 neg 0.046803125485007695 off 0.0328202080630579	false	1.0
vermeiden	neg 1.0		__DUMMY__ 0.9326103783824203 neg 0.04438873552003612 off 0.023000886097543628	false	1.0
abweichung	neg 1.0		__DUMMY__ 0.9213639747244707 neg 0.05088215389236504 off 0.02775387138316424	false	1.0
alkoholisiert	neg 1.0		__DUMMY__ 0.9300168719637287 neg 0.043371921420914505 off 0.02661120661535675	false	1.0
scheiss	off 1.0	off 1.0	off 0.499303435754695 __DUMMY__ 0.4634216693986007 neg 0.0372748948467044	false	1.0
herausforderung	neg 1.0		__DUMMY__ 0.9334483733752043 neg 0.039733327405327735 off 0.02681829921946812	false	1.0
pervers	off 1.0		__DUMMY__ 0.9226935154180917 off 0.03923218563662554 neg 0.03807429894528276	false	1.0
wackelig	neg 1.0		__DUMMY__ 0.933607079266043 neg 0.03990286814877751 off 0.026490052585179478	false	1.0
verwickeln	neg 1.0		__DUMMY__ 0.9255120056917769 neg 0.044497841960646684 off 0.029990152347576342	false	1.0
vorwand	neg 1.0		__DUMMY__ 0.9268814163353346 neg 0.04772879882766243 off 0.025389784837002913	false	1.0
muschi	off 1.0		__DUMMY__ 0.9253699509726039 neg 0.045401429215940405 off 0.029228619811455605	false	0.5
entmutigung	neg 1.0		__DUMMY__ 0.9165804312210856 neg 0.051962766390025554 off 0.03145680238888883	false	1.0
unangemessen	neg 1.0		__DUMMY__ 0.924370775162681 neg 0.048049971709446554 off 0.027579253127872516	false	1.0
unstetig	neg 1.0		__DUMMY__ 0.924489426204289 neg 0.04442745386354552 off 0.031083119932165518	false	1.0
entmutigen	neg 1.0		__DUMMY__ 0.9278301160178478 neg 0.04286150321365769 off 0.02930838076849458	false	1.0
schwanz	neg 1.0		__DUMMY__ 0.9273770862992549 neg 0.045252974076581444 off 0.02736993962416367	false	1.0
verbot	neg 1.0		__DUMMY__ 0.922329578907088 neg 0.04933120401945648 off 0.02833921707345552	false	1.0
leid	neg 1.0		__DUMMY__ 0.9242831361855942 neg 0.040457608727325456 off 0.03525925508708039	false	1.0
archaisch	neg 1.0		__DUMMY__ 0.9252384298712647 neg 0.04697708081578878 off 0.027784489312946456	false	1.0
gegen			__DUMMY__ 0.9269186774246407 neg 0.047165936458427336 off 0.0259153861169319	false	0.0
scheidung	neg 1.0	neg 1.0	neg 0.49986170406368263 __DUMMY__ 0.4595293700652484 off 0.04060892587106893	false	1.0
einschlag	neg 1.0		__DUMMY__ 0.9247900001424328 neg 0.04015734899116297 off 0.035052650866404175	false	1.0
m			__DUMMY__ 0.9296046596618543 neg 0.04275898278749998 off 0.027636357550645668	false	0.0
abgestanden	neg 1.0		__DUMMY__ 0.9296828545663761 neg 0.04253430220201427 off 0.02778284323160971	false	1.0
schmierig	off 1.0		__DUMMY__ 0.9255320615456685 neg 0.04000498438819451 off 0.03446295406613704	false	0.5
unpraktisch	neg 1.0		__DUMMY__ 0.9305927256940171 neg 0.040458827623381356 off 0.02894844668260155	false	1.0
wixxer	off 1.0		__DUMMY__ 0.920951718852978 neg 0.039610075553699706 off 0.03943820559332227	false	0.5
bezeichnet			__DUMMY__ 0.9250235042670868 neg 0.0464718575607882 off 0.028504638172125008	false	0.0
jammerlappen	off 1.0		__DUMMY__ 0.9265890591130772 neg 0.04181961326885201 off 0.031591327618070694	false	0.5
farce	neg 1.0		__DUMMY__ 0.9191731666705126 neg 0.05205284905684363 off 0.028773984272643792	false	1.0
zwecklos	neg 1.0		__DUMMY__ 0.9253784486911606 neg 0.04735072784742487 off 0.02727082346141457	false	1.0
turbulent	neg 1.0		__DUMMY__ 0.9235669669819561 neg 0.042388224700699896 off 0.034044808317344064	false	1.0
invasion	neg 1.0		__DUMMY__ 0.9286559819328635 neg 0.04067494937210538 off 0.030669068695031113	false	1.0
schuld	neg 1.0		__DUMMY__ 0.9261444502535656 neg 0.04451645174935839 off 0.029339097997075885	false	1.0
risiko	neg 1.0		__DUMMY__ 0.9300745018559253 neg 0.03921229059228674 off 0.030713207551787986	false	1.0
finster	neg 1.0		__DUMMY__ 0.9312241758767912 neg 0.04065869827559461 off 0.028117125847614298	false	1.0
geisteskrank	off 1.0		__DUMMY__ 0.9222448709953563 neg 0.04476181478352626 off 0.032993314221117356	false	0.5
zusammenbrechen	neg 1.0		__DUMMY__ 0.9286232387785275 neg 0.043666805259756324 off 0.027709955961716146	false	1.0
ausbeute	neg 1.0		__DUMMY__ 0.9322859454347552 neg 0.041382460519191484 off 0.026331594046053314	false	1.0
hinterhalt	neg 1.0		__DUMMY__ 0.9270586760815603 neg 0.04364296081525729 off 0.029298363103182328	false	1.0
kritik	neg 1.0		__DUMMY__ 0.9206195610751646 neg 0.05067322652793794 off 0.028707212396897518	false	1.0
einschrumpfen	neg 1.0		__DUMMY__ 0.9211368520004966 neg 0.04726497962783958 off 0.03159816837166383	false	1.0
riskant	neg 1.0		__DUMMY__ 0.927902430850058 neg 0.045775107620521345 off 0.026322461529420676	false	1.0
frustrieren	neg 1.0		__DUMMY__ 0.9272489243262485 neg 0.0464203820020401 off 0.026330693671711317	false	1.0
groll	neg 1.0		__DUMMY__ 0.9259332784729674 neg 0.04667377522306831 off 0.027392946303964265	false	1.0
gibt			__DUMMY__ 0.9275730744067534 neg 0.04482205770653174 off 0.027604867886714783	false	0.0
qualvoll	neg 1.0		__DUMMY__ 0.9288034316345745 neg 0.041281462667637964 off 0.02991510569778756	false	1.0
wackeln	neg 1.0		__DUMMY__ 0.9314226836506279 neg 0.03980691409884667 off 0.028770402250525434	false	1.0
klagen	neg 1.0		__DUMMY__ 0.925910402496179 neg 0.0487019982536066 off 0.025387599250214544	false	1.0
bankrott	neg 1.0		__DUMMY__ 0.928478489538838 neg 0.04000078207902942 off 0.031520728382132567	false	1.0
trauern	neg 1.0		__DUMMY__ 0.9283267873490695 neg 0.045259918227910256 off 0.026413294423020275	false	1.0
ablehnung	neg 1.0	neg 1.0	neg 0.5153391314537116 __DUMMY__ 0.45865792024814334 off 0.02600294829814515	false	1.0
stur	neg 1.0		__DUMMY__ 0.926412726488325 neg 0.04402887955257511 off 0.029558393959099937	false	1.0
aufruhr	neg 1.0		__DUMMY__ 0.9225371568474315 neg 0.04789131695633547 off 0.029571526196233024	false	1.0
melancholie	neg 1.0		__DUMMY__ 0.9325584101754439 neg 0.04087653842466057 off 0.02656505139989555	false	1.0
ist			__DUMMY__ 0.9268035241054824 neg 0.043568225269258125 off 0.029628250625259478	false	0.0
torheit	neg 1.0		__DUMMY__ 0.9209718294807958 neg 0.048846360454065964 off 0.03018181006513821	false	1.0
dreckskind	off 1.0		__DUMMY__ 0.919998868655716 neg 0.04391205243667037 off 0.03608907890761363	false	0.5
umtauschen	neg 1.0		__DUMMY__ 0.9306441694199912 neg 0.04157213078951857 off 0.027783699790490245	false	1.0
zum			__DUMMY__ 0.9366588177131568 neg 0.040189693402724797 off 0.023151488884118374	false	0.0
zersetzen	neg 1.0		__DUMMY__ 0.9261610985246205 neg 0.04800791405584952 off 0.025830987419529994	false	1.0
zur			__DUMMY__ 0.9305645293394634 neg 0.04580093039545799 off 0.023634540265078555	false	0.0
frust	neg 1.0		__DUMMY__ 0.9285762271559503 neg 0.04377585810716155 off 0.02764791473688816	false	1.0
unerbittlichkeit	neg 1.0		__DUMMY__ 0.9259688786907 neg 0.04755220545360276 off 0.02647891585569723	false	1.0
zwei			__DUMMY__ 0.934227075530962 neg 0.0414021699369963 off 0.024370754532041725	false	0.0
unkorrekt	neg 1.0		__DUMMY__ 0.9220171278517224 neg 0.044902344817539054 off 0.033080527330738595	false	1.0
hexe	off 1.0		__DUMMY__ 0.926801227328445 neg 0.041658367647168175 off 0.03154040502438686	false	0.5
lasch	neg 1.0		__DUMMY__ 0.924369143750171 neg 0.04462146795673606 off 0.03100938829309295	false	1.0
rivale	neg 1.0		__DUMMY__ 0.9239466015724552 neg 0.041437788383264354 off 0.034615610044280376	false	1.0
mutlos	off 1.0	off 1.0	off 0.4947311850276025 __DUMMY__ 0.46098024390688663 neg 0.044288571065510915	false	1.0
wirr	off 1.0		__DUMMY__ 0.9218597940779909 neg 0.044184096980055355 off 0.033956108941953736	false	0.5
jahr			__DUMMY__ 0.9330058025110498 neg 0.0411442018463249 off 0.02584999564262533	false	0.0
wird			__DUMMY__ 0.9282157857746425 neg 0.045174766678753434 off 0.026609447546604152	false	0.0
strafbar	neg 1.0		__DUMMY__ 0.9241774190609741 neg 0.048996437764979 off 0.02682614317404682	false	1.0
erosion	neg 1.0		__DUMMY__ 0.9296922541479041 neg 0.04078812599185056 off 0.029519619860245216	false	1.0
eingehen	neg 1.0		__DUMMY__ 0.9261628300778815 neg 0.04675540417297509 off 0.02708176574914348	false	1.0
faul	off 1.0		__DUMMY__ 0.929708339475648 neg 0.03942974021780029 off 0.03086192030655173	false	0.5
provisorium	neg 1.0		__DUMMY__ 0.9337970517811687 neg 0.04522454531298626 off 0.02097840290584513	false	1.0
schmerzen	neg 1.0		__DUMMY__ 0.9300107762440479 neg 0.042697649508456635 off 0.027291574247495485	false	1.0
schrumpfen	neg 1.0		__DUMMY__ 0.9301940347368957 neg 0.0464796905846946 off 0.023326274678409736	false	1.0
geistlos	off 1.0		__DUMMY__ 0.9189231213701743 neg 0.04983370421325341 off 0.03124317441657234	false	0.5
fehlkauf	neg 1.0		__DUMMY__ 0.9251153004767005 neg 0.04417295411076398 off 0.03071174541253543	false	1.0
frustrierend	neg 1.0	neg 1.0	neg 0.5083580107777157 __DUMMY__ 0.46357000210718874 off 0.028071987115095596	false	1.0
unzufrieden	neg 1.0		__DUMMY__ 0.9267525321155667 neg 0.04599669390045317 off 0.027250773983980132	false	1.0
verzweifeln	neg 1.0		__DUMMY__ 0.9284869866778477 neg 0.04327356245193766 off 0.02823945087021462	false	1.0
verzweifelt	neg 1.0		__DUMMY__ 0.9270059396736002 neg 0.04354265271815929 off 0.029451407608240516	false	1.0
misstrauensantrag	neg 1.0		__DUMMY__ 0.9241865961836365 neg 0.04523185079261829 off 0.030581553023745173	false	1.0
abfallen	neg 1.0		__DUMMY__ 0.9321397626945201 neg 0.03927159288173693 off 0.02858864442374294	false	1.0
fucker	off 1.0		__DUMMY__ 0.9240723479666699 neg 0.041852341348160876 off 0.03407531068516931	false	0.5
ungezogen	neg 1.0		__DUMMY__ 0.92470926597728 neg 0.03786593140425828 off 0.03742480261846175	false	1.0
irrsinnig	neg 1.0	neg 1.0	neg 0.5109804996960743 __DUMMY__ 0.46239487855470024 off 0.02662462174922541	false	1.0
unfassbar	neg 1.0		__DUMMY__ 0.9261335625052664 neg 0.0420015938854506 off 0.03186484360928309	false	1.0
hart	neg 1.0		__DUMMY__ 0.9246568535752288 neg 0.04359103565157213 off 0.03175211077319904	false	1.0
widerlich	off 1.0		__DUMMY__ 0.9241351240295868 neg 0.04331399316952667 off 0.0325508828008866	false	0.5
fatal	neg 1.0		__DUMMY__ 0.9255633686071725 neg 0.04376244458444835 off 0.030674186808379144	false	1.0
bruch	neg 1.0		__DUMMY__ 0.9251859226166432 neg 0.049599442791330675 off 0.02521463459202602	false	1.0
aushungern	neg 1.0		__DUMMY__ 0.9217390130707906 neg 0.04858414713682202 off 0.029676839792387416	false	1.0
anspannung	neg 1.0		__DUMMY__ 0.9316302701811777 neg 0.04426734151052647 off 0.024102388308295856	false	1.0
von			__DUMMY__ 0.9332939012500604 neg 0.04143302092743488 off 0.025273077822504757	false	0.0
kraftlos	neg 1.0		__DUMMY__ 0.9321249466098673 neg 0.04136314261703037 off 0.026511910773102363	false	1.0
vom			__DUMMY__ 0.9358080761854365 neg 0.04257731126173218 off 0.0216146125528313	false	0.0
grenzdebil	off 1.0		__DUMMY__ 0.9268457829696082 neg 0.04066246334264395 off 0.03249175368774784	false	0.5
vor			__DUMMY__ 0.9309647667846598 neg 0.04418388899757116 off 0.02485134421776904	false	0.0
unterwerfen	neg 1.0		__DUMMY__ 0.9260724585843222 neg 0.04711203213186566 off 0.026815509283812194	false	1.0
versenkung	neg 1.0		__DUMMY__ 0.9271614221923805 neg 0.04632841341963139 off 0.02651016438798812	false	1.0
entziehen	neg 1.0		__DUMMY__ 0.9274689570300462 neg 0.047494751274661004 off 0.025036291695292846	false	1.0
finanzkrise	neg 1.0		__DUMMY__ 0.9214802266282424 neg 0.0494949793853332 off 0.029024793986424352	false	1.0
schimpfend	neg 1.0		__DUMMY__ 0.9337064164765613 neg 0.03740090507320377 off 0.028892678450234972	false	1.0
profan	neg 1.0		__DUMMY__ 0.9275266124675742 neg 0.042521501955400616 off 0.029951885577025227	false	1.0
korruption	neg 1.0		__DUMMY__ 0.9220139972805607 neg 0.049992788107355385 off 0.027993214612083893	false	1.0
â			__DUMMY__ 0.9291347107909999 neg 0.04382479923252013 off 0.027040489976480002	false	0.0
schmutzig	neg 1.0		__DUMMY__ 0.9295608088258177 neg 0.038463745677621626 off 0.03197544549656072	false	1.0
sexy	neg 1.0		__DUMMY__ 0.9271887808754442 neg 0.041390859109541975 off 0.03142036001501389	false	1.0
abraten	neg 1.0		__DUMMY__ 0.9286717030241518 neg 0.0420975102430044 off 0.029230786732843773	false	1.0
schwarz	neg 1.0		__DUMMY__ 0.9262826788764108 neg 0.0436854163620467 off 0.030031904761542494	false	1.0
fotze	off 1.0		__DUMMY__ 0.9256558497539897 neg 0.046406875068506596 off 0.027937275177503693	false	0.5
verwirren	neg 1.0		__DUMMY__ 0.9271968827198476 neg 0.042233217649745296 off 0.030569899630407116	false	1.0
zahnlos	off 1.0		__DUMMY__ 0.9254544360263768 neg 0.04698808171690186 off 0.027557482256721257	false	0.5
verheeren	neg 1.0		__DUMMY__ 0.9189811364513805 neg 0.04170688409840719 off 0.03931197945021242	false	1.0
hippie	neg 1.0		__DUMMY__ 0.9266391311474771 neg 0.04199935080444771 off 0.03136151804807518	false	1.0
rammen	neg 1.0		__DUMMY__ 0.9282107787601976 neg 0.041692582741992355 off 0.030096638497810062	false	1.0
unlauter	neg 1.0	neg 1.0	neg 0.5114057696207672 __DUMMY__ 0.46074869877972385 off 0.02784553159950883	false	1.0
unheilvoll	neg 1.0		__DUMMY__ 0.928675244306828 neg 0.04182120666902201 off 0.029503549024150023	false	1.0
niedrig	neg 1.0		__DUMMY__ 0.9273848804049123 neg 0.045737321236471284 off 0.026877798358616457	false	1.0
explosion	neg 1.0		__DUMMY__ 0.9279661137695747 neg 0.04119682442237556 off 0.03083706180804975	false	1.0
weichei	off 1.0		__DUMMY__ 0.9239903974896587 neg 0.04031190004598054 off 0.03569770246436078	false	0.5
minusmensch	off 1.0		__DUMMY__ 0.9184301206473184 neg 0.04216345140493447 off 0.039406427947747055	false	0.5
farblos	neg 1.0		__DUMMY__ 0.9261170221010552 neg 0.04498964289771565 off 0.028893335001229207	false	1.0
unwissend	neg 1.0	neg 1.0	neg 0.5094136045731231 __DUMMY__ 0.461508970591666 off 0.029077424835211047	false	1.0
traurig	neg 1.0		__DUMMY__ 0.9268878770941434 neg 0.03955020154868399 off 0.033561921357172564	false	1.0
senkung	neg 1.0		__DUMMY__ 0.9253827470512049 neg 0.04389637463874449 off 0.03072087831005059	false	1.0
ungleich	neg 1.0	neg 1.0	neg 0.5137340730027112 __DUMMY__ 0.4620067952869407 off 0.02425913171034808	false	1.0
heikel	neg 1.0		__DUMMY__ 0.927265412998214 neg 0.04701753071773683 off 0.025717056284049203	false	1.0
drosselung	neg 1.0		__DUMMY__ 0.9276721975185869 neg 0.0387230403163296 off 0.033604762165083554	false	1.0
falsch	neg 1.0		__DUMMY__ 0.9262202982001209 neg 0.04261992920372956 off 0.031159772596149576	false	1.0
unzufriedenheit	neg 1.0		__DUMMY__ 0.9267098013870156 neg 0.04753982957158652 off 0.025750369041397863	false	1.0
kurz	neg 1.0		__DUMMY__ 0.9314699299027351 neg 0.0413385016351707 off 0.02719156846209422	false	1.0
unsinnig	neg 1.0		__DUMMY__ 0.9266067624077847 neg 0.0458816633394981 off 0.027511574252717157	false	1.0
penner	off 1.0	off 1.0	off 0.5036580717659572 __DUMMY__ 0.4611224390124907 neg 0.03521948922155213	false	1.0
seicht	neg 1.0		__DUMMY__ 0.9204215478657638 neg 0.041812846720777085 off 0.03776560541345902	false	1.0
dummheit	off 1.0	off 1.0	off 0.497844047298958 __DUMMY__ 0.46091368367473934 neg 0.041242269026302666	false	1.0
unerfreulich	neg 1.0		__DUMMY__ 0.9285905111996087 neg 0.04620842188720709 off 0.02520106691318422	false	1.0
motherfucker	off 1.0	off 1.0	off 0.5011037736797105 __DUMMY__ 0.4606489311036797 neg 0.03824729521660984	false	1.0
pikiert	neg 1.0		__DUMMY__ 0.9247699880067337 neg 0.04353731295587425 off 0.03169269903739201	false	1.0
wrack	neg 1.0		__DUMMY__ 0.9294636677687819 neg 0.043605331202010864 off 0.02693100102920732	false	1.0
gangster	neg 1.0		__DUMMY__ 0.9265539198012449 neg 0.04269965155662763 off 0.030746428642127444	false	1.0
krank	neg 1.0		__DUMMY__ 0.9293583542782957 neg 0.03851864412807871 off 0.03212300159362559	false	1.0
reich	neg 1.0		__DUMMY__ 0.9190395614195976 neg 0.048262085166816314 off 0.03269835341358606	false	1.0
gnadenlos	neg 1.0		__DUMMY__ 0.9271168382074866 neg 0.04344867628830932 off 0.029434485504204064	false	1.0
niedergeschlagen	neg 1.0		__DUMMY__ 0.928750590068042 neg 0.04368218249277477 off 0.02756722743918329	false	1.0
terrorisieren	off 1.0	off 1.0	off 0.49429802706868803 __DUMMY__ 0.4637830205307298 neg 0.04191895240058214	false	1.0
sinnlosigkeit	neg 1.0		__DUMMY__ 0.9258252151587225 neg 0.046668408692787766 off 0.02750637614848974	false	1.0
behindern	neg 1.0		__DUMMY__ 0.9294964442996616 neg 0.042145311317426784 off 0.028358244382911596	false	1.0
undemokratisch	neg 1.0		__DUMMY__ 0.9207617476709531 neg 0.048873574603346875 off 0.030364677725700034	false	1.0
wirtschaftskrise	neg 1.0		__DUMMY__ 0.9239250978897569 neg 0.04829091382406854 off 0.027783988286174507	false	1.0
neid	neg 1.0		__DUMMY__ 0.9295495870331898 neg 0.039938491686403704 off 0.03051192128040655	false	1.0
rutschen	neg 1.0		__DUMMY__ 0.936748779076147 neg 0.04012029772145665 off 0.023130923202396313	false	1.0
rezession	neg 1.0		__DUMMY__ 0.9195709150858998 neg 0.04506587362236984 off 0.03536321129173034	false	1.0
fehlgeburt	neg 1.0		__DUMMY__ 0.9277642372935866 neg 0.043482422741812535 off 0.028753339964600895	false	1.0
charakterschwach	off 1.0		__DUMMY__ 0.9246505097750836 neg 0.04282223291553466 off 0.03252725730938189	false	0.5
isolation	neg 1.0		__DUMMY__ 0.9275523307655519 neg 0.04046194688101741 off 0.03198572235343071	false	1.0
ablenkung	neg 1.0		__DUMMY__ 0.9294156567140978 neg 0.041850047095763315 off 0.028734296190138932	false	1.0
pech	neg 1.0		__DUMMY__ 0.9283775970794909 neg 0.041532476158491906 off 0.030089926762017313	false	1.0
vermeidung	neg 1.0		__DUMMY__ 0.928363468273923 neg 0.03884042633440589 off 0.03279610539167111	false	1.0
dominieren	neg 1.0		__DUMMY__ 0.927588669476319 neg 0.04442133392636727 off 0.02798999659731378	false	1.0
schwindlig	neg 1.0		__DUMMY__ 0.9309591501942609 neg 0.03926710312459911 off 0.029773746681140002	false	1.0
lutscher	neg 1.0		__DUMMY__ 0.9216006706421419 neg 0.040463101628535066 off 0.03793622772932307	false	1.0
pflicht	neg 1.0		__DUMMY__ 0.9270786350096385 neg 0.047115233039196666 off 0.025806131951164858	false	1.0
faschist	off 1.0		__DUMMY__ 0.9211715587669715 neg 0.047853943480821164 off 0.03097449775220736	false	0.5
verschleudern	neg 1.0		__DUMMY__ 0.924392462690017 neg 0.04824760953922862 off 0.027359927770754404	false	1.0
wenn			__DUMMY__ 0.9267922822206413 neg 0.04205443485455612 off 0.03115328292480258	false	0.0
ehebruch	neg 1.0		__DUMMY__ 0.9245005716233381 neg 0.04832558016049798 off 0.02717384821616385	false	1.0
spott	off 1.0		__DUMMY__ 0.9252931375139767 neg 0.04794972585177314 off 0.026757136634250188	false	0.5
trostlosigkeit	neg 1.0		__DUMMY__ 0.9229926730691228 neg 0.05096943320428578 off 0.026037893726591505	false	1.0
lutschen	neg 1.0		__DUMMY__ 0.9238944656251515 neg 0.04427287833378923 off 0.03183265604105926	false	1.0
undiszipliniert	neg 1.0		__DUMMY__ 0.925649181338396 neg 0.041205128808271374 off 0.03314568985333255	false	1.0
kopfschmerz	neg 1.0		__DUMMY__ 0.9288949974713641 neg 0.04322483970138228 off 0.02788016282725374	false	1.0
unvorhergesehen	neg 1.0		__DUMMY__ 0.9328234532731386 neg 0.04031250970552052 off 0.026864037021340832	false	1.0
desinteressiert	neg 1.0		__DUMMY__ 0.9246391993686738 neg 0.042192913495405104 off 0.03316788713592112	false	1.0
armselig	off 1.0		__DUMMY__ 0.9230448423689576 neg 0.042968834674437115 off 0.0339863229566054	false	0.5
desaster	neg 1.0		__DUMMY__ 0.9248855065813484 neg 0.05011131582274866 off 0.025003177595903002	false	1.0
tod	neg 1.0		__DUMMY__ 0.9220566274431296 neg 0.05136910189398326 off 0.0265742706628871	false	1.0
herzlos	neg 1.0		__DUMMY__ 0.925858302886251 neg 0.04003454216158264 off 0.03410715495216634	false	1.0
unwissenheit	neg 1.0		__DUMMY__ 0.9246430890826153 neg 0.04779689264784653 off 0.02756001826953815	false	1.0
widersinnig	neg 1.0		__DUMMY__ 0.921515589313464 neg 0.049817225477888714 off 0.028667185208647264	false	1.0
bedenklich	neg 1.0		__DUMMY__ 0.9268418829227278 neg 0.04675215034610611 off 0.026405966731166054	false	1.0
beanstanden	neg 1.0		__DUMMY__ 0.927571451605397 neg 0.04696328484262398 off 0.025465263551979	false	1.0
panisch	neg 1.0	neg 1.0	neg 0.5047424963501903 __DUMMY__ 0.4685891776009001 off 0.02666832604890962	false	1.0
debil	off 1.0		__DUMMY__ 0.9291295665315537 neg 0.047646771276930656 off 0.023223662191515695	false	0.5
abstrich	neg 1.0		__DUMMY__ 0.9320323163126423 neg 0.040312099895159346 off 0.02765558379219836	false	1.0
primitiv	neg 1.0		__DUMMY__ 0.9241092080304737 neg 0.04292559708758873 off 0.03296519488193752	false	1.0
abschaum	off 1.0	off 1.0	off 0.4993782991535083 __DUMMY__ 0.4601101232304139 neg 0.04051157761607782	false	1.0
provozieren	neg 1.0		__DUMMY__ 0.9249419473201737 neg 0.04592117909426705 off 0.02913687358555931	false	1.0
tot	neg 1.0		__DUMMY__ 0.9273884073548095 neg 0.04486378788589558 off 0.0277478047592949	false	1.0
instabil	neg 1.0		__DUMMY__ 0.9220830772109041 neg 0.04319381273118443 off 0.034723110057911434	false	1.0
schwuchtel	off 1.0		__DUMMY__ 0.9179365668905372 off 0.04186004284812742 neg 0.040203390261335396	false	1.0
zerren	neg 1.0		__DUMMY__ 0.9288733398713506 neg 0.04349702016805571 off 0.027629639960593696	false	1.0
kinderficker	off 1.0		__DUMMY__ 0.9218733622181557 neg 0.042606393028993196 off 0.035520244752851156	false	0.5
gefahr	neg 1.0		__DUMMY__ 0.9259717511737204 neg 0.04701684903102789 off 0.027011399795251613	false	1.0
rabiat	neg 1.0		__DUMMY__ 0.9271024667537062 neg 0.044079709028246886 off 0.028817824218046944	false	1.0
verlangsamung	neg 1.0		__DUMMY__ 0.9191193908889443 neg 0.04338433002549218 off 0.037496279085563446	false	1.0
ausgestorben	neg 1.0		__DUMMY__ 0.9285688572510516 neg 0.04375463885513451 off 0.027676503893813886	false	1.0
anklagen	neg 1.0		__DUMMY__ 0.9244381725405546 neg 0.04677013218145136 off 0.028791695277994057	false	1.0
trott	neg 1.0		__DUMMY__ 0.9285291928179089 neg 0.04292763347022503 off 0.028543173711866106	false	1.0
verminderung	neg 1.0		__DUMMY__ 0.9254363854464625 neg 0.04106818113327538 off 0.03349543342026217	false	1.0
nach			__DUMMY__ 0.9338794802100208 neg 0.04283774759266823 off 0.023282772197311015	false	0.0
rost	neg 1.0		__DUMMY__ 0.9218641211490162 neg 0.04073259986035848 off 0.037403278990625365	false	1.0
destruktiv	neg 1.0	neg 1.0	neg 0.5134217160999698 __DUMMY__ 0.46068470080858953 off 0.025893583091440558	false	1.0
unzumutbarkeit	neg 1.0		__DUMMY__ 0.926820199839275 neg 0.04021663811248527 off 0.032963162048239805	false	1.0
labil	off 1.0	off 1.0	off 0.4999671799007766 __DUMMY__ 0.4607605537480106 neg 0.03927226635121273	false	1.0
ziemlich	neg 1.0		__DUMMY__ 0.9267661139434062 neg 0.04102932308703715 off 0.03220456296955668	false	1.0
lachnummer	off 1.0		__DUMMY__ 0.9242903350712998 neg 0.04713715833311905 off 0.028572506595581203	false	0.5
oder			__DUMMY__ 0.9298144247359064 neg 0.041889957270395274 off 0.028295617993698362	false	0.0
verfall	neg 1.0		__DUMMY__ 0.9289217668485066 neg 0.04766094082593438 off 0.023417292325559065	false	1.0
ausgrenzung	neg 1.0		__DUMMY__ 0.9214790813424582 neg 0.04774929607880189 off 0.030771622578739916	false	1.0
unordnung	neg 1.0		__DUMMY__ 0.9239724273139125 neg 0.04114328671191852 off 0.034884285974168976	false	1.0
fehlverhalten	neg 1.0		__DUMMY__ 0.9254067502297256 neg 0.04795091729563116 off 0.026642332474643177	false	1.0
eine			__DUMMY__ 0.9304630703041342 neg 0.04450222675253082 off 0.025034702943334982	false	0.0
nille	neg 1.0		__DUMMY__ 0.9242237084539778 neg 0.0465777111757056 off 0.029198580370316474	false	1.0
qual	neg 1.0		__DUMMY__ 0.9281062693008645 neg 0.043341821974939354 off 0.028551908724196176	false	1.0
verschwenden	neg 1.0		__DUMMY__ 0.928033061886196 neg 0.045617499863675 off 0.02634943825012896	false	1.0
riesig	neg 1.0		__DUMMY__ 0.9279501105080046 neg 0.04416165010029599 off 0.02788823939169943	false	1.0
verurteilen	neg 1.0		__DUMMY__ 0.9238348683715836 neg 0.048362434927601186 off 0.02780269670081523	false	1.0
klischee	neg 1.0	neg 1.0	neg 0.5111460420548524 __DUMMY__ 0.4605297122711146 off 0.02832424567403301	false	1.0
diktatorisch	neg 1.0		__DUMMY__ 0.9192144516655489 neg 0.050346411560747935 off 0.03043913677370312	false	1.0
vorhersehbar	neg 1.0		__DUMMY__ 0.9235905577238633 neg 0.046072384186852576 off 0.030337058089284063	false	1.0
sowie			__DUMMY__ 0.9209724821818123 neg 0.04253612848670223 off 0.036491389331485505	false	0.0
stornieren	neg 1.0		__DUMMY__ 0.930414441977659 neg 0.0394425613561097 off 0.030142996666231266	false	1.0
besteuerung	neg 1.0		__DUMMY__ 0.9256854678731046 neg 0.04477546900158816 off 0.02953906312530722	false	1.0
ungeschminkt	neg 1.0		__DUMMY__ 0.9258309694311447 neg 0.041961175123898214 off 0.032207855444956975	false	1.0
kritisch	neg 1.0		__DUMMY__ 0.9251260825573292 neg 0.048085941117841986 off 0.02678797632482888	false	1.0
schlamperei	off 1.0		__DUMMY__ 0.924440347527224 neg 0.04836522677139381 off 0.027194425701382162	false	0.5
sucht	neg 1.0	neg 1.0	neg 0.5044013704110052 __DUMMY__ 0.46848543480661237 off 0.027113194782382333	false	1.0
egoistisch	off 1.0		__DUMMY__ 0.9236873215170082 neg 0.040538746515866204 off 0.03577393196712561	false	0.5
ausbeuter	off 1.0		__DUMMY__ 0.9241299805061309 neg 0.04943572777214304 off 0.02643429172172601	false	0.5
arschgeburt	off 1.0		__DUMMY__ 0.9180101316998074 off 0.041857289002463244 neg 0.0401325792977293	false	1.0
schubs	neg 1.0	neg 1.0	neg 0.5078059072019246 __DUMMY__ 0.4682994829501171 off 0.02389460984795819	false	1.0
unsolide	neg 1.0		__DUMMY__ 0.916593207299523 neg 0.050656257652635886 off 0.03275053504784109	false	1.0
beschwerde	neg 1.0		__DUMMY__ 0.925447787119215 neg 0.0469053484588852 off 0.02764686442189974	false	1.0
stocken	neg 1.0		__DUMMY__ 0.9276458489391405 neg 0.04526675282822205 off 0.02708739823263745	false	1.0
isolieren	neg 1.0		__DUMMY__ 0.9299378173563121 neg 0.0417748456856258 off 0.028287336958062133	false	1.0
unheilbar	neg 1.0		__DUMMY__ 0.9254432329665339 neg 0.045192315178552184 off 0.029364451854913914	false	1.0
pisser	off 1.0		__DUMMY__ 0.9227938592168817 neg 0.04262237169699293 off 0.03458376908612536	false	0.5
löschen	neg 1.0		__DUMMY__ 0.9264879550062238 neg 0.04393485701472144 off 0.029577187979054807	false	1.0
durchfallen	neg 1.0		__DUMMY__ 0.9268325585874256 neg 0.04643672482132302 off 0.026730716591251244	false	1.0
wichser	off 1.0		__DUMMY__ 0.9223621309275714 off 0.03886924867798269 neg 0.03876862039444593	false	1.0
terror	neg 1.0		__DUMMY__ 0.9291798906610474 neg 0.03991326137885198 off 0.0309068479601006	false	1.0
krass	neg 1.0		__DUMMY__ 0.9257374725069637 neg 0.04023805425032483 off 0.034024473242711524	false	1.0
revolte	neg 1.0	neg 1.0	neg 0.51510844585249 __DUMMY__ 0.4560138029155732 off 0.028877751231936807	false	1.0
besorgt	neg 1.0		__DUMMY__ 0.9322470979762766 neg 0.04036663621606544 off 0.02738626580765804	false	1.0
nachlassen	neg 1.0		__DUMMY__ 0.9286911476430917 neg 0.04411419102131788 off 0.027194661335590477	false	1.0
alt	neg 1.0		__DUMMY__ 0.9318525339694375 neg 0.04291695222633008 off 0.025230513804232507	false	1.0
hundesohn	off 1.0		__DUMMY__ 0.9198249551409268 neg 0.04140776041619091 off 0.03876728444288233	false	0.5
als			__DUMMY__ 0.9295128514124068 neg 0.043399283515978215 off 0.027087865071614963	false	0.0
abschreckung	neg 1.0		__DUMMY__ 0.925577467315139 neg 0.0486955687409278 off 0.0257269639439332	false	1.0
unqualifiziert	neg 1.0	neg 1.0	neg 0.5110110949814607 __DUMMY__ 0.46118162009311103 off 0.027807284925428243	false	1.0
abgewichst	off 1.0		__DUMMY__ 0.9262481209046166 neg 0.04549886634198014 off 0.02825301275340318	false	0.5
schwer	neg 1.0		__DUMMY__ 0.9283210756348059 neg 0.04336495761248675 off 0.028313966752707375	false	1.0
bedeutungslosigkeit	neg 1.0		__DUMMY__ 0.9257806232429273 neg 0.04803062902588931 off 0.026188747731183425	false	1.0
kapitulation	neg 1.0		__DUMMY__ 0.9209196325643456 neg 0.0512649287444378 off 0.027815438691216585	false	1.0
unscharf	neg 1.0		__DUMMY__ 0.9277386512084769 neg 0.04221151238060411 off 0.030049836410919024	false	1.0
schwinden	neg 1.0		__DUMMY__ 0.9269641891011067 neg 0.046890575205990846 off 0.026145235692902443	false	1.0
versklavung	neg 1.0	neg 1.0	neg 0.514570786600386 __DUMMY__ 0.4579999698844132 off 0.02742924351520077	false	1.0
schlecht	neg 1.0		__DUMMY__ 0.9270386289123882 neg 0.0404884526825753 off 0.032472918405036535	false	1.0
verhasst	neg 1.0		__DUMMY__ 0.9241836664803909 neg 0.04661279645393446 off 0.029203537065674638	false	1.0
beschweren	neg 1.0		__DUMMY__ 0.9275533971378743 neg 0.042745277543883825 off 0.029701325318241857	false	1.0
scheiden	neg 1.0		__DUMMY__ 0.9292962880982506 neg 0.042834655296771586 off 0.02786905660497786	false	1.0
frustriert	neg 1.0		__DUMMY__ 0.9276880172561723 neg 0.04450579565922431 off 0.027806187084603372	false	1.0
schimmelig	neg 1.0		__DUMMY__ 0.9277454339705887 neg 0.04629927340597238 off 0.025955292623438885	false	1.0
fisch	neg 1.0	neg 1.0	neg 0.5080478490278484 __DUMMY__ 0.46809892094763705 off 0.023853230024514574	false	1.0
schmuggel	neg 1.0		__DUMMY__ 0.9299238692648453 neg 0.04449366645307373 off 0.025582464282081042	false	1.0
auffallen	neg 1.0		__DUMMY__ 0.9272298929144573 neg 0.04276916185134513 off 0.030000945234197576	false	1.0
konkurrenz	neg 1.0		__DUMMY__ 0.9296826497501349 neg 0.044974555249474614 off 0.025342795000390397	false	1.0
teufelskreis	neg 1.0	neg 1.0	neg 0.5119994084013495 __DUMMY__ 0.4624293416656833 off 0.025571249932967104	false	1.0
aufschreien	neg 1.0		__DUMMY__ 0.9246537595246122 neg 0.04519391012567542 off 0.030152330349712462	false	1.0
schuldner	neg 1.0		__DUMMY__ 0.92471420700863 neg 0.04854759140965896 off 0.02673820158171103	false	1.0
missgeburt	off 1.0	off 1.0	off 0.503165606408352 __DUMMY__ 0.4591047346933031 neg 0.03772965889834491	false	1.0
arbeitslos	neg 1.0		__DUMMY__ 0.9260163940904199 neg 0.04644423026463331 off 0.027539375644946754	false	1.0
befallen	neg 1.0		__DUMMY__ 0.920222635069149 neg 0.05204670506794582 off 0.027730659862905124	false	1.0
miesepetrig	off 1.0		__DUMMY__ 0.9280836586061147 neg 0.040086695511843726 off 0.03182964588204157	false	0.5
alarmieren	neg 1.0		__DUMMY__ 0.9226332548014382 neg 0.04500301424140016 off 0.032363730957161746	false	1.0
ungeduscht	off 1.0		__DUMMY__ 0.9279635274189614 neg 0.042006268052307824 off 0.030030204528730738	false	0.5
knappheit	neg 1.0		__DUMMY__ 0.9252238897946325 neg 0.0471698002379165 off 0.027606309967450893	false	1.0
schlange	neg 1.0		__DUMMY__ 0.9300607489650168 neg 0.04064749279539772 off 0.029291758239585488	false	1.0
harsch	neg 1.0		__DUMMY__ 0.9265476213472918 neg 0.03718032029994502 off 0.03627205835276309	false	1.0
lang	neg 1.0		__DUMMY__ 0.9272468128497717 neg 0.04320075580004991 off 0.029552431350178432	false	1.0
ziellos	neg 1.0		__DUMMY__ 0.9284303451602235 neg 0.04468076733345393 off 0.026888887506322543	false	1.0
selbstverliebt	neg 1.0		__DUMMY__ 0.9183268903766328 neg 0.041751888855819735 off 0.03992122076754737	false	1.0
beseitigen	neg 1.0		__DUMMY__ 0.9299784134315053 neg 0.040775692405138814 off 0.02924589416335581	false	1.0
dumm	off 1.0		__DUMMY__ 0.9224263398428164 neg 0.04129788362656514 off 0.036275776530618455	false	0.5
arbeitsloser	neg 1.0		__DUMMY__ 0.9269864641381068 neg 0.04599847874913871 off 0.027015057112754457	false	1.0
blitzen	neg 1.0		__DUMMY__ 0.9251017716753879 neg 0.043624589608067144 off 0.031273638716545094	false	1.0
hilflos	neg 1.0		__DUMMY__ 0.9279331667315427 neg 0.044613778531405725 off 0.027453054737051574	false	1.0
eklig	off 1.0		__DUMMY__ 0.9215940166827634 neg 0.041603095456601 off 0.03680288786063561	false	0.5
begriff			__DUMMY__ 0.9266092025267312 neg 0.04552219260222318 off 0.02786860487104556	false	0.0
hungersnot	neg 1.0		__DUMMY__ 0.9201282619708507 neg 0.050676564242608295 off 0.029195173786540993	false	1.0
ungesetzlich	neg 1.0		__DUMMY__ 0.9200400475386422 neg 0.04857371432650006 off 0.03138623813485779	false	1.0
verschwendung	neg 1.0		__DUMMY__ 0.9275646167810853 neg 0.04658664612055207 off 0.02584873709836265	false	1.0
schmerzvoll	neg 1.0		__DUMMY__ 0.9278305014227414 neg 0.04253629704838349 off 0.029633201528875188	false	1.0
vorzeitig	neg 1.0		__DUMMY__ 0.9261984891354559 neg 0.04150875483792705 off 0.03229275602661698	false	1.0
unvollkommenheit	neg 1.0		__DUMMY__ 0.9271762551961638 neg 0.04401481884768668 off 0.028808925956149582	false	1.0
intervenieren	neg 1.0		__DUMMY__ 0.9233593739520416 neg 0.04991610080651261 off 0.0267245252414457	false	1.0
banause	off 1.0		__DUMMY__ 0.9215741740699361 neg 0.04065102769009034 off 0.037774798239973595	false	0.5
rebell	neg 1.0		__DUMMY__ 0.9297308937338676 neg 0.04548903649032937 off 0.024780069775802997	false	1.0
unlogisch	neg 1.0		__DUMMY__ 0.92385986208961 neg 0.042151389213331426 off 0.033988748697058604	false	1.0
leiden	neg 1.0	neg 1.0	neg 0.5058374128068315 __DUMMY__ 0.4718417052601674 off 0.022320881933001142	false	1.0
abschaffung	neg 1.0		__DUMMY__ 0.9236276190863472 neg 0.04668849570651825 off 0.02968388520713461	false	1.0
sturz	neg 1.0		__DUMMY__ 0.9223893099205108 neg 0.047583575223672785 off 0.030027114855816477	false	1.0
verkleinerung	neg 1.0		__DUMMY__ 0.9221788756959017 neg 0.04603456878442008 off 0.03178655551967813	false	1.0
schmarotzer	off 1.0		__DUMMY__ 0.9246130044119489 neg 0.048077962240055304 off 0.027309033347995684	false	0.5
bestrafung	neg 1.0		__DUMMY__ 0.9261495171178048 neg 0.044159324528507175 off 0.029691158353688074	false	1.0
achtlos	neg 1.0		__DUMMY__ 0.9298592924322825 neg 0.04192730654875204 off 0.028213401018965523	false	1.0
