unsolidarisch	neg 1.0		neg 0.5684930779731904 off 0.3646512233303704 __DUMMY__ 0.06685569869643918	false	1.0
nachteilig	neg 1.0		neg 0.5671232557959659 off 0.3649824382627348 __DUMMY__ 0.06789430594129936	false	1.0
skeptisch	neg 1.0		neg 0.5692307921983264 off 0.362629980948302 __DUMMY__ 0.06813922685337166	false	1.0
schrecklich	neg 1.0		neg 0.5543200813307938 off 0.3779419260072515 __DUMMY__ 0.0677379926619548	false	1.0
schlapp	neg 1.0		neg 0.5569282970725533 off 0.3748235105588237 __DUMMY__ 0.06824819236862303	false	1.0
abfall	neg 1.0		neg 0.5709828939719345 off 0.3608230377814368 __DUMMY__ 0.06819406824662891	false	1.0
widerspenstig	neg 1.0		neg 0.5622263902866182 off 0.36944311420773934 __DUMMY__ 0.0683304955056423	false	1.0
abrupt	neg 1.0		neg 0.5632553639307445 off 0.36828322646906686 __DUMMY__ 0.06846140960018858	false	1.0
unwirksam	neg 1.0		neg 0.565727884092589 off 0.36697789277167275 __DUMMY__ 0.06729422313573821	false	1.0
angreifen	neg 1.0		neg 0.5689678325669646 off 0.3631565410012449 __DUMMY__ 0.06787562643179042	false	1.0
inkonsistent	neg 1.0		neg 0.5628266116375038 off 0.3695998918483497 __DUMMY__ 0.06757349651414643	false	1.0
abrutschen	neg 1.0		neg 0.5699475215923906 off 0.36168961221808005 __DUMMY__ 0.06836286618952928	false	1.0
unsicher	neg 1.0		neg 0.5631250318397947 off 0.3687522717128454 __DUMMY__ 0.06812269644735988	false	1.0
bauernkind	off 1.0		neg 0.552910872482512 off 0.3799415670461756 __DUMMY__ 0.06714756047131239	false	0.5
angreifer	neg 1.0		neg 0.5625730576770145 off 0.3700398938880949 __DUMMY__ 0.06738704843489057	false	1.0
trennen	neg 1.0		neg 0.5651482232233022 off 0.36609585712513126 __DUMMY__ 0.06875591965156656	false	1.0
schmutz	neg 1.0		neg 0.5542207838887016 off 0.3772141940639462 __DUMMY__ 0.06856502204735221	false	1.0
inkonsistenz	neg 1.0	neg 1.0	neg 0.7699245218188998 off 0.19782125855327257 __DUMMY__ 0.0322542196278277	false	1.0
erschreckend	neg 1.0		neg 0.5656648321268658 off 0.3664389808167944 __DUMMY__ 0.06789618705633978	false	1.0
ertrinken	neg 1.0		neg 0.5659408200419329 off 0.3657190619748282 __DUMMY__ 0.06834011798323886	false	1.0
pickelface	off 1.0		neg 0.5642393605176226 off 0.3681553493021974 __DUMMY__ 0.06760529018017997	false	0.5
seiner			neg 0.5676578769666537 off 0.36418547101741056 __DUMMY__ 0.06815665201593579	false	0.0
lauch	neg 1.0		neg 0.5696545950232708 off 0.36223871952863224 __DUMMY__ 0.0681066854480969	false	1.0
unwichtig	neg 1.0		neg 0.5594291236251115 off 0.3728078783275012 __DUMMY__ 0.06776299804738722	false	1.0
steuerhinterziehung	neg 1.0		neg 0.5678665406083824 off 0.3648691401644969 __DUMMY__ 0.06726431922712058	false	1.0
schock	neg 1.0		neg 0.5633918783573661 off 0.36815729424583404 __DUMMY__ 0.06845082739679974	false	1.0
beule	neg 1.0		neg 0.5556821456865665 off 0.37615211259908327 __DUMMY__ 0.06816574171435032	false	1.0
vergelten	neg 1.0		neg 0.5544030012558043 off 0.3782532432166114 __DUMMY__ 0.06734375552758443	false	1.0
verdorbenheit	neg 1.0	neg 1.0	neg 0.768960793748621 off 0.19836704701905633 __DUMMY__ 0.032672159232322626	false	1.0
trauma	neg 1.0		neg 0.5618680886720302 off 0.3702451170250862 __DUMMY__ 0.06788679430288361	false	1.0
sinnlos	neg 1.0		neg 0.5613572872578259 off 0.3707023696216425 __DUMMY__ 0.06794034312053164	false	1.0
fettsack	off 1.0	off 1.0	off 0.672302650842542 neg 0.29558662463866037 __DUMMY__ 0.03211072451879775	false	1.0
feige	off 1.0		neg 0.561003237420636 off 0.3714658846138904 __DUMMY__ 0.06753087796547369	false	0.5
abdanken	neg 1.0		neg 0.5686170522195182 off 0.36431413875502966 __DUMMY__ 0.06706880902545198	false	1.0
wichtigtuer	off 1.0	off 1.0	off 0.6668757145275639 neg 0.30087233354269516 __DUMMY__ 0.03225195192974098	false	1.0
misslingen	neg 1.0		neg 0.5593809885022104 off 0.37230237490205836 __DUMMY__ 0.06831663659573133	false	1.0
untreu	off 1.0		neg 0.5581588122216723 off 0.3740219055096026 __DUMMY__ 0.0678192822687251	false	0.5
missmutig	neg 1.0		neg 0.5580370032885085 off 0.37378213717832726 __DUMMY__ 0.06818085953316425	false	1.0
hurenbock	off 1.0		neg 0.5594817005623102 off 0.3721167510847014 __DUMMY__ 0.06840154835298842	false	0.5
betrunken	neg 1.0		neg 0.5548638158591848 off 0.3770425482998235 __DUMMY__ 0.06809363584099185	false	1.0
korrupt	off 1.0		neg 0.5703703726023763 off 0.3625026261193978 __DUMMY__ 0.06712700127822585	false	0.5
unmut	neg 1.0		neg 0.5707445973931091 off 0.3612108690810716 __DUMMY__ 0.06804453352581945	false	1.0
hackfresse	off 1.0		neg 0.551421503647674 off 0.3810799444171658 __DUMMY__ 0.06749855193516016	false	0.5
aufblasen	neg 1.0		neg 0.5602238371699406 off 0.37143139756751636 __DUMMY__ 0.06834476526254307	false	1.0
gewaltsam	neg 1.0		neg 0.5654229448776281 off 0.3672551972589961 __DUMMY__ 0.06732185786337584	false	1.0
unbeliebtheit	neg 1.0		neg 0.5628091046271968 off 0.3706686351930311 __DUMMY__ 0.06652226017977209	false	1.0
sturheit	neg 1.0		neg 0.5673697020240416 off 0.3650992440063405 __DUMMY__ 0.06753105396961782	false	1.0
kuh	neg 1.0		neg 0.5625409028264982 off 0.36974304751231213 __DUMMY__ 0.06771604966118959	false	1.0
erschrecken	neg 1.0		neg 0.558706511509969 off 0.37317387443135575 __DUMMY__ 0.06811961405867527	false	1.0
opfer	neg 1.0	neg 1.0	neg 0.773294837584923 off 0.1942553727747758 __DUMMY__ 0.03244978964030125	false	1.0
sinken	neg 1.0		neg 0.5696097869012641 off 0.3623075760001542 __DUMMY__ 0.06808263709858167	false	1.0
stinktier	neg 1.0		neg 0.5554624091186765 off 0.37715375495967035 __DUMMY__ 0.06738383592165319	false	1.0
tucke	off 1.0		neg 0.5506850726107146 off 0.38180118103723343 __DUMMY__ 0.06751374635205183	false	0.5
ein			neg 0.5596448205240715 off 0.37172826129730485 __DUMMY__ 0.06862691817862353	false	0.0
abstieg	neg 1.0		neg 0.5669805858567291 off 0.3653415843984635 __DUMMY__ 0.06767782974480759	false	1.0
missverstehen	neg 1.0		neg 0.563225217856836 off 0.3691796815034243 __DUMMY__ 0.06759510063973974	false	1.0
ergebnislos	neg 1.0		neg 0.566999169127727 off 0.3652037569790617 __DUMMY__ 0.06779707389321123	false	1.0
unter			neg 0.5707037603916246 off 0.360233782264732 __DUMMY__ 0.06906245734364334	false	0.0
manipulieren	neg 1.0		neg 0.5696744644412577 off 0.36252592336426714 __DUMMY__ 0.0677996121944751	false	1.0
unbewiesen	neg 1.0		neg 0.5694364323858134 off 0.36382821149677363 __DUMMY__ 0.06673535611741306	false	1.0
verschleppen	neg 1.0		neg 0.5682045856061995 off 0.3641723677559977 __DUMMY__ 0.06762304663780275	false	1.0
weib	off 1.0		neg 0.5501941845876664 off 0.3823972522209427 __DUMMY__ 0.06740856319139096	false	0.5
opposition	neg 1.0		neg 0.5649215582911503 off 0.3678611730664611 __DUMMY__ 0.06721726864238849	false	1.0
verkehrswidrig	neg 1.0		neg 0.5517051445108592 off 0.3804305986089258 __DUMMY__ 0.06786425688021491	false	1.0
inkorrekt	neg 1.0		neg 0.561808640917503 off 0.3711881160797887 __DUMMY__ 0.06700324300270834	false	1.0
vermeiden	neg 1.0		neg 0.570051207863082 off 0.36132210812729726 __DUMMY__ 0.06862668400962064	false	1.0
abweichung	neg 1.0		neg 0.5704195546876397 off 0.362426932826306 __DUMMY__ 0.06715351248605443	false	1.0
alkoholisiert	neg 1.0		neg 0.5646979858403649 off 0.36705409285803514 __DUMMY__ 0.06824792130159989	false	1.0
scheiss	off 1.0	off 1.0	off 0.6705658177226455 neg 0.29701819061036006 __DUMMY__ 0.03241599166699446	false	1.0
herausforderung	neg 1.0		neg 0.5627228245562514 off 0.36855119521573326 __DUMMY__ 0.06872598022801525	false	1.0
pervers	off 1.0		neg 0.547450415006782 off 0.38524155672847765 __DUMMY__ 0.06730802826474017	false	0.5
wackelig	neg 1.0		neg 0.5622148643169683 off 0.3689729975136176 __DUMMY__ 0.06881213816941396	false	1.0
verwickeln	neg 1.0		neg 0.5628773788045245 off 0.36938475922639186 __DUMMY__ 0.06773786196908362	false	1.0
vorwand	neg 1.0		neg 0.5705807864011427 off 0.36153332646222397 __DUMMY__ 0.06788588713663331	false	1.0
muschi	off 1.0		neg 0.5644771299271188 off 0.36786525915040874 __DUMMY__ 0.06765761092247231	false	0.5
entmutigung	neg 1.0		neg 0.5677562112045592 off 0.3657438799579449 __DUMMY__ 0.06649990883749575	false	1.0
unangemessen	neg 1.0		neg 0.5685142355915361 off 0.3639308318868523 __DUMMY__ 0.06755493252161161	false	1.0
unstetig	neg 1.0		neg 0.5611854277146348 off 0.3712820401866583 __DUMMY__ 0.06753253209870695	false	1.0
entmutigen	neg 1.0		neg 0.5622113750052721 off 0.36976072750400013 __DUMMY__ 0.0680278974907279	false	1.0
schwanz	neg 1.0		neg 0.566047006642486 off 0.3660664424848455 __DUMMY__ 0.06788655087266847	false	1.0
verbot	neg 1.0		neg 0.5690903863246809 off 0.36366699724380763 __DUMMY__ 0.06724261643151155	false	1.0
leid	neg 1.0		neg 0.553383332113551 off 0.37905824020752066 __DUMMY__ 0.06755842767892829	false	1.0
archaisch	neg 1.0		neg 0.5672234213381414 off 0.36509530534608414 __DUMMY__ 0.06768127331577434	false	1.0
gegen			neg 0.5699260800233887 off 0.3621889213065675 __DUMMY__ 0.06788499867004376	false	0.0
scheidung	neg 1.0	neg 1.0	neg 0.7574933762200615 off 0.21039682615349115 __DUMMY__ 0.03210979762644725	false	1.0
einschlag	neg 1.0		neg 0.5538612292163488 off 0.378568850484815 __DUMMY__ 0.06756992029883621	false	1.0
m			neg 0.5635612742761222 off 0.3681740776156101 __DUMMY__ 0.06826464810826775	false	0.0
abgestanden	neg 1.0		neg 0.5622480880087496 off 0.369544516687916 __DUMMY__ 0.06820739530333456	false	1.0
schmierig	off 1.0		neg 0.5538766031565984 off 0.37839478163819096 __DUMMY__ 0.06772861520521062	false	0.5
unpraktisch	neg 1.0		neg 0.5600010275017897 off 0.37160162173741107 __DUMMY__ 0.06839735076079927	false	1.0
wixxer	off 1.0		neg 0.5483861976064086 off 0.38453167380721237 __DUMMY__ 0.06708212858637902	false	0.5
bezeichnet			neg 0.5661479358346242 off 0.36620592814154346 __DUMMY__ 0.06764613602383233	false	0.0
jammerlappen	off 1.0		neg 0.5587846118566153 off 0.37333141264008257 __DUMMY__ 0.06788397550330222	false	0.5
farce	neg 1.0		neg 0.5706161407846871 off 0.3625483562111877 __DUMMY__ 0.06683550300412526	false	1.0
zwecklos	neg 1.0		neg 0.568088897576496 off 0.36418988791886575 __DUMMY__ 0.06772121450463825	false	1.0
turbulent	neg 1.0		neg 0.5566614259508237 off 0.3759681666598704 __DUMMY__ 0.06737040738930591	false	1.0
invasion	neg 1.0		neg 0.5588591389193015 off 0.37300816847220625 __DUMMY__ 0.0681326926084924	false	1.0
schuld	neg 1.0		neg 0.5635569223479602 off 0.3686221178697882 __DUMMY__ 0.0678209597822517	false	1.0
risiko	neg 1.0		neg 0.5581553224563276 off 0.37360385348225555 __DUMMY__ 0.06824082406141684	false	1.0
finster	neg 1.0		neg 0.5605037240968429 off 0.3710252146025693 __DUMMY__ 0.06847106130058764	false	1.0
geisteskrank	off 1.0		neg 0.5598396897749862 off 0.37287336124951437 __DUMMY__ 0.06728694897549944	false	0.5
zusammenbrechen	neg 1.0		neg 0.5645061502309839 off 0.36731490487447654 __DUMMY__ 0.06817894489453943	false	1.0
ausbeute	neg 1.0		neg 0.5635878633015864 off 0.3678456946145465 __DUMMY__ 0.06856644208386728	false	1.0
hinterhalt	neg 1.0		neg 0.5627645112962965 off 0.36939032338505906 __DUMMY__ 0.06784516531864443	false	1.0
kritik	neg 1.0		neg 0.5696975462055999 off 0.36328020279480094 __DUMMY__ 0.06702225099959905	false	1.0
einschrumpfen	neg 1.0		neg 0.5631508164066377 off 0.3697507377845363 __DUMMY__ 0.06709844580882603	false	1.0
riskant	neg 1.0		neg 0.5678225452673927 off 0.36411945878509633 __DUMMY__ 0.06805799594751095	false	1.0
frustrieren	neg 1.0		neg 0.568299658007726 off 0.36372972368549267 __DUMMY__ 0.06797061830678126	false	1.0
groll	neg 1.0		neg 0.5676758995309173 off 0.36456880802330727 __DUMMY__ 0.06775529244577538	false	1.0
gibt			neg 0.5656137828271111 off 0.366340735453517 __DUMMY__ 0.06804548171937189	false	0.0
qualvoll	neg 1.0		neg 0.5597596077755277 off 0.37205900585859203 __DUMMY__ 0.06818138636588017	false	1.0
wackeln	neg 1.0		neg 0.5599220527332912 off 0.37153359189205404 __DUMMY__ 0.06854435537465482	false	1.0
klagen	neg 1.0		neg 0.5715422139631807 off 0.3607314285108769 __DUMMY__ 0.06772635752594233	false	1.0
bankrott	neg 1.0		neg 0.5569650757590903 off 0.3749167475834792 __DUMMY__ 0.06811817665743056	false	1.0
trauern	neg 1.0		neg 0.5674966101965377 off 0.36444954816984815 __DUMMY__ 0.06805384163361407	false	1.0
ablehnung	neg 1.0	neg 1.0	neg 0.7738647287974609 off 0.1940918074364804 __DUMMY__ 0.03204346376605859	false	1.0
stur	neg 1.0		neg 0.5629048224226555 off 0.36923609340840907 __DUMMY__ 0.06785908416893525	false	1.0
aufruhr	neg 1.0		neg 0.5662067783582236 off 0.3665107328962415 __DUMMY__ 0.06728248874553491	false	1.0
melancholie	neg 1.0		neg 0.5629046760033646 off 0.36845610614109775 __DUMMY__ 0.06863921785553766	false	1.0
ist			neg 0.5621200880054106 off 0.369936724551426 __DUMMY__ 0.06794318744316345	false	0.0
torheit	neg 1.0		neg 0.5665534482188491 off 0.36636099331038735 __DUMMY__ 0.06708555847076354	false	1.0
dreckskind	off 1.0		neg 0.5552767482992568 off 0.37776791658512615 __DUMMY__ 0.06695533511561706	false	0.5
umtauschen	neg 1.0		neg 0.5617913889872591 off 0.36980307667192086 __DUMMY__ 0.06840553434081996	false	1.0
zum			neg 0.5663218706232277 off 0.36447204543682393 __DUMMY__ 0.06920608393994826	false	0.0
zersetzen	neg 1.0		neg 0.5702943329519546 off 0.3619091976879481 __DUMMY__ 0.06779646936009723	false	1.0
zur			neg 0.570823983951386 off 0.3608012086797402 __DUMMY__ 0.06837480736887375	false	0.0
frust	neg 1.0		neg 0.564739577629748 off 0.3670823425086378 __DUMMY__ 0.06817807986161427	false	1.0
unerbittlichkeit	neg 1.0		neg 0.5694314247257664 off 0.36281442435476774 __DUMMY__ 0.06775415091946585	false	1.0
zwei			neg 0.5658575121091005 off 0.36523025117526936 __DUMMY__ 0.06891223671563014	false	0.0
unkorrekt	neg 1.0		neg 0.5598171896909514 off 0.37298466355406973 __DUMMY__ 0.06719814675497897	false	1.0
hexe	off 1.0		neg 0.5579732286565985 off 0.3741753397582601 __DUMMY__ 0.06785143158514155	false	0.5
lasch	neg 1.0		neg 0.5619605585433324 off 0.3704778289593672 __DUMMY__ 0.06756161249730035	false	1.0
rivale	neg 1.0		neg 0.5551067632543142 off 0.3774226778030259 __DUMMY__ 0.06747055894265992	false	1.0
mutlos	off 1.0	off 1.0	off 0.6636574848154742 neg 0.30410700269900104 __DUMMY__ 0.032235512485524837	false	1.0
wirr	off 1.0		neg 0.5579346560326732 off 0.37486850441244346 __DUMMY__ 0.0671968395548832	false	0.5
jahr			neg 0.5641261534543405 off 0.36714995345174806 __DUMMY__ 0.06872389309391148	false	0.0
wird			neg 0.5667017595758157 off 0.3651789694890552 __DUMMY__ 0.06811927093512907	false	0.0
strafbar	neg 1.0		neg 0.5702616544771469 off 0.3622253155315133 __DUMMY__ 0.06751302999133968	false	1.0
erosion	neg 1.0		neg 0.5600331996526775 off 0.371691819944797 __DUMMY__ 0.0682749804025254	false	1.0
eingehen	neg 1.0		neg 0.5678651928938662 off 0.36429488654659514 __DUMMY__ 0.0678399205595386	false	1.0
faul	off 1.0		neg 0.5570609482899603 off 0.37466801327464966 __DUMMY__ 0.06827103843538998	false	0.5
provisorium	neg 1.0		neg 0.5724880316960671 off 0.3586823560115843 __DUMMY__ 0.06882961229234867	false	1.0
schmerzen	neg 1.0		neg 0.5631420475573334 off 0.3685367324931856 __DUMMY__ 0.06832121994948083	false	1.0
schrumpfen	neg 1.0		neg 0.571749449058531 off 0.3599405838417349 __DUMMY__ 0.06830996709973416	false	1.0
geistlos	off 1.0		neg 0.5662023476001887 off 0.36696583132461497 __DUMMY__ 0.06683182107519631	false	0.5
fehlkauf	neg 1.0		neg 0.5617290022939113 off 0.3706355750276033 __DUMMY__ 0.06763542267848544	false	1.0
frustrierend	neg 1.0	neg 1.0	neg 0.7687900276865209 off 0.19873593061568703 __DUMMY__ 0.03247404169779201	false	1.0
unzufrieden	neg 1.0		neg 0.5670330595841778 off 0.3650522386026601 __DUMMY__ 0.06791470181316207	false	1.0
verzweifeln	neg 1.0		neg 0.5636407580782611 off 0.36820352000832846 __DUMMY__ 0.06815572191341043	false	1.0
verzweifelt	neg 1.0		neg 0.5623928840502197 off 0.3696405949151897 __DUMMY__ 0.06796652103459057	false	1.0
misstrauensantrag	neg 1.0		neg 0.5621328572942214 off 0.37032154095106007 __DUMMY__ 0.06754560175471849	false	1.0
abfallen	neg 1.0		neg 0.5593815317203594 off 0.372003054774032 __DUMMY__ 0.06861541350560868	false	1.0
fucker	off 1.0		neg 0.5562429821073436 off 0.37620640613411327 __DUMMY__ 0.06755061175854306	false	0.5
ungezogen	neg 1.0		neg 0.5490436841090316 off 0.38337708112997304 __DUMMY__ 0.0675792347609954	false	1.0
irrsinnig	neg 1.0	neg 1.0	neg 0.7709590630933001 off 0.19665809914160792 __DUMMY__ 0.03238283776509202	false	1.0
unfassbar	neg 1.0		neg 0.5584452962617471 off 0.3737203862078963 __DUMMY__ 0.06783431753035656	false	1.0
hart	neg 1.0		neg 0.559714102391306 off 0.3727814462112358 __DUMMY__ 0.0675044513974581	false	1.0
widerlich	off 1.0		neg 0.5589307326436797 off 0.37352596152906714 __DUMMY__ 0.06754330582725313	false	0.5
fatal	neg 1.0		neg 0.5613774801607825 off 0.3708934689401886 __DUMMY__ 0.06772905089902904	false	1.0
bruch	neg 1.0		neg 0.572381750222769 off 0.35996308264787963 __DUMMY__ 0.06765516712935125	false	1.0
aushungern	neg 1.0		neg 0.5673754211868008 off 0.36545599454653094 __DUMMY__ 0.06716858426666818	false	1.0
anspannung	neg 1.0		neg 0.5688546706618227 off 0.3625973090064286 __DUMMY__ 0.06854802033174862	false	1.0
von			neg 0.5651806871084125 off 0.3660887735232217 __DUMMY__ 0.06873053936836565	false	0.0
kraftlos	neg 1.0		neg 0.5637152122253237 off 0.36767176678829533 __DUMMY__ 0.06861302098638095	false	1.0
vom			neg 0.5696145299639276 off 0.36128968200088235 __DUMMY__ 0.06909578803519002	false	0.0
grenzdebil	off 1.0		neg 0.5567064730365401 off 0.3753783521829311 __DUMMY__ 0.06791517478052891	false	0.5
vor			neg 0.5679838898900936 off 0.36354704551220696 __DUMMY__ 0.06846906459769939	false	0.0
unterwerfen	neg 1.0		neg 0.5687114905210292 off 0.3635298675792897 __DUMMY__ 0.06775864189968103	false	1.0
versenkung	neg 1.0		neg 0.5682370536358051 off 0.36379453127002925 __DUMMY__ 0.06796841509416575	false	1.0
entziehen	neg 1.0		neg 0.5707967579242466 off 0.3612361970146803 __DUMMY__ 0.06796704506107298	false	1.0
finanzkrise	neg 1.0		neg 0.5678407955378567 off 0.36502174040266605 __DUMMY__ 0.0671374640594773	false	1.0
schimpfend	neg 1.0		neg 0.5575025397586224 off 0.37371863193590266 __DUMMY__ 0.06877882830547503	false	1.0
profan	neg 1.0		neg 0.5609092816342771 off 0.37107400734287527 __DUMMY__ 0.06801671102284769	false	1.0
korruption	neg 1.0		neg 0.5698231769502604 off 0.3629797510850818 __DUMMY__ 0.06719707196465778	false	1.0
â			neg 0.5650113363219221 off 0.366795424549354 __DUMMY__ 0.06819323912872394	false	0.0
schmutzig	neg 1.0		neg 0.5554432499642523 off 0.3762849414195308 __DUMMY__ 0.06827180861621694	false	1.0
sexy	neg 1.0		neg 0.5585511258987204 off 0.37349745898311726 __DUMMY__ 0.06795141511816227	false	1.0
abraten	neg 1.0		neg 0.5612407981092553 off 0.3705980672866827 __DUMMY__ 0.06816113460406192	false	1.0
schwarz	neg 1.0		neg 0.5619166287751686 off 0.3702643257941756 __DUMMY__ 0.06781904543065577	false	1.0
fotze	off 1.0		neg 0.5665139082931332 off 0.36579285846404425 __DUMMY__ 0.0676932332428225	false	0.5
verwirren	neg 1.0		neg 0.5601756576748612 off 0.3718474005264262 __DUMMY__ 0.06797694179871264	false	1.0
zahnlos	off 1.0		neg 0.5676392946252166 off 0.3646388242952634 __DUMMY__ 0.06772188107951993	false	0.5
verheeren	neg 1.0		neg 0.5504883982890515 off 0.3826712249640186 __DUMMY__ 0.06684037674692991	false	1.0
hippie	neg 1.0		neg 0.5592233885602729 off 0.3729006087860512 __DUMMY__ 0.06787600265367584	false	1.0
rammen	neg 1.0		neg 0.5596456405032341 off 0.3723162900616723 __DUMMY__ 0.0680380694350937	false	1.0
unlauter	neg 1.0	neg 1.0	neg 0.7706396368193749 off 0.19715620136282447 __DUMMY__ 0.032204161817800635	false	1.0
unheilvoll	neg 1.0		neg 0.560530132502037 off 0.37135358317374595 __DUMMY__ 0.06811628432421703	false	1.0
niedrig	neg 1.0		neg 0.5668158157128101 off 0.3652652608317116 __DUMMY__ 0.06791892345547808	false	1.0
explosion	neg 1.0		neg 0.5590415999692746 off 0.3729255657785659 __DUMMY__ 0.06803283425215956	false	1.0
weichei	off 1.0		neg 0.552655788400753 off 0.3798183681804372 __DUMMY__ 0.06752584341880974	false	0.5
minusmensch	off 1.0		neg 0.5511950088132728 off 0.3820698138267973 __DUMMY__ 0.06673517735993	false	0.5
farblos	neg 1.0		neg 0.5637252852435393 off 0.36859332906557607 __DUMMY__ 0.06768138569088451	false	1.0
unwissend	neg 1.0	neg 1.0	neg 0.768636601268264 off 0.19906106851942465 __DUMMY__ 0.03230233021231129	false	1.0
traurig	neg 1.0		neg 0.554653216529768 off 0.377433342183309 __DUMMY__ 0.06791344128692302	false	1.0
senkung	neg 1.0		neg 0.5610632694575234 off 0.3712702296664487 __DUMMY__ 0.06766650087602802	false	1.0
ungleich	neg 1.0	neg 1.0	neg 0.7740339238085558 off 0.19364563450092215 __DUMMY__ 0.03232044169052193	false	1.0
heikel	neg 1.0		neg 0.5694994639414598 off 0.3625517948127483 __DUMMY__ 0.06794874124579192	false	1.0
drosselung	neg 1.0		neg 0.5539568475020449 off 0.37809641166860214 __DUMMY__ 0.06794674082935295	false	1.0
falsch	neg 1.0		neg 0.559805181400873 off 0.37236701388362275 __DUMMY__ 0.06782780471550443	false	1.0
unzufriedenheit	neg 1.0		neg 0.5701554588576022 off 0.361982358779005 __DUMMY__ 0.06786218236339275	false	1.0
kurz	neg 1.0		neg 0.5626460683590352 off 0.3688014676804086 __DUMMY__ 0.06855246396055632	false	1.0
unsinnig	neg 1.0		neg 0.5666775737404256 off 0.3654573475491542 __DUMMY__ 0.06786507871042011	false	1.0
penner	off 1.0	off 1.0	off 0.6740189571485617 neg 0.29370856157875636 __DUMMY__ 0.03227248127268204	false	1.0
seicht	neg 1.0		neg 0.5523297175139061 off 0.3806329973837966 __DUMMY__ 0.06703728510229728	false	1.0
dummheit	off 1.0	off 1.0	off 0.66731629309554 neg 0.30043607773315295 __DUMMY__ 0.032247629171306975	false	1.0
unerfreulich	neg 1.0		neg 0.5691689389388734 off 0.3626884828749209 __DUMMY__ 0.06814257818620571	false	1.0
motherfucker	off 1.0	off 1.0	off 0.6707642246245992 neg 0.2970064167344468 __DUMMY__ 0.03222935864095406	false	1.0
pikiert	neg 1.0		neg 0.5600395975480842 off 0.3723458457075699 __DUMMY__ 0.06761455674434587	false	1.0
wrack	neg 1.0		neg 0.5649619341386137 off 0.3668863609282009 __DUMMY__ 0.06815170493318541	false	1.0
gangster	neg 1.0		neg 0.5602674820463067 off 0.37187111752106505 __DUMMY__ 0.06786140043262805	false	1.0
krank	neg 1.0		neg 0.5550885154530247 off 0.3766779478876085 __DUMMY__ 0.06823353665936674	false	1.0
reich	neg 1.0		neg 0.5624680155638254 off 0.3707041541200423 __DUMMY__ 0.06682783031613229	false	1.0
gnadenlos	neg 1.0		neg 0.5625661276819847 off 0.36946528343095947 __DUMMY__ 0.06796858888705581	false	1.0
niedergeschlagen	neg 1.0		neg 0.5644365548363934 off 0.3673970896447729 __DUMMY__ 0.06816635551883368	false	1.0
terrorisieren	off 1.0	off 1.0	off 0.6643210244043376 neg 0.30321970749904004 __DUMMY__ 0.03245926809662224	false	1.0
sinnlosigkeit	neg 1.0		neg 0.5672747419747922 off 0.3649440369420389 __DUMMY__ 0.06778122108316882	false	1.0
behindern	neg 1.0		neg 0.5623330038120092 off 0.36943332541209717 __DUMMY__ 0.0682336707758936	false	1.0
undemokratisch	neg 1.0		neg 0.5665685738297435 off 0.3663925509244555 __DUMMY__ 0.06703887524580093	false	1.0
wirtschaftskrise	neg 1.0		neg 0.5685419289475202 off 0.36401100256443764 __DUMMY__ 0.06744706848804226	false	1.0
neid	neg 1.0		neg 0.558076790829744 off 0.3736766491686095 __DUMMY__ 0.06824656000164654	false	1.0
rutschen	neg 1.0		neg 0.5660318202438309 off 0.3647371467295853 __DUMMY__ 0.06923103302658382	false	1.0
rezession	neg 1.0		neg 0.5572746546219487 off 0.37579481723731156 __DUMMY__ 0.06693052814073971	false	1.0
fehlgeburt	neg 1.0		neg 0.5628932109371643 off 0.3691855339544459 __DUMMY__ 0.06792125510838977	false	1.0
charakterschwach	off 1.0		neg 0.5589008461079565 off 0.3735129656558099 __DUMMY__ 0.06758618823623364	false	0.5
isolation	neg 1.0		neg 0.5571127375113941 off 0.3748938238076211 __DUMMY__ 0.06799343868098483	false	1.0
ablenkung	neg 1.0		neg 0.5617824457580153 off 0.3699388641587311 __DUMMY__ 0.06827869008325357	false	1.0
pech	neg 1.0		neg 0.5592703328276549 off 0.372642120879258 __DUMMY__ 0.06808754629308693	false	1.0
vermeidung	neg 1.0		neg 0.5547341888771576 off 0.37718898815666024 __DUMMY__ 0.06807682296618205	false	1.0
dominieren	neg 1.0		neg 0.5649074974886172 off 0.36712456568456037 __DUMMY__ 0.0679679368268223	false	1.0
schwindlig	neg 1.0		neg 0.5579040239803751 off 0.3736615152170098 __DUMMY__ 0.06843446080261523	false	1.0
lutscher	neg 1.0		neg 0.5505640089976521 off 0.38227375223931626 __DUMMY__ 0.06716223876303154	false	1.0
pflicht	neg 1.0		neg 0.5697085434535277 off 0.3623494884447788 __DUMMY__ 0.06794196810169355	false	1.0
faschist	off 1.0		neg 0.5651381735604373 off 0.36778681126564305 __DUMMY__ 0.06707501517391963	false	0.5
verschleudern	neg 1.0		neg 0.568794220539299 off 0.36367001297324836 __DUMMY__ 0.06753576648745269	false	1.0
wenn			neg 0.5592562814269705 off 0.3728135477495068 __DUMMY__ 0.06793017082352268	false	0.0
ehebruch	neg 1.0		neg 0.5694167017848467 off 0.36304344378815595 __DUMMY__ 0.06753985442699735	false	1.0
spott	off 1.0		neg 0.5695630187471296 off 0.362790705274361 __DUMMY__ 0.06764627597850947	false	0.5
trostlosigkeit	neg 1.0		neg 0.5722959578047591 off 0.3603157449263531 __DUMMY__ 0.06738829726888794	false	1.0
lutschen	neg 1.0		neg 0.5606123511214454 off 0.3719498076174027 __DUMMY__ 0.06743784126115185	false	1.0
undiszipliniert	neg 1.0		neg 0.5563344953014457 off 0.37592867198208085 __DUMMY__ 0.0677368327164735	false	1.0
kopfschmerz	neg 1.0		neg 0.5630699207402456 off 0.3687478846314645 __DUMMY__ 0.0681821946282897	false	1.0
unvorhergesehen	neg 1.0		neg 0.5621223855962809 off 0.36918079334493714 __DUMMY__ 0.06869682105878196	false	1.0
desinteressiert	neg 1.0		neg 0.5572660853168782 off 0.3751199934769829 __DUMMY__ 0.06761392120613899	false	1.0
armselig	off 1.0		neg 0.5572645318938454 off 0.3753365318588182 __DUMMY__ 0.06739893624733638	false	0.5
desaster	neg 1.0		neg 0.5730279468570958 off 0.3593555118721935 __DUMMY__ 0.06761654127071061	false	1.0
tod	neg 1.0		neg 0.5713190163066443 off 0.3614591081321174 __DUMMY__ 0.06722187556123835	false	1.0
herzlos	neg 1.0		neg 0.5545978215187771 off 0.377628858673247 __DUMMY__ 0.06777331980797584	false	1.0
unwissenheit	neg 1.0		neg 0.5683946740240295 off 0.3640244212881212 __DUMMY__ 0.06758090468784943	false	1.0
widersinnig	neg 1.0		neg 0.5690786141128639 off 0.36376870948791074 __DUMMY__ 0.06715267639922548	false	1.0
bedenklich	neg 1.0		neg 0.56856141971411 off 0.3635435829528596 __DUMMY__ 0.06789499733303035	false	1.0
beanstanden	neg 1.0		neg 0.5699699722485589 off 0.36205705316155773 __DUMMY__ 0.06797297458988334	false	1.0
panisch	neg 1.0	neg 1.0	neg 0.7677702971842131 off 0.19937891442073144 __DUMMY__ 0.032850788395055626	false	1.0
debil	off 1.0		neg 0.5722182445013623 off 0.35963732511610225 __DUMMY__ 0.0681444303825355	false	0.5
abstrich	neg 1.0		neg 0.5607314581647047 off 0.37083470259463713 __DUMMY__ 0.06843383924065831	false	1.0
primitiv	neg 1.0		neg 0.5583168468545341 off 0.37415384481229164 __DUMMY__ 0.06752930833317426	false	1.0
abschaum	off 1.0	off 1.0	off 0.6685559666984539 neg 0.29926985540883744 __DUMMY__ 0.03217417789270875	false	1.0
provozieren	neg 1.0		neg 0.5648823315910407 off 0.36745823192934207 __DUMMY__ 0.0676594364796171	false	1.0
tot	neg 1.0		neg 0.564849974588481 off 0.36727645841727885 __DUMMY__ 0.06787356699424016	false	1.0
instabil	neg 1.0		neg 0.5565447982610824 off 0.37621809996917305 __DUMMY__ 0.0672371017697445	false	1.0
schwuchtel	off 1.0		neg 0.5467200872437595 off 0.3865872588052638 __DUMMY__ 0.06669265395097664	false	0.5
zerren	neg 1.0		neg 0.5644115902126449 off 0.3673901560904788 __DUMMY__ 0.06819825369687635	false	1.0
kinderficker	off 1.0		neg 0.5556835784368952 off 0.37714271551292183 __DUMMY__ 0.06717370605018308	false	0.5
gefahr	neg 1.0		neg 0.5685997080345738 off 0.36366022323672015 __DUMMY__ 0.06774006872870601	false	1.0
rabiat	neg 1.0		neg 0.5636780398386667 off 0.3683612790978682 __DUMMY__ 0.06796068106346526	false	1.0
verlangsamung	neg 1.0		neg 0.5538161754125779 off 0.3793361170971111 __DUMMY__ 0.0668477074903109	false	1.0
ausgestorben	neg 1.0		neg 0.5644892920021769 off 0.3673570582265789 __DUMMY__ 0.0681536497712443	false	1.0
anklagen	neg 1.0		neg 0.5664711087241903 off 0.366027459937883 __DUMMY__ 0.06750143133792662	false	1.0
trott	neg 1.0		neg 0.5627169903933588 off 0.36915922780149957 __DUMMY__ 0.06812378180514166	false	1.0
verminderung	neg 1.0		neg 0.5556909841840566 off 0.3765961438446348 __DUMMY__ 0.06771287197130871	false	1.0
nach			neg 0.5682913124328502 off 0.36285981639597636 __DUMMY__ 0.0688488711711733	false	0.0
rost	neg 1.0		neg 0.5519009731884605 off 0.3809527804871595 __DUMMY__ 0.06714624632437996	false	1.0
destruktiv	neg 1.0	neg 1.0	neg 0.7727890447938416 off 0.19499204445595955 __DUMMY__ 0.03221891075019887	false	1.0
unzumutbarkeit	neg 1.0		neg 0.5559811408917652 off 0.37617726985746136 __DUMMY__ 0.0678415892507733	false	1.0
labil	off 1.0	off 1.0	off 0.6695040284555047 neg 0.29825814210468854 __DUMMY__ 0.032237829439806825	false	1.0
ziemlich	neg 1.0		neg 0.55724990418631 off 0.3748286517597427 __DUMMY__ 0.06792144405394719	false	1.0
lachnummer	off 1.0		neg 0.56677583204857 off 0.36566328629108985 __DUMMY__ 0.06756088166034022	false	0.5
oder			neg 0.561907753328262 off 0.3697604277994608 __DUMMY__ 0.06833181887227732	false	0.0
verfall	neg 1.0		neg 0.5726474697139645 off 0.35922855959263933 __DUMMY__ 0.06812397069339608	false	1.0
ausgrenzung	neg 1.0		neg 0.5652490861962897 off 0.3676295136727838 __DUMMY__ 0.0671214001309267	false	1.0
unordnung	neg 1.0		neg 0.5547488952455463 off 0.3778409306740294 __DUMMY__ 0.06741017408042439	false	1.0
fehlverhalten	neg 1.0		neg 0.5697298406047703 off 0.3625925994625882 __DUMMY__ 0.06767755993264152	false	1.0
eine			neg 0.5678431110857356 off 0.36374169215457514 __DUMMY__ 0.0684151967596893	false	0.0
nille	neg 1.0		neg 0.5654612239270196 off 0.36700988245143673 __DUMMY__ 0.06752889362154375	false	1.0
qual	neg 1.0		neg 0.5631228682504213 off 0.36881161719254085 __DUMMY__ 0.06806551455703787	false	1.0
verschwenden	neg 1.0		neg 0.5673487129826895 off 0.36456352316422536 __DUMMY__ 0.06808776385308506	false	1.0
riesig	neg 1.0		neg 0.5646508067038607 off 0.3673892658010464 __DUMMY__ 0.06795992749509293	false	1.0
verurteilen	neg 1.0		neg 0.5688404179638493 off 0.3637047763560797 __DUMMY__ 0.067454805680071	false	1.0
klischee	neg 1.0	neg 1.0	neg 0.769998363080443 off 0.1977666919220047 __DUMMY__ 0.032234944997552376	false	1.0
diktatorisch	neg 1.0		neg 0.5677556940590464 off 0.3654145565583061 __DUMMY__ 0.06682974938264732	false	1.0
vorhersehbar	neg 1.0		neg 0.5636608738330189 off 0.3688502699387717 __DUMMY__ 0.06748885622820945	false	1.0
sowie			neg 0.5541369156003667 off 0.3787584222615934 __DUMMY__ 0.06710466213803995	false	0.0
stornieren	neg 1.0		neg 0.5583780365223052 off 0.37329681077396026 __DUMMY__ 0.06832515270373454	false	1.0
besteuerung	neg 1.0		neg 0.5630592442973305 off 0.36924514026205724 __DUMMY__ 0.06769561544061223	false	1.0
ungeschminkt	neg 1.0		neg 0.5574982689161218 off 0.3747944322998665 __DUMMY__ 0.06770729878401179	false	1.0
kritisch	neg 1.0		neg 0.569456376042101 off 0.36288525014413925 __DUMMY__ 0.06765837381375976	false	1.0
schlamperei	off 1.0		neg 0.569458940892421 off 0.3630265098638449 __DUMMY__ 0.06751454924373416	false	0.5
sucht	neg 1.0	neg 1.0	neg 0.7675527839203514 off 0.1996774088405296 __DUMMY__ 0.032769807239119014	false	1.0
egoistisch	off 1.0		neg 0.5532880448531562 off 0.3792455558457575 __DUMMY__ 0.0674663993010864	false	0.5
ausbeuter	off 1.0		neg 0.571105246345665 off 0.36139351783364915 __DUMMY__ 0.0675012358206858	false	0.5
arschgeburt	off 1.0		neg 0.5469089841793708 off 0.38640033644805355 __DUMMY__ 0.0666906793725757	false	0.5
schubs	neg 1.0	neg 1.0	neg 0.7707589090664321 off 0.19644496965211444 __DUMMY__ 0.032796121281453545	false	1.0
unsolide	neg 1.0		neg 0.5653392281044896 off 0.36814483901844763 __DUMMY__ 0.06651593287706274	false	1.0
beschwerde	neg 1.0		neg 0.5677042539724588 off 0.3646440949926105 __DUMMY__ 0.0676516510349306	false	1.0
stocken	neg 1.0		neg 0.5667228508008672 off 0.3653125023467123 __DUMMY__ 0.06796464685242062	false	1.0
isolieren	neg 1.0		neg 0.5630244470919779 off 0.3687430744169592 __DUMMY__ 0.0682324784910631	false	1.0
unheilbar	neg 1.0		neg 0.5643082908398264 off 0.3679779855175497 __DUMMY__ 0.06771372364262385	false	1.0
pisser	off 1.0		neg 0.5563488410612423 off 0.3763628339825336 __DUMMY__ 0.06728832495622412	false	0.5
löschen	neg 1.0		neg 0.5626570068340244 off 0.36949560574995277 __DUMMY__ 0.06784738741602271	false	1.0
durchfallen	neg 1.0		neg 0.5678524427133526 off 0.36423913288677173 __DUMMY__ 0.06790842439987572	false	1.0
wichser	off 1.0		neg 0.5484104713991567 off 0.3842766731221964 __DUMMY__ 0.067312855478647	false	0.5
terror	neg 1.0		neg 0.5576082363986828 off 0.37418146693743537 __DUMMY__ 0.06821029666388183	false	1.0
krass	neg 1.0		neg 0.5542520993367221 off 0.3780356053169641 __DUMMY__ 0.0677122953463138	false	1.0
revolte	neg 1.0	neg 1.0	neg 0.7718441727927255 off 0.19631185738659576 __DUMMY__ 0.031843969820678684	false	1.0
besorgt	neg 1.0		neg 0.5622397351184673 off 0.3691421759417024 __DUMMY__ 0.06861808893983029	false	1.0
nachlassen	neg 1.0		neg 0.5652691815813741 off 0.3666002525795145 __DUMMY__ 0.06813056583911146	false	1.0
alt	neg 1.0		neg 0.5656613829440817 off 0.36589821113690385 __DUMMY__ 0.0684404059190144	false	1.0
hundesohn	off 1.0		neg 0.5513471062537558 off 0.38173851478529963 __DUMMY__ 0.06691437896094458	false	0.5
als			neg 0.5649105626438496 off 0.36681227411054546 __DUMMY__ 0.06827716324560502	false	0.0
abschreckung	neg 1.0		neg 0.5713393469853311 off 0.36098470122276544 __DUMMY__ 0.06767595179190353	false	1.0
unqualifiziert	neg 1.0	neg 1.0	neg 0.7705183443144522 off 0.19722870504572942 __DUMMY__ 0.03225295063981839	false	1.0
abgewichst	off 1.0		neg 0.5653553550161862 off 0.3668547889604062 __DUMMY__ 0.06778985602340766	false	0.5
schwer	neg 1.0		neg 0.5634719200252499 off 0.3683874738423857 __DUMMY__ 0.0681406061323644	false	1.0
bedeutungslosigkeit	neg 1.0		neg 0.5701731991698906 off 0.3620929678330575 __DUMMY__ 0.0677338329970521	false	1.0
kapitulation	neg 1.0		neg 0.571156108003552 off 0.3617811326980916 __DUMMY__ 0.06706275929835635	false	1.0
unscharf	neg 1.0		neg 0.5598533849193521 off 0.37218443717072286 __DUMMY__ 0.06796217790992493	false	1.0
schwinden	neg 1.0		neg 0.5690605131976935 off 0.3630529434054624 __DUMMY__ 0.0678865433968441	false	1.0
versklavung	neg 1.0	neg 1.0	neg 0.7725174599370968 off 0.1954893026656815 __DUMMY__ 0.03199323739722175	false	1.0
schlecht	neg 1.0		neg 0.5567092897608771 off 0.3753312831045998 __DUMMY__ 0.06795942713452312	false	1.0
verhasst	neg 1.0		neg 0.5654049608055776 off 0.3670483014047422 __DUMMY__ 0.06754673778968034	false	1.0
beschweren	neg 1.0		neg 0.5615479073598963 off 0.37042202536432745 __DUMMY__ 0.06803006727577607	false	1.0
scheiden	neg 1.0		neg 0.563028691790026 off 0.3687895667540531 __DUMMY__ 0.06818174145592089	false	1.0
frustriert	neg 1.0		neg 0.565068243197598 off 0.366884091135951 __DUMMY__ 0.068047665666451	false	1.0
schimmelig	neg 1.0		neg 0.5672982861861282 off 0.36477846267797936 __DUMMY__ 0.0679232511358924	false	1.0
fisch	neg 1.0	neg 1.0	neg 0.7710307008234141 off 0.19622614053393078 __DUMMY__ 0.03274315864265518	false	1.0
schmuggel	neg 1.0		neg 0.5677492782289811 off 0.3640090969769686 __DUMMY__ 0.06824162479405016	false	1.0
auffallen	neg 1.0		neg 0.5611274391406262 off 0.37088430381763016 __DUMMY__ 0.0679882570417435	false	1.0
konkurrenz	neg 1.0		neg 0.5685438452082004 off 0.36318907379674464 __DUMMY__ 0.0682670809950548	false	1.0
teufelskreis	neg 1.0	neg 1.0	neg 0.7722044508190934 off 0.19541420417987654 __DUMMY__ 0.032381345001030036	false	1.0
aufschreien	neg 1.0		neg 0.563008696144045 off 0.3693630166298541 __DUMMY__ 0.06762828722610081	false	1.0
schuldner	neg 1.0		neg 0.5699120826826718 off 0.3625322617710504 __DUMMY__ 0.06755565554627774	false	1.0
missgeburt	off 1.0	off 1.0	off 0.6726083708855678 neg 0.29533049381702164 __DUMMY__ 0.03206113529741056	false	1.0
arbeitslos	neg 1.0		neg 0.5671600906321763 off 0.36502665712543536 __DUMMY__ 0.06781325224238838	false	1.0
befallen	neg 1.0		neg 0.5710952104140943 off 0.36189901317548373 __DUMMY__ 0.06700577641042194	false	1.0
miesepetrig	off 1.0		neg 0.556511996774745 off 0.3754275950369219 __DUMMY__ 0.0680604081883329	false	0.5
alarmieren	neg 1.0		neg 0.5610309676137101 off 0.3716774821369922 __DUMMY__ 0.06729155024929764	false	1.0
ungeduscht	off 1.0		neg 0.5594872389822836 off 0.3725052592875114 __DUMMY__ 0.06800750173020512	false	0.5
knappheit	neg 1.0		neg 0.5676406976615681 off 0.3647257325640531 __DUMMY__ 0.0676335697743787	false	1.0
schlange	neg 1.0		neg 0.5599241312740804 off 0.3717098056175476 __DUMMY__ 0.06836606310837223	false	1.0
harsch	neg 1.0		neg 0.5498942955511488 off 0.3822430316606717 __DUMMY__ 0.06786267278817931	false	1.0
lang	neg 1.0		neg 0.5620392353430521 off 0.3700071645233976 __DUMMY__ 0.06795360013355034	false	1.0
ziellos	neg 1.0		neg 0.5659760632858831 off 0.3658582943604423 __DUMMY__ 0.06816564235367448	false	1.0
selbstverliebt	neg 1.0		neg 0.5498144635534589 off 0.3834136237940124 __DUMMY__ 0.0667719126525287	false	1.0
beseitigen	neg 1.0		neg 0.5607756320724262 off 0.37097249052963543 __DUMMY__ 0.06825187739793845	false	1.0
dumm	off 1.0		neg 0.5531336494557377 off 0.3795438240592875 __DUMMY__ 0.06732252648497485	false	0.5
arbeitsloser	neg 1.0		neg 0.5676821121458843 off 0.3644215197309977 __DUMMY__ 0.067896368123118	false	1.0
blitzen	neg 1.0		neg 0.5607240662677714 off 0.37163577942414455 __DUMMY__ 0.06764015430808397	false	1.0
hilflos	neg 1.0		neg 0.56546057351978 off 0.3664805417710131 __DUMMY__ 0.06805888470920698	false	1.0
eklig	off 1.0		neg 0.5525634979685994 off 0.38023018612034604 __DUMMY__ 0.06720631591105448	false	0.5
begriff			neg 0.5660828389646673 off 0.36607290175152235 __DUMMY__ 0.06784425928381047	false	0.0
hungersnot	neg 1.0		neg 0.5688927222404445 off 0.36414283438621564 __DUMMY__ 0.06696444337333998	false	1.0
ungesetzlich	neg 1.0		neg 0.5656002568394517 off 0.3674430675096596 __DUMMY__ 0.06695667565088873	false	1.0
verschwendung	neg 1.0		neg 0.568917761484993 off 0.3630821140732569 __DUMMY__ 0.06800012444175019	false	1.0
schmerzvoll	neg 1.0		neg 0.5613464258337371 off 0.37058937660079616 __DUMMY__ 0.06806419756546665	false	1.0
vorzeitig	neg 1.0		neg 0.5579416062684533 off 0.37429890260644405 __DUMMY__ 0.06775949112510267	false	1.0
unvollkommenheit	neg 1.0		neg 0.5637025918288765 off 0.3684172776649421 __DUMMY__ 0.06788013050618141	false	1.0
intervenieren	neg 1.0		neg 0.5711976887567353 off 0.3614123494255573 __DUMMY__ 0.06738996181770746	false	1.0
banause	off 1.0		neg 0.550800697679932 off 0.3820140143315172 __DUMMY__ 0.06718528798855092	false	0.5
rebell	neg 1.0		neg 0.5687925358972223 off 0.3630281911347097 __DUMMY__ 0.06817927296806783	false	1.0
unlogisch	neg 1.0		neg 0.5563320907817558 off 0.37615193148843323 __DUMMY__ 0.06751597772981106	false	1.0
leiden	neg 1.0	neg 1.0	neg 0.7711380507709368 off 0.19578769013191638 __DUMMY__ 0.03307425909714689	false	1.0
abschaffung	neg 1.0		neg 0.5650567818876353 off 0.36752891595024706 __DUMMY__ 0.06741430216211758	false	1.0
sturz	neg 1.0		neg 0.5651103807463494 off 0.3676084912673559 __DUMMY__ 0.06728112798629465	false	1.0
verkleinerung	neg 1.0		neg 0.5621490788009296 off 0.37061821831614694 __DUMMY__ 0.06723270288292338	false	1.0
schmarotzer	off 1.0		neg 0.5688396192146081 off 0.3635700335409272 __DUMMY__ 0.06759034724446474	false	0.5
bestrafung	neg 1.0		neg 0.5630891991754865 off 0.3691110731885477 __DUMMY__ 0.06779972763596571	false	1.0
achtlos	neg 1.0		neg 0.5624109527824331 off 0.36925667246810195 __DUMMY__ 0.06833237474946474	false	1.0
ungeheuer	neg 1.0		neg 0.5612889173828034 off 0.3708377614342994 __DUMMY__ 0.06787332118289714	false	1.0
unaufrichtig	neg 1.0		neg 0.5637412733965195 off 0.36906069569882366 __DUMMY__ 0.06719803090465687	false	1.0
groggy	neg 1.0		neg 0.560538158809975 off 0.3717547983279054 __DUMMY__ 0.06770704286211962	false	1.0
verletzlich	neg 1.0		neg 0.5572866884683247 off 0.3749340286188298 __DUMMY__ 0.06777928291284549	false	1.0
ablehnen	neg 1.0		neg 0.5681909258826685 off 0.3641859321489037 __DUMMY__ 0.06762314196842768	false	1.0
