unsolidarisch	neg 1.0		__DUMMY__ 0.9191653232314981 neg 0.05085162111784793 off 0.029983055650653963	false	1.0
nachteilig	neg 1.0		__DUMMY__ 0.9270446822337538 neg 0.045785528383492605 off 0.027169789382753586	false	1.0
skeptisch	neg 1.0		__DUMMY__ 0.9287490291470426 neg 0.046011737359474156 off 0.025239233493483258	false	1.0
schrecklich	neg 1.0		__DUMMY__ 0.9254788619474087 neg 0.04023073516595618 off 0.034290402886635166	false	1.0
schlapp	neg 1.0		__DUMMY__ 0.9294875645766913 neg 0.03958179195681318 off 0.03093064346649555	false	1.0
abfall	neg 1.0		__DUMMY__ 0.9289863706084684 neg 0.04687670074824347 off 0.02413692864328803	false	1.0
widerspenstig	neg 1.0		__DUMMY__ 0.9301345804811703 neg 0.04185923451040604 off 0.02800618500842364	false	1.0
abrupt	neg 1.0		__DUMMY__ 0.9312265610163641 neg 0.04158069490686982 off 0.027192744076766105	false	1.0
unwirksam	neg 1.0		__DUMMY__ 0.9225093048400396 neg 0.04800088776681452 off 0.029489807393145936	false	1.0
angreifen	neg 1.0		__DUMMY__ 0.9265085825875676 neg 0.04706148493355268 off 0.026429932478879595	false	1.0
inkonsistent	neg 1.0		__DUMMY__ 0.9247762109126866 neg 0.04518956942360228 off 0.03003421966371109	false	1.0
abrutschen	neg 1.0		__DUMMY__ 0.9302013045750809 neg 0.045637665795098856 off 0.024161029629820342	false	1.0
unsicher	neg 1.0		__DUMMY__ 0.9281746204521486 neg 0.043244894233233334 off 0.02858048531461807	false	1.0
bauernkind	off 1.0		__DUMMY__ 0.9217149015412321 neg 0.04177441746004513 off 0.03651068099872272	false	0.5
angreifer	neg 1.0		__DUMMY__ 0.9232673540397864 neg 0.04557389949261083 off 0.03115874646760275	false	1.0
trennen	neg 1.0		__DUMMY__ 0.9330624060158083 neg 0.04158163662316062 off 0.025355957361031117	false	1.0
schmutz	neg 1.0		__DUMMY__ 0.9326013897146912 neg 0.03576192329728769 off 0.031636686988021044	false	1.0
inkonsistenz	neg 1.0	neg 1.0	neg 0.5104224117915612 __DUMMY__ 0.4613418877691277 off 0.028235700439311128	false	1.0
erschreckend	neg 1.0		__DUMMY__ 0.9267053784553738 neg 0.04528777040131637 off 0.028006851143309894	false	1.0
ertrinken	neg 1.0		__DUMMY__ 0.9299996079693791 neg 0.04364851854085575 off 0.02635187348976517	false	1.0
pickelface	off 1.0		__DUMMY__ 0.9251328431976666 neg 0.0454054926397137 off 0.029461664162619628	false	0.5
seiner			__DUMMY__ 0.928683470214526 neg 0.04524420606388439 off 0.02607232372158951	false	0.0
lauch	neg 1.0		__DUMMY__ 0.9289548980407651 neg 0.04629165896264799 off 0.024753442996586886	false	1.0
unwichtig	neg 1.0		__DUMMY__ 0.9257660067281177 neg 0.04259036912791762 off 0.03164362414396459	false	1.0
steuerhinterziehung	neg 1.0		__DUMMY__ 0.9225583754071959 neg 0.048648044728276045 off 0.028793579864528032	false	1.0
schock	neg 1.0		__DUMMY__ 0.9308375674824703 neg 0.04198279045668206 off 0.027179642060847657	false	1.0
beule	neg 1.0		__DUMMY__ 0.9291865659196075 neg 0.0390898009930573 off 0.031723633087335265	false	1.0
vergelten	neg 1.0		__DUMMY__ 0.923182218334389 neg 0.04110299509258503 off 0.03571478657302601	false	1.0
verdorbenheit	neg 1.0	neg 1.0	neg 0.5069357961474571 __DUMMY__ 0.4667121452556476 off 0.026352058596895375	false	1.0
trauma	neg 1.0		__DUMMY__ 0.9267539402392001 neg 0.04338330388052818 off 0.02986275588027171	false	1.0
sinnlos	neg 1.0		__DUMMY__ 0.9269326271302806 neg 0.042981386649846784 off 0.03008598621987267	false	1.0
fettsack	off 1.0	off 1.0	off 0.5025207260458373 __DUMMY__ 0.45949640791647955 neg 0.03798286603768316	false	1.0
feige	off 1.0		__DUMMY__ 0.924143325870051 neg 0.044310574813380924 off 0.03154609931656808	false	0.5
abdanken	neg 1.0		__DUMMY__ 0.9209541072724263 neg 0.04981354920070625 off 0.029232343526867408	false	1.0
wichtigtuer	off 1.0	off 1.0	off 0.4974148235014229 __DUMMY__ 0.4609955858374618 neg 0.041589590661115255	false	1.0
misslingen	neg 1.0		__DUMMY__ 0.9305901147897856 neg 0.03979731833157669 off 0.029612566878637715	false	1.0
untreu	off 1.0		__DUMMY__ 0.9260239238287925 neg 0.04188680782318212 off 0.03208926834802541	false	0.5
missmutig	neg 1.0		__DUMMY__ 0.9288831288791023 neg 0.040245505670213136 off 0.030871365450684567	false	1.0
hurenbock	off 1.0		__DUMMY__ 0.9314738125316467 neg 0.039617830013763164 off 0.028908357454590184	false	0.5
betrunken	neg 1.0		__DUMMY__ 0.9282672549870726 neg 0.039092759525612 off 0.032639985487315414	false	1.0
korrupt	off 1.0		__DUMMY__ 0.921365484866382 neg 0.05058585909558254 off 0.028048656038035445	false	0.5
unmut	neg 1.0		__DUMMY__ 0.9282263371398368 neg 0.046927696913719445 off 0.024845965946443775	false	1.0
hackfresse	off 1.0		__DUMMY__ 0.923854253683551 neg 0.03963574826904704 off 0.03650999804740187	false	0.5
aufblasen	neg 1.0		__DUMMY__ 0.9299578917203977 neg 0.04085303025101303 off 0.029189078028589294	false	1.0
gewaltsam	neg 1.0		__DUMMY__ 0.9228485126983998 neg 0.04735443542080185 off 0.02979705188079833	false	1.0
unbeliebtheit	neg 1.0		__DUMMY__ 0.9166908826012296 neg 0.04943163179665612 off 0.03387748560211434	false	1.0
sturheit	neg 1.0		__DUMMY__ 0.9241829924854778 neg 0.047440646197845104 off 0.028376361316677094	false	1.0
kuh	neg 1.0		__DUMMY__ 0.926305828197374 neg 0.04441699489832978 off 0.029277176904296227	false	1.0
erschrecken	neg 1.0		__DUMMY__ 0.9282570101630554 neg 0.04097167422002723 off 0.030771315616917375	false	1.0
opfer	neg 1.0	neg 1.0	neg 0.5120904614703146 __DUMMY__ 0.4637419793260399 off 0.024167559203645453	false	1.0
sinken	neg 1.0		__DUMMY__ 0.9284693019814587 neg 0.0464533007689448 off 0.02507739724959644	false	1.0
stinktier	neg 1.0		__DUMMY__ 0.9233735790693424 neg 0.0421389333432014 off 0.03448748758745615	false	1.0
tucke	off 1.0		__DUMMY__ 0.9245688849901237 neg 0.038980613013396455 off 0.03645050199647984	false	0.5
ein			__DUMMY__ 0.9322663768082897 neg 0.03926901531978864 off 0.028464607871921718	false	0.0
abstieg	neg 1.0		__DUMMY__ 0.9254186066584619 neg 0.046602879386559194 off 0.027978513954979002	false	1.0
missverstehen	neg 1.0		__DUMMY__ 0.9245263982577129 neg 0.045275546598559716 off 0.03019805514372743	false	1.0
ergebnislos	neg 1.0		__DUMMY__ 0.9264881741634301 neg 0.045941654084054685 off 0.027570171752515152	false	1.0
unter			__DUMMY__ 0.9355999314297295 neg 0.04305442977588795 off 0.02134563879438252	false	0.0
manipulieren	neg 1.0		__DUMMY__ 0.9262131422594765 neg 0.04752719618202923 off 0.02625966155849432	false	1.0
unbewiesen	neg 1.0		__DUMMY__ 0.9182334474134324 neg 0.05189526665130547 off 0.029871285935262143	false	1.0
verschleppen	neg 1.0		__DUMMY__ 0.9253225326945832 neg 0.047216422630989824 off 0.027461044674426987	false	1.0
weib	off 1.0		__DUMMY__ 0.9235229867748797 neg 0.03910965789036019 off 0.03736735533476018	false	0.5
opposition	neg 1.0		__DUMMY__ 0.9217594919298266 neg 0.0481306473797538 off 0.0301098606904196	false	1.0
verkehrswidrig	neg 1.0		__DUMMY__ 0.9271941531880364 neg 0.037906050618845825 off 0.03489979619311772	false	1.0
inkorrekt	neg 1.0		__DUMMY__ 0.9203766664519345 neg 0.04680312548500765 off 0.032820208063057806	false	1.0
vermeiden	neg 1.0		__DUMMY__ 0.9326103783824203 neg 0.04438873552003611 off 0.02300088609754366	false	1.0
abweichung	neg 1.0		__DUMMY__ 0.9213639747244707 neg 0.05088215389236511 off 0.02775387138316426	false	1.0
alkoholisiert	neg 1.0		__DUMMY__ 0.9300168719637287 neg 0.043371921420914526 off 0.026611206615356778	false	1.0
scheiss	off 1.0	off 1.0	off 0.499303435754695 __DUMMY__ 0.4634216693986007 neg 0.037274894846704355	false	1.0
herausforderung	neg 1.0		__DUMMY__ 0.9334483733752043 neg 0.039733327405327666 off 0.026818299219468093	false	1.0
pervers	off 1.0		__DUMMY__ 0.9226935154180919 off 0.039232185636625456 neg 0.038074298945282685	false	1.0
wackelig	neg 1.0		__DUMMY__ 0.9336070792660431 neg 0.039902868148777484 off 0.026490052585179367	false	1.0
verwickeln	neg 1.0		__DUMMY__ 0.9255120056917769 neg 0.0444978419606467 off 0.02999015234757635	false	1.0
vorwand	neg 1.0		__DUMMY__ 0.9268814163353346 neg 0.047728798827662455 off 0.025389784837002893	false	1.0
muschi	off 1.0		__DUMMY__ 0.925369950972604 neg 0.045401429215940314 off 0.029228619811455633	false	0.5
entmutigung	neg 1.0		__DUMMY__ 0.9165804312210856 neg 0.0519627663900256 off 0.03145680238888884	false	1.0
unangemessen	neg 1.0		__DUMMY__ 0.9243707751626808 neg 0.048049971709446554 off 0.027579253127872617	false	1.0
unstetig	neg 1.0		__DUMMY__ 0.9244894262042889 neg 0.04442745386354558 off 0.031083119932165518	false	1.0
entmutigen	neg 1.0		__DUMMY__ 0.9278301160178477 neg 0.04286150321365766 off 0.02930838076849459	false	1.0
schwanz	neg 1.0		__DUMMY__ 0.9273770862992549 neg 0.04525297407658141 off 0.027369939624163682	false	1.0
verbot	neg 1.0		__DUMMY__ 0.922329578907088 neg 0.049331204019456495 off 0.02833921707345554	false	1.0
leid	neg 1.0		__DUMMY__ 0.924283136185594 neg 0.040457608727325504 off 0.035259255087080436	false	1.0
archaisch	neg 1.0		__DUMMY__ 0.9252384298712649 neg 0.046977080815788747 off 0.027784489312946394	false	1.0
gegen			__DUMMY__ 0.9269186774246407 neg 0.04716593645842732 off 0.0259153861169319	false	0.0
scheidung	neg 1.0	neg 1.0	neg 0.49986170406368274 __DUMMY__ 0.45952937006524835 off 0.04060892587106893	false	1.0
einschlag	neg 1.0		__DUMMY__ 0.9247900001424328 neg 0.040157348991163015 off 0.03505265086640416	false	1.0
m			__DUMMY__ 0.9296046596618543 neg 0.042758982787499934 off 0.027636357550645745	false	0.0
abgestanden	neg 1.0		__DUMMY__ 0.929682854566376 neg 0.04253430220201424 off 0.027782843231609743	false	1.0
schmierig	off 1.0		__DUMMY__ 0.9255320615456685 neg 0.04000498438819447 off 0.03446295406613704	false	0.5
unpraktisch	neg 1.0		__DUMMY__ 0.9305927256940171 neg 0.04045882762338133 off 0.028948446682601565	false	1.0
wixxer	off 1.0		__DUMMY__ 0.9209517188529779 neg 0.03961007555369979 off 0.03943820559332235	false	0.5
bezeichnet			__DUMMY__ 0.9250235042670868 neg 0.046471857560788234 off 0.028504638172124966	false	0.0
jammerlappen	off 1.0		__DUMMY__ 0.9265890591130772 neg 0.041819613268852 off 0.03159132761807078	false	0.5
farce	neg 1.0		__DUMMY__ 0.9191731666705126 neg 0.05205284905684357 off 0.02877398427264378	false	1.0
zwecklos	neg 1.0		__DUMMY__ 0.9253784486911603 neg 0.04735072784742501 off 0.027270823461414642	false	1.0
turbulent	neg 1.0		__DUMMY__ 0.923566966981956 neg 0.042388224700699924 off 0.03404480831734409	false	1.0
invasion	neg 1.0		__DUMMY__ 0.9286559819328636 neg 0.04067494937210544 off 0.030669068695031054	false	1.0
schuld	neg 1.0		__DUMMY__ 0.926144450253566 neg 0.044516451749358234 off 0.029339097997075857	false	1.0
risiko	neg 1.0		__DUMMY__ 0.9300745018559253 neg 0.039212290592286696 off 0.03071320755178795	false	1.0
finster	neg 1.0		__DUMMY__ 0.931224175876791 neg 0.040658698275594665 off 0.0281171258476143	false	1.0
geisteskrank	off 1.0		__DUMMY__ 0.9222448709953563 neg 0.04476181478352624 off 0.03299331422111737	false	0.5
zusammenbrechen	neg 1.0		__DUMMY__ 0.9286232387785274 neg 0.0436668052597565 off 0.027709955961716135	false	1.0
ausbeute	neg 1.0		__DUMMY__ 0.9322859454347552 neg 0.04138246051919148 off 0.026331594046053317	false	1.0
hinterhalt	neg 1.0		__DUMMY__ 0.9270586760815605 neg 0.043642960815257294 off 0.02929836310318228	false	1.0
kritik	neg 1.0		__DUMMY__ 0.9206195610751646 neg 0.050673226527937924 off 0.028707212396897466	false	1.0
einschrumpfen	neg 1.0		__DUMMY__ 0.9211368520004967 neg 0.04726497962783953 off 0.03159816837166383	false	1.0
riskant	neg 1.0		__DUMMY__ 0.927902430850058 neg 0.04577510762052127 off 0.026322461529420707	false	1.0
frustrieren	neg 1.0		__DUMMY__ 0.9272489243262486 neg 0.04642038200203998 off 0.026330693671711335	false	1.0
groll	neg 1.0		__DUMMY__ 0.9259332784729675 neg 0.046673775223068266 off 0.027392946303964254	false	1.0
gibt			__DUMMY__ 0.9275730744067535 neg 0.04482205770653167 off 0.027604867886714738	false	0.0
qualvoll	neg 1.0		__DUMMY__ 0.9288034316345746 neg 0.041281462667637984 off 0.029915105697787478	false	1.0
wackeln	neg 1.0		__DUMMY__ 0.9314226836506279 neg 0.03980691409884677 off 0.028770402250525448	false	1.0
klagen	neg 1.0		__DUMMY__ 0.9259104024961791 neg 0.0487019982536065 off 0.025387599250214526	false	1.0
bankrott	neg 1.0		__DUMMY__ 0.928478489538838 neg 0.040000782079029455 off 0.03152072838213244	false	1.0
trauern	neg 1.0		__DUMMY__ 0.9283267873490696 neg 0.04525991822791022 off 0.026413294423020248	false	1.0
ablehnung	neg 1.0	neg 1.0	neg 0.5153391314537115 __DUMMY__ 0.45865792024814334 off 0.026002948298145145	false	1.0
stur	neg 1.0		__DUMMY__ 0.926412726488325 neg 0.04402887955257512 off 0.029558393959099972	false	1.0
aufruhr	neg 1.0		__DUMMY__ 0.9225371568474315 neg 0.04789131695633548 off 0.029571526196232958	false	1.0
melancholie	neg 1.0		__DUMMY__ 0.9325584101754436 neg 0.04087653842466065 off 0.02656505139989563	false	1.0
ist			__DUMMY__ 0.9268035241054823 neg 0.04356822526925818 off 0.02962825062525955	false	0.0
torheit	neg 1.0		__DUMMY__ 0.9209718294807958 neg 0.04884636045406593 off 0.03018181006513819	false	1.0
dreckskind	off 1.0		__DUMMY__ 0.9199988686557159 neg 0.043912052436670325 off 0.03608907890761372	false	0.5
umtauschen	neg 1.0		__DUMMY__ 0.9306441694199912 neg 0.041572130789518574 off 0.02778369979049023	false	1.0
zum			__DUMMY__ 0.9366588177131568 neg 0.04018969340272478 off 0.02315148888411837	false	0.0
zersetzen	neg 1.0		__DUMMY__ 0.9261610985246206 neg 0.04800791405584943 off 0.02583098741953002	false	1.0
zur			__DUMMY__ 0.9305645293394634 neg 0.04580093039545802 off 0.023634540265078538	false	0.0
frust	neg 1.0		__DUMMY__ 0.9285762271559501 neg 0.043775858107161655 off 0.027647914736888234	false	1.0
unerbittlichkeit	neg 1.0		__DUMMY__ 0.9259688786907 neg 0.047552205453602815 off 0.026478915855697206	false	1.0
zwei			__DUMMY__ 0.934227075530962 neg 0.04140216993699635 off 0.024370754532041752	false	0.0
unkorrekt	neg 1.0		__DUMMY__ 0.9220171278517224 neg 0.04490234481753903 off 0.03308052733073853	false	1.0
hexe	off 1.0		__DUMMY__ 0.926801227328445 neg 0.04165836764716817 off 0.03154040502438687	false	0.5
lasch	neg 1.0		__DUMMY__ 0.924369143750171 neg 0.044621467956736084 off 0.03100938829309299	false	1.0
rivale	neg 1.0		__DUMMY__ 0.9239466015724555 neg 0.0414377883832643 off 0.03461561004428034	false	1.0
mutlos	off 1.0	off 1.0	off 0.49473118502760244 __DUMMY__ 0.46098024390688663 neg 0.04428857106551088	false	1.0
wirr	off 1.0		__DUMMY__ 0.9218597940779909 neg 0.044184096980055355 off 0.03395610894195377	false	0.5
jahr			__DUMMY__ 0.9330058025110496 neg 0.04114420184632493 off 0.02584999564262537	false	0.0
wird			__DUMMY__ 0.9282157857746424 neg 0.045174766678753496 off 0.026609447546604163	false	0.0
strafbar	neg 1.0		__DUMMY__ 0.9241774190609744 neg 0.04899643776497892 off 0.026826143174046715	false	1.0
erosion	neg 1.0		__DUMMY__ 0.9296922541479042 neg 0.04078812599185048 off 0.029519619860245178	false	1.0
eingehen	neg 1.0		__DUMMY__ 0.9261628300778816 neg 0.046755404172974975 off 0.027081765749143463	false	1.0
faul	off 1.0		__DUMMY__ 0.929708339475648 neg 0.0394297402178003 off 0.0308619203065517	false	0.5
provisorium	neg 1.0		__DUMMY__ 0.9337970517811687 neg 0.04522454531298622 off 0.020978402905845114	false	1.0
schmerzen	neg 1.0		__DUMMY__ 0.9300107762440479 neg 0.04269764950845661 off 0.02729157424749544	false	1.0
schrumpfen	neg 1.0		__DUMMY__ 0.9301940347368955 neg 0.04647969058469472 off 0.023326274678409774	false	1.0
geistlos	off 1.0		__DUMMY__ 0.9189231213701743 neg 0.049833704213253366 off 0.031243174416572334	false	0.5
fehlkauf	neg 1.0		__DUMMY__ 0.9251153004767007 neg 0.044172954110764 off 0.030711745412535407	false	1.0
frustrierend	neg 1.0	neg 1.0	neg 0.5083580107777157 __DUMMY__ 0.4635700021071888 off 0.02807198711509556	false	1.0
unzufrieden	neg 1.0		__DUMMY__ 0.9267525321155667 neg 0.04599669390045316 off 0.027250773983980136	false	1.0
verzweifeln	neg 1.0		__DUMMY__ 0.9284869866778479 neg 0.04327356245193759 off 0.028239450870214552	false	1.0
verzweifelt	neg 1.0		__DUMMY__ 0.9270059396736002 neg 0.043542652718159304 off 0.02945140760824051	false	1.0
misstrauensantrag	neg 1.0		__DUMMY__ 0.9241865961836365 neg 0.045231850792618246 off 0.03058155302374519	false	1.0
abfallen	neg 1.0		__DUMMY__ 0.93213976269452 neg 0.03927159288173696 off 0.028588644423742992	false	1.0
fucker	off 1.0		__DUMMY__ 0.9240723479666697 neg 0.04185234134816085 off 0.03407531068516939	false	0.5
ungezogen	neg 1.0		__DUMMY__ 0.92470926597728 neg 0.03786593140425825 off 0.03742480261846178	false	1.0
irrsinnig	neg 1.0	neg 1.0	neg 0.5109804996960744 __DUMMY__ 0.46239487855470024 off 0.026624621749225412	false	1.0
unfassbar	neg 1.0		__DUMMY__ 0.9261335625052664 neg 0.04200159388545063 off 0.031864843609283114	false	1.0
hart	neg 1.0		__DUMMY__ 0.9246568535752288 neg 0.04359103565157214 off 0.03175211077319908	false	1.0
widerlich	off 1.0		__DUMMY__ 0.9241351240295868 neg 0.04331399316952662 off 0.03255088280088657	false	0.5
fatal	neg 1.0		__DUMMY__ 0.9255633686071724 neg 0.043762444584448404 off 0.030674186808379193	false	1.0
bruch	neg 1.0		__DUMMY__ 0.9251859226166435 neg 0.04959944279133061 off 0.025214634592025952	false	1.0
aushungern	neg 1.0		__DUMMY__ 0.9217390130707906 neg 0.04858414713682198 off 0.029676839792387406	false	1.0
anspannung	neg 1.0		__DUMMY__ 0.9316302701811775 neg 0.04426734151052652 off 0.02410238830829589	false	1.0
von			__DUMMY__ 0.9332939012500604 neg 0.041433020927434845 off 0.02527307782250477	false	0.0
kraftlos	neg 1.0		__DUMMY__ 0.9321249466098673 neg 0.041363142617030314 off 0.026511910773102366	false	1.0
vom			__DUMMY__ 0.9358080761854366 neg 0.04257731126173217 off 0.021614612552831265	false	0.0
grenzdebil	off 1.0		__DUMMY__ 0.9268457829696082 neg 0.040662463342643916 off 0.032491753687747836	false	0.5
vor			__DUMMY__ 0.9309647667846598 neg 0.044183888997571176 off 0.024851344217769005	false	0.0
unterwerfen	neg 1.0		__DUMMY__ 0.9260724585843224 neg 0.04711203213186551 off 0.026815509283812114	false	1.0
versenkung	neg 1.0		__DUMMY__ 0.9271614221923804 neg 0.04632841341963145 off 0.026510164387988176	false	1.0
entziehen	neg 1.0		__DUMMY__ 0.9274689570300461 neg 0.04749475127466102 off 0.025036291695292878	false	1.0
finanzkrise	neg 1.0		__DUMMY__ 0.9214802266282424 neg 0.04949497938533323 off 0.029024793986424345	false	1.0
schimpfend	neg 1.0		__DUMMY__ 0.9337064164765614 neg 0.03740090507320379 off 0.0288926784502349	false	1.0
profan	neg 1.0		__DUMMY__ 0.9275266124675742 neg 0.04252150195540066 off 0.029951885577025248	false	1.0
korruption	neg 1.0		__DUMMY__ 0.9220139972805609 neg 0.04999278810735529 off 0.027993214612083855	false	1.0
â			__DUMMY__ 0.929134710791 neg 0.04382479923252003 off 0.027040489976480023	false	0.0
schmutzig	neg 1.0		__DUMMY__ 0.9295608088258176 neg 0.03846374567762163 off 0.03197544549656073	false	1.0
sexy	neg 1.0		__DUMMY__ 0.9271887808754442 neg 0.041390859109542016 off 0.031420360015013825	false	1.0
abraten	neg 1.0		__DUMMY__ 0.9286717030241518 neg 0.04209751024300444 off 0.029230786732843735	false	1.0
schwarz	neg 1.0		__DUMMY__ 0.9262826788764108 neg 0.043685416362046675 off 0.030031904761542483	false	1.0
fotze	off 1.0		__DUMMY__ 0.9256558497539897 neg 0.046406875068506624 off 0.027937275177503662	false	0.5
verwirren	neg 1.0		__DUMMY__ 0.9271968827198475 neg 0.0422332176497454 off 0.030569899630407227	false	1.0
zahnlos	off 1.0		__DUMMY__ 0.9254544360263771 neg 0.04698808171690174 off 0.02755748225672116	false	0.5
verheeren	neg 1.0		__DUMMY__ 0.9189811364513804 neg 0.041706884098407226 off 0.039311979450212385	false	1.0
hippie	neg 1.0		__DUMMY__ 0.926639131147477 neg 0.04199935080444778 off 0.031361518048075236	false	1.0
rammen	neg 1.0		__DUMMY__ 0.9282107787601976 neg 0.04169258274199242 off 0.03009663849781003	false	1.0
unlauter	neg 1.0	neg 1.0	neg 0.5114057696207673 __DUMMY__ 0.4607486987797238 off 0.027845531599508873	false	1.0
unheilvoll	neg 1.0		__DUMMY__ 0.9286752443068279 neg 0.041821206669022074 off 0.029503549024150005	false	1.0
niedrig	neg 1.0		__DUMMY__ 0.9273848804049124 neg 0.04573732123647125 off 0.026877798358616423	false	1.0
explosion	neg 1.0		__DUMMY__ 0.9279661137695747 neg 0.041196824422375544 off 0.03083706180804974	false	1.0
weichei	off 1.0		__DUMMY__ 0.9239903974896587 neg 0.04031190004598056 off 0.03569770246436067	false	0.5
minusmensch	off 1.0		__DUMMY__ 0.9184301206473184 neg 0.04216345140493454 off 0.03940642794774701	false	0.5
farblos	neg 1.0		__DUMMY__ 0.9261170221010552 neg 0.04498964289771562 off 0.02889333500122916	false	1.0
unwissend	neg 1.0	neg 1.0	neg 0.5094136045731229 __DUMMY__ 0.461508970591666 off 0.029077424835210988	false	1.0
traurig	neg 1.0		__DUMMY__ 0.9268878770941434 neg 0.03955020154868401 off 0.03356192135717256	false	1.0
senkung	neg 1.0		__DUMMY__ 0.925382747051205 neg 0.043896374638744406 off 0.030720878310050583	false	1.0
ungleich	neg 1.0	neg 1.0	neg 0.5137340730027113 __DUMMY__ 0.4620067952869408 off 0.024259131710348027	false	1.0
heikel	neg 1.0		__DUMMY__ 0.9272654129982141 neg 0.04701753071773672 off 0.02571705628404925	false	1.0
drosselung	neg 1.0		__DUMMY__ 0.927672197518587 neg 0.038723040316329504 off 0.03360476216508348	false	1.0
falsch	neg 1.0		__DUMMY__ 0.9262202982001209 neg 0.04261992920372953 off 0.03115977259614957	false	1.0
unzufriedenheit	neg 1.0		__DUMMY__ 0.9267098013870155 neg 0.04753982957158655 off 0.02575036904139789	false	1.0
kurz	neg 1.0		__DUMMY__ 0.9314699299027351 neg 0.04133850163517063 off 0.027191568462094223	false	1.0
unsinnig	neg 1.0		__DUMMY__ 0.9266067624077845 neg 0.04588166333949821 off 0.027511574252717226	false	1.0
penner	off 1.0	off 1.0	off 0.5036580717659572 __DUMMY__ 0.4611224390124907 neg 0.035219489221552054	false	1.0
seicht	neg 1.0		__DUMMY__ 0.9204215478657639 neg 0.04181284672077706 off 0.03776560541345899	false	1.0
dummheit	off 1.0	off 1.0	off 0.4978440472989579 __DUMMY__ 0.4609136836747394 neg 0.041242269026302694	false	1.0
unerfreulich	neg 1.0		__DUMMY__ 0.9285905111996086 neg 0.046208421887207106 off 0.02520106691318425	false	1.0
motherfucker	off 1.0	off 1.0	off 0.5011037736797105 __DUMMY__ 0.46064893110367966 neg 0.03824729521660988	false	1.0
pikiert	neg 1.0		__DUMMY__ 0.9247699880067337 neg 0.04353731295587424 off 0.031692699037392066	false	1.0
wrack	neg 1.0		__DUMMY__ 0.9294636677687819 neg 0.043605331202010794 off 0.026931001029207313	false	1.0
gangster	neg 1.0		__DUMMY__ 0.9265539198012449 neg 0.0426996515566276 off 0.030746428642127503	false	1.0
krank	neg 1.0		__DUMMY__ 0.9293583542782955 neg 0.038518644128078885 off 0.03212300159362568	false	1.0
reich	neg 1.0		__DUMMY__ 0.9190395614195975 neg 0.04826208516681632 off 0.032698353413586116	false	1.0
gnadenlos	neg 1.0		__DUMMY__ 0.9271168382074866 neg 0.043448676288309326 off 0.02943448550420404	false	1.0
niedergeschlagen	neg 1.0		__DUMMY__ 0.9287505900680418 neg 0.043682182492774835 off 0.027567227439183335	false	1.0
terrorisieren	off 1.0	off 1.0	off 0.494298027068688 __DUMMY__ 0.4637830205307299 neg 0.04191895240058217	false	1.0
sinnlosigkeit	neg 1.0		__DUMMY__ 0.9258252151587225 neg 0.04666840869278773 off 0.027506376148489792	false	1.0
behindern	neg 1.0		__DUMMY__ 0.9294964442996615 neg 0.04214531131742687 off 0.0283582443829116	false	1.0
undemokratisch	neg 1.0		__DUMMY__ 0.9207617476709531 neg 0.04887357460334687 off 0.03036467772570007	false	1.0
wirtschaftskrise	neg 1.0		__DUMMY__ 0.9239250978897572 neg 0.048290913824068395 off 0.027783988286174437	false	1.0
neid	neg 1.0		__DUMMY__ 0.9295495870331897 neg 0.03993849168640377 off 0.030511921280406577	false	1.0
rutschen	neg 1.0		__DUMMY__ 0.936748779076147 neg 0.04012029772145672 off 0.023130923202396327	false	1.0
rezession	neg 1.0		__DUMMY__ 0.9195709150858997 neg 0.04506587362236994 off 0.03536321129173035	false	1.0
fehlgeburt	neg 1.0		__DUMMY__ 0.9277642372935866 neg 0.043482422741812535 off 0.02875333996460086	false	1.0
charakterschwach	off 1.0		__DUMMY__ 0.9246505097750836 neg 0.04282223291553462 off 0.03252725730938184	false	0.5
isolation	neg 1.0		__DUMMY__ 0.9275523307655519 neg 0.04046194688101744 off 0.0319857223534307	false	1.0
ablenkung	neg 1.0		__DUMMY__ 0.9294156567140978 neg 0.04185004709576327 off 0.02873429619013899	false	1.0
pech	neg 1.0		__DUMMY__ 0.9283775970794907 neg 0.041532476158491954 off 0.030089926762017327	false	1.0
vermeidung	neg 1.0		__DUMMY__ 0.9283634682739229 neg 0.038840426334405924 off 0.032796105391671104	false	1.0
dominieren	neg 1.0		__DUMMY__ 0.9275886694763189 neg 0.04442133392636734 off 0.02798999659731383	false	1.0
schwindlig	neg 1.0		__DUMMY__ 0.9309591501942609 neg 0.03926710312459914 off 0.02977374668114002	false	1.0
lutscher	neg 1.0		__DUMMY__ 0.9216006706421418 neg 0.040463101628535135 off 0.03793622772932302	false	1.0
pflicht	neg 1.0		__DUMMY__ 0.9270786350096384 neg 0.04711523303919673 off 0.025806131951164928	false	1.0
faschist	off 1.0		__DUMMY__ 0.9211715587669713 neg 0.04785394348082125 off 0.030974497752207356	false	0.5
verschleudern	neg 1.0		__DUMMY__ 0.9243924626900173 neg 0.04824760953922843 off 0.027359927770754338	false	1.0
wenn			__DUMMY__ 0.9267922822206411 neg 0.042054434854556205 off 0.031153282924802645	false	0.0
ehebruch	neg 1.0		__DUMMY__ 0.9245005716233381 neg 0.048325580160498 off 0.027173848216163875	false	1.0
spott	off 1.0		__DUMMY__ 0.9252931375139768 neg 0.0479497258517731 off 0.02675713663425019	false	0.5
trostlosigkeit	neg 1.0		__DUMMY__ 0.9229926730691229 neg 0.05096943320428567 off 0.02603789372659147	false	1.0
lutschen	neg 1.0		__DUMMY__ 0.9238944656251515 neg 0.0442728783337892 off 0.03183265604105924	false	1.0
undiszipliniert	neg 1.0		__DUMMY__ 0.9256491813383962 neg 0.04120512880827133 off 0.033145689853332515	false	1.0
kopfschmerz	neg 1.0		__DUMMY__ 0.9288949974713641 neg 0.043224839701382266 off 0.027880162827253745	false	1.0
unvorhergesehen	neg 1.0		__DUMMY__ 0.932823453273139 neg 0.040312509705520395 off 0.026864037021340718	false	1.0
desinteressiert	neg 1.0		__DUMMY__ 0.9246391993686737 neg 0.042192913495405236 off 0.033167887135921184	false	1.0
armselig	off 1.0		__DUMMY__ 0.9230448423689576 neg 0.0429688346744372 off 0.0339863229566053	false	0.5
desaster	neg 1.0		__DUMMY__ 0.9248855065813483 neg 0.050111315822748755 off 0.025003177595903016	false	1.0
tod	neg 1.0		__DUMMY__ 0.9220566274431297 neg 0.05136910189398328 off 0.02657427066288706	false	1.0
herzlos	neg 1.0		__DUMMY__ 0.9258583028862509 neg 0.04003454216158269 off 0.03410715495216636	false	1.0
unwissenheit	neg 1.0		__DUMMY__ 0.9246430890826154 neg 0.04779689264784647 off 0.02756001826953819	false	1.0
widersinnig	neg 1.0		__DUMMY__ 0.9215155893134642 neg 0.049817225477888534 off 0.028667185208647205	false	1.0
bedenklich	neg 1.0		__DUMMY__ 0.9268418829227278 neg 0.046752150346106046 off 0.02640596673116607	false	1.0
beanstanden	neg 1.0		__DUMMY__ 0.9275714516053971 neg 0.046963284842623874 off 0.025465263551978957	false	1.0
panisch	neg 1.0	neg 1.0	neg 0.5047424963501903 __DUMMY__ 0.4685891776009001 off 0.026668326048909518	false	1.0
debil	off 1.0		__DUMMY__ 0.9291295665315535 neg 0.04764677127693072 off 0.023223662191515705	false	0.5
abstrich	neg 1.0		__DUMMY__ 0.9320323163126423 neg 0.04031209989515931 off 0.02765558379219834	false	1.0
primitiv	neg 1.0		__DUMMY__ 0.9241092080304737 neg 0.042925597087588696 off 0.03296519488193752	false	1.0
abschaum	off 1.0	off 1.0	off 0.49937829915350823 __DUMMY__ 0.460110123230414 neg 0.04051157761607779	false	1.0
provozieren	neg 1.0		__DUMMY__ 0.9249419473201737 neg 0.04592117909426699 off 0.029136873585559324	false	1.0
tot	neg 1.0		__DUMMY__ 0.9273884073548095 neg 0.04486378788589551 off 0.02774780475929486	false	1.0
instabil	neg 1.0		__DUMMY__ 0.9220830772109042 neg 0.043193812731184375 off 0.03472311005791144	false	1.0
schwuchtel	off 1.0		__DUMMY__ 0.9179365668905372 off 0.04186004284812744 neg 0.04020339026133537	false	1.0
zerren	neg 1.0		__DUMMY__ 0.9288733398713505 neg 0.043497020168055754 off 0.02762963996059373	false	1.0
kinderficker	off 1.0		__DUMMY__ 0.9218733622181557 neg 0.04260639302899323 off 0.03552024475285108	false	0.5
gefahr	neg 1.0		__DUMMY__ 0.9259717511737207 neg 0.04701684903102784 off 0.027011399795251613	false	1.0
rabiat	neg 1.0		__DUMMY__ 0.9271024667537063 neg 0.04407970902824681 off 0.02881782421804689	false	1.0
verlangsamung	neg 1.0		__DUMMY__ 0.9191193908889445 neg 0.04338433002549211 off 0.03749627908556343	false	1.0
ausgestorben	neg 1.0		__DUMMY__ 0.9285688572510516 neg 0.04375463885513449 off 0.02767650389381391	false	1.0
anklagen	neg 1.0		__DUMMY__ 0.9244381725405546 neg 0.04677013218145134 off 0.028791695277994057	false	1.0
trott	neg 1.0		__DUMMY__ 0.9285291928179087 neg 0.0429276334702251 off 0.028543173711866134	false	1.0
verminderung	neg 1.0		__DUMMY__ 0.9254363854464625 neg 0.041068181133275365 off 0.0334954334202622	false	1.0
nach			__DUMMY__ 0.9338794802100207 neg 0.04283774759266826 off 0.023282772197311064	false	0.0
rost	neg 1.0		__DUMMY__ 0.9218641211490161 neg 0.04073259986035847 off 0.03740327899062542	false	1.0
destruktiv	neg 1.0	neg 1.0	neg 0.5134217160999698 __DUMMY__ 0.46068470080858964 off 0.025893583091440527	false	1.0
unzumutbarkeit	neg 1.0		__DUMMY__ 0.926820199839275 neg 0.04021663811248525 off 0.03296316204823976	false	1.0
labil	off 1.0	off 1.0	off 0.4999671799007766 __DUMMY__ 0.46076055374801067 neg 0.03927226635121274	false	1.0
ziemlich	neg 1.0		__DUMMY__ 0.9267661139434062 neg 0.04102932308703714 off 0.032204562969556684	false	1.0
lachnummer	off 1.0		__DUMMY__ 0.9242903350712998 neg 0.04713715833311904 off 0.028572506595581203	false	0.5
oder			__DUMMY__ 0.9298144247359064 neg 0.041889957270395226 off 0.028295617993698355	false	0.0
verfall	neg 1.0		__DUMMY__ 0.9289217668485066 neg 0.047660940825934396 off 0.023417292325559006	false	1.0
ausgrenzung	neg 1.0		__DUMMY__ 0.9214790813424583 neg 0.04774929607880184 off 0.030771622578739884	false	1.0
unordnung	neg 1.0		__DUMMY__ 0.9239724273139124 neg 0.04114328671191849 off 0.03488428597416904	false	1.0
fehlverhalten	neg 1.0		__DUMMY__ 0.9254067502297257 neg 0.047950917295631175 off 0.026642332474643114	false	1.0
eine			__DUMMY__ 0.9304630703041343 neg 0.04450222675253071 off 0.02503470294333495	false	0.0
nille	neg 1.0		__DUMMY__ 0.9242237084539778 neg 0.046577711175705604 off 0.029198580370316505	false	1.0
qual	neg 1.0		__DUMMY__ 0.9281062693008645 neg 0.04334182197493934 off 0.028551908724196207	false	1.0
verschwenden	neg 1.0		__DUMMY__ 0.9280330618861959 neg 0.04561749986367504 off 0.026349438250129004	false	1.0
riesig	neg 1.0		__DUMMY__ 0.9279501105080046 neg 0.04416165010029596 off 0.02788823939169943	false	1.0
verurteilen	neg 1.0		__DUMMY__ 0.9238348683715837 neg 0.04836243492760113 off 0.02780269670081513	false	1.0
klischee	neg 1.0	neg 1.0	neg 0.5111460420548524 __DUMMY__ 0.4605297122711146 off 0.028324245674033067	false	1.0
diktatorisch	neg 1.0		__DUMMY__ 0.9192144516655488 neg 0.05034641156074796 off 0.03043913677370317	false	1.0
vorhersehbar	neg 1.0		__DUMMY__ 0.9235905577238633 neg 0.046072384186852534 off 0.03033705808928413	false	1.0
sowie			__DUMMY__ 0.9209724821818124 neg 0.04253612848670215 off 0.03649138933148549	false	0.0
stornieren	neg 1.0		__DUMMY__ 0.9304144419776589 neg 0.039442561356109754 off 0.030142996666231273	false	1.0
besteuerung	neg 1.0		__DUMMY__ 0.9256854678731046 neg 0.04477546900158819 off 0.02953906312530728	false	1.0
ungeschminkt	neg 1.0		__DUMMY__ 0.9258309694311447 neg 0.041961175123898256 off 0.03220785544495703	false	1.0
kritisch	neg 1.0		__DUMMY__ 0.9251260825573292 neg 0.04808594111784195 off 0.02678797632482884	false	1.0
schlamperei	off 1.0		__DUMMY__ 0.9244403475272241 neg 0.04836522677139378 off 0.027194425701382124	false	0.5
sucht	neg 1.0	neg 1.0	neg 0.5044013704110052 __DUMMY__ 0.46848543480661253 off 0.0271131947823823	false	1.0
egoistisch	off 1.0		__DUMMY__ 0.923687321517008 neg 0.04053874651586623 off 0.03577393196712567	false	0.5
ausbeuter	off 1.0		__DUMMY__ 0.924129980506131 neg 0.04943572777214292 off 0.026434291721726	false	0.5
arschgeburt	off 1.0		__DUMMY__ 0.9180101316998074 off 0.04185728900246327 neg 0.040132579297729266	false	1.0
schubs	neg 1.0	neg 1.0	neg 0.5078059072019248 __DUMMY__ 0.4682994829501171 off 0.023894609847958246	false	1.0
unsolide	neg 1.0		__DUMMY__ 0.9165932072995232 neg 0.050656257652635754 off 0.032750535047841034	false	1.0
beschwerde	neg 1.0		__DUMMY__ 0.925447787119215 neg 0.04690534845888518 off 0.027646864421899724	false	1.0
stocken	neg 1.0		__DUMMY__ 0.9276458489391405 neg 0.04526675282822197 off 0.02708739823263748	false	1.0
isolieren	neg 1.0		__DUMMY__ 0.9299378173563121 neg 0.041774845685625804 off 0.028287336958062098	false	1.0
unheilbar	neg 1.0		__DUMMY__ 0.925443232966534 neg 0.045192315178552114 off 0.02936445185491389	false	1.0
pisser	off 1.0		__DUMMY__ 0.9227938592168818 neg 0.042622371696992824 off 0.03458376908612532	false	0.5
löschen	neg 1.0		__DUMMY__ 0.9264879550062236 neg 0.043934857014721496 off 0.029577187979054887	false	1.0
durchfallen	neg 1.0		__DUMMY__ 0.9268325585874256 neg 0.04643672482132307 off 0.026730716591251272	false	1.0
wichser	off 1.0		__DUMMY__ 0.9223621309275715 off 0.03886924867798274 neg 0.03876862039444587	false	1.0
terror	neg 1.0		__DUMMY__ 0.9291798906610474 neg 0.03991326137885195 off 0.03090684796010059	false	1.0
krass	neg 1.0		__DUMMY__ 0.9257374725069637 neg 0.040238054250324805 off 0.03402447324271156	false	1.0
revolte	neg 1.0	neg 1.0	neg 0.5151084458524902 __DUMMY__ 0.4560138029155729 off 0.028877751231936824	false	1.0
besorgt	neg 1.0		__DUMMY__ 0.9322470979762765 neg 0.040366636216065475 off 0.02738626580765807	false	1.0
nachlassen	neg 1.0		__DUMMY__ 0.9286911476430917 neg 0.04411419102131788 off 0.027194661335590484	false	1.0
alt	neg 1.0		__DUMMY__ 0.9318525339694375 neg 0.042916952226330116 off 0.025230513804232503	false	1.0
hundesohn	off 1.0		__DUMMY__ 0.9198249551409268 neg 0.041407760416190896 off 0.03876728444288238	false	0.5
als			__DUMMY__ 0.9295128514124068 neg 0.04339928351597821 off 0.027087865071614935	false	0.0
abschreckung	neg 1.0		__DUMMY__ 0.9255774673151389 neg 0.04869556874092788 off 0.02572696394393324	false	1.0
unqualifiziert	neg 1.0	neg 1.0	neg 0.5110110949814607 __DUMMY__ 0.46118162009311103 off 0.02780728492542824	false	1.0
abgewichst	off 1.0		__DUMMY__ 0.9262481209046168 neg 0.04549886634198008 off 0.02825301275340306	false	0.5
schwer	neg 1.0		__DUMMY__ 0.9283210756348057 neg 0.04336495761248676 off 0.028313966752707434	false	1.0
bedeutungslosigkeit	neg 1.0		__DUMMY__ 0.9257806232429273 neg 0.0480306290258893 off 0.026188747731183442	false	1.0
kapitulation	neg 1.0		__DUMMY__ 0.9209196325643456 neg 0.0512649287444378 off 0.027815438691216585	false	1.0
unscharf	neg 1.0		__DUMMY__ 0.9277386512084769 neg 0.04221151238060411 off 0.03004983641091904	false	1.0
schwinden	neg 1.0		__DUMMY__ 0.9269641891011067 neg 0.046890575205990825 off 0.02614523569290243	false	1.0
versklavung	neg 1.0	neg 1.0	neg 0.514570786600386 __DUMMY__ 0.4579999698844131 off 0.027429243515200753	false	1.0
schlecht	neg 1.0		__DUMMY__ 0.9270386289123882 neg 0.04048845268257533 off 0.032472918405036494	false	1.0
verhasst	neg 1.0		__DUMMY__ 0.9241836664803909 neg 0.04661279645393443 off 0.029203537065674686	false	1.0
beschweren	neg 1.0		__DUMMY__ 0.9275533971378744 neg 0.04274527754388376 off 0.029701325318241857	false	1.0
scheiden	neg 1.0		__DUMMY__ 0.9292962880982506 neg 0.04283465529677157 off 0.027869056604977835	false	1.0
frustriert	neg 1.0		__DUMMY__ 0.9276880172561723 neg 0.04450579565922425 off 0.027806187084603362	false	1.0
schimmelig	neg 1.0		__DUMMY__ 0.9277454339705887 neg 0.04629927340597232 off 0.02595529262343889	false	1.0
fisch	neg 1.0	neg 1.0	neg 0.5080478490278484 __DUMMY__ 0.46809892094763705 off 0.023853230024514577	false	1.0
schmuggel	neg 1.0		__DUMMY__ 0.9299238692648452 neg 0.04449366645307375 off 0.02558246428208105	false	1.0
auffallen	neg 1.0		__DUMMY__ 0.9272298929144575 neg 0.0427691618513451 off 0.03000094523419752	false	1.0
konkurrenz	neg 1.0		__DUMMY__ 0.9296826497501351 neg 0.04497455524947453 off 0.02534279500039034	false	1.0
teufelskreis	neg 1.0	neg 1.0	neg 0.5119994084013495 __DUMMY__ 0.4624293416656832 off 0.025571249932967152	false	1.0
aufschreien	neg 1.0		__DUMMY__ 0.9246537595246119 neg 0.04519391012567548 off 0.03015233034971249	false	1.0
schuldner	neg 1.0		__DUMMY__ 0.9247142070086299 neg 0.048547591409659044 off 0.026738201581711068	false	1.0
missgeburt	off 1.0	off 1.0	off 0.5031656064083521 __DUMMY__ 0.45910473469330304 neg 0.03772965889834489	false	1.0
arbeitslos	neg 1.0		__DUMMY__ 0.92601639409042 neg 0.046444230264633325 off 0.02753937564494675	false	1.0
befallen	neg 1.0		__DUMMY__ 0.9202226350691489 neg 0.05204670506794589 off 0.02773065986290516	false	1.0
miesepetrig	off 1.0		__DUMMY__ 0.928083658606115 neg 0.040086695511843594 off 0.03182964588204144	false	0.5
alarmieren	neg 1.0		__DUMMY__ 0.9226332548014382 neg 0.04500301424140004 off 0.032363730957161704	false	1.0
ungeduscht	off 1.0		__DUMMY__ 0.9279635274189613 neg 0.0420062680523079 off 0.030030204528730807	false	0.5
knappheit	neg 1.0		__DUMMY__ 0.9252238897946325 neg 0.04716980023791646 off 0.027606309967450948	false	1.0
schlange	neg 1.0		__DUMMY__ 0.9300607489650169 neg 0.040647492795397706 off 0.02929175823958546	false	1.0
harsch	neg 1.0		__DUMMY__ 0.926547621347292 neg 0.03718032029994501 off 0.03627205835276303	false	1.0
lang	neg 1.0		__DUMMY__ 0.9272468128497717 neg 0.04320075580004991 off 0.029552431350178442	false	1.0
ziellos	neg 1.0		__DUMMY__ 0.9284303451602238 neg 0.04468076733345381 off 0.026888887506322456	false	1.0
selbstverliebt	neg 1.0		__DUMMY__ 0.9183268903766331 neg 0.04175188885581971 off 0.039921220767547345	false	1.0
beseitigen	neg 1.0		__DUMMY__ 0.9299784134315054 neg 0.040775692405138814 off 0.029245894163355768	false	1.0
dumm	off 1.0		__DUMMY__ 0.9224263398428163 neg 0.041297883626565175 off 0.03627577653061853	false	0.5
arbeitsloser	neg 1.0		__DUMMY__ 0.9269864641381068 neg 0.04599847874913873 off 0.027015057112754415	false	1.0
blitzen	neg 1.0		__DUMMY__ 0.9251017716753879 neg 0.043624589608067 off 0.03127363871654515	false	1.0
hilflos	neg 1.0		__DUMMY__ 0.9279331667315426 neg 0.044613778531405794 off 0.027453054737051574	false	1.0
eklig	off 1.0		__DUMMY__ 0.9215940166827634 neg 0.04160309545660093 off 0.036802887860635625	false	0.5
begriff			__DUMMY__ 0.9266092025267312 neg 0.04552219260222318 off 0.027868604871045626	false	0.0
hungersnot	neg 1.0		__DUMMY__ 0.9201282619708507 neg 0.050676564242608274 off 0.02919517378654098	false	1.0
ungesetzlich	neg 1.0		__DUMMY__ 0.9200400475386423 neg 0.04857371432650002 off 0.031386238134857726	false	1.0
verschwendung	neg 1.0		__DUMMY__ 0.9275646167810851 neg 0.046586646120552126 off 0.02584873709836269	false	1.0
schmerzvoll	neg 1.0		__DUMMY__ 0.9278305014227416 neg 0.04253629704838338 off 0.02963320152887507	false	1.0
vorzeitig	neg 1.0		__DUMMY__ 0.9261984891354559 neg 0.04150875483792709 off 0.03229275602661696	false	1.0
unvollkommenheit	neg 1.0		__DUMMY__ 0.9271762551961638 neg 0.04401481884768675 off 0.028808925956149596	false	1.0
intervenieren	neg 1.0		__DUMMY__ 0.9233593739520417 neg 0.049916100806512625 off 0.026724525241445682	false	1.0
banause	off 1.0		__DUMMY__ 0.9215741740699362 neg 0.04065102769009024 off 0.03777479823997353	false	0.5
rebell	neg 1.0		__DUMMY__ 0.9297308937338679 neg 0.04548903649032924 off 0.02478006977580296	false	1.0
unlogisch	neg 1.0		__DUMMY__ 0.9238598620896099 neg 0.04215138921333144 off 0.03398874869705867	false	1.0
leiden	neg 1.0	neg 1.0	neg 0.5058374128068315 __DUMMY__ 0.4718417052601674 off 0.02232088193300114	false	1.0
abschaffung	neg 1.0		__DUMMY__ 0.9236276190863469 neg 0.04668849570651837 off 0.02968388520713457	false	1.0
sturz	neg 1.0		__DUMMY__ 0.9223893099205106 neg 0.04758357522367288 off 0.03002711485581649	false	1.0
verkleinerung	neg 1.0		__DUMMY__ 0.922178875695902 neg 0.04603456878441997 off 0.031786555519678045	false	1.0
schmarotzer	off 1.0		__DUMMY__ 0.9246130044119489 neg 0.04807796224005538 off 0.02730903334799567	false	0.5
bestrafung	neg 1.0		__DUMMY__ 0.9261495171178048 neg 0.04415932452850717 off 0.029691158353688008	false	1.0
achtlos	neg 1.0		__DUMMY__ 0.9298592924322825 neg 0.04192730654875202 off 0.028213401018965484	false	1.0
