unsolidarisch	neg 1.0		neg 0.6047699592005504 off 0.3882566679203142 __DUMMY__ 0.0069733728791352475	false	1.0
nachteilig	neg 1.0		neg 0.6039531749091569 off 0.388964365204166 __DUMMY__ 0.007082459886676994	false	1.0
skeptisch	neg 1.0		neg 0.6062098305999877 off 0.38668188667904035 __DUMMY__ 0.0071082827209720595	false	1.0
schrecklich	neg 1.0		neg 0.5909483267727322 off 0.401985530140493 __DUMMY__ 0.00706614308677467	false	1.0
schlapp	neg 1.0		neg 0.593849347912064 off 0.3990309700034228 __DUMMY__ 0.007119682084513177	false	1.0
abfall	neg 1.0		neg 0.6080039734767324 off 0.3848820389870978 __DUMMY__ 0.007113987536169803	false	1.0
widerspenstig	neg 1.0		neg 0.5992415074466727 off 0.39363018858286275 __DUMMY__ 0.0071283039704644665	false	1.0
abrupt	neg 1.0		neg 0.6003565098007949 off 0.39250161645065174 __DUMMY__ 0.007141873748553425	false	1.0
unwirksam	neg 1.0		neg 0.6022056147689595 off 0.39077500158601675 __DUMMY__ 0.007019383645023815	false	1.0
angreifen	neg 1.0		neg 0.6058030486658633 off 0.3871163345791346 __DUMMY__ 0.007080616755002099	false	1.0
inkonsistent	neg 1.0		neg 0.5994329633100732 off 0.39351838639994874 __DUMMY__ 0.007048650289977998	false	1.0
abrutschen	neg 1.0		neg 0.6070525902005022 off 0.38581561853697505 __DUMMY__ 0.0071317912625228136	false	1.0
unsicher	neg 1.0		neg 0.6000402598553337 off 0.39285314263609655 __DUMMY__ 0.007106597508569898	false	1.0
bauernkind	off 1.0		neg 0.5891996585974275 off 0.4037964575423412 __DUMMY__ 0.007003883860231275	false	0.5
angreifer	neg 1.0		neg 0.5990857867941859 off 0.39388515468495255 __DUMMY__ 0.0070290585208615435	false	1.0
trennen	neg 1.0		neg 0.6024254861049824 off 0.3904014599763256 __DUMMY__ 0.007173053918692052	false	1.0
schmutz	neg 1.0		neg 0.5913120969599651 off 0.4015352713827611 __DUMMY__ 0.0071526316572737055	false	1.0
inkonsistenz	neg 1.0	neg 1.0	neg 0.7874117209609858 off 0.2092314907484249 __DUMMY__ 0.003356788290589279	false	1.0
erschreckend	neg 1.0		neg 0.6024813635762254 off 0.39043584029339257 __DUMMY__ 0.007082796130381912	false	1.0
ertrinken	neg 1.0		neg 0.602999674059235 off 0.3898709684011108 __DUMMY__ 0.007129357539654092	false	1.0
pickelface	off 1.0		neg 0.6008855139816813 off 0.3920624275617631 __DUMMY__ 0.007052058456555605	false	0.5
seiner			neg 0.6046327653560626 off 0.38825710858066464 __DUMMY__ 0.007110126063272837	false	0.0
lauch	neg 1.0		neg 0.6066137586152076 off 0.3862815214052257 __DUMMY__ 0.007104719979566747	false	1.0
unwichtig	neg 1.0		neg 0.5961191387153774 off 0.3968120829462632 __DUMMY__ 0.007068778338359357	false	1.0
steuerhinterziehung	neg 1.0		neg 0.6043597314220311 off 0.38862406752711737 __DUMMY__ 0.00701620105085152	false	1.0
schock	neg 1.0		neg 0.6004854826947817 off 0.3923735495252521 __DUMMY__ 0.007140967779966146	false	1.0
beule	neg 1.0		neg 0.5925478306868 off 0.40034123028259144 __DUMMY__ 0.007110939030608606	false	1.0
vergelten	neg 1.0		neg 0.5908305293062107 off 0.40214505859793 __DUMMY__ 0.007024412095859336	false	1.0
verdorbenheit	neg 1.0	neg 1.0	neg 0.7866654214890796 off 0.209934185009855 __DUMMY__ 0.0034003935010653913	false	1.0
trauma	neg 1.0		neg 0.5986438686083745 off 0.394274304217365 __DUMMY__ 0.007081827174260513	false	1.0
sinnlos	neg 1.0		neg 0.5981590606221618 off 0.3947534945907988 __DUMMY__ 0.00708744478703936	false	1.0
fettsack	off 1.0	off 1.0	off 0.6836780304645076 neg 0.31298017174048015 __DUMMY__ 0.003341797795012365	false	1.0
feige	off 1.0		neg 0.597580374501486 off 0.39537524979152816 __DUMMY__ 0.007044375706985837	false	0.5
abdanken	neg 1.0		neg 0.6050142143096411 off 0.38799011112935655 __DUMMY__ 0.00699567456100225	false	1.0
wichtigtuer	off 1.0	off 1.0	off 0.678285427419873 neg 0.31835797688978096 __DUMMY__ 0.0033565956903461066	false	1.0
misslingen	neg 1.0		neg 0.5963742023973386 off 0.39649914085030713 __DUMMY__ 0.00712665675235423	false	1.0
untreu	off 1.0		neg 0.5948655115179325 off 0.39805978374056916 __DUMMY__ 0.00707470474149824	false	0.5
missmutig	neg 1.0		neg 0.5949390001341306 off 0.39794839560340034 __DUMMY__ 0.007112604262469105	false	1.0
hurenbock	off 1.0		neg 0.5965132450023237 off 0.3963512759749663 __DUMMY__ 0.007135479022710078	false	0.5
betrunken	neg 1.0		neg 0.591686181664407 off 0.4012103534684211 __DUMMY__ 0.007103464867172119	false	1.0
korrupt	off 1.0		neg 0.606811499295275 off 0.38618664240470324 __DUMMY__ 0.007001858300021791	false	0.5
unmut	neg 1.0		neg 0.6076898849854876 off 0.38521183368729156 __DUMMY__ 0.007098281327220798	false	1.0
hackfresse	off 1.0		neg 0.5878944373975618 off 0.40506461607111494 __DUMMY__ 0.0070409465313233405	false	0.5
aufblasen	neg 1.0		neg 0.5972315113969758 off 0.39563861045014254 __DUMMY__ 0.007129878152881614	false	1.0
gewaltsam	neg 1.0		neg 0.6019224854802064 off 0.3910553035690568 __DUMMY__ 0.007022210950736668	false	1.0
unbeliebtheit	neg 1.0		neg 0.5988504117562163 off 0.3942113847681313 __DUMMY__ 0.006938203475652273	false	1.0
sturheit	neg 1.0		neg 0.6040062737272326 off 0.3889493627215379 __DUMMY__ 0.007044363551229531	false	1.0
kuh	neg 1.0		neg 0.5992152711184517 off 0.3937212098006915 __DUMMY__ 0.007063519080856733	false	1.0
erschrecken	neg 1.0		neg 0.5955798752207279 off 0.39731386417706466 __DUMMY__ 0.007106260602207494	false	1.0
opfer	neg 1.0	neg 1.0	neg 0.7908946037701672 off 0.20572818096507084 __DUMMY__ 0.0033772152647619747	false	1.0
sinken	neg 1.0		neg 0.6065580496031721 off 0.386339786980218 __DUMMY__ 0.007102163416609903	false	1.0
stinktier	neg 1.0		neg 0.5919027967994491 off 0.4010684334629181 __DUMMY__ 0.007028769737632932	false	1.0
tucke	off 1.0		neg 0.5871559052634081 off 0.4058017674372404 __DUMMY__ 0.007042327299351626	false	0.5
ein			neg 0.5968012513224447 off 0.3960393585065163 __DUMMY__ 0.007159390171039172	false	0.0
abstieg	neg 1.0		neg 0.6036916298023749 off 0.38924876850793827 __DUMMY__ 0.007059601689686853	false	1.0
missverstehen	neg 1.0		neg 0.5998555613523687 off 0.3930933053054032 __DUMMY__ 0.007051133342228015	false	1.0
ergebnislos	neg 1.0		neg 0.6037774865251193 off 0.3891503392732 __DUMMY__ 0.007072174201680808	false	1.0
unter			neg 0.6081955068899038 off 0.3845992841015799 __DUMMY__ 0.007205209008516289	false	0.0
manipulieren	neg 1.0		neg 0.606476199150932 off 0.386451259926282 __DUMMY__ 0.007072540922786165	false	1.0
unbewiesen	neg 1.0		neg 0.6056546467335291 off 0.3873846484089137 __DUMMY__ 0.0069607048575572004	false	1.0
verschleppen	neg 1.0		neg 0.6048982576089151 off 0.38804788868096485 __DUMMY__ 0.0070538537101201585	false	1.0
weib	off 1.0		neg 0.586609685645034 off 0.4063589275191733 __DUMMY__ 0.00703138683579256	false	0.5
opposition	neg 1.0		neg 0.6013463289154306 off 0.39164231440284786 __DUMMY__ 0.007011356681721676	false	1.0
verkehrswidrig	neg 1.0		neg 0.588379577228899 off 0.4045413006241155 __DUMMY__ 0.007079122146985582	false	1.0
inkorrekt	neg 1.0		neg 0.598105735856063 off 0.3949054377025972 __DUMMY__ 0.006988826441339835	false	1.0
vermeiden	neg 1.0		neg 0.6072994659940535 off 0.385541160365987 __DUMMY__ 0.007159373639959356	false	1.0
abweichung	neg 1.0		neg 0.6068669700503779 off 0.38612843315155987 __DUMMY__ 0.007004596798062116	false	1.0
alkoholisiert	neg 1.0		neg 0.601683720886213 off 0.3911969337399826 __DUMMY__ 0.007119345373804393	false	1.0
scheiss	off 1.0	off 1.0	off 0.6820501687127087 neg 0.3145761654324469 __DUMMY__ 0.003373665854844427	false	1.0
herausforderung	neg 1.0		neg 0.599974244339994 off 0.3928560484887317 __DUMMY__ 0.007169707171274178	false	1.0
pervers	off 1.0		neg 0.5837900101957639 off 0.409189140884259 __DUMMY__ 0.007020848919977198	false	0.5
wackelig	neg 1.0		neg 0.5994925003961254 off 0.3933285609223756 __DUMMY__ 0.00717893868149895	false	1.0
verwickeln	neg 1.0		neg 0.5995841808046657 off 0.3933496838086007 __DUMMY__ 0.007066135386733619	false	1.0
vorwand	neg 1.0		neg 0.6074340725900388 off 0.38548427682026837 __DUMMY__ 0.007081650589692699	false	1.0
muschi	off 1.0		neg 0.6011536966824077 off 0.39178870644689506 __DUMMY__ 0.007057596870697294	false	0.5
entmutigung	neg 1.0		neg 0.6038309218121397 off 0.38923316601516866 __DUMMY__ 0.006935912172691564	false	1.0
unangemessen	neg 1.0		neg 0.6051697352100655 off 0.3877833756288303 __DUMMY__ 0.007046889161104279	false	1.0
unstetig	neg 1.0		neg 0.5977574732441022 off 0.39519827853941847 __DUMMY__ 0.007044248216479288	false	1.0
entmutigen	neg 1.0		neg 0.5990702526357432 off 0.3938332042294954 __DUMMY__ 0.007096543134761427	false	1.0
schwanz	neg 1.0		neg 0.6028567370680805 off 0.39006169524375456 __DUMMY__ 0.007081567688164919	false	1.0
verbot	neg 1.0		neg 0.6055849367731028 off 0.3874011046160837 __DUMMY__ 0.007013958610813631	false	1.0
leid	neg 1.0		neg 0.5899044188193913 off 0.4030483476459532 __DUMMY__ 0.007047233534655586	false	1.0
archaisch	neg 1.0		neg 0.603934034424544 off 0.3890058311444347 __DUMMY__ 0.007060134431021198	false	1.0
gegen			neg 0.6067794337031465 off 0.3861390937001975 __DUMMY__ 0.007081472596656198	false	0.0
scheidung	neg 1.0	neg 1.0	neg 0.7748862115072379 off 0.2217721376454779 __DUMMY__ 0.003341650847284204	false	1.0
einschlag	neg 1.0		neg 0.5904005880772609 off 0.4025511023341894 __DUMMY__ 0.007048309588549773	false	1.0
m			neg 0.6005547578344493 off 0.3923237217032828 __DUMMY__ 0.007121520462267827	false	0.0
abgestanden	neg 1.0		neg 0.5991828105417034 off 0.3937019791448864 __DUMMY__ 0.007115210313410272	false	1.0
schmierig	off 1.0		neg 0.5904947459300428 off 0.402440131291221 __DUMMY__ 0.007065122778736191	false	0.5
unpraktisch	neg 1.0		neg 0.5970327844170868 off 0.39583185151958106 __DUMMY__ 0.007135364063332143	false	1.0
wixxer	off 1.0		neg 0.5846082966602802 off 0.4083945841306173 __DUMMY__ 0.006997119209102432	false	0.5
bezeichnet			neg 0.6028325950179422 off 0.39011092246824824 __DUMMY__ 0.007056482513809602	false	0.0
jammerlappen	off 1.0		neg 0.5955342966970931 off 0.3973842005247872 __DUMMY__ 0.007081502778119587	false	0.5
farce	neg 1.0		neg 0.6068965795113682 off 0.3861322162204963 __DUMMY__ 0.006971204268135519	false	1.0
zwecklos	neg 1.0		neg 0.6048289232407627 off 0.38810667439660973 __DUMMY__ 0.007064402362627608	false	1.0
turbulent	neg 1.0		neg 0.5931128339146221 off 0.39986003199867837 __DUMMY__ 0.00702713408669961	false	1.0
invasion	neg 1.0		neg 0.5957459076159489 off 0.3971464689404536 __DUMMY__ 0.007107623443597435	false	1.0
schuld	neg 1.0		neg 0.6003140835372717 off 0.39261101952000965 __DUMMY__ 0.007074896942718714	false	1.0
risiko	neg 1.0		neg 0.5951037761470477 off 0.39777754185326486 __DUMMY__ 0.007118681999687418	false	1.0
finster	neg 1.0		neg 0.5975708281584604 off 0.39528614709540744 __DUMMY__ 0.007143024746132253	false	1.0
geisteskrank	off 1.0		neg 0.5962741272382421 off 0.39670711727709485 __DUMMY__ 0.0070187554846630985	false	0.5
zusammenbrechen	neg 1.0		neg 0.6014652134227129 off 0.39142227082547887 __DUMMY__ 0.00711251575180838	false	1.0
ausbeute	neg 1.0		neg 0.6007423157118342 off 0.39210477064909155 __DUMMY__ 0.007152913639074318	false	1.0
hinterhalt	neg 1.0		neg 0.5995252992346654 off 0.39339764404784977 __DUMMY__ 0.0070770567174847825	false	1.0
kritik	neg 1.0		neg 0.6060749214723714 off 0.3869342555252464 __DUMMY__ 0.0069908230023822595	false	1.0
einschrumpfen	neg 1.0		neg 0.5995051056260096 off 0.3934960390803619 __DUMMY__ 0.00699885529362859	false	1.0
riskant	neg 1.0		neg 0.6047446368653742 off 0.3881555727117087 __DUMMY__ 0.007099790422917222	false	1.0
frustrieren	neg 1.0		neg 0.6051771845033609 off 0.38773221266081725 __DUMMY__ 0.007090602835821906	false	1.0
groll	neg 1.0		neg 0.604435655205722 off 0.3884964345792869 __DUMMY__ 0.00706791021499131	false	1.0
gibt			neg 0.6025098444816065 off 0.39039165614053417 __DUMMY__ 0.0070984993778592685	false	0.0
qualvoll	neg 1.0		neg 0.596673407584225 off 0.3962139261850293 __DUMMY__ 0.007112666230745517	false	1.0
wackeln	neg 1.0		neg 0.5970382637212187 off 0.39581089803701225 __DUMMY__ 0.007150838241769083	false	1.0
klagen	neg 1.0		neg 0.6083185901047355 off 0.3846165968581015 __DUMMY__ 0.007064813037163075	false	1.0
bankrott	neg 1.0		neg 0.5938209836262067 off 0.3990729593712605 __DUMMY__ 0.007106057002532756	false	1.0
trauern	neg 1.0		neg 0.6044167178765468 off 0.3884841087208028 __DUMMY__ 0.007099173402650492	false	1.0
ablehnung	neg 1.0	neg 1.0	neg 0.7912471278790929 off 0.20541808787966193 __DUMMY__ 0.003334784241245084	false	1.0
stur	neg 1.0		neg 0.5996771839883077 off 0.3932439243275408 __DUMMY__ 0.0070788916841515006	false	1.0
aufruhr	neg 1.0		neg 0.6026927821360551 off 0.3902891067916563 __DUMMY__ 0.007018111072288532	false	1.0
melancholie	neg 1.0		neg 0.6000929288218873 off 0.3927463847536305 __DUMMY__ 0.007160686424482313	false	1.0
ist			neg 0.5989262527992153 off 0.3939859905556196 __DUMMY__ 0.007087756645165175	false	0.0
torheit	neg 1.0		neg 0.6029387997794735 off 0.39006373934884914 __DUMMY__ 0.006997460871677298	false	1.0
dreckskind	off 1.0		neg 0.5914828024314459 off 0.4015333954277989 __DUMMY__ 0.006983802140755198	false	0.5
umtauschen	neg 1.0		neg 0.5988363506781383 off 0.3940274687247237 __DUMMY__ 0.007136180597137952	false	1.0
zum			neg 0.6038541877418242 off 0.3889255681874358 __DUMMY__ 0.007220244070739995	false	0.0
zersetzen	neg 1.0		neg 0.6070956760921511 off 0.38583206799761055 __DUMMY__ 0.007072255910238343	false	1.0
zur			neg 0.6079457520548689 off 0.38492130873074554 __DUMMY__ 0.0071329392143856	false	0.0
frust	neg 1.0		neg 0.6017013954760968 off 0.3911861841605735 __DUMMY__ 0.007112420363329626	false	1.0
unerbittlichkeit	neg 1.0		neg 0.606205948083077 off 0.3867262723237913 __DUMMY__ 0.0070677795931317206	false	1.0
zwei			neg 0.6032227027086842 off 0.38958786388445804 __DUMMY__ 0.007189433406857828	false	0.0
unkorrekt	neg 1.0		neg 0.5962019258453376 off 0.3967888372115264 __DUMMY__ 0.007009236943136082	false	1.0
hexe	off 1.0		neg 0.5946857632532636 off 0.3982363836709469 __DUMMY__ 0.007077853075789504	false	0.5
lasch	neg 1.0		neg 0.5985644604931325 off 0.39438797512926066 __DUMMY__ 0.007047564377606864	false	1.0
rivale	neg 1.0		neg 0.5915973679056851 off 0.40136476223984446 __DUMMY__ 0.007037869854470461	false	1.0
mutlos	off 1.0	off 1.0	off 0.6750515403989937 neg 0.32159360682640437 __DUMMY__ 0.0033548527746019895	false	1.0
wirr	off 1.0		neg 0.5942971574173339 off 0.39869376922706284 __DUMMY__ 0.007009073355603242	false	0.5
jahr			neg 0.6013749201286056 off 0.39145553430572905 __DUMMY__ 0.007169545565665448	false	0.0
wird			neg 0.6036426847505076 off 0.3892510652012956 __DUMMY__ 0.007106250048196652	false	0.0
strafbar	neg 1.0		neg 0.6069112919093451 off 0.3860462709275472 __DUMMY__ 0.007042437163107796	false	1.0
erosion	neg 1.0		neg 0.5970049739128406 off 0.3958724661702015 __DUMMY__ 0.007122559916957869	false	1.0
eingehen	neg 1.0		neg 0.6046692554397378 off 0.3882538592588946 __DUMMY__ 0.007076885301367564	false	1.0
faul	off 1.0		neg 0.59399858269665 off 0.3988793295588419 __DUMMY__ 0.00712208774450813	false	0.5
provisorium	neg 1.0		neg 0.609860496725275 off 0.3829587502822224 __DUMMY__ 0.007180752992502811	false	1.0
schmerzen	neg 1.0		neg 0.6001504800261142 off 0.3927221927194663 __DUMMY__ 0.007127327254419562	false	1.0
schrumpfen	neg 1.0		neg 0.6088438584518382 off 0.38403003976872946 __DUMMY__ 0.0071261017794323695	false	1.0
geistlos	off 1.0		neg 0.6024456784874475 off 0.39058346768940594 __DUMMY__ 0.006970853823146725	false	0.5
fehlkauf	neg 1.0		neg 0.5983681449073294 off 0.39457652915103125 __DUMMY__ 0.007055325941639455	false	1.0
frustrierend	neg 1.0	neg 1.0	neg 0.7863904710231056 off 0.2102297314014649 __DUMMY__ 0.003379797575429569	false	1.0
unzufrieden	neg 1.0		neg 0.6038707085114854 off 0.3890445494593917 __DUMMY__ 0.0070847420291228	false	1.0
verzweifeln	neg 1.0		neg 0.6005804218148029 off 0.39230950103279844 __DUMMY__ 0.007110077152398821	false	1.0
verzweifelt	neg 1.0		neg 0.599215926786322 off 0.3936938618494918 __DUMMY__ 0.007090211364186222	false	1.0
misstrauensantrag	neg 1.0		neg 0.5987158937505207 off 0.3942382378766061 __DUMMY__ 0.007045868372873158	false	1.0
abfallen	neg 1.0		neg 0.5965270852819867 off 0.39631461892327463 __DUMMY__ 0.007158295794738568	false	1.0
fucker	off 1.0		neg 0.5927907642567657 off 0.40016272757330423 __DUMMY__ 0.007046508169930219	false	0.5
ungezogen	neg 1.0		neg 0.5855418642182115 off 0.4074087927381727 __DUMMY__ 0.007049343043615832	false	1.0
irrsinnig	neg 1.0	neg 1.0	neg 0.7885138827615437 off 0.20811583706358255 __DUMMY__ 0.00337028017487388	false	1.0
unfassbar	neg 1.0		neg 0.595161857497182 off 0.39776186778663675 __DUMMY__ 0.007076274716181316	false	1.0
hart	neg 1.0		neg 0.5962577833222311 off 0.39670091652988676 __DUMMY__ 0.007041300147882184	false	1.0
widerlich	off 1.0		neg 0.595494508356143 off 0.3974598003069871 __DUMMY__ 0.007045691336869934	false	0.5
fatal	neg 1.0		neg 0.5980640482588668 off 0.39487069563896854 __DUMMY__ 0.007065256102164603	false	1.0
bruch	neg 1.0		neg 0.6091248115307141 off 0.3838179071423068 __DUMMY__ 0.007057281326979132	false	1.0
aushungern	neg 1.0		neg 0.603820871875199 off 0.38917296225046477 __DUMMY__ 0.007006165874336455	false	1.0
anspannung	neg 1.0		neg 0.6060511941129928 off 0.3867976813781201 __DUMMY__ 0.00715112450888727	false	1.0
von			neg 0.6024450241267346 off 0.3903848233601429 __DUMMY__ 0.007170152513122468	false	0.0
kraftlos	neg 1.0		neg 0.6009019392665672 off 0.3919400230878744 __DUMMY__ 0.007158037645558456	false	1.0
vom			neg 0.6071085754845718 off 0.3856827708825751 __DUMMY__ 0.007208653632853174	false	0.0
grenzdebil	off 1.0		neg 0.5934531734153802 off 0.3994620584494394 __DUMMY__ 0.007084768135180357	false	0.5
vor			neg 0.6051303331143274 off 0.38772670636276824 __DUMMY__ 0.007142960522904432	false	0.0
unterwerfen	neg 1.0		neg 0.6054824935405708 off 0.38744927170406734 __DUMMY__ 0.007068234755361791	false	1.0
versenkung	neg 1.0		neg 0.6051162328401148 off 0.38779341758210284 __DUMMY__ 0.0070903495777824115	false	1.0
entziehen	neg 1.0		neg 0.6076967901602445 off 0.3852130223479036 __DUMMY__ 0.0070901874918518504	false	1.0
finanzkrise	neg 1.0		neg 0.6042565065142579 off 0.3887405955613066 __DUMMY__ 0.007002897924435625	false	1.0
schimpfend	neg 1.0		neg 0.5947216408245267 off 0.39810307132332723 __DUMMY__ 0.007175287852146201	false	1.0
profan	neg 1.0		neg 0.5977455075638926 off 0.3951590637265876 __DUMMY__ 0.007095428709519704	false	1.0
korruption	neg 1.0		neg 0.6062958125462202 off 0.38669500455674605 __DUMMY__ 0.0070091828970337555	false	1.0
â			neg 0.6019766154086689 off 0.39090938059083535 __DUMMY__ 0.00711400400049579	false	0.0
schmutzig	neg 1.0		neg 0.5923741562674472 off 0.40050363417182666 __DUMMY__ 0.007122209560726211	false	1.0
sexy	neg 1.0		neg 0.5953346128984564 off 0.39757677110440215 __DUMMY__ 0.007088615997141543	false	1.0
abraten	neg 1.0		neg 0.5981572484556332 off 0.3947321735525641 __DUMMY__ 0.007110577991802629	false	1.0
schwarz	neg 1.0		neg 0.5986555135638296 off 0.3942697997131637 __DUMMY__ 0.007074686723006601	false	1.0
fotze	off 1.0		neg 0.6032239331384933 off 0.3897147387988323 __DUMMY__ 0.007061328062674539	false	0.5
verwirren	neg 1.0		neg 0.5969868857668953 off 0.39592182647916585 __DUMMY__ 0.0070912877539389225	false	1.0
zahnlos	off 1.0		neg 0.6043784446622429 off 0.38855708982734377 __DUMMY__ 0.007064465510413328	false	0.5
verheeren	neg 1.0		neg 0.5865991866789334 off 0.40642915519724393 __DUMMY__ 0.006971658123822606	false	1.0
hippie	neg 1.0		neg 0.5959729682425691 off 0.3969463348414837 __DUMMY__ 0.007080696915947213	false	1.0
rammen	neg 1.0		neg 0.5964755286175741 off 0.3964270559671293 __DUMMY__ 0.007097415415296539	false	1.0
unlauter	neg 1.0	neg 1.0	neg 0.7881005555424138 off 0.20854790716967586 __DUMMY__ 0.003351537287910365	false	1.0
unheilvoll	neg 1.0		neg 0.5974128757885288 off 0.3954813803807847 __DUMMY__ 0.007105743830686495	false	1.0
niedrig	neg 1.0		neg 0.6036466444785098 off 0.38926847028828604 __DUMMY__ 0.007084885233204195	false	1.0
explosion	neg 1.0		neg 0.5958740776182598 off 0.39702881372323734 __DUMMY__ 0.0070971086585029045	false	1.0
weichei	off 1.0		neg 0.5891504871334248 off 0.4038056943762244 __DUMMY__ 0.007043818490350769	false	0.5
minusmensch	off 1.0		neg 0.5872617979771249 off 0.4057776082415625 __DUMMY__ 0.006960593781312775	false	0.5
farblos	neg 1.0		neg 0.6003952139360256 off 0.39254497022222246 __DUMMY__ 0.007059815841751944	false	1.0
unwissend	neg 1.0	neg 1.0	neg 0.7861431000332804 off 0.21049503529818533 __DUMMY__ 0.003361864668534248	false	1.0
traurig	neg 1.0		neg 0.5913821239406328 off 0.4015333103638979 __DUMMY__ 0.007084565695469197	false	1.0
senkung	neg 1.0		neg 0.5977063170857908 off 0.3952351882535067 __DUMMY__ 0.007058494660702455	false	1.0
ungleich	neg 1.0	neg 1.0	neg 0.7915647710846768 off 0.2050715056601093 __DUMMY__ 0.0033637232552138937	false	1.0
heikel	neg 1.0		neg 0.6063757627214564 off 0.3865359610998095 __DUMMY__ 0.007088276178733955	false	1.0
drosselung	neg 1.0		neg 0.5906982239587639 off 0.4022139094015607 __DUMMY__ 0.0070878666396753005	false	1.0
falsch	neg 1.0		neg 0.5965309137353068 off 0.3963934924718985 __DUMMY__ 0.007075593792794669	false	1.0
unzufriedenheit	neg 1.0		neg 0.6069942317119804 off 0.38592661778653026 __DUMMY__ 0.0070791505014894	false	1.0
kurz	neg 1.0		neg 0.5997855905134457 off 0.39306269143932265 __DUMMY__ 0.007151718047231646	false	1.0
unsinnig	neg 1.0		neg 0.6034853608832804 off 0.3894351498982196 __DUMMY__ 0.0070794892185000215	false	1.0
penner	off 1.0	off 1.0	off 0.6854518903552199 neg 0.311189372103251 __DUMMY__ 0.003358737541529174	false	1.0
seicht	neg 1.0		neg 0.5885656618180644 off 0.4044418862821027 __DUMMY__ 0.006992451899832945	false	1.0
dummheit	off 1.0	off 1.0	off 0.678725291971752 neg 0.3179185624096551 __DUMMY__ 0.0033561456185928415	false	1.0
unerfreulich	neg 1.0		neg 0.606144766979524 off 0.3867466057746789 __DUMMY__ 0.00710862724579707	false	1.0
motherfucker	off 1.0	off 1.0	off 0.68217214000695 neg 0.3144736223391017 __DUMMY__ 0.00335423765394834	false	1.0
pikiert	neg 1.0		neg 0.5966516639283743 off 0.396295188893729 __DUMMY__ 0.007053147177896835	false	1.0
wrack	neg 1.0		neg 0.6019037895244794 off 0.39098696165969743 __DUMMY__ 0.0071092488158232894	false	1.0
gangster	neg 1.0		neg 0.5970145854584324 off 0.395906257051358 __DUMMY__ 0.0070791574902095734	false	1.0
krank	neg 1.0		neg 0.5919915718460853 off 0.40089027256852877 __DUMMY__ 0.007118155585385846	false	1.0
reich	neg 1.0		neg 0.5986628670877848 off 0.3943669713806929 __DUMMY__ 0.006970161531522237	false	1.0
gnadenlos	neg 1.0		neg 0.5993955916926826 off 0.39351398637531687 __DUMMY__ 0.00709042193200051	false	1.0
niedergeschlagen	neg 1.0		neg 0.6013843497747846 off 0.39150456594829386 __DUMMY__ 0.007111084276921523	false	1.0
terrorisieren	off 1.0	off 1.0	off 0.675795811289406 neg 0.320825972668683 __DUMMY__ 0.0033782160419110097	false	1.0
sinnlosigkeit	neg 1.0		neg 0.6040406715308712 off 0.3888886272661326 __DUMMY__ 0.007070701202996188	false	1.0
behindern	neg 1.0		neg 0.5993001629458458 off 0.39358161309463185 __DUMMY__ 0.0071182239595223035	false	1.0
undemokratisch	neg 1.0		neg 0.6029312903623636 off 0.3900761520601169 __DUMMY__ 0.006992557577519469	false	1.0
wirtschaftskrise	neg 1.0		neg 0.6051388699265389 off 0.3878257217029249 __DUMMY__ 0.00703540837053626	false	1.0
neid	neg 1.0		neg 0.595013523786431 off 0.39786697868815496 __DUMMY__ 0.007119497525414016	false	1.0
rutschen	neg 1.0		neg 0.6035709146119494 off 0.38920615783243023 __DUMMY__ 0.007222927555620206	false	1.0
rezession	neg 1.0		neg 0.5934875360304782 off 0.39953127460785237 __DUMMY__ 0.006981189361669462	false	1.0
fehlgeburt	neg 1.0		neg 0.5996916508182872 off 0.39322337187624573 __DUMMY__ 0.007084977305467084	false	1.0
charakterschwach	off 1.0		neg 0.5954935997039322 off 0.3974562775075892 __DUMMY__ 0.007050122788478654	false	0.5
isolation	neg 1.0		neg 0.5939061469969171 off 0.399000884825869 __DUMMY__ 0.007092968177213994	false	1.0
ablenkung	neg 1.0		neg 0.5987712667064832 off 0.3941057513415879 __DUMMY__ 0.007122981951928836	false	1.0
pech	neg 1.0		neg 0.5961204035642654 off 0.3967768730850156 __DUMMY__ 0.00710272335071881	false	1.0
vermeidung	neg 1.0		neg 0.5915502561016679 off 0.40134812549355414 __DUMMY__ 0.007101618404778046	false	1.0
dominieren	neg 1.0		neg 0.6017555618903958 off 0.39115435180416375 __DUMMY__ 0.007090086305440517	false	1.0
schwindlig	neg 1.0		neg 0.5949349074431202 off 0.39792584780853185 __DUMMY__ 0.007139244748348037	false	1.0
lutscher	neg 1.0		neg 0.5868456921035005 off 0.40614878269417887 __DUMMY__ 0.007005525202320709	false	1.0
pflicht	neg 1.0		neg 0.6065866996626887 off 0.3863257299155033 __DUMMY__ 0.007087570421808114	false	1.0
faschist	off 1.0		neg 0.6015100982953544 off 0.39149358574174936 __DUMMY__ 0.006996315962896294	false	0.5
verschleudern	neg 1.0		neg 0.60543926658282 off 0.38751601456443113 __DUMMY__ 0.00704471885274893	false	1.0
wenn			neg 0.5960318966306896 off 0.39688172622491746 __DUMMY__ 0.007086377144392972	false	0.0
ehebruch	neg 1.0		neg 0.6060753256656528 off 0.3868794694943839 __DUMMY__ 0.00704520483996345	false	1.0
spott	off 1.0		neg 0.6062812692353993 off 0.3866623136145086 __DUMMY__ 0.007056417150092137	false	0.5
trostlosigkeit	neg 1.0		neg 0.6088868242377519 off 0.38408386070230743 __DUMMY__ 0.0070293150599407	false	1.0
lutschen	neg 1.0		neg 0.5971342091178776 off 0.3958313617457474 __DUMMY__ 0.007034429136375086	false	1.0
undiszipliniert	neg 1.0		neg 0.5929785346414869 off 0.39995550102230537 __DUMMY__ 0.0070659643362077735	false	1.0
kopfschmerz	neg 1.0		neg 0.6000033829085406 off 0.392883948832012 __DUMMY__ 0.007112668259447449	false	1.0
unvorhergesehen	neg 1.0		neg 0.5993355904644728 off 0.3934976834519592 __DUMMY__ 0.007166726083567976	false	1.0
desinteressiert	neg 1.0		neg 0.5938532403109842 off 0.39909364857018337 __DUMMY__ 0.007053111118832506	false	1.0
armselig	off 1.0		neg 0.5937382776099466 off 0.3992311977342821 __DUMMY__ 0.007030524655771238	false	0.5
desaster	neg 1.0		neg 0.6097551333834519 off 0.3831915586716073 __DUMMY__ 0.007053307944940759	false	1.0
tod	neg 1.0		neg 0.6077982394094578 off 0.38519013507538097 __DUMMY__ 0.007011625515161181	false	1.0
herzlos	neg 1.0		neg 0.5912519131610128 off 0.4016782379167794 __DUMMY__ 0.007069848922207882	false	1.0
unwissenheit	neg 1.0		neg 0.6050645322154565 off 0.38788587711349076 __DUMMY__ 0.007049590671052713	false	1.0
widersinnig	neg 1.0		neg 0.6055231461725721 off 0.3874723060615272 __DUMMY__ 0.007004547765900646	false	1.0
bedenklich	neg 1.0		neg 0.6054009130736304 off 0.38751644344924296 __DUMMY__ 0.0070826434771266615	false	1.0
beanstanden	neg 1.0		neg 0.6068674784806227 off 0.3860417531019132 __DUMMY__ 0.007090768417464072	false	1.0
panisch	neg 1.0	neg 1.0	neg 0.7855709418575675 off 0.21100996075748285 __DUMMY__ 0.0034190973849496428	false	1.0
debil	off 1.0		neg 0.6092160844916389 off 0.38367525266565233 __DUMMY__ 0.007108662842708836	false	0.5
abstrich	neg 1.0		neg 0.5977800064031106 off 0.3950812518520376 __DUMMY__ 0.007138741744851823	false	1.0
primitiv	neg 1.0		neg 0.5948704212290453 off 0.39808536772847386 __DUMMY__ 0.007044211042480903	false	1.0
abschaum	off 1.0	off 1.0	off 0.679938705312935 neg 0.31671282984223253 __DUMMY__ 0.003348464844832405	false	1.0
provozieren	neg 1.0		neg 0.6015615234731414 off 0.3913805560434616 __DUMMY__ 0.007057920483396946	false	1.0
tot	neg 1.0		neg 0.6016343584028043 off 0.39128563982526704 __DUMMY__ 0.007080001771928676	false	1.0
instabil	neg 1.0		neg 0.5929215549312887 off 0.40006519064149026 __DUMMY__ 0.007013254427221005	false	1.0
schwuchtel	off 1.0		neg 0.5827227672375451 off 0.41032102076873833 __DUMMY__ 0.006956211993716492	false	0.5
zerren	neg 1.0		neg 0.6013797777124208 off 0.3915056973498222 __DUMMY__ 0.0071145249377570175	false	1.0
kinderficker	off 1.0		neg 0.5920270664967828 off 0.4009662368646766 __DUMMY__ 0.0070066966385405795	false	0.5
gefahr	neg 1.0		neg 0.6053623012385614 off 0.3875714835513132 __DUMMY__ 0.007066215210125428	false	1.0
rabiat	neg 1.0		neg 0.6005113410771781 off 0.3923991306443566 __DUMMY__ 0.007089528278465201	false	1.0
verlangsamung	neg 1.0		neg 0.5899585454084871 off 0.40306905453437947 __DUMMY__ 0.0069724000571333355	false	1.0
ausgestorben	neg 1.0		neg 0.6014322295850045 off 0.3914579495019936 __DUMMY__ 0.007109820913001853	false	1.0
anklagen	neg 1.0		neg 0.6030848492157842 off 0.38987405603576425 __DUMMY__ 0.007041094748451686	false	1.0
trott	neg 1.0		neg 0.5996262395866788 off 0.3932670334707605 __DUMMY__ 0.007106726942560775	false	1.0
verminderung	neg 1.0		neg 0.5923138797355447 off 0.40062269577148557 __DUMMY__ 0.007063424492969664	false	1.0
nach			neg 0.6056435981082829 off 0.3871736179616544 __DUMMY__ 0.007182783930062517	false	0.0
rost	neg 1.0		neg 0.5881935845819398 off 0.40480274970109204 __DUMMY__ 0.007003665716967996	false	1.0
destruktiv	neg 1.0	neg 1.0	neg 0.7902614389021198 off 0.20638542925687078 __DUMMY__ 0.0033531318410094982	false	1.0
unzumutbarkeit	neg 1.0		neg 0.5926835631717565 off 0.4002396217925231 __DUMMY__ 0.007076815035720246	false	1.0
labil	off 1.0	off 1.0	off 0.6809119261002556 neg 0.3157329497349097 __DUMMY__ 0.003355124164834607	false	1.0
ziemlich	neg 1.0		neg 0.5940032675524709 off 0.39891130039037204 __DUMMY__ 0.00708543205715697	false	1.0
lachnummer	off 1.0		neg 0.6034215196453118 off 0.3895309526329714 __DUMMY__ 0.007047527721717039	false	0.5
oder			neg 0.5989202693510427 off 0.3939511833126853 __DUMMY__ 0.007128547336272077	false	0.0
verfall	neg 1.0		neg 0.6096480564690512 off 0.38324534248518716 __DUMMY__ 0.007106601045761577	false	1.0
ausgrenzung	neg 1.0		neg 0.6016465461406336 off 0.39135223983659917 __DUMMY__ 0.007001214022767242	false	1.0
unordnung	neg 1.0		neg 0.5912061705993338 off 0.40176251614807895 __DUMMY__ 0.007031313252587409	false	1.0
fehlverhalten	neg 1.0		neg 0.6064672370463973 off 0.3864730224643189 __DUMMY__ 0.007059740489283721	false	1.0
eine			neg 0.6049555994904982 off 0.3879070960066148 __DUMMY__ 0.007137304502886882	false	0.0
nille	neg 1.0		neg 0.6020753592518818 off 0.3908805231833615 __DUMMY__ 0.007044117564756642	false	1.0
qual	neg 1.0		neg 0.6000048755193498 off 0.3928945207156825 __DUMMY__ 0.0071006037649676505	false	1.0
verschwenden	neg 1.0		neg 0.6042778599246466 off 0.3886192380529599 __DUMMY__ 0.007102902022393465	false	1.0
riesig	neg 1.0		neg 0.6014897099888799 off 0.3914210561725563 __DUMMY__ 0.007089233838563764	false	1.0
verurteilen	neg 1.0		neg 0.6054488296964093 off 0.38751486556462533 __DUMMY__ 0.007036304738965287	false	1.0
klischee	neg 1.0	neg 1.0	neg 0.7874716050229528 off 0.2091735541753674 __DUMMY__ 0.003354840801679859	false	1.0
diktatorisch	neg 1.0		neg 0.6040147700637535 off 0.3890146563746349 __DUMMY__ 0.006970573561611771	false	1.0
vorhersehbar	neg 1.0		neg 0.6002354123464186 off 0.39272461578211293 __DUMMY__ 0.007039971871468357	false	1.0
sowie			neg 0.5904217312623066 off 0.40257873820686185 __DUMMY__ 0.006999530530831676	false	0.0
stornieren	neg 1.0		neg 0.5953650373832602 off 0.3975073918824815 __DUMMY__ 0.00712757073425834	false	1.0
besteuerung	neg 1.0		neg 0.5997348841629887 off 0.39320357232951963 __DUMMY__ 0.007061543507491591	false	1.0
ungeschminkt	neg 1.0		neg 0.5941281628431995 off 0.39880906169131664 __DUMMY__ 0.007062775465483986	false	1.0
kritisch	neg 1.0		neg 0.606177258409314 off 0.38676498478991095 __DUMMY__ 0.0070577568007750575	false	1.0
schlamperei	off 1.0		neg 0.6061042677828322 off 0.3868532332194466 __DUMMY__ 0.007042498997721266	false	0.5
sucht	neg 1.0	neg 1.0	neg 0.785312555021829 off 0.2112769309093578 __DUMMY__ 0.003410514068813257	false	1.0
egoistisch	off 1.0		neg 0.5897644220038563 off 0.4031980256945296 __DUMMY__ 0.007037552301614059	false	0.5
ausbeuter	off 1.0		neg 0.607756334393916 off 0.3852024664126219 __DUMMY__ 0.007041199193462187	false	0.5
arschgeburt	off 1.0		neg 0.5829161669581521 off 0.4101278711796025 __DUMMY__ 0.006955961862245506	false	0.5
schubs	neg 1.0	neg 1.0	neg 0.7885314396903308 off 0.20805522671742338 __DUMMY__ 0.0034133335922457778	false	1.0
unsolide	neg 1.0		neg 0.6014034600720441 off 0.3916589679126741 __DUMMY__ 0.0069375720152816175	false	1.0
beschwerde	neg 1.0		neg 0.6044087760242322 off 0.38853433203561283 __DUMMY__ 0.00705689194015497	false	1.0
stocken	neg 1.0		neg 0.6035866925884976 off 0.38932351007796967 __DUMMY__ 0.007089797333532744	false	1.0
isolieren	neg 1.0		neg 0.6000117621089142 off 0.3928703758846699 __DUMMY__ 0.007117862006416059	false	1.0
unheilbar	neg 1.0		neg 0.6010165715300214 off 0.3919199255441452 __DUMMY__ 0.007063502925833306	false	1.0
pisser	off 1.0		neg 0.5927543324845159 off 0.40022696371871375 __DUMMY__ 0.007018703796770369	false	0.5
löschen	neg 1.0		neg 0.5994182519627634 off 0.3935040957088539 __DUMMY__ 0.007077652328382651	false	1.0
durchfallen	neg 1.0		neg 0.6046917204709337 off 0.3882242405762892 __DUMMY__ 0.007084038952777124	false	1.0
wichser	off 1.0		neg 0.5847607734362348 off 0.40821778678530196 __DUMMY__ 0.007021439778463121	false	0.5
terror	neg 1.0		neg 0.5945207548981922 off 0.39836351243230167 __DUMMY__ 0.007115732669506017	false	1.0
krass	neg 1.0		neg 0.5908598379937228 off 0.402076838191414 __DUMMY__ 0.007063323814863401	false	1.0
revolte	neg 1.0	neg 1.0	neg 0.789112641276434 off 0.20757340620165818 __DUMMY__ 0.0033139525219077442	false	1.0
besorgt	neg 1.0		neg 0.5994219132255768 off 0.39341957807662886 __DUMMY__ 0.007158508697794215	false	1.0
nachlassen	neg 1.0		neg 0.6022054654048143 off 0.3906873038292612 __DUMMY__ 0.007107230765924564	false	1.0
alt	neg 1.0		neg 0.6027579905375523 off 0.39010238904471894 __DUMMY__ 0.007139620417728827	false	1.0
hundesohn	off 1.0		neg 0.5875146430010707 off 0.4055059118133817 __DUMMY__ 0.006979445185547745	false	0.5
als			neg 0.6019260443181531 off 0.3909511877208746 __DUMMY__ 0.007122767960972247	false	0.0
abschreckung	neg 1.0		neg 0.6080892742488854 off 0.3848512091402293 __DUMMY__ 0.007059516610885255	false	1.0
unqualifiziert	neg 1.0	neg 1.0	neg 0.7880066134521205 off 0.20863671068138184 __DUMMY__ 0.0033566758664976006	false	1.0
abgewichst	off 1.0		neg 0.6021074217784955 off 0.3908210320490647 __DUMMY__ 0.007071546172439703	false	0.5
schwer	neg 1.0		neg 0.6003992059711958 off 0.39249230855729583 __DUMMY__ 0.007108485471508274	false	1.0
bedeutungslosigkeit	neg 1.0		neg 0.6069432434846505 off 0.3859910903738798 __DUMMY__ 0.007065666141469877	false	1.0
kapitulation	neg 1.0		neg 0.6075680096790407 off 0.3854369054265254 __DUMMY__ 0.006995084894433817	false	1.0
unscharf	neg 1.0		neg 0.5966392939486107 off 0.39627120739097316 __DUMMY__ 0.007089498660416078	false	1.0
schwinden	neg 1.0		neg 0.6059009744005416 off 0.3870174170200752 __DUMMY__ 0.0070816085793830915	false	1.0
versklavung	neg 1.0	neg 1.0	neg 0.7898687070371461 off 0.20680176058394467 __DUMMY__ 0.003329532378909168	false	1.0
schlecht	neg 1.0		neg 0.5934821735680801 off 0.39942839359622334 __DUMMY__ 0.007089432835696616	false	1.0
verhasst	neg 1.0		neg 0.60202715471486 off 0.3909267943173294 __DUMMY__ 0.0070460509678106804	false	1.0
beschweren	neg 1.0		neg 0.5983999909665306 off 0.3945031387919752 __DUMMY__ 0.0070968702414943045	false	1.0
scheiden	neg 1.0		neg 0.5999664764652898 off 0.3929210369885154 __DUMMY__ 0.007112486546194785	false	1.0
frustriert	neg 1.0		neg 0.6019598468026769 off 0.3909414247550531 __DUMMY__ 0.00709872844227004	false	1.0
schimmelig	neg 1.0		neg 0.6041194835361303 off 0.3887951797214582 __DUMMY__ 0.007085336742411282	false	1.0
fisch	neg 1.0	neg 1.0	neg 0.7887768588642877 off 0.20781540714527355 __DUMMY__ 0.0034077339904387293	false	1.0
schmuggel	neg 1.0		neg 0.6047738362031874 off 0.38810742931680636 __DUMMY__ 0.007118734480006323	false	1.0
auffallen	neg 1.0		neg 0.5979510660373631 off 0.3949564627248431 __DUMMY__ 0.0070924712377936966	false	1.0
konkurrenz	neg 1.0		neg 0.6055915138741963 off 0.38728689449543247 __DUMMY__ 0.0071215916303714166	false	1.0
teufelskreis	neg 1.0	neg 1.0	neg 0.789762288410006 off 0.2068675942262701 __DUMMY__ 0.0033701173637240506	false	1.0
aufschreien	neg 1.0		neg 0.5996521115162912 off 0.39329323587349285 __DUMMY__ 0.007054652610216158	false	1.0
schuldner	neg 1.0		neg 0.6065806233490022 off 0.38637255178649804 __DUMMY__ 0.007046824864499843	false	1.0
missgeburt	off 1.0	off 1.0	off 0.683962229746499 neg 0.3127011868978304 __DUMMY__ 0.0033365833556706316	false	1.0
arbeitslos	neg 1.0		neg 0.6039444533476104 off 0.38898147179694254 __DUMMY__ 0.007074074855447053	false	1.0
befallen	neg 1.0		neg 0.6074623210743433 off 0.38554867726001446 __DUMMY__ 0.0069890016656421776	false	1.0
miesepetrig	off 1.0		neg 0.5933292757868986 off 0.39957078057611245 __DUMMY__ 0.007099943636988799	false	0.5
alarmieren	neg 1.0		neg 0.5974823606684571 off 0.39549859052640446 __DUMMY__ 0.0070190488051385174	false	1.0
ungeduscht	off 1.0		neg 0.5962912638109533 off 0.39661440040726903 __DUMMY__ 0.007094335781777707	false	0.5
knappheit	neg 1.0		neg 0.6043294249824805 off 0.38861558502047416 __DUMMY__ 0.007054989997045309	false	1.0
schlange	neg 1.0		neg 0.5969406899069184 off 0.395927194288781 __DUMMY__ 0.0071321158043004	false	1.0
harsch	neg 1.0		neg 0.5865572036567956 off 0.40636370225907453 __DUMMY__ 0.007079094084129846	false	1.0
lang	neg 1.0		neg 0.5988528250122097 off 0.394058341500713 __DUMMY__ 0.007088833487077163	false	1.0
ziellos	neg 1.0		neg 0.6029358725634689 off 0.38995303169711654 __DUMMY__ 0.007111095739414541	false	1.0
selbstverliebt	neg 1.0		neg 0.5858818776252854 off 0.407153521062595 __DUMMY__ 0.006964601312119644	false	1.0
beseitigen	neg 1.0		neg 0.5977481938724877 off 0.39513193189271933 __DUMMY__ 0.007119874234792974	false	1.0
dumm	off 1.0		neg 0.5895260713870543 off 0.40345144477701245 __DUMMY__ 0.007022483835933388	false	0.5
arbeitsloser	neg 1.0		neg 0.6045215508571363 off 0.3883957692142886 __DUMMY__ 0.007082679928575133	false	1.0
blitzen	neg 1.0		neg 0.5973583786177933 off 0.3955857820504365 __DUMMY__ 0.0070558393317702054	false	1.0
hilflos	neg 1.0		neg 0.6023602918650075 off 0.39053982325055725 __DUMMY__ 0.007099884884435188	false	1.0
eklig	off 1.0		neg 0.5888831429643869 off 0.40410661667439884 __DUMMY__ 0.007010240361214165	false	0.5
begriff			neg 0.6028757391000936 off 0.390046993464681 __DUMMY__ 0.0070772674352253375	false	0.0
hungersnot	neg 1.0		neg 0.6052268742515993 off 0.3877884432646904 __DUMMY__ 0.0069846824837102636	false	1.0
ungesetzlich	neg 1.0		neg 0.6019163341166824 off 0.39109975423989907 __DUMMY__ 0.006983911643418371	false	1.0
verschwendung	neg 1.0		neg 0.6058159596796848 off 0.3870903392794586 __DUMMY__ 0.007093701040856836	false	1.0
schmerzvoll	neg 1.0		neg 0.5982136480209456 off 0.3946859005053298 __DUMMY__ 0.00710045147372459	false	1.0
vorzeitig	neg 1.0		neg 0.5946184849725459 off 0.39831334601906265 __DUMMY__ 0.007068169008391495	false	1.0
unvollkommenheit	neg 1.0		neg 0.6004927305191138 off 0.39242643775334896 __DUMMY__ 0.007080831727537183	false	1.0
intervenieren	neg 1.0		neg 0.6077887563744905 off 0.38518176074112115 __DUMMY__ 0.007029482884388529	false	1.0
banause	off 1.0		neg 0.5870953167725387 off 0.40589671232264546 __DUMMY__ 0.007007970904815829	false	0.5
rebell	neg 1.0		neg 0.6057811694362769 off 0.3871065930733727 __DUMMY__ 0.007112237490350322	false	1.0
unlogisch	neg 1.0		neg 0.5928574378383225 off 0.40009975042476503 __DUMMY__ 0.0070428117369125956	false	1.0
leiden	neg 1.0	neg 1.0	neg 0.7890681703919179 off 0.2074894491409354 __DUMMY__ 0.0034423804671466773	false	1.0
abschaffung	neg 1.0		neg 0.6016047130094615 off 0.39136329316523943 __DUMMY__ 0.007031993825299003	false	1.0
sturz	neg 1.0		neg 0.6015808281061507 off 0.39140123740013605 __DUMMY__ 0.007017934493713314	false	1.0
verkleinerung	neg 1.0		neg 0.5985717375344163 off 0.3944154090249423 __DUMMY__ 0.0070128534406413935	false	1.0
schmarotzer	off 1.0		neg 0.6055174045851218 off 0.387431990548541 __DUMMY__ 0.007050604866337262	false	0.5
bestrafung	neg 1.0		neg 0.5998343494896236 off 0.39309306667410204 __DUMMY__ 0.007072583836274459	false	1.0
achtlos	neg 1.0		neg 0.5994344316578591 off 0.3934369739530865 __DUMMY__ 0.007128594389054455	false	1.0
ungeheuer	neg 1.0		neg 0.5980462685090212 off 0.39487349419821227 __DUMMY__ 0.007080237292766608	false	1.0
