unsolidarisch	neg 1.0		__DUMMY__ 0.4600339626457756 neg 0.33024192023792753 off 0.20972411711629688	false	1.0
nachteilig	neg 1.0		__DUMMY__ 0.4667073720564521 neg 0.32554640633676435 off 0.20774622160678374	false	1.0
skeptisch	neg 1.0		__DUMMY__ 0.46823308590952767 neg 0.32672614443624065 off 0.2050407696542316	false	1.0
schrecklich	neg 1.0		__DUMMY__ 0.4656465084813752 neg 0.3143532130965243 off 0.22000027842210054	false	1.0
schlapp	neg 1.0		__DUMMY__ 0.4689501392502587 neg 0.3151151037177912 off 0.21593475703195003	false	1.0
abfall	neg 1.0		__DUMMY__ 0.4686045152878266 neg 0.32817186120070035 off 0.20322362351147308	false	1.0
widerspenstig	neg 1.0		__DUMMY__ 0.46948975072166854 neg 0.3196876905165212 off 0.21082255876181022	false	1.0
abrupt	neg 1.0		__DUMMY__ 0.47041357533931955 neg 0.32010263966964864 off 0.2094837849910317	false	1.0
unwirksam	neg 1.0		__DUMMY__ 0.4628737118365991 neg 0.32634808917507113 off 0.2107781989883298	false	1.0
angreifen	neg 1.0		__DUMMY__ 0.46652307007719834 neg 0.32734935615348154 off 0.20612757376932025	false	1.0
inkonsistent	neg 1.0		__DUMMY__ 0.4647012533570315 neg 0.3227174601459479 off 0.21258128649702074	false	1.0
abrutschen	neg 1.0		__DUMMY__ 0.46965427771625257 neg 0.32667121817706407 off 0.20367450410668322	false	1.0
unsicher	neg 1.0		__DUMMY__ 0.46809077104527524 neg 0.3211945379654978 off 0.2107146909892269	false	1.0
bauernkind	off 1.0		__DUMMY__ 0.46198239377653805 neg 0.3149833452223386 off 0.22303426100112334	false	0.5
angreifer	neg 1.0		__DUMMY__ 0.4635047060237331 neg 0.3230145742315319 off 0.21348071974473493	false	1.0
trennen	neg 1.0		__DUMMY__ 0.47218502974198057 neg 0.3209484177392378 off 0.20686655251878167	false	1.0
schmutz	neg 1.0		__DUMMY__ 0.4711521833150216 neg 0.31129414493370533 off 0.21755367175127313	false	1.0
inkonsistenz	neg 1.0	neg 1.0	neg 0.6528111934729143 __DUMMY__ 0.22581472874368033 off 0.12137407778340549	false	1.0
erschreckend	neg 1.0		__DUMMY__ 0.4666475669786248 neg 0.3242545732338126 off 0.20909785978756265	false	1.0
ertrinken	neg 1.0		__DUMMY__ 0.4695266825137415 neg 0.32303754941235263 off 0.20743576807390574	false	1.0
pickelface	off 1.0		__DUMMY__ 0.4648789810269345 neg 0.3238428813287643 off 0.21127813764430117	false	0.5
seiner			__DUMMY__ 0.46833329190766465 neg 0.32522682882808135 off 0.20643987926425386	false	0.0
lauch	neg 1.0		__DUMMY__ 0.4681016997659053 neg 0.32722786272938853 off 0.20467043750470604	false	1.0
unwichtig	neg 1.0		__DUMMY__ 0.4658063105515595 neg 0.3189437823643426 off 0.21524990708409775	false	1.0
steuerhinterziehung	neg 1.0		__DUMMY__ 0.4627083288250819 neg 0.32828892178771757 off 0.20900274938720045	false	1.0
schock	neg 1.0		__DUMMY__ 0.4702456955271048 neg 0.3203483185511082 off 0.20940598592178702	false	1.0
beule	neg 1.0		__DUMMY__ 0.46846689911113987 neg 0.3142103457046527 off 0.21732275518420735	false	1.0
vergelten	neg 1.0		__DUMMY__ 0.46327756473604076 neg 0.3155253661394674 off 0.2211970691244918	false	1.0
verdorbenheit	neg 1.0	neg 1.0	neg 0.6504508262772817 __DUMMY__ 0.2286764605874048 off 0.12087271313531346	false	1.0
trauma	neg 1.0		__DUMMY__ 0.4665832672022851 neg 0.3208145310635668 off 0.2126022017341481	false	1.0
sinnlos	neg 1.0		__DUMMY__ 0.46692314459377277 neg 0.32015816945066994 off 0.21291868595555719	false	1.0
fettsack	off 1.0	off 1.0	off 0.5960389710173922 __DUMMY__ 0.22484103858194407 neg 0.1791199904006637	false	1.0
feige	off 1.0		__DUMMY__ 0.4643289857936744 neg 0.32115516282091106 off 0.21451585138541462	false	0.5
abdanken	neg 1.0		__DUMMY__ 0.4614445532789537 neg 0.32959899068418574 off 0.20895645603686072	false	1.0
wichtigtuer	off 1.0	off 1.0	off 0.5904418872772007 __DUMMY__ 0.22577214994323416 neg 0.1837859627795652	false	1.0
misslingen	neg 1.0		__DUMMY__ 0.46950224972520505 neg 0.3169657654232535 off 0.21353198485154137	false	1.0
untreu	off 1.0		__DUMMY__ 0.4661564031390863 neg 0.3176191534424691 off 0.21622444341844446	false	0.5
missmutig	neg 1.0		__DUMMY__ 0.4685172853747694 neg 0.31629167557963594 off 0.21519103904559464	false	1.0
hurenbock	off 1.0		__DUMMY__ 0.47009756840243155 neg 0.3168217981220141 off 0.21308063347555448	false	0.5
betrunken	neg 1.0		__DUMMY__ 0.4679485347130583 neg 0.31370224355898924 off 0.21834922172795243	false	1.0
korrupt	off 1.0		__DUMMY__ 0.46178587273173477 neg 0.33106527849495154 off 0.20714884877331355	false	0.5
unmut	neg 1.0		__DUMMY__ 0.46765511827374784 neg 0.32837605028620803 off 0.2039688314400442	false	1.0
hackfresse	off 1.0		__DUMMY__ 0.4641347327923957 neg 0.3124596355730179 off 0.22340563163458643	false	0.5
aufblasen	neg 1.0		__DUMMY__ 0.46953969888555835 neg 0.31780214889482844 off 0.21265815221961332	false	1.0
gewaltsam	neg 1.0		__DUMMY__ 0.46308829570495214 neg 0.3258741002009494 off 0.2110376040940983	false	1.0
unbeliebtheit	neg 1.0		__DUMMY__ 0.45795867706171844 neg 0.3261111814041345 off 0.21593014153414702	false	1.0
sturheit	neg 1.0		__DUMMY__ 0.4643450662074592 neg 0.3269737387853893 off 0.2086811950071514	false	1.0
kuh	neg 1.0		__DUMMY__ 0.4656764806540478 neg 0.322008242524665 off 0.21231527682128706	false	1.0
erschrecken	neg 1.0		__DUMMY__ 0.46807977407350987 neg 0.31714611008098725 off 0.21477411584550282	false	1.0
opfer	neg 1.0	neg 1.0	neg 0.6554372797881802 __DUMMY__ 0.227141060904355 off 0.11742165930746476	false	1.0
sinken	neg 1.0		__DUMMY__ 0.46795159638127287 neg 0.3272409881478031 off 0.20480741547092415	false	1.0
stinktier	neg 1.0		__DUMMY__ 0.4634660132963022 neg 0.3165638948716953 off 0.21997009183200264	false	1.0
tucke	off 1.0		__DUMMY__ 0.46434531080634545 neg 0.3116986584633574 off 0.22395603073029716	false	0.5
ein			__DUMMY__ 0.47141173519644686 neg 0.3162985995519911 off 0.21228966525156226	false	0.0
abstieg	neg 1.0		__DUMMY__ 0.4653706077727464 neg 0.32609741554708455 off 0.20853197668016912	false	1.0
missverstehen	neg 1.0		__DUMMY__ 0.4647332063399863 neg 0.323002302278471 off 0.21226449138154266	false	1.0
ergebnislos	neg 1.0		__DUMMY__ 0.4661205523230905 neg 0.3257108273535187 off 0.20816862032339092	false	1.0
unter			__DUMMY__ 0.4741793407098772 neg 0.32504034704911805 off 0.20078031224100473	false	0.0
manipulieren	neg 1.0		__DUMMY__ 0.4660837080421601 neg 0.32820780361497653 off 0.20570848834286332	false	1.0
unbewiesen	neg 1.0		__DUMMY__ 0.4592726455401298 neg 0.3315131199082335 off 0.20921423455163674	false	1.0
verschleppen	neg 1.0		__DUMMY__ 0.46502562482696663 neg 0.32738629543198394 off 0.2075880797410493	false	1.0
weib	off 1.0		__DUMMY__ 0.46361492996094406 neg 0.31157422111408395 off 0.22481084892497194	false	0.5
opposition	neg 1.0		__DUMMY__ 0.46234950590988255 neg 0.325912187230151 off 0.21173830685996642	false	1.0
verkehrswidrig	neg 1.0		__DUMMY__ 0.46660568560617577 neg 0.31143864811621247 off 0.22195566627761185	false	1.0
inkorrekt	neg 1.0		__DUMMY__ 0.461003400605763 neg 0.3236033914769191 off 0.215393207917318	false	1.0
vermeiden	neg 1.0		__DUMMY__ 0.47141762457650754 neg 0.32586454563557343 off 0.20271782978791902	false	1.0
abweichung	neg 1.0		__DUMMY__ 0.4619704751605116 neg 0.33108653153843787 off 0.20694299330105062	false	1.0
alkoholisiert	neg 1.0		__DUMMY__ 0.46910072209002157 neg 0.32220305338936794 off 0.2086962245206105	false	1.0
scheiss	off 1.0	off 1.0	off 0.5935915123330647 __DUMMY__ 0.22692261531014177 neg 0.1794858723567936	false	1.0
herausforderung	neg 1.0		__DUMMY__ 0.4721003121295351 neg 0.3186528501494202 off 0.20924683772104472	false	1.0
pervers	off 1.0		__DUMMY__ 0.46295736898265255 neg 0.309364901038839 off 0.22767772997850844	false	0.5
wackelig	neg 1.0		__DUMMY__ 0.4725584937704605 neg 0.3180938408221193 off 0.20934766540742014	false	1.0
verwickeln	neg 1.0		__DUMMY__ 0.4656442722576529 neg 0.3221981950503868 off 0.2121575326919602	false	1.0
vorwand	neg 1.0		__DUMMY__ 0.4666171920538458 neg 0.32879710529199535 off 0.20458570265415887	false	1.0
muschi	off 1.0		__DUMMY__ 0.46519145083922503 neg 0.3239036045388608 off 0.21090494462191423	false	0.5
entmutigung	neg 1.0		__DUMMY__ 0.45779184587438215 neg 0.33073246463451195 off 0.21147568949110598	false	1.0
unangemessen	neg 1.0		__DUMMY__ 0.46449091232725775 neg 0.3279869762343862 off 0.207522111438356	false	1.0
unstetig	neg 1.0		__DUMMY__ 0.4644827399501455 neg 0.3212960411545255 off 0.21422121889532897	false	1.0
entmutigen	neg 1.0		__DUMMY__ 0.46753579088300357 neg 0.32060838427140154 off 0.21185582484559476	false	1.0
schwanz	neg 1.0		__DUMMY__ 0.46670377106056243 neg 0.3246102856052578 off 0.20868594333417978	false	1.0
verbot	neg 1.0		__DUMMY__ 0.46255054950784813 neg 0.329477163671262 off 0.20797228682088983	false	1.0
leid	neg 1.0		__DUMMY__ 0.4645194360660822 neg 0.3140804958346263 off 0.22140006809929144	false	1.0
archaisch	neg 1.0		__DUMMY__ 0.46531063948116963 neg 0.3263958841420744 off 0.208293476376756	false	1.0
gegen			__DUMMY__ 0.4666503898764583 neg 0.328120936964458 off 0.20522867315908364	false	0.0
scheidung	neg 1.0	neg 1.0	neg 0.6410162533076185 __DUMMY__ 0.22486019613612063 off 0.13412355055626088	false	1.0
einschlag	neg 1.0		__DUMMY__ 0.46466431812112985 neg 0.31437371351255533 off 0.2209619683663149	false	1.0
m			__DUMMY__ 0.4690078849942667 neg 0.32114760918158136 off 0.20984450582415198	false	0.0
abgestanden	neg 1.0		__DUMMY__ 0.46878570966671645 neg 0.3201786461408146 off 0.21103564419246895	false	1.0
schmierig	off 1.0		__DUMMY__ 0.4656055487331501 neg 0.31397419642726365 off 0.22042025483958635	false	0.5
unpraktisch	neg 1.0		__DUMMY__ 0.4699010247930609 neg 0.3174311071249205 off 0.2126678680820185	false	1.0
wixxer	off 1.0		__DUMMY__ 0.46150633076254016 neg 0.31099660194145096 off 0.22749706729600888	false	0.5
bezeichnet			__DUMMY__ 0.4650694653336218 neg 0.32551024081693186 off 0.20942029384944627	false	0.0
jammerlappen	off 1.0		__DUMMY__ 0.46657294242044467 neg 0.31796101115756636 off 0.21546604642198908	false	0.5
farce	neg 1.0		__DUMMY__ 0.4599301173681655 neg 0.33228104395911406 off 0.20778883867272052	false	1.0
zwecklos	neg 1.0		__DUMMY__ 0.46553041662416644 neg 0.32708138049483754 off 0.2073882028809961	false	1.0
turbulent	neg 1.0		__DUMMY__ 0.46348836411946565 neg 0.31758078041126575 off 0.2189308554692685	false	1.0
invasion	neg 1.0		__DUMMY__ 0.46817798045596454 neg 0.31719361401593643 off 0.21462840552809914	false	1.0
schuld	neg 1.0		__DUMMY__ 0.4661635374793211 neg 0.32256397138032217 off 0.21127249114035662	false	1.0
risiko	neg 1.0		__DUMMY__ 0.46902256234698303 neg 0.3160226101333428 off 0.21495482751967415	false	1.0
finster	neg 1.0		__DUMMY__ 0.4704126478464231 neg 0.31770509704110245 off 0.21188225511247444	false	1.0
geisteskrank	off 1.0		__DUMMY__ 0.46276010358616243 neg 0.32089053063759887 off 0.21634936577623878	false	0.5
zusammenbrechen	neg 1.0		__DUMMY__ 0.46844831429970624 neg 0.32227200456134725 off 0.20927968113894652	false	1.0
ausbeute	neg 1.0		__DUMMY__ 0.4710927498244116 neg 0.3201165649381396 off 0.2087906852374487	false	1.0
hinterhalt	neg 1.0		__DUMMY__ 0.466509951432097 neg 0.3216627934929485 off 0.21182725507495442	false	1.0
kritik	neg 1.0		__DUMMY__ 0.4611290724632848 neg 0.33079005896284436 off 0.2080808685738709	false	1.0
einschrumpfen	neg 1.0		__DUMMY__ 0.46160367406593245 neg 0.32458403643017586 off 0.21381228950389153	false	1.0
riskant	neg 1.0		__DUMMY__ 0.4676868142940587 neg 0.3257166945181996 off 0.20659649118774176	false	1.0
frustrieren	neg 1.0		__DUMMY__ 0.46713004536253455 neg 0.3264522175881652 off 0.2064177370493002	false	1.0
groll	neg 1.0		__DUMMY__ 0.4657897511764531 neg 0.32652421046867136 off 0.20768603835487556	false	1.0
gibt			__DUMMY__ 0.4675889901150012 neg 0.3237345296098138 off 0.20867648027518498	false	0.0
qualvoll	neg 1.0		__DUMMY__ 0.46851530850447026 neg 0.3179081275631329 off 0.21357656393239674	false	1.0
wackeln	neg 1.0		__DUMMY__ 0.47082218351224875 neg 0.3168422878706513 off 0.2123355286170998	false	1.0
klagen	neg 1.0		__DUMMY__ 0.46563567858466215 neg 0.33017114528860053 off 0.20419317612673732	false	1.0
bankrott	neg 1.0		__DUMMY__ 0.46810089877479555 neg 0.31554287415307375 off 0.21635622707213079	false	1.0
trauern	neg 1.0		__DUMMY__ 0.46775343676822984 neg 0.3253487569272416 off 0.20689780630452875	false	1.0
ablehnung	neg 1.0	neg 1.0	neg 0.6574066845058723 __DUMMY__ 0.22437929483671767 off 0.11821402065741006	false	1.0
stur	neg 1.0		__DUMMY__ 0.46641201648439057 neg 0.3218342803088112 off 0.21175370320679815	false	1.0
aufruhr	neg 1.0		__DUMMY__ 0.46281947794479916 neg 0.3267261451000676 off 0.21045437695513317	false	1.0
melancholie	neg 1.0		__DUMMY__ 0.47149498235193915 neg 0.319284002693362 off 0.20922101495469905	false	1.0
ist			__DUMMY__ 0.4669311282782167 neg 0.32088913717285694 off 0.21217973454892652	false	0.0
torheit	neg 1.0		__DUMMY__ 0.4615368269462607 neg 0.3276782428604174 off 0.21078493019332195	false	1.0
dreckskind	off 1.0		__DUMMY__ 0.4606919285772329 neg 0.31781945026792907 off 0.22148862115483794	false	0.5
umtauschen	neg 1.0		__DUMMY__ 0.4699722162603408 neg 0.3190992938390244 off 0.21092848990063473	false	1.0
zum			__DUMMY__ 0.47512326604771765 neg 0.3205134705397226 off 0.20436326341255978	false	0.0
zersetzen	neg 1.0		__DUMMY__ 0.4660427300738642 neg 0.3288358999757534 off 0.20512136995038247	false	1.0
zur			__DUMMY__ 0.46978613164934924 neg 0.32738433204424694 off 0.20282953630640377	false	0.0
frust	neg 1.0		__DUMMY__ 0.46844355735276333 neg 0.32247912078170243 off 0.2090773218655343	false	1.0
unerbittlichkeit	neg 1.0		__DUMMY__ 0.46578854944635556 neg 0.328139639618139 off 0.20607181093550547	false	1.0
zwei			__DUMMY__ 0.47320591915662735 neg 0.32110226158933053 off 0.20569181925404217	false	0.0
unkorrekt	neg 1.0		__DUMMY__ 0.4622873927326851 neg 0.3211157752344531 off 0.21659683203286176	false	1.0
hexe	off 1.0		__DUMMY__ 0.46647974317373814 neg 0.31735774178713766 off 0.2161625150391241	false	0.5
lasch	neg 1.0		__DUMMY__ 0.4645436317651048 neg 0.32191001253405843 off 0.21354635570083672	false	1.0
rivale	neg 1.0		__DUMMY__ 0.46402472604996825 neg 0.31589635867195776 off 0.22007891527807405	false	1.0
mutlos	off 1.0	off 1.0	off 0.5873443057293218 __DUMMY__ 0.22567666134931014 neg 0.1869790329213681	false	1.0
wirr	off 1.0		__DUMMY__ 0.46228629895466183 neg 0.3194258813711984 off 0.21828781967413996	false	0.5
jahr			__DUMMY__ 0.4720485215831844 neg 0.3200904568591714 off 0.2078610215576442	false	0.0
wird			__DUMMY__ 0.4680654330676426 neg 0.324531102328577 off 0.20740346460378029	false	0.0
strafbar	neg 1.0		__DUMMY__ 0.46424796713178484 neg 0.32970407205092156 off 0.2060479608172936	false	1.0
erosion	neg 1.0		__DUMMY__ 0.46909451800501367 neg 0.31782467921782676 off 0.21308080277715968	false	1.0
eingehen	neg 1.0		__DUMMY__ 0.466283121181691 neg 0.32647660353466335 off 0.2072402752836456	false	1.0
faul	off 1.0		__DUMMY__ 0.46909570844619797 neg 0.315136932459954 off 0.2157673590938479	false	0.5
provisorium	neg 1.0		__DUMMY__ 0.4726819954651319 neg 0.32752257161830683 off 0.19979543291656132	false	1.0
schmerzen	neg 1.0		__DUMMY__ 0.46942962569160035 neg 0.32064275753730775 off 0.20992761677109192	false	1.0
schrumpfen	neg 1.0		__DUMMY__ 0.4693851158383251 neg 0.32844262888822856 off 0.20217225527344615	false	1.0
geistlos	off 1.0		__DUMMY__ 0.4598834549620563 neg 0.32821565983780643 off 0.2119008852001373	false	0.5
fehlkauf	neg 1.0		__DUMMY__ 0.46501986606864365 neg 0.3214761604598712 off 0.2135039734714851	false	1.0
frustrierend	neg 1.0	neg 1.0	neg 0.6509793693324736 __DUMMY__ 0.22727335125304624 off 0.12174727941448028	false	1.0
unzufrieden	neg 1.0		__DUMMY__ 0.46676325469149826 neg 0.3254622292455897 off 0.20777451606291217	false	1.0
verzweifeln	neg 1.0		__DUMMY__ 0.4683000418992278 neg 0.3215451542778057 off 0.2101548038229665	false	1.0
verzweifelt	neg 1.0		__DUMMY__ 0.46708016481391823 neg 0.32104850737061275 off 0.2118713278154691	false	1.0
misstrauensantrag	neg 1.0		__DUMMY__ 0.464445654662365 neg 0.32223379636531263 off 0.21332054897232247	false	1.0
abfallen	neg 1.0		__DUMMY__ 0.47128652786627645 neg 0.31614420171043156 off 0.21256927042329204	false	1.0
fucker	off 1.0		__DUMMY__ 0.4644231545085168 neg 0.31671478241854484 off 0.2188620630729384	false	0.5
ungezogen	neg 1.0		__DUMMY__ 0.46469479294780164 neg 0.3099616600547964 off 0.22534354699740197	false	1.0
irrsinnig	neg 1.0	neg 1.0	neg 0.653436221300884 __DUMMY__ 0.2266495491913242 off 0.11991422950779189	false	1.0
unfassbar	neg 1.0		__DUMMY__ 0.46625683785681615 neg 0.31783785703557216 off 0.21590530510761183	false	1.0
hart	neg 1.0		__DUMMY__ 0.46431326356428126 neg 0.3200311696555021 off 0.21565556678021655	false	1.0
widerlich	off 1.0		__DUMMY__ 0.46440116222460853 neg 0.3192280245713998 off 0.21637081320399162	false	0.5
fatal	neg 1.0		__DUMMY__ 0.46557120212218733 neg 0.32087626767944366 off 0.21355253019836898	false	1.0
bruch	neg 1.0		__DUMMY__ 0.4651966444602308 neg 0.3311844097970255 off 0.2036189457427437	false	1.0
aushungern	neg 1.0		__DUMMY__ 0.4620814803199128 neg 0.3280874866816891 off 0.20983103299839817	false	1.0
anspannung	neg 1.0		__DUMMY__ 0.47089485404962483 neg 0.32502007167126035 off 0.20408507427911496	false	1.0
von			__DUMMY__ 0.4721384523092102 neg 0.320987889678742 off 0.20687365801204782	false	0.0
kraftlos	neg 1.0		__DUMMY__ 0.4712744238044926 neg 0.32009980885521705 off 0.20862576734029037	false	1.0
vom			__DUMMY__ 0.47441675995200233 neg 0.3239671185644779 off 0.20161612148351962	false	0.0
grenzdebil	off 1.0		__DUMMY__ 0.4667790019402791 neg 0.315956950915397 off 0.21726404714432382	false	0.5
vor			__DUMMY__ 0.470328748936292 neg 0.3245109955154261 off 0.20516025554828174	false	0.0
unterwerfen	neg 1.0		__DUMMY__ 0.4658267645333051 neg 0.32745386999327325 off 0.20671936547342148	false	1.0
versenkung	neg 1.0		__DUMMY__ 0.4671234084696127 neg 0.3263684248809756 off 0.2065081666494116	false	1.0
entziehen	neg 1.0		__DUMMY__ 0.46713231846243275 neg 0.3287253148388161 off 0.20414236669875113	false	1.0
finanzkrise	neg 1.0		__DUMMY__ 0.46188055976861353 neg 0.32876203920589975 off 0.20935740102548678	false	1.0
schimpfend	neg 1.0		__DUMMY__ 0.47242191100469105 neg 0.3138149907031547 off 0.21376309829215429	false	1.0
profan	neg 1.0		__DUMMY__ 0.4674305290365135 neg 0.31951023896915653 off 0.21305923199433	false	1.0
korruption	neg 1.0		__DUMMY__ 0.46225526542176554 neg 0.33033379588874096 off 0.20741093868949367	false	1.0
â			__DUMMY__ 0.4685583379550589 neg 0.32273000643012795 off 0.20871165561481309	false	0.0
schmutzig	neg 1.0		__DUMMY__ 0.46907816418042214 neg 0.313599580457593 off 0.2173222553619848	false	1.0
sexy	neg 1.0		__DUMMY__ 0.4669961208084938 neg 0.3175363297661628 off 0.2154675494253434	false	1.0
abraten	neg 1.0		__DUMMY__ 0.468368712464011 neg 0.3193422732407915 off 0.2122890142951973	false	1.0
schwarz	neg 1.0		__DUMMY__ 0.46616007930201325 neg 0.321080127781225 off 0.2127597929167617	false	1.0
fotze	off 1.0		__DUMMY__ 0.46542538063511407 neg 0.32568890456209243 off 0.20888571480279355	false	0.5
verwirren	neg 1.0		__DUMMY__ 0.4671583323548725 neg 0.31895070956882626 off 0.2138909580763014	false	1.0
zahnlos	off 1.0		__DUMMY__ 0.4655398501856015 neg 0.3266394558555907 off 0.20782069395880784	false	0.5
verheeren	neg 1.0		__DUMMY__ 0.45998002484026357 neg 0.3136983155667779 off 0.22632165959295847	false	1.0
hippie	neg 1.0		__DUMMY__ 0.4665115373754279 neg 0.3183938957943093 off 0.2150945668302628	false	1.0
rammen	neg 1.0		__DUMMY__ 0.46769668753105775 neg 0.3182586378632319 off 0.21404467460571042	false	1.0
unlauter	neg 1.0	neg 1.0	neg 0.653686575674017 __DUMMY__ 0.22548665001037768 off 0.12082677431560525	false	1.0
unheilvoll	neg 1.0		__DUMMY__ 0.46814527459717964 neg 0.3188246163849247 off 0.2130301090178958	false	1.0
niedrig	neg 1.0		__DUMMY__ 0.4669409736044212 neg 0.3252199686176166 off 0.2078390577779623	false	1.0
explosion	neg 1.0		__DUMMY__ 0.4675499819320615 neg 0.31769690957810953 off 0.21475310848982906	false	1.0
weichei	off 1.0		__DUMMY__ 0.46430552628181465 neg 0.31354049775312487 off 0.2221539759650604	false	0.5
minusmensch	off 1.0		__DUMMY__ 0.4593179977357852 neg 0.3146294508535041 off 0.2260525514107107	false	0.5
farblos	neg 1.0		__DUMMY__ 0.4654836710948914 neg 0.32316029387103534 off 0.2113560350340734	false	1.0
unwissend	neg 1.0	neg 1.0	neg 0.6514353907508408 __DUMMY__ 0.22610851552825992 off 0.1224560937208994	false	1.0
traurig	neg 1.0		__DUMMY__ 0.466778439955 neg 0.31405751903011064 off 0.21916404101488932	false	1.0
senkung	neg 1.0		__DUMMY__ 0.46526267387786413 neg 0.32079535499520995 off 0.213941971126926	false	1.0
ungleich	neg 1.0	neg 1.0	neg 0.6566248596202926 __DUMMY__ 0.2262525266404128 off 0.11712261373929464	false	1.0
heikel	neg 1.0		__DUMMY__ 0.46700773068793827 neg 0.3276165414548599 off 0.20537572785720185	false	1.0
drosselung	neg 1.0		__DUMMY__ 0.4670955405568919 neg 0.3132415450280583 off 0.2196629144150499	false	1.0
falsch	neg 1.0		__DUMMY__ 0.4662177789817027 neg 0.31910230515970767 off 0.21467991585858967	false	1.0
unzufriedenheit	neg 1.0		__DUMMY__ 0.4664697352045168 neg 0.3284634285048516 off 0.2050668362906317	false	1.0
kurz	neg 1.0		__DUMMY__ 0.4708614638868917 neg 0.31937185431744686 off 0.2097666817956614	false	1.0
unsinnig	neg 1.0		__DUMMY__ 0.4664692675831688 neg 0.325282561413019 off 0.2082481710038122	false	1.0
penner	off 1.0	off 1.0	off 0.5973940906586614 __DUMMY__ 0.2259102079892172 neg 0.1766957013521213	false	1.0
seicht	neg 1.0		__DUMMY__ 0.46119353682173486 neg 0.3147567536440369 off 0.22404970953422812	false	1.0
dummheit	off 1.0	off 1.0	off 0.5908854945400408 __DUMMY__ 0.22574158433573058 neg 0.18337292112422857	false	1.0
unerfreulich	neg 1.0		__DUMMY__ 0.46825230117249184 neg 0.326697165596526 off 0.20505053323098224	false	1.0
motherfucker	off 1.0	off 1.0	off 0.5943269138461481 __DUMMY__ 0.22561662629809895 neg 0.18005645985575297	false	1.0
pikiert	neg 1.0		__DUMMY__ 0.464874109327759 neg 0.32000548613194646 off 0.21512040454029444	false	1.0
wrack	neg 1.0		__DUMMY__ 0.46848372465497784 neg 0.32271104379794996 off 0.2088052315470723	false	1.0
gangster	neg 1.0		__DUMMY__ 0.4664209565159305 neg 0.3194322840646134 off 0.21414675941945596	false	1.0
krank	neg 1.0		__DUMMY__ 0.46884978806879857 neg 0.31342272865637544 off 0.21772748327482605	false	1.0
reich	neg 1.0		__DUMMY__ 0.4599831387934088 neg 0.32483261085331405 off 0.21518425035327718	false	1.0
gnadenlos	neg 1.0		__DUMMY__ 0.46709926852904005 neg 0.32116570404301026 off 0.21173502742794956	false	1.0
niedergeschlagen	neg 1.0		__DUMMY__ 0.4684221663333547 neg 0.3222497854673603 off 0.209328048199285	false	1.0
terrorisieren	off 1.0	off 1.0	off 0.5874807266917789 __DUMMY__ 0.22719888639381203 neg 0.18532038691440914	false	1.0
sinnlosigkeit	neg 1.0		__DUMMY__ 0.465917339882357 neg 0.3261294029698134 off 0.20795325714782942	false	1.0
behindern	neg 1.0		__DUMMY__ 0.4688313840715516 neg 0.3200956358035825 off 0.21107298012486597	false	1.0
undemokratisch	neg 1.0		__DUMMY__ 0.46124142840996124 neg 0.32782126375294623 off 0.21093730783709247	false	1.0
wirtschaftskrise	neg 1.0		__DUMMY__ 0.4638761843669551 neg 0.32832331241555424 off 0.2078005032174907	false	1.0
neid	neg 1.0		__DUMMY__ 0.4689477006965896 neg 0.31611785055881314 off 0.2149344487445972	false	1.0
rutschen	neg 1.0		__DUMMY__ 0.47525283586907824 neg 0.32021798298012705 off 0.20452918115079466	false	1.0
rezession	neg 1.0		__DUMMY__ 0.4605289711931941 neg 0.3197168646822986 off 0.2197541641245074	false	1.0
fehlgeburt	neg 1.0		__DUMMY__ 0.46703405725663627 neg 0.32155058442105144 off 0.21141535832231226	false	1.0
charakterschwach	off 1.0		__DUMMY__ 0.464714349032137 neg 0.3189863956351547 off 0.21629925533270838	false	0.5
isolation	neg 1.0		__DUMMY__ 0.46729454315585706 neg 0.3160598068061214 off 0.2166456500380216	false	1.0
ablenkung	neg 1.0		__DUMMY__ 0.4690947224757166 neg 0.31943805908751927 off 0.21146721843676408	false	1.0
pech	neg 1.0		__DUMMY__ 0.46795897916870144 neg 0.31781222438749396 off 0.2142287964438047	false	1.0
vermeidung	neg 1.0		__DUMMY__ 0.4678831468619611 neg 0.313579615697453 off 0.21853723744058592	false	1.0
dominieren	neg 1.0		__DUMMY__ 0.46722736022595546 neg 0.32325703656671906 off 0.20951560320732537	false	1.0
schwindlig	neg 1.0		__DUMMY__ 0.47014948909613113 neg 0.31539586076189763 off 0.21445465014197115	false	1.0
lutscher	neg 1.0		__DUMMY__ 0.46202593471640935 neg 0.31275878524941475 off 0.22521528003417587	false	1.0
pflicht	neg 1.0		__DUMMY__ 0.4669577370955633 neg 0.3278036556472133 off 0.20523860725722354	false	1.0
faschist	off 1.0		__DUMMY__ 0.46149397924786445 neg 0.3263563582616089 off 0.21214966249052664	false	0.5
verschleudern	neg 1.0		__DUMMY__ 0.4644425015452015 neg 0.32828434568240855 off 0.2072731527723899	false	1.0
wenn			__DUMMY__ 0.46685548506647173 neg 0.3182786971657619 off 0.21486581776776628	false	0.0
ehebruch	neg 1.0		__DUMMY__ 0.46444581310336724 neg 0.32880763522489354 off 0.20674655167173916	false	1.0
spott	off 1.0		__DUMMY__ 0.465113885817237 neg 0.3285959216066868 off 0.20629019257607614	false	0.5
trostlosigkeit	neg 1.0		__DUMMY__ 0.46344868148145346 neg 0.3320606403728284 off 0.204490678145718	false	1.0
lutschen	neg 1.0		__DUMMY__ 0.46382245180559717 neg 0.32105968155969716 off 0.21511786663470556	false	1.0
undiszipliniert	neg 1.0		__DUMMY__ 0.46566955356300643 neg 0.31620306735834025 off 0.21812737907865334	false	1.0
kopfschmerz	neg 1.0		__DUMMY__ 0.4685597088594784 neg 0.3210106225475139 off 0.21042966859300774	false	1.0
unvorhergesehen	neg 1.0		__DUMMY__ 0.4718645943820891 neg 0.3183695786928351 off 0.20976582692507575	false	1.0
desinteressiert	neg 1.0		__DUMMY__ 0.4648525973635528 neg 0.3174677644024838 off 0.21767963823396347	false	1.0
armselig	off 1.0		__DUMMY__ 0.46347506451809983 neg 0.3181452457054138 off 0.2183796897764863	false	0.5
desaster	neg 1.0		__DUMMY__ 0.4649113753950108 neg 0.331933146000847 off 0.20315547860414213	false	1.0
tod	neg 1.0		__DUMMY__ 0.4624819911901037 neg 0.33175737962049723 off 0.2057606291893991	false	1.0
herzlos	neg 1.0		__DUMMY__ 0.4658789361704883 neg 0.31445356949431286 off 0.21966749433519872	false	1.0
unwissenheit	neg 1.0		__DUMMY__ 0.4646716684333671 neg 0.32777211291903485 off 0.2075562186475982	false	1.0
widersinnig	neg 1.0		__DUMMY__ 0.4619528649941916 neg 0.32978410037835376 off 0.2082630346274545	false	1.0
bedenklich	neg 1.0		__DUMMY__ 0.4666565956029228 neg 0.32692912348475817 off 0.20641428091231917	false	1.0
beanstanden	neg 1.0		__DUMMY__ 0.4671906365264514 neg 0.3279202203019557 off 0.2048891431715928	false	1.0
panisch	neg 1.0	neg 1.0	neg 0.6486586681422236 __DUMMY__ 0.2298600809396339 off 0.12148125091814242	false	1.0
debil	off 1.0		__DUMMY__ 0.4683504716195093 neg 0.32949466654766313 off 0.20215486183282766	false	0.5
abstrich	neg 1.0		__DUMMY__ 0.47037091325001323 neg 0.317923882231737 off 0.21170520451824962	false	1.0
primitiv	neg 1.0		__DUMMY__ 0.46431806483954957 neg 0.3186818875008325 off 0.21700004765961792	false	1.0
abschaum	off 1.0	off 1.0	off 0.5922928792598797 __DUMMY__ 0.2252494784993771 neg 0.18245764224074307	false	1.0
provozieren	neg 1.0		__DUMMY__ 0.4651313496983535 neg 0.32432913777693956 off 0.21053951252470698	false	1.0
tot	neg 1.0		__DUMMY__ 0.4667127154607392 neg 0.3235623926023528 off 0.209724891936908	false	1.0
instabil	neg 1.0		__DUMMY__ 0.46256376504918406 neg 0.3179636621864901 off 0.2194725727643258	false	1.0
schwuchtel	off 1.0		__DUMMY__ 0.45900204028231917 neg 0.31069277335409684 off 0.23030518636358396	false	0.5
zerren	neg 1.0		__DUMMY__ 0.46858384458663593 neg 0.32211918462595773 off 0.20929697078740628	false	1.0
kinderficker	off 1.0		__DUMMY__ 0.46211975322604 neg 0.3173296234674012 off 0.22055062330655878	false	0.5
gefahr	neg 1.0		__DUMMY__ 0.46573931065821467 neg 0.32737049543077346 off 0.2068901939110119	false	1.0
rabiat	neg 1.0		__DUMMY__ 0.4670775926693287 neg 0.3222114041708625 off 0.21071100315980873	false	1.0
verlangsamung	neg 1.0		__DUMMY__ 0.46004207358052046 neg 0.31674058832572727 off 0.22321733809375216	false	1.0
ausgestorben	neg 1.0		__DUMMY__ 0.4683065547985315 neg 0.32234668433396974 off 0.20934676086749884	false	1.0
anklagen	neg 1.0		__DUMMY__ 0.46423897065765996 neg 0.32618451602440995 off 0.20957651331793	false	1.0
trott	neg 1.0		__DUMMY__ 0.46810161416369134 neg 0.3208389940848884 off 0.2110593917514203	false	1.0
verminderung	neg 1.0		__DUMMY__ 0.4655252186301673 neg 0.31570523088668967 off 0.2187695504831431	false	1.0
nach			__DUMMY__ 0.47280023622913225 neg 0.3235487589788848 off 0.20365100479198286	false	0.0
rost	neg 1.0		__DUMMY__ 0.46201430040284697 neg 0.31392051852256236 off 0.22406518107459078	false	1.0
destruktiv	neg 1.0	neg 1.0	neg 0.6557712623793533 __DUMMY__ 0.22555601268343278 off 0.1186727249372138	false	1.0
unzumutbarkeit	neg 1.0		__DUMMY__ 0.4664215246868498 neg 0.3154465404958199 off 0.21813193481733034	false	1.0
labil	off 1.0	off 1.0	off 0.5930750170752175 __DUMMY__ 0.22567337730111078 neg 0.18125160562367176	false	1.0
ziemlich	neg 1.0		__DUMMY__ 0.4668130485824577 neg 0.3164523382511348 off 0.21673461316640757	false	1.0
lachnummer	off 1.0		__DUMMY__ 0.46451930211233033 neg 0.3263549349708661 off 0.20912576291680354	false	0.5
oder			__DUMMY__ 0.4694424359488081 neg 0.3194271784520411 off 0.21113038559915076	false	0.0
verfall	neg 1.0		__DUMMY__ 0.4681787428465346 neg 0.3298953632343296 off 0.20192589391913565	false	1.0
ausgrenzung	neg 1.0		__DUMMY__ 0.46177943455591336 neg 0.32631757213932444 off 0.21190299330476203	false	1.0
unordnung	neg 1.0		__DUMMY__ 0.4637458612923889 neg 0.3156797050918039 off 0.2205744336158074	false	1.0
fehlverhalten	neg 1.0		__DUMMY__ 0.46529474261774406 neg 0.3286520551165399 off 0.20605320226571602	false	1.0
eine			__DUMMY__ 0.46997895553130226 neg 0.3245907691648646 off 0.205430275303833	false	0.0
nille	neg 1.0		__DUMMY__ 0.4643415598060742 neg 0.3252569807114445 off 0.21040145948248132	false	1.0
qual	neg 1.0		__DUMMY__ 0.4677292299961749 neg 0.32139639672335346 off 0.21087437328047162	false	1.0
verschwenden	neg 1.0		__DUMMY__ 0.46788169873370744 neg 0.3252221770255083 off 0.20689612424078424	false	1.0
riesig	neg 1.0		__DUMMY__ 0.46719350614002997 neg 0.3230589496585509 off 0.20974754420141906	false	1.0
verurteilen	neg 1.0		__DUMMY__ 0.46388427386632886 neg 0.3285581447080484 off 0.20755758142562267	false	1.0
klischee	neg 1.0	neg 1.0	neg 0.6530089791132778 __DUMMY__ 0.2256418216872551 off 0.12134919919946714	false	1.0
diktatorisch	neg 1.0		__DUMMY__ 0.4599072895031045 neg 0.329601866461543 off 0.21049084403535248	false	1.0
vorhersehbar	neg 1.0		__DUMMY__ 0.4640476425097945 neg 0.3237713565251385 off 0.212181000965067	false	1.0
sowie			__DUMMY__ 0.4616272139465367 neg 0.31622657716455316 off 0.2221462088889102	false	0.0
stornieren	neg 1.0		__DUMMY__ 0.46954119137633266 neg 0.31604095356127726 off 0.2144178550623901	false	1.0
besteuerung	neg 1.0		__DUMMY__ 0.46545625519113504 neg 0.3225381869633848 off 0.21200555784548003	false	1.0
ungeschminkt	neg 1.0		__DUMMY__ 0.4655304497187144 neg 0.31741230744704746 off 0.21705724283423833	false	1.0
kritisch	neg 1.0		__DUMMY__ 0.465153427886863 neg 0.3285056769168403 off 0.20634089519629678	false	1.0
schlamperei	off 1.0		__DUMMY__ 0.46430868154442023 neg 0.3289139377562604 off 0.20677738069931947	false	0.5
sucht	neg 1.0	neg 1.0	neg 0.6486523248220766 __DUMMY__ 0.22938713221991544 off 0.121960542958008	false	1.0
egoistisch	off 1.0		__DUMMY__ 0.4639380280789556 neg 0.3142388516891037 off 0.22182312023194067	false	0.5
ausbeuter	off 1.0		__DUMMY__ 0.4641731207578733 neg 0.3305146136545484 off 0.20531226558757817	false	0.5
arschgeburt	off 1.0		__DUMMY__ 0.4590110073730338 neg 0.310827049088946 off 0.2301619435380202	false	0.5
schubs	neg 1.0	neg 1.0	neg 0.6518055731838959 __DUMMY__ 0.22952219560473092 off 0.11867223121137317	false	1.0
unsolide	neg 1.0		__DUMMY__ 0.4579017286519619 neg 0.32843446697199385 off 0.21366380437604432	false	1.0
beschwerde	neg 1.0		__DUMMY__ 0.46519177967685005 neg 0.3268445962793062 off 0.20796362404384378	false	1.0
stocken	neg 1.0		__DUMMY__ 0.4671839069722528 neg 0.3249376256148351 off 0.2078784674129122	false	1.0
isolieren	neg 1.0		__DUMMY__ 0.46894182654250466 neg 0.32054085229339396 off 0.21051732116410138	false	1.0
unheilbar	neg 1.0		__DUMMY__ 0.4655355644430555 neg 0.3235492310032728 off 0.2109152045536715	false	1.0
pisser	off 1.0		__DUMMY__ 0.4628719655611723 neg 0.3176053218586908 off 0.21952271258013684	false	0.5
löschen	neg 1.0		__DUMMY__ 0.4663469283529905 neg 0.32166087129641174 off 0.21199220035059776	false	1.0
durchfallen	neg 1.0		__DUMMY__ 0.46674603290774747 neg 0.3262414030516344 off 0.2070125640406181	false	1.0
wichser	off 1.0		__DUMMY__ 0.46294023671698037 neg 0.3102634081920961 off 0.22679635509092352	false	0.5
terror	neg 1.0		__DUMMY__ 0.4686928940412421 neg 0.31582260048044963 off 0.21548450547830836	false	1.0
krass	neg 1.0		__DUMMY__ 0.46554797883471694 neg 0.3143870759713385 off 0.22006494519394448	false	1.0
revolte	neg 1.0	neg 1.0	neg 0.656140330274207 __DUMMY__ 0.22302031423834515 off 0.12083935548744777	false	1.0
besorgt	neg 1.0		__DUMMY__ 0.4713365942470173 neg 0.31866052643021614 off 0.21000287932276657	false	1.0
nachlassen	neg 1.0		__DUMMY__ 0.468240341540501 neg 0.32310016718893414 off 0.20865949127056488	false	1.0
alt	neg 1.0		__DUMMY__ 0.470323085828902 neg 0.3224814098438625 off 0.20719550432723563	false	1.0
hundesohn	off 1.0		__DUMMY__ 0.4604574173882732 neg 0.31416763076312465 off 0.22537495184860218	false	0.5
als			__DUMMY__ 0.46911178490406774 neg 0.32230503868451116 off 0.20858317641142107	false	0.0
abschreckung	neg 1.0		__DUMMY__ 0.4653141698300332 neg 0.330126568931378 off 0.20455926123858886	false	1.0
unqualifiziert	neg 1.0	neg 1.0	neg 0.6534006924848251 __DUMMY__ 0.22579381122533915 off 0.12080549628983576	false	1.0
abgewichst	off 1.0		__DUMMY__ 0.46601116386613517 neg 0.3243271314926905 off 0.20966170464117434	false	0.5
schwer	neg 1.0		__DUMMY__ 0.4682031191051433 neg 0.32146229897983025 off 0.21033458191502652	false	1.0
bedeutungslosigkeit	neg 1.0		__DUMMY__ 0.46564795587563956 neg 0.3288944867751277 off 0.2054575573492327	false	1.0
kapitulation	neg 1.0		__DUMMY__ 0.461385901111613 neg 0.33200271759976524 off 0.20661138128862178	false	1.0
unscharf	neg 1.0		__DUMMY__ 0.4671881070049627 neg 0.31875205675010326 off 0.21405983624493394	false	1.0
schwinden	neg 1.0		__DUMMY__ 0.4666728873427418 neg 0.3273640467913184 off 0.2059630658659397	false	1.0
versklavung	neg 1.0	neg 1.0	neg 0.6562695244771369 __DUMMY__ 0.2240407577558632 off 0.11968971776699988	false	1.0
schlecht	neg 1.0		__DUMMY__ 0.46705166987499647 neg 0.315802060182481 off 0.2171462699425226	false	1.0
verhasst	neg 1.0		__DUMMY__ 0.46442438480956166 neg 0.32517479316099035 off 0.21040082202944793	false	1.0
beschweren	neg 1.0		__DUMMY__ 0.46749719729563344 neg 0.3200398174082775 off 0.212462985296089	false	1.0
scheiden	neg 1.0		__DUMMY__ 0.46862804050889983 neg 0.3208912159144503 off 0.2104807435766499	false	1.0
frustriert	neg 1.0		__DUMMY__ 0.46760608885671406 neg 0.32323103319994567 off 0.20916287794334032	false	1.0
schimmelig	neg 1.0		__DUMMY__ 0.46697973110976404 neg 0.325781163320443 off 0.20723910556979291	false	1.0
fisch	neg 1.0	neg 1.0	neg 0.652217297508662 __DUMMY__ 0.229203931299437 off 0.11857877119190105	false	1.0
schmuggel	neg 1.0		__DUMMY__ 0.4690368343613789 neg 0.32491375995733374 off 0.2060494056812875	false	1.0
auffallen	neg 1.0		__DUMMY__ 0.4672316235500542 neg 0.3198063720677703 off 0.2129620043821755	false	1.0
konkurrenz	neg 1.0		__DUMMY__ 0.46910650606206256 neg 0.32559677423842315 off 0.20529671969951424	false	1.0
teufelskreis	neg 1.0	neg 1.0	neg 0.6546495783028883 __DUMMY__ 0.22664376711318104 off 0.11870665458393062	false	1.0
aufschreien	neg 1.0		__DUMMY__ 0.46492787776351885 neg 0.32273035934532596 off 0.21234176289115517	false	1.0
schuldner	neg 1.0		__DUMMY__ 0.4645679879746058 neg 0.32922430830959365 off 0.2062077037158006	false	1.0
missgeburt	off 1.0	off 1.0	off 0.5964856607768815 __DUMMY__ 0.22452547700288253 neg 0.17898886222023597	false	1.0
arbeitslos	neg 1.0		__DUMMY__ 0.4661175992944077 neg 0.3259042997121415 off 0.2079781009934509	false	1.0
befallen	neg 1.0		__DUMMY__ 0.4610551285247691 neg 0.3322262460873327 off 0.20671862538789804	false	1.0
miesepetrig	off 1.0		__DUMMY__ 0.4677508039632454 neg 0.3153318061474535 off 0.21691738988930104	false	0.5
alarmieren	neg 1.0		__DUMMY__ 0.46288471699704786 neg 0.3218804067654515 off 0.21523487623750065	false	1.0
ungeduscht	off 1.0		__DUMMY__ 0.46744191109021804 neg 0.3183156133713779 off 0.21424247553840406	false	0.5
knappheit	neg 1.0		__DUMMY__ 0.4650741355405851 neg 0.32689248768479534 off 0.2080333767746196	false	1.0
schlange	neg 1.0		__DUMMY__ 0.46967454571029504 neg 0.3174577694652765 off 0.21286768482442833	false	1.0
harsch	neg 1.0		__DUMMY__ 0.4665154680066822 neg 0.30978027389554236 off 0.22370425809777544	false	1.0
lang	neg 1.0		__DUMMY__ 0.467016714867852 neg 0.32074889742981333 off 0.21223438770233471	false	1.0
ziellos	neg 1.0		__DUMMY__ 0.4683700642996845 neg 0.3237054811957304 off 0.20792445450458508	false	1.0
selbstverliebt	neg 1.0		__DUMMY__ 0.45947638048246076 neg 0.31334506299191195 off 0.22717855652562732	false	1.0
beseitigen	neg 1.0		__DUMMY__ 0.46907428152441294 neg 0.31845002963985575 off 0.21247568883573129	false	1.0
dumm	off 1.0		__DUMMY__ 0.46298957711279953 neg 0.3146234088744659 off 0.22238701401273459	false	0.5
arbeitsloser	neg 1.0		__DUMMY__ 0.46671688982817483 neg 0.3260264217322847 off 0.20725668843954045	false	1.0
blitzen	neg 1.0		__DUMMY__ 0.4650415395243995 neg 0.3205292033775688 off 0.2144292570980318	false	1.0
hilflos	neg 1.0		__DUMMY__ 0.46769265390802334 neg 0.32355861327902447 off 0.20874873281295211	false	1.0
eklig	off 1.0		__DUMMY__ 0.46226107497068175 neg 0.3145107007696333 off 0.22322822425968492	false	0.5
begriff			__DUMMY__ 0.4663556983821851 neg 0.32477844010097284 off 0.20886586151684203	false	0.0
hungersnot	neg 1.0		__DUMMY__ 0.4607864923047453 neg 0.3302631878538298 off 0.20895031984142504	false	1.0
ungesetzlich	neg 1.0		__DUMMY__ 0.46071589249076345 neg 0.3271449411845224 off 0.21213916632471405	false	1.0
verschwendung	neg 1.0		__DUMMY__ 0.4673228324577717 neg 0.32692835819556776 off 0.20574880934666048	false	1.0
schmerzvoll	neg 1.0		__DUMMY__ 0.46771855826856745 neg 0.31975424554146015 off 0.2125271961899723	false	1.0
vorzeitig	neg 1.0		__DUMMY__ 0.4659042249777898 neg 0.31749962353637917 off 0.216596151485831	false	1.0
unvollkommenheit	neg 1.0		__DUMMY__ 0.4666849119721167 neg 0.3224227339772249 off 0.21089235405065845	false	1.0
intervenieren	neg 1.0		__DUMMY__ 0.4634732084563489 neg 0.33096124106605085 off 0.20556555047760025	false	1.0
banause	off 1.0		__DUMMY__ 0.46215692732867464 neg 0.3129242735593702 off 0.22491879911195514	false	0.5
rebell	neg 1.0		__DUMMY__ 0.46862184862590844 neg 0.3261835449700611 off 0.2051946064040304	false	1.0
unlogisch	neg 1.0		__DUMMY__ 0.4642274975639778 neg 0.31693235793052865 off 0.21884014450549347	false	1.0
leiden	neg 1.0	neg 1.0	neg 0.6511466359461794 __DUMMY__ 0.2314131687743346 off 0.117440195279486	false	1.0
abschaffung	neg 1.0		__DUMMY__ 0.46365233140419476 neg 0.32523811759367843 off 0.21110955100212692	false	1.0
sturz	neg 1.0		__DUMMY__ 0.4628213507569287 neg 0.32575968465138977 off 0.2114189645916817	false	1.0
verkleinerung	neg 1.0		__DUMMY__ 0.46251283811233074 neg 0.32315539799912546 off 0.21433176388854377	false	1.0
schmarotzer	off 1.0		__DUMMY__ 0.4647194222769206 neg 0.3281672269656767 off 0.2071133507574029	false	0.5
bestrafung	neg 1.0		__DUMMY__ 0.46606861215165796 neg 0.32214863537093497 off 0.2117827524774072	false	1.0
achtlos	neg 1.0		__DUMMY__ 0.46945230600082305 neg 0.3198317910924137 off 0.21071590290676318	false	1.0
ungeheuer	neg 1.0		__DUMMY__ 0.46656974669460444 neg 0.32033327193497774 off 0.2130969813704178	false	1.0
unaufrichtig	neg 1.0		__DUMMY__ 0.46227720300894337 neg 0.32470195184915185 off 0.21302084514190472	false	1.0
groggy	neg 1.0		__DUMMY__ 0.4654590946430649 neg 0.3200949312055386 off 0.21444597415139652	false	1.0
verletzlich	neg 1.0		__DUMMY__ 0.46594735762243017 neg 0.3169398222907778 off 0.21711282008679195	false	1.0
