unsolidarisch	neg 1.0		neg 0.5842371898567121 off 0.37489564920677687 __DUMMY__ 0.04086716093651114	false	1.0
nachteilig	neg 1.0		neg 0.5831063196456309 off 0.37538968323521127 __DUMMY__ 0.04150399711915778	false	1.0
skeptisch	neg 1.0		neg 0.585278354886149 off 0.37306721924217917 __DUMMY__ 0.04165442587167188	false	1.0
schrecklich	neg 1.0		neg 0.5702146784185135 off 0.38837690895412913 __DUMMY__ 0.041408412627357324	false	1.0
schlapp	neg 1.0		neg 0.5729496978236909 off 0.3853291780119484 __DUMMY__ 0.04172112416436075	false	1.0
abfall	neg 1.0		neg 0.5870488289986409 off 0.37126325824160444 __DUMMY__ 0.04168791275975469	false	1.0
widerspenstig	neg 1.0		neg 0.5782889696140324 off 0.3799394987958424 __DUMMY__ 0.04177153159012513	false	1.0
abrupt	neg 1.0		neg 0.5793555036709979 off 0.37879315439467165 __DUMMY__ 0.04185134193433066	false	1.0
unwirksam	neg 1.0		neg 0.5815585297789642 off 0.3773055456791978 __DUMMY__ 0.04113592454183807	false	1.0
angreifen	neg 1.0		neg 0.5849531890570462 off 0.37355396107729044 __DUMMY__ 0.04149284986566333	false	1.0
inkonsistent	neg 1.0		neg 0.578712706876985 off 0.37998029781694165 __DUMMY__ 0.041306995306073416	false	1.0
abrutschen	neg 1.0		neg 0.5860495880066781 off 0.3721588076539696 __DUMMY__ 0.0417916043393525	false	1.0
unsicher	neg 1.0		neg 0.5791444001989738 off 0.3792111761448417 __DUMMY__ 0.041644423656184516	false	1.0
bauernkind	off 1.0		neg 0.5686588660266503 off 0.39029538372149675 __DUMMY__ 0.04104575025185284	false	0.5
angreifer	neg 1.0		neg 0.5784187540036655 off 0.3803885956358664 __DUMMY__ 0.041192650360468194	false	1.0
trennen	neg 1.0		neg 0.5813243371478108 off 0.3766431039261202 __DUMMY__ 0.042032558926069025	false	1.0
schmutz	neg 1.0		neg 0.5703161508438401 off 0.38776929873189225 __DUMMY__ 0.04191455042426751	false	1.0
inkonsistenz	neg 1.0	neg 1.0	neg 0.7775234679958528 off 0.20277961674913433 __DUMMY__ 0.019696915255012847	false	1.0
erschreckend	neg 1.0		neg 0.5816417894023507 off 0.37685270329282544 __DUMMY__ 0.04150550730482383	false	1.0
ertrinken	neg 1.0		neg 0.5820226263111732 off 0.37619983092487896 __DUMMY__ 0.041777542763947906	false	1.0
pickelface	off 1.0		neg 0.5801427797346109 off 0.37853055546726194 __DUMMY__ 0.04132666479812701	false	0.5
seiner			neg 0.5837034920231675 off 0.37463136259274366 __DUMMY__ 0.041665145384088734	false	0.0
lauch	neg 1.0		neg 0.585693740022533 off 0.37267216062830083 __DUMMY__ 0.041634099349166155	false	1.0
unwichtig	neg 1.0		neg 0.5753508856548741 off 0.3832253473950439 __DUMMY__ 0.041423766950081924	false	1.0
steuerhinterziehung	neg 1.0		neg 0.5837042187139324 off 0.3751783013559837 __DUMMY__ 0.04111747993008393	false	1.0
schock	neg 1.0		neg 0.5794884798405928 off 0.3786661397946977 __DUMMY__ 0.041845380364709375	false	1.0
beule	neg 1.0		neg 0.5716796134743523 off 0.38665003274563176 __DUMMY__ 0.041670353780015976	false	1.0
vergelten	neg 1.0		neg 0.5702113625571685 off 0.38862278803790457 __DUMMY__ 0.041165849404926895	false	1.0
verdorbenheit	neg 1.0	neg 1.0	neg 0.7766540119941303 off 0.2033935640473171 __DUMMY__ 0.01995242395855257	false	1.0
trauma	neg 1.0		neg 0.5778270557426064 off 0.3806731522965161 __DUMMY__ 0.041499791960877455	false	1.0
sinnlos	neg 1.0		neg 0.5773274663178605 off 0.38113992292845356 __DUMMY__ 0.04153261075368591	false	1.0
fettsack	off 1.0	off 1.0	off 0.6772460331596452 neg 0.3031448266998511 __DUMMY__ 0.019609140140503793	false	1.0
feige	off 1.0		neg 0.5768763664669373 off 0.38184225289594054 __DUMMY__ 0.04128138063712214	false	0.5
abdanken	neg 1.0		neg 0.584413303317005 off 0.3745890742337094 __DUMMY__ 0.04099762244928554	false	1.0
wichtigtuer	off 1.0	off 1.0	off 0.6718338118705182 neg 0.3084705450072079 __DUMMY__ 0.019695643122273992	false	1.0
misslingen	neg 1.0		neg 0.5754341844291762 off 0.3828032752229328 __DUMMY__ 0.04176254034789124	false	1.0
untreu	off 1.0		neg 0.574087633450057 off 0.38445404922888565 __DUMMY__ 0.041458317321057404	false	0.5
missmutig	neg 1.0		neg 0.574050335888476 off 0.3842698399205806 __DUMMY__ 0.04167982419094336	false	1.0
hurenbock	off 1.0		neg 0.5755515275153757 off 0.38263411475678155 __DUMMY__ 0.04181435772784257	false	0.5
betrunken	neg 1.0		neg 0.5708423835435726 off 0.38753121910865995 __DUMMY__ 0.04162639734776755	false	1.0
korrupt	off 1.0		neg 0.5861856647111199 off 0.37278084816077295 __DUMMY__ 0.04103348712810722	false	0.5
unmut	neg 1.0		neg 0.5867778114366424 off 0.3716259685589467 __DUMMY__ 0.041596220004410885	false	1.0
hackfresse	off 1.0		neg 0.5672487710223266 off 0.3914897556935315 __DUMMY__ 0.04126147328414185	false	0.5
aufblasen	neg 1.0		neg 0.5762829476991198 off 0.381936576375106 __DUMMY__ 0.041780475925774094	false	1.0
gewaltsam	neg 1.0		neg 0.5812631670606403 off 0.3775841568317069 __DUMMY__ 0.04115267610765274	false	1.0
unbeliebtheit	neg 1.0		neg 0.5784510380002913 off 0.3808866310752432 __DUMMY__ 0.040662330924465535	false	1.0
sturheit	neg 1.0		neg 0.5832691494255324 off 0.3754494406281294 __DUMMY__ 0.04128140994633814	false	1.0
kuh	neg 1.0		neg 0.5784564497838871 off 0.38014941503590366 __DUMMY__ 0.0413941351802092	false	1.0
erschrecken	neg 1.0		neg 0.5747074014280715 off 0.38365009925992166 __DUMMY__ 0.0416424993120068	false	1.0
opfer	neg 1.0	neg 1.0	neg 0.7809426543598643 off 0.19924081006607458 __DUMMY__ 0.019816535574061052	false	1.0
sinken	neg 1.0		neg 0.5856442773433043 off 0.37273644505615133 __DUMMY__ 0.04161927760054441	false	1.0
stinktier	neg 1.0		neg 0.5712760789593786 off 0.38753311711110083 __DUMMY__ 0.04119080392952049	false	1.0
tucke	off 1.0		neg 0.5665116098402833 off 0.3922181540407969 __DUMMY__ 0.04127023611891972	false	0.5
ein			neg 0.575768346003776 off 0.3822784876212446 __DUMMY__ 0.04195316637497917	false	0.0
abstieg	neg 1.0		neg 0.5829124060951295 off 0.37571664195492277 __DUMMY__ 0.04137095194994761	false	1.0
missverstehen	neg 1.0		neg 0.579121516354118 off 0.37955769209765033 __DUMMY__ 0.041320791548231685	false	1.0
ergebnislos	neg 1.0		neg 0.5829600301455585 off 0.3755957802339861 __DUMMY__ 0.04144418962045544	false	1.0
unter			neg 0.5869731233549464 off 0.3708064667376619 __DUMMY__ 0.04222040990739175	false	0.0
manipulieren	neg 1.0		neg 0.5856455410213417 off 0.3729084550726163 __DUMMY__ 0.04144600390604193	false	1.0
unbewiesen	neg 1.0		neg 0.5851552900722176 off 0.37405141056538393 __DUMMY__ 0.040793299362398464	false	1.0
verschleppen	neg 1.0		neg 0.5841290106405577 off 0.37453361548915604 __DUMMY__ 0.04133737387028634	false	1.0
weib	off 1.0		neg 0.5659966747210169 off 0.39279730827050374 __DUMMY__ 0.041206017008479374	false	0.5
opposition	neg 1.0		neg 0.580729134938082 off 0.37818198264010666 __DUMMY__ 0.04108888242181144	false	1.0
verkehrswidrig	neg 1.0		neg 0.5676198455963299 off 0.3908950488620032 __DUMMY__ 0.041485105541666775	false	1.0
inkorrekt	neg 1.0		neg 0.5775609489755692 off 0.3814815324468509 __DUMMY__ 0.04095751857757983	false	1.0
vermeiden	neg 1.0		neg 0.586215334734794 off 0.3718316246113334 __DUMMY__ 0.041953040653872654	false	1.0
abweichung	neg 1.0		neg 0.5862375579003002 off 0.3727128153037653 __DUMMY__ 0.0410496267959345	false	1.0
alkoholisiert	neg 1.0		neg 0.5807483955250181 off 0.377531437700302 __DUMMY__ 0.04172016677467993	false	1.0
scheiss	off 1.0	off 1.0	off 0.6755564779536588 neg 0.30464770874984787 __DUMMY__ 0.01979581329649323	false	1.0
herausforderung	neg 1.0		neg 0.5788879120047669 off 0.37909840761840286 __DUMMY__ 0.04201368037683032	false	1.0
pervers	off 1.0		neg 0.5632198478998797 off 0.3956357240987107 __DUMMY__ 0.04114442800140976	false	0.5
wackelig	neg 1.0		neg 0.5783908728387411 off 0.37954214895243343 __DUMMY__ 0.0420669782088254	false	1.0
verwickeln	neg 1.0		neg 0.5788067042585912 off 0.37978494818049985 __DUMMY__ 0.041408347560909026	false	1.0
vorwand	neg 1.0		neg 0.5865741379950552 off 0.3719268348571577 __DUMMY__ 0.0414990271477872	false	1.0
muschi	off 1.0		neg 0.5803936611537246 off 0.37824748174703576 __DUMMY__ 0.041358857099239595	false	0.5
entmutigung	neg 1.0		neg 0.5834129629465051 off 0.37593826777857925 __DUMMY__ 0.040648769274915536	false	1.0
unangemessen	neg 1.0		neg 0.5844219092333679 off 0.37428199446837707 __DUMMY__ 0.041296096298255064	false	1.0
unstetig	neg 1.0		neg 0.5770566968915233 off 0.38166167997499634 __DUMMY__ 0.041281623133480556	false	1.0
entmutigen	neg 1.0		neg 0.5782064551388684 off 0.38020750007737353 __DUMMY__ 0.04158604478375818	false	1.0
schwanz	neg 1.0		neg 0.5820212938701791 off 0.37647966543795325 __DUMMY__ 0.041499040691867634	false	1.0
verbot	neg 1.0		neg 0.5849287314257269 off 0.37396700090890844 __DUMMY__ 0.04110426766536471	false	1.0
leid	neg 1.0		neg 0.5692315757859597 off 0.389470241857064 __DUMMY__ 0.041298182356976146	false	1.0
archaisch	neg 1.0		neg 0.583154819889001 off 0.3754716782230137 __DUMMY__ 0.04137350188798533	false	1.0
gegen			neg 0.5859195650576405 off 0.37258216918832027 __DUMMY__ 0.04149826575403921	false	0.0
scheidung	neg 1.0	neg 1.0	neg 0.7650513337727548 off 0.2153402219644971 __DUMMY__ 0.019608444262748142	false	1.0
einschlag	neg 1.0		neg 0.5697176475528731 off 0.388977461149015 __DUMMY__ 0.04130489129811183	false	1.0
m			neg 0.5796144692635192 off 0.3786540357802546 __DUMMY__ 0.041731494956226224	false	0.0
abgestanden	neg 1.0		neg 0.5782760140049442 off 0.38002835784600536 __DUMMY__ 0.04169562814905036	false	1.0
schmierig	off 1.0		neg 0.569766830500268 off 0.38883059803232106 __DUMMY__ 0.041402571467411095	false	0.5
unpraktisch	neg 1.0		neg 0.5760705562763662 off 0.38211682113906265 __DUMMY__ 0.041812622584571336	false	1.0
wixxer	off 1.0		neg 0.5641049005041235 off 0.3948891924350117 __DUMMY__ 0.04100590706086465	false	0.5
bezeichnet			neg 0.582067991566511 off 0.3765799532343431 __DUMMY__ 0.0413520551991459	false	0.0
jammerlappen	off 1.0		neg 0.5747320851575255 off 0.383769922434494 __DUMMY__ 0.041497992407980626	false	0.5
farce	neg 1.0		neg 0.5863620043171458 off 0.37278334033726823 __DUMMY__ 0.0408546553455859	false	1.0
zwecklos	neg 1.0		neg 0.5840329931187342 off 0.3745688273700001 __DUMMY__ 0.041398179511265655	false	1.0
turbulent	neg 1.0		neg 0.5724803187607899 off 0.3863376886445308 __DUMMY__ 0.04118199259467924	false	1.0
invasion	neg 1.0		neg 0.5748658910765191 off 0.3834836203031814 __DUMMY__ 0.041650488620299485	false	1.0
schuld	neg 1.0		neg 0.5795080277726444 off 0.37903258628923253 __DUMMY__ 0.04145938593812297	false	1.0
risiko	neg 1.0		neg 0.574189138781164 off 0.3840948375667405 __DUMMY__ 0.041716023652095605	false	1.0
finster	neg 1.0		neg 0.5765886046767336 off 0.38155378421255487 __DUMMY__ 0.04185761111071155	false	1.0
geisteskrank	off 1.0		neg 0.5756510309644993 off 0.3832171560773563 __DUMMY__ 0.04113181295814433	false	0.5
zusammenbrechen	neg 1.0		neg 0.5805445851425274 off 0.37777647542914544 __DUMMY__ 0.04167893942832714	false	1.0
ausbeute	neg 1.0		neg 0.5797110083619165 off 0.3783732288269556 __DUMMY__ 0.041915762811127986	false	1.0
hinterhalt	neg 1.0		neg 0.5787175874419203 off 0.37980916710306556 __DUMMY__ 0.04147324545501406	false	1.0
kritik	neg 1.0		neg 0.5854852566473605 off 0.3735455703829943 __DUMMY__ 0.04096917296964512	false	1.0
einschrumpfen	neg 1.0		neg 0.5789278763664123 off 0.3800561552066317 __DUMMY__ 0.04101596842695611	false	1.0
riskant	neg 1.0		neg 0.5838453133270892 off 0.3745499659456984 __DUMMY__ 0.04160472072721246	false	1.0
frustrieren	neg 1.0		neg 0.584303205659889 off 0.3741456763352757 __DUMMY__ 0.04155111800483532	false	1.0
groll	neg 1.0		neg 0.5836286195181518 off 0.3749524901935256 __DUMMY__ 0.04141889028832257	false	1.0
gibt			neg 0.5816250767750355 off 0.3767778143776001 __DUMMY__ 0.04159710884736438	false	0.0
qualvoll	neg 1.0		neg 0.5757781558444209 off 0.38254167938906436 __DUMMY__ 0.04168016476651472	false	1.0
wackeln	neg 1.0		neg 0.5760280816588564 off 0.3820690690076003 __DUMMY__ 0.041902849333543234	false	1.0
klagen	neg 1.0		neg 0.5875025201334987 off 0.3710964812943459 __DUMMY__ 0.04140099857215542	false	1.0
bankrott	neg 1.0		neg 0.572958322621587 off 0.3854001955894477 __DUMMY__ 0.04164148178896545	false	1.0
trauern	neg 1.0		neg 0.5835187503097138 off 0.37487954099678056 __DUMMY__ 0.0416017086935058	false	1.0
ablehnung	neg 1.0	neg 1.0	neg 0.7814182984154674 off 0.19901367139822526 __DUMMY__ 0.01956803018630736	false	1.0
stur	neg 1.0		neg 0.578862455364644 off 0.3796548063967942 __DUMMY__ 0.04148273823856182	false	1.0
aufruhr	neg 1.0		neg 0.582041181368089 off 0.37683019241599347 __DUMMY__ 0.04112862621591747	false	1.0
melancholie	neg 1.0		neg 0.5790422095993962 off 0.37899707262117144 __DUMMY__ 0.04196071777943231	false	1.0
ist			neg 0.5780921834295113 off 0.38037342718027134 __DUMMY__ 0.041534389390217315	false	0.0
torheit	neg 1.0		neg 0.5823443538696609 off 0.3766476835259767 __DUMMY__ 0.04100796260436243	false	1.0
dreckskind	off 1.0		neg 0.5709890548757832 off 0.3880827825387653 __DUMMY__ 0.04092816258545148	false	0.5
umtauschen	neg 1.0		neg 0.5778667796187825 off 0.3803156896469861 __DUMMY__ 0.04181753073423132	false	1.0
zum			neg 0.5826084606225698 off 0.37508319109666793 __DUMMY__ 0.04230834828076223	false	0.0
zersetzen	neg 1.0		neg 0.5862652021794835 off 0.37229060563314476 __DUMMY__ 0.04144419218737167	false	1.0
zur			neg 0.5869335031266969 off 0.3712678440124848 __DUMMY__ 0.04179865286081834	false	0.0
frust	neg 1.0		neg 0.5807792393794312 off 0.37754236287628934 __DUMMY__ 0.041678397744279554	false	1.0
unerbittlichkeit	neg 1.0		neg 0.5853906960540651 off 0.37319114133675024 __DUMMY__ 0.041418162609184496	false	1.0
zwei			neg 0.5820717207430802 off 0.3757999713378961 __DUMMY__ 0.042128307919023694	false	0.0
unkorrekt	neg 1.0		neg 0.575607279463327 off 0.3833158501157982 __DUMMY__ 0.04107687042087479	false	1.0
hexe	off 1.0		neg 0.5739047668180589 off 0.384617790209105 __DUMMY__ 0.04147744297283601	false	0.5
lasch	neg 1.0		neg 0.5778454060448431 off 0.38085446867412703 __DUMMY__ 0.041300125281029824	false	1.0
rivale	neg 1.0		neg 0.5709421732070339 off 0.3878138688021698 __DUMMY__ 0.041243957990796436	false	1.0
mutlos	off 1.0	off 1.0	off 0.668608730516117 neg 0.3117057486618569 __DUMMY__ 0.019685520822026077	false	1.0
wirr	off 1.0		neg 0.5737149615200021 off 0.38520903566210823 __DUMMY__ 0.04107600281788963	false	0.5
jahr			neg 0.5802900280303693 off 0.37769742101952364 __DUMMY__ 0.04201255095010699	false	0.0
wird			neg 0.5827325020988744 off 0.3756251436894571 __DUMMY__ 0.04164235421166846	false	0.0
strafbar	neg 1.0		neg 0.5861670258282121 off 0.37256270189009183 __DUMMY__ 0.041270272281696156	false	1.0
erosion	neg 1.0		neg 0.5760767897680191 off 0.3821854967641762 __DUMMY__ 0.04173771346780467	false	1.0
eingehen	neg 1.0		neg 0.5838369442105402 off 0.37469205089133656 __DUMMY__ 0.04147100489812331	false	1.0
faul	off 1.0		neg 0.5730895468553852 off 0.3851753054110477 __DUMMY__ 0.0417351477335671	false	0.5
provisorium	neg 1.0		neg 0.5887059186314014 off 0.3692164428581304 __DUMMY__ 0.042077638510468134	false	1.0
schmerzen	neg 1.0		neg 0.5792017409855352 off 0.37903242080347754 __DUMMY__ 0.04176583821098726	false	1.0
schrumpfen	neg 1.0		neg 0.5878472560873117 off 0.3703939189281357 __DUMMY__ 0.04175882498455257	false	1.0
geistlos	off 1.0		neg 0.5819317652147781 off 0.37721574268770375 __DUMMY__ 0.040852492097518296	false	0.5
fehlkauf	neg 1.0		neg 0.5776290285709053 off 0.38102556661053427 __DUMMY__ 0.0413454048185606	false	1.0
frustrierend	neg 1.0	neg 1.0	neg 0.7764379689430401 off 0.20373053350369555 __DUMMY__ 0.01983149755326438	false	1.0
unzufrieden	neg 1.0		neg 0.5830192556667607 off 0.37546388057284497 __DUMMY__ 0.041516863760394325	false	1.0
verzweifeln	neg 1.0		neg 0.579670737027311 off 0.37866456190321585 __DUMMY__ 0.04166470106947338	false	1.0
verzweifelt	neg 1.0		neg 0.5783723088488075 off 0.3800789845912282 __DUMMY__ 0.04154870655996421	false	1.0
misstrauensantrag	neg 1.0		neg 0.5780086064012506 off 0.380701121858775 __DUMMY__ 0.04129027173997417	false	1.0
abfallen	neg 1.0		neg 0.575500167583122 off 0.38255342898110173 __DUMMY__ 0.041946403435776276	false	1.0
fucker	off 1.0		neg 0.572102943046618 off 0.38660342207442805 __DUMMY__ 0.04129363487895396	false	0.5
ungezogen	neg 1.0		neg 0.5648817754905125 off 0.39380747985506753 __DUMMY__ 0.04131074465441981	false	1.0
irrsinnig	neg 1.0	neg 1.0	neg 0.778587240853633 off 0.20163702385368162 __DUMMY__ 0.019775735292685385	false	1.0
unfassbar	neg 1.0		neg 0.574378410404599 off 0.38415407665368556 __DUMMY__ 0.0414675129417155	false	1.0
hart	neg 1.0		neg 0.5755729766201753 off 0.3831626178354324 __DUMMY__ 0.04126440554439233	false	1.0
widerlich	off 1.0		neg 0.5747978752359558 off 0.3839130967182751 __DUMMY__ 0.04128902804576901	false	0.5
fatal	neg 1.0		neg 0.5772978504082654 off 0.38129908776498384 __DUMMY__ 0.04140306182675068	false	1.0
bruch	neg 1.0		neg 0.5883277816854884 off 0.3703150087251019 __DUMMY__ 0.041357209589409624	false	1.0
aushungern	neg 1.0		neg 0.5831924642251094 off 0.37574870510529307 __DUMMY__ 0.041058830669597646	false	1.0
anspannung	neg 1.0		neg 0.5849963257544448 off 0.37309883104945396 __DUMMY__ 0.0419048431961013	false	1.0
von			neg 0.581351524321685 off 0.3766320839058165 __DUMMY__ 0.04201639177249851	false	0.0
kraftlos	neg 1.0		neg 0.5798520716301487 off 0.3782030095173652 __DUMMY__ 0.04194491885248598	false	1.0
vom			neg 0.5858848116046368 off 0.37187448436113385 __DUMMY__ 0.042240704034229325	false	0.0
grenzdebil	off 1.0		neg 0.5726524752715253 off 0.3858304317107449 __DUMMY__ 0.04151709301772963	false	0.5
vor			neg 0.5841036576972092 off 0.37403958227520956 __DUMMY__ 0.04185676002758128	false	0.0
unterwerfen	neg 1.0		neg 0.5846692013145741 off 0.37390992510309456 __DUMMY__ 0.04142087358233122	false	1.0
versenkung	neg 1.0		neg 0.5842413667501893 off 0.3742089214465948 __DUMMY__ 0.04154971180321584	false	1.0
entziehen	neg 1.0		neg 0.5868103254126766 off 0.3716408516885814 __DUMMY__ 0.041548822898742094	false	1.0
finanzkrise	neg 1.0		neg 0.5836448827537823 off 0.375315366484629 __DUMMY__ 0.04103975076158878	false	1.0
schimpfend	neg 1.0		neg 0.5736530341414617 off 0.38430080331242905 __DUMMY__ 0.042046162546109295	false	1.0
profan	neg 1.0		neg 0.5768943363758166 off 0.38152632179230267 __DUMMY__ 0.041579341831880764	false	1.0
korruption	neg 1.0		neg 0.5856520730359311 off 0.373271565509607 __DUMMY__ 0.04107636145446167	false	1.0
â			neg 0.581052469584888 off 0.37725986282361273 __DUMMY__ 0.041687667591499174	false	0.0
schmutzig	neg 1.0		neg 0.5714688042908128 off 0.3867954701351105 __DUMMY__ 0.04173572557407668	false	1.0
sexy	neg 1.0		neg 0.5745131460201913 off 0.38394743446720286 __DUMMY__ 0.041539419512605834	false	1.0
abraten	neg 1.0		neg 0.5772605767374215 off 0.3810715771120393 __DUMMY__ 0.041667846150539097	false	1.0
schwarz	neg 1.0		neg 0.5778596781978526 off 0.38068213424110947 __DUMMY__ 0.04145818756103804	false	1.0
fotze	off 1.0		neg 0.5824450630110014 off 0.37617426398604414 __DUMMY__ 0.04138067300295438	false	0.5
verwirren	neg 1.0		neg 0.5761498210000834 off 0.382295129879184 __DUMMY__ 0.04155504912073261	false	1.0
zahnlos	off 1.0		neg 0.5835830039730439 off 0.3750184258492628 __DUMMY__ 0.041398570177693314	false	0.5
verheeren	neg 1.0		neg 0.5661592726581253 off 0.392983230072907 __DUMMY__ 0.04085749726896775	false	1.0
hippie	neg 1.0		neg 0.5751708180279866 off 0.38333599861940404 __DUMMY__ 0.041493183352609174	false	1.0
rammen	neg 1.0		neg 0.5756281179320907 off 0.3827801032094875 __DUMMY__ 0.041591778858421746	false	1.0
unlauter	neg 1.0	neg 1.0	neg 0.778227224014956 off 0.20210653652929392 __DUMMY__ 0.0196662394557501	false	1.0
unheilvoll	neg 1.0		neg 0.5765354105969038 off 0.3818245615877636 __DUMMY__ 0.04164002781533267	false	1.0
niedrig	neg 1.0		neg 0.5827993710367191 off 0.37568194774408725 __DUMMY__ 0.041518681219193804	false	1.0
explosion	neg 1.0		neg 0.5750249198595478 off 0.38338588908316357 __DUMMY__ 0.041589191057288595	false	1.0
weichei	off 1.0		neg 0.568492533804013 off 0.39022924424237665 __DUMMY__ 0.04127822195361042	false	0.5
minusmensch	off 1.0		neg 0.5668470005214733 off 0.39236004684963244 __DUMMY__ 0.040792952628894326	false	0.5
farblos	neg 1.0		neg 0.5796391313656598 off 0.37898814811339254 __DUMMY__ 0.041372720520947814	false	1.0
unwissend	neg 1.0	neg 1.0	neg 0.7762437928872605 off 0.20402973162272767 __DUMMY__ 0.019726475490011778	false	1.0
traurig	neg 1.0		neg 0.5705913829783177 off 0.3878926393209009 __DUMMY__ 0.0415159777007813	false	1.0
senkung	neg 1.0		neg 0.5769649900141552 off 0.38167079322771574 __DUMMY__ 0.04136421675812911	false	1.0
ungleich	neg 1.0	neg 1.0	neg 0.7816518410657155 off 0.19861069176549115 __DUMMY__ 0.019737467168793307	false	1.0
heikel	neg 1.0		neg 0.5855026242105285 off 0.37295974708082663 __DUMMY__ 0.04153762870864501	false	1.0
drosselung	neg 1.0		neg 0.5699006003326501 off 0.38856350994715694 __DUMMY__ 0.041535889720192884	false	1.0
falsch	neg 1.0		neg 0.5757423820358715 off 0.3827940914841701 __DUMMY__ 0.04146352647995839	false	1.0
unzufriedenheit	neg 1.0		neg 0.5861425299357655 off 0.3723730042704952 __DUMMY__ 0.04148446579373933	false	1.0
kurz	neg 1.0		neg 0.5787623348803287 off 0.3793297719275033 __DUMMY__ 0.04190789319216811	false	1.0
unsinnig	neg 1.0		neg 0.5826508843629026 off 0.3758627848320323 __DUMMY__ 0.041486330805065016	false	1.0
penner	off 1.0	off 1.0	off 0.6789872611680915 neg 0.30130454458483036 __DUMMY__ 0.019708194247078085	false	1.0
seicht	neg 1.0		neg 0.5680547262591368 off 0.39096675260874214 __DUMMY__ 0.04097852113212108	false	1.0
dummheit	off 1.0	off 1.0	off 0.672274086327978 neg 0.3080329107561793 __DUMMY__ 0.01969300291584268	false	1.0
unerfreulich	neg 1.0		neg 0.5852150812096596 off 0.3731284556910992 __DUMMY__ 0.04165646309924119	false	1.0
motherfucker	off 1.0	off 1.0	off 0.6757215930238188 neg 0.30459657807501456 __DUMMY__ 0.019681828901166657	false	1.0
pikiert	neg 1.0		neg 0.5759277463941886 off 0.3827396087577415 __DUMMY__ 0.04133264484807004	false	1.0
wrack	neg 1.0		neg 0.5809934387880974 off 0.37734536852930856 __DUMMY__ 0.041661192682594064	false	1.0
gangster	neg 1.0		neg 0.5762139089095601 off 0.38230187608437244 __DUMMY__ 0.04148421500606727	false	1.0
krank	neg 1.0		neg 0.5711020105819029 off 0.3871858187357242 __DUMMY__ 0.04171217068237298	false	1.0
reich	neg 1.0		neg 0.5781763890141015 off 0.3809742645669981 __DUMMY__ 0.04084934641890046	false	1.0
gnadenlos	neg 1.0		neg 0.5785483833734295 off 0.37990165976496076 __DUMMY__ 0.04154995686160964	false	1.0
niedergeschlagen	neg 1.0		neg 0.5804702201949772 off 0.3778588401678826 __DUMMY__ 0.04167093963714012	false	1.0
terrorisieren	off 1.0	off 1.0	off 0.6693072986825466 neg 0.3108703403397053 __DUMMY__ 0.019822360977748192	false	1.0
sinnlosigkeit	neg 1.0		neg 0.5832299729794784 off 0.37533506321143634 __DUMMY__ 0.04143496380908526	false	1.0
behindern	neg 1.0		neg 0.5783747774033311 off 0.3799128322294758 __DUMMY__ 0.041712390367193174	false	1.0
undemokratisch	neg 1.0		neg 0.5823497192378106 off 0.37667094389715494 __DUMMY__ 0.040979336865034396	false	1.0
wirtschaftskrise	neg 1.0		neg 0.584424486168441 off 0.3743459458393769 __DUMMY__ 0.04122956799218206	false	1.0
neid	neg 1.0		neg 0.5741051409072224 off 0.38417476987203864 __DUMMY__ 0.041720089220739026	false	1.0
rutschen	neg 1.0		neg 0.5823211994002715 off 0.37535499276463236 __DUMMY__ 0.042323807835096094	false	1.0
rezession	neg 1.0		neg 0.572990122647974 off 0.3860969423607943 __DUMMY__ 0.04091293499123182	false	1.0
fehlgeburt	neg 1.0		neg 0.5788626241732416 off 0.3796176578195872 __DUMMY__ 0.041519718007171295	false	1.0
charakterschwach	off 1.0		neg 0.5747806550430237 off 0.38390420969583366 __DUMMY__ 0.04131513526114258	false	0.5
isolation	neg 1.0		neg 0.5730789973714508 off 0.38535597349283646 __DUMMY__ 0.041565029135712764	false	1.0
ablenkung	neg 1.0		neg 0.5778335142830274 off 0.3804264125533644 __DUMMY__ 0.04174007316360817	false	1.0
pech	neg 1.0		neg 0.575261329481573 off 0.3831162684587581 __DUMMY__ 0.04162240205966868	false	1.0
vermeidung	neg 1.0		neg 0.5707101590318049 off 0.38767396018125716 __DUMMY__ 0.04161588078693793	false	1.0
dominieren	neg 1.0		neg 0.5808983288379113 off 0.3775527998630052 __DUMMY__ 0.04154887129908353	false	1.0
schwindlig	neg 1.0		neg 0.5739729909685296 off 0.38419167609215304 __DUMMY__ 0.04183533293931739	false	1.0
lutscher	neg 1.0		neg 0.5663086447932624 off 0.39263634860271707 __DUMMY__ 0.04105500660402064	false	1.0
pflicht	neg 1.0		neg 0.5857125482878052 off 0.3727539606627007 __DUMMY__ 0.04153349104949409	false	1.0
faschist	off 1.0		neg 0.5809232386791433 off 0.3780753613700994 __DUMMY__ 0.04100139995075747	false	0.5
verschleudern	neg 1.0		neg 0.5846975816937308 off 0.3740184768429153 __DUMMY__ 0.041283941463353936	false	1.0
wenn			neg 0.5752149493051565 off 0.3832586747599962 __DUMMY__ 0.04152637593484727	false	0.0
ehebruch	neg 1.0		neg 0.5853259625877034 off 0.3733874452731699 __DUMMY__ 0.04128659213912676	false	1.0
spott	off 1.0		neg 0.5854980273414391 off 0.3731500381283448 __DUMMY__ 0.041351934530216114	false	0.5
trostlosigkeit	neg 1.0		neg 0.5881760564125549 off 0.37063020516798273 __DUMMY__ 0.04119373841946238	false	1.0
lutschen	neg 1.0		neg 0.5764617638647854 off 0.38231435195454644 __DUMMY__ 0.041223884180668184	false	1.0
undiszipliniert	neg 1.0		neg 0.572236158830061 off 0.3863562864619523 __DUMMY__ 0.04140755470798683	false	1.0
kopfschmerz	neg 1.0		neg 0.5790972844237553 off 0.3792222674746213 __DUMMY__ 0.041680448101623364	false	1.0
unvorhergesehen	neg 1.0		neg 0.5782706551853976 off 0.37973333243881274 __DUMMY__ 0.041996012375789725	false	1.0
desinteressiert	neg 1.0		neg 0.5731431818276518 off 0.38552448367022574 __DUMMY__ 0.04133233450212249	false	1.0
armselig	off 1.0		neg 0.5730926394077455 off 0.38570686305115964 __DUMMY__ 0.041200497541094824	false	0.5
desaster	neg 1.0		neg 0.5889670612646248 off 0.3696991996604603 __DUMMY__ 0.0413337390749149	false	1.0
tod	neg 1.0		neg 0.5871509332482698 off 0.3717579106542843 __DUMMY__ 0.04109115609744577	false	1.0
herzlos	neg 1.0		neg 0.5705036559298103 off 0.38806628282586353 __DUMMY__ 0.0414300612443261	false	1.0
unwissenheit	neg 1.0		neg 0.5843085885734968 off 0.3743794579037688 __DUMMY__ 0.04131195352273451	false	1.0
widersinnig	neg 1.0		neg 0.5848952808795125 off 0.3740555071537166 __DUMMY__ 0.04104921196677082	false	1.0
bedenklich	neg 1.0		neg 0.5845485771072997 off 0.3739467169087122 __DUMMY__ 0.04150470598398803	false	1.0
beanstanden	neg 1.0		neg 0.5859824417906663 off 0.3724652068783429 __DUMMY__ 0.04155235133099092	false	1.0
panisch	neg 1.0	neg 1.0	neg 0.7755050864983932 off 0.2044331109310528 __DUMMY__ 0.020061802570553993	false	1.0
debil	off 1.0		neg 0.5882743249716027 off 0.37006848611656873 __DUMMY__ 0.04165718891182859	false	0.5
abstrich	neg 1.0		neg 0.5768088139632548 off 0.38135735997772896 __DUMMY__ 0.04183382605901621	false	1.0
primitiv	neg 1.0		neg 0.574179561777641 off 0.38454001933505655 __DUMMY__ 0.04128041888730255	false	1.0
abschaum	off 1.0	off 1.0	off 0.6735023780746077 neg 0.30684956869833185 __DUMMY__ 0.019648053227060487	false	1.0
provozieren	neg 1.0		neg 0.5807998474014486 off 0.377839835997087 __DUMMY__ 0.04136031660146422	false	1.0
tot	neg 1.0		neg 0.5808133960424399 off 0.3776960416115833 __DUMMY__ 0.041490562345976874	false	1.0
instabil	neg 1.0		neg 0.5723312448480683 off 0.38656818638139817 __DUMMY__ 0.04110056877053357	false	1.0
schwuchtel	off 1.0		neg 0.5623438506975404 off 0.39688905326485235 __DUMMY__ 0.04076709603760724	false	0.5
zerren	neg 1.0		neg 0.5804539805764394 off 0.3778552894715383 __DUMMY__ 0.04169072995202213	false	1.0
kinderficker	off 1.0		neg 0.5714555093034551 off 0.3874825384093452 __DUMMY__ 0.04106195228719982	false	0.5
gefahr	neg 1.0		neg 0.5845538849228897 off 0.3740368058868745 __DUMMY__ 0.04140930919023574	false	1.0
rabiat	neg 1.0		neg 0.5796621187169902 off 0.3787929346102206 __DUMMY__ 0.04154494667278906	false	1.0
verlangsamung	neg 1.0		neg 0.5695010160966891 off 0.3896370639078752 __DUMMY__ 0.04086191999543564	false	1.0
ausgestorben	neg 1.0		neg 0.580520785019646 off 0.37781588372578806 __DUMMY__ 0.041663331254566005	false	1.0
anklagen	neg 1.0		neg 0.5823608221006823 off 0.3763763372757845 __DUMMY__ 0.04126284062353322	false	1.0
trott	neg 1.0		neg 0.5787336939131345 off 0.3796211801644283 __DUMMY__ 0.04164512592243726	false	1.0
verminderung	neg 1.0		neg 0.5715834607986865 off 0.3870237354467022 __DUMMY__ 0.0413928037546114	false	1.0
nach			neg 0.584500149065224 off 0.37341038232345714 __DUMMY__ 0.04208946861131886	false	0.0
rost	neg 1.0		neg 0.5676507476326238 off 0.3913045137337705 __DUMMY__ 0.041044738633605665	false	1.0
destruktiv	neg 1.0	neg 1.0	neg 0.7803815672099476 off 0.19994303242228417 __DUMMY__ 0.01967540036776824	false	1.0
unzumutbarkeit	neg 1.0		neg 0.5719082450808061 off 0.38662035862230304 __DUMMY__ 0.04147139629689085	false	1.0
labil	off 1.0	off 1.0	off 0.6744613619630911 neg 0.3058516235201696 __DUMMY__ 0.01968701451673935	false	1.0
ziemlich	neg 1.0		neg 0.5731988154849431 off 0.38528023254664445 __DUMMY__ 0.041520951968412455	false	1.0
lachnummer	off 1.0		neg 0.5826791125039096 off 0.37602110745285333 __DUMMY__ 0.041299780043237116	false	0.5
oder			neg 0.5779690429167637 off 0.38025834511925716 __DUMMY__ 0.04177261196397924	false	0.0
verfall	neg 1.0		neg 0.5887047477393088 off 0.3696503855423576 __DUMMY__ 0.04164486671833359	false	1.0
ausgrenzung	neg 1.0		neg 0.5810451620960612 off 0.3779249293463862 __DUMMY__ 0.04102990855755282	false	1.0
unordnung	neg 1.0		neg 0.570570163185808 off 0.3882234553758925 __DUMMY__ 0.0412063814382995	false	1.0
fehlverhalten	neg 1.0		neg 0.5856730981196822 off 0.37295568846257093 __DUMMY__ 0.04137121341774693	false	1.0
eine			neg 0.5839481572108995 off 0.3742281071812466 __DUMMY__ 0.04182373560785386	false	0.0
nille	neg 1.0		neg 0.5813507927288661 off 0.3773691711882051 __DUMMY__ 0.04128003608292859	false	1.0
qual	neg 1.0		neg 0.5791278424731833 off 0.37926276740462783 __DUMMY__ 0.04160939012218895	false	1.0
verschwenden	neg 1.0		neg 0.5833744674766179 off 0.3750025967146092 __DUMMY__ 0.04162293580877279	false	1.0
riesig	neg 1.0		neg 0.5806376488007858 off 0.3778184227409767 __DUMMY__ 0.04154392845823743	false	1.0
verurteilen	neg 1.0		neg 0.5847278897161545 off 0.37403758318215014 __DUMMY__ 0.04123452710169522	false	1.0
klischee	neg 1.0	neg 1.0	neg 0.7775911423809595 off 0.20272356065978528 __DUMMY__ 0.01968529695925529	false	1.0
diktatorisch	neg 1.0		neg 0.5834921630152804 off 0.3756567775618634 __DUMMY__ 0.04085105942285606	false	1.0
vorhersehbar	neg 1.0		neg 0.5795330751221881 off 0.37921128369875 __DUMMY__ 0.04125564117906187	false	1.0
sowie			neg 0.5698831778768271 off 0.3890969834343821 __DUMMY__ 0.041019838688790854	false	0.0
stornieren	neg 1.0		neg 0.5744284176918653 off 0.38380376857887427 __DUMMY__ 0.04176781372926055	false	1.0
besteuerung	neg 1.0		neg 0.5789752340421939 off 0.3796427210997727 __DUMMY__ 0.041382044858033366	false	1.0
ungeschminkt	neg 1.0		neg 0.5733939612731026 off 0.3852168180235369 __DUMMY__ 0.041389220703360444	false	1.0
kritisch	neg 1.0		neg 0.5853923998021393 off 0.3732480696216974 __DUMMY__ 0.04135953057616319	false	1.0
schlamperei	off 1.0		neg 0.5853625207862695 off 0.3733665269081524 __DUMMY__ 0.0412709523055781	false	0.5
sucht	neg 1.0	neg 1.0	neg 0.7752700355116959 off 0.20471801828241915 __DUMMY__ 0.020011946205884926	false	1.0
egoistisch	off 1.0		neg 0.5691170240821785 off 0.3896412618867062 __DUMMY__ 0.04124171403111538	false	0.5
ausbeuter	off 1.0		neg 0.5870113219514389 off 0.371725635810614 __DUMMY__ 0.04126304223794703	false	0.5
arschgeburt	off 1.0		neg 0.5625347981353747 off 0.3966994263989034 __DUMMY__ 0.04076577546572199	false	0.5
schubs	neg 1.0	neg 1.0	neg 0.7784815891650746 off 0.2014901852450682 __DUMMY__ 0.020028225589857236	false	1.0
unsolide	neg 1.0		neg 0.5809912847262304 off 0.3783501790503223 __DUMMY__ 0.040658536223447506	false	1.0
beschwerde	neg 1.0		neg 0.5836332791633256 off 0.37501172067652583 __DUMMY__ 0.04135500016014862	false	1.0
stocken	neg 1.0		neg 0.5827206026287554 off 0.3757323995409519 __DUMMY__ 0.04154699783029289	false	1.0
isolieren	neg 1.0		neg 0.5790754207415388 off 0.37921352784478257 __DUMMY__ 0.04171105141367862	false	1.0
unheilbar	neg 1.0		neg 0.5802385235088542 off 0.37836817866695494 __DUMMY__ 0.04139329782419098	false	1.0
pisser	off 1.0		neg 0.5721476237243917 off 0.3867202247411852 __DUMMY__ 0.04113215153442316	false	0.5
löschen	neg 1.0		neg 0.5786098055211918 off 0.3799146572221173 __DUMMY__ 0.041475537256690904	false	1.0
durchfallen	neg 1.0		neg 0.5838394530106082 off 0.3746476449658356 __DUMMY__ 0.04151290202355614	false	1.0
wichser	off 1.0		neg 0.5641845063042661 off 0.39466788894641425 __DUMMY__ 0.04114760474931973	false	0.5
terror	neg 1.0		neg 0.5736260188130763 off 0.38467601449905975 __DUMMY__ 0.04169796668786393	false	1.0
krass	neg 1.0		neg 0.5701379297921978 off 0.3884697246121875 __DUMMY__ 0.0413923455956148	false	1.0
revolte	neg 1.0	neg 1.0	neg 0.7793482811783691 off 0.20120569510368003 __DUMMY__ 0.019446023717950834	false	1.0
besorgt	neg 1.0		neg 0.578374623334662 off 0.379677507366377 __DUMMY__ 0.04194786929896105	false	1.0
nachlassen	neg 1.0		neg 0.581298070475483 off 0.37705317760744805 __DUMMY__ 0.04164875191706887	false	1.0
alt	neg 1.0		neg 0.5817597123151709 off 0.37640195100212975 __DUMMY__ 0.04183833668269936	false	1.0
hundesohn	off 1.0		neg 0.5670426413830626 off 0.39205445099989483 __DUMMY__ 0.04090290761704246	false	0.5
als			neg 0.5809734987993466 off 0.37728750196708316 __DUMMY__ 0.041738999233570176	false	0.0
abschreckung	neg 1.0		neg 0.5872882274276572 off 0.3713416869489045 __DUMMY__ 0.0413700856234383	false	1.0
unqualifiziert	neg 1.0	neg 1.0	neg 0.7781177436541643 off 0.20218606504438846 __DUMMY__ 0.019696191301447293	false	1.0
abgewichst	off 1.0		neg 0.5813044903648416 off 0.37725541218788305 __DUMMY__ 0.04144009744727548	false	0.5
schwer	neg 1.0		neg 0.5794965163279974 off 0.378848060973361 __DUMMY__ 0.04165542269864171	false	1.0
bedeutungslosigkeit	neg 1.0		neg 0.5861305739461767 off 0.37246366886463783 __DUMMY__ 0.04140575718918541	false	1.0
kapitulation	neg 1.0		neg 0.5869588596166629 off 0.3720471106847503 __DUMMY__ 0.04099402969858661	false	1.0
unscharf	neg 1.0		neg 0.5758167606798131 off 0.3826378565006945 __DUMMY__ 0.04154538281949259	false	1.0
schwinden	neg 1.0		neg 0.5850483318406827 off 0.37345252254354455 __DUMMY__ 0.04149914561577268	false	1.0
versklavung	neg 1.0	neg 1.0	neg 0.7800574947669648 off 0.2004052107018627 __DUMMY__ 0.019537294531172436	false	1.0
schlecht	neg 1.0		neg 0.572666607469284 off 0.38578912165801527 __DUMMY__ 0.04154427087270066	false	1.0
verhasst	neg 1.0		neg 0.581297922621396 off 0.3774109473138782 __DUMMY__ 0.04129113006472581	false	1.0
beschweren	neg 1.0		neg 0.577539847784224 off 0.3808725214875327 __DUMMY__ 0.04158763072824333	false	1.0
scheiden	neg 1.0		neg 0.579058131181497 off 0.3792620440523693 __DUMMY__ 0.04167982476613371	false	1.0
frustriert	neg 1.0		neg 0.5810775553073975 off 0.37732399826861435 __DUMMY__ 0.041598446423988196	false	1.0
schimmelig	neg 1.0		neg 0.583277588679478 off 0.375201086647857 __DUMMY__ 0.041521324672665116	false	1.0
fisch	neg 1.0	neg 1.0	neg 0.7787420522714743 off 0.20126229240668433 __DUMMY__ 0.01999565532184127	false	1.0
schmuggel	neg 1.0		neg 0.5838168022003769 off 0.3744667627217996 __DUMMY__ 0.041716435077823584	false	1.0
auffallen	neg 1.0		neg 0.5771070346575254 off 0.3813309904410842 __DUMMY__ 0.041561974901390304	false	1.0
konkurrenz	neg 1.0		neg 0.5846212125915279 off 0.37364627188701793 __DUMMY__ 0.0417325155214542	false	1.0
teufelskreis	neg 1.0	neg 1.0	neg 0.7798339787406419 off 0.20039121694174233 __DUMMY__ 0.01977480431761584	false	1.0
aufschreien	neg 1.0		neg 0.5789105578174163 off 0.37974821506558554 __DUMMY__ 0.0413412271169981	false	1.0
schuldner	neg 1.0		neg 0.5858257002922116 off 0.3728781208149911 __DUMMY__ 0.041296178892797304	false	1.0
missgeburt	off 1.0	off 1.0	off 0.677542417397111 neg 0.3028788641862781 __DUMMY__ 0.019578718416610925	false	1.0
arbeitslos	neg 1.0		neg 0.5831232843844965 off 0.37542208722655546 __DUMMY__ 0.04145462838894811	false	1.0
befallen	neg 1.0		neg 0.5868786093902206 off 0.3721625495436027 __DUMMY__ 0.04095884106617667	false	1.0
miesepetrig	off 1.0		neg 0.5724885373694801 off 0.3859055195906584 __DUMMY__ 0.041605943039861606	false	0.5
alarmieren	neg 1.0		neg 0.5768500219958171 off 0.3820158315993617 __DUMMY__ 0.04113414640482124	false	1.0
ungeduscht	off 1.0		neg 0.5754582880779425 off 0.3829683415112732 __DUMMY__ 0.04157337041078452	false	0.5
knappheit	neg 1.0		neg 0.5835628480744812 off 0.37509324509287756 __DUMMY__ 0.04134390683264133	false	1.0
schlange	neg 1.0		neg 0.575987054494981 off 0.3822194083214418 __DUMMY__ 0.041793537183577194	false	1.0
harsch	neg 1.0		neg 0.5658037226191465 off 0.3927117852316858 __DUMMY__ 0.04148449214916775	false	1.0
lang	neg 1.0		neg 0.5780145749948773 off 0.3804446966925018 __DUMMY__ 0.04154072831262085	false	1.0
ziellos	neg 1.0		neg 0.5820149382239956 off 0.37631433654747054 __DUMMY__ 0.0416707252285337	false	1.0
selbstverliebt	neg 1.0		neg 0.5654663529013182 off 0.39371778590957246 __DUMMY__ 0.04081586118910941	false	1.0
beseitigen	neg 1.0		neg 0.5768200175663801 off 0.381457100033906 __DUMMY__ 0.04172288239971378	false	1.0
dumm	off 1.0		neg 0.5689262315506696 off 0.3899201614637269 __DUMMY__ 0.04115360698560355	false	0.5
arbeitsloser	neg 1.0		neg 0.5836693643286966 off 0.3748253647482136 __DUMMY__ 0.04150527092308985	false	1.0
blitzen	neg 1.0		neg 0.5766219068499175 off 0.3820297447766738 __DUMMY__ 0.041348348373408506	false	1.0
hilflos	neg 1.0		neg 0.5814734440547241 off 0.3769212875692503 __DUMMY__ 0.04160526837602567	false	1.0
eklig	off 1.0		neg 0.5683245808288225 off 0.390593164806415 __DUMMY__ 0.041082254364762434	false	0.5
begriff			neg 0.5820497205151108 off 0.3764768051349049 __DUMMY__ 0.041473474349984385	false	0.0
hungersnot	neg 1.0		neg 0.5846617271935164 off 0.3744047208543961 __DUMMY__ 0.04093355195208747	false	1.0
ungesetzlich	neg 1.0		neg 0.5813612259352281 off 0.3777098698324292 __DUMMY__ 0.0409289042323426	false	1.0
verschwendung	neg 1.0		neg 0.5849302938025656 off 0.3735004990583142 __DUMMY__ 0.04156920713912031	false	1.0
schmerzvoll	neg 1.0		neg 0.5773448841290547 off 0.3810465668545989 __DUMMY__ 0.041608549016346426	false	1.0
vorzeitig	neg 1.0		neg 0.5738578849502288 off 0.384721117320482 __DUMMY__ 0.041420997729289	false	1.0
unvollkommenheit	neg 1.0		neg 0.5796683216537365 off 0.378836730541852 __DUMMY__ 0.0414949478044115	false	1.0
intervenieren	neg 1.0		neg 0.5870778612180529 off 0.37172740027606066 __DUMMY__ 0.04119473850588642	false	1.0
banause	off 1.0		neg 0.5665509011359194 off 0.3923798944637122 __DUMMY__ 0.04106920440036845	false	0.5
rebell	neg 1.0		neg 0.5848444615783887 off 0.37347720468461404 __DUMMY__ 0.04167833373699733	false	1.0
unlogisch	neg 1.0		neg 0.5721824002382921 off 0.38654535145605795 __DUMMY__ 0.04127224830564987	false	1.0
leiden	neg 1.0	neg 1.0	neg 0.7789291320687628 off 0.20087253080915124 __DUMMY__ 0.020198337122086046	false	1.0
abschaffung	neg 1.0		neg 0.5809178081751452 off 0.37787264573579554 __DUMMY__ 0.04120954608905931	false	1.0
sturz	neg 1.0		neg 0.5809379621935914 off 0.37793433085094646 __DUMMY__ 0.04112770695546215	false	1.0
verkleinerung	neg 1.0		neg 0.5779557738510488 off 0.38094619981610484 __DUMMY__ 0.04109802633284652	false	1.0
schmarotzer	off 1.0		neg 0.5847569616499864 off 0.3739252369838922 __DUMMY__ 0.04131780136612163	false	0.5
bestrafung	neg 1.0		neg 0.5790352077263747 off 0.3795186383933844 __DUMMY__ 0.04144615388024074	false	1.0
achtlos	neg 1.0		neg 0.5784770916237023 off 0.37974998483049316 __DUMMY__ 0.041772923545804516	false	1.0
ungeheuer	neg 1.0		neg 0.5772400419321757 off 0.3812688726129772 __DUMMY__ 0.041491085454847074	false	1.0
unaufrichtig	neg 1.0		neg 0.5795480870639278 off 0.3793750670393367 __DUMMY__ 0.04107684589673539	false	1.0
groggy	neg 1.0		neg 0.5764535394269145 off 0.3821570513149457 __DUMMY__ 0.04138940925813991	false	1.0
verletzlich	neg 1.0		neg 0.5732018469278197 off 0.3853645976965598 __DUMMY__ 0.041433555375620414	false	1.0
