unsolidarisch	neg 1.0		__DUMMY__ 0.8723875174121515 neg 0.07965304515440184 off 0.047959437433446626	false	1.0
nachteilig	neg 1.0		__DUMMY__ 0.8815280201226455 neg 0.07372590512484813 off 0.044746074752506346	false	1.0
skeptisch	neg 1.0		__DUMMY__ 0.8835143050367005 neg 0.07405420455467267 off 0.0424314904086268	false	1.0
schrecklich	neg 1.0		__DUMMY__ 0.8798160578425999 neg 0.06663437334622498 off 0.05354956881117516	false	1.0
schlapp	neg 1.0		__DUMMY__ 0.8844335873973742 neg 0.06595579846003581 off 0.04961061414258995	false	1.0
abfall	neg 1.0		__DUMMY__ 0.8839032956506322 neg 0.07504468484272303 off 0.04105201950664477	false	1.0
widerspenstig	neg 1.0		__DUMMY__ 0.8851890083389617 neg 0.06884323555903983 off 0.04596775610199837	false	1.0
abrupt	neg 1.0		__DUMMY__ 0.8865215186657068 neg 0.06858172303608613 off 0.04489675829820714	false	1.0
unwirksam	neg 1.0		__DUMMY__ 0.8762904755132743 neg 0.07610754429639632 off 0.04760198019032931	false	1.0
angreifen	neg 1.0		__DUMMY__ 0.881010304675378 neg 0.07522071054011222 off 0.04376898478450978	false	1.0
inkonsistent	neg 1.0		__DUMMY__ 0.8788897978910696 neg 0.07275624555115803 off 0.048353956557772415	false	1.0
abrutschen	neg 1.0		__DUMMY__ 0.8852971846890334 neg 0.07358306544542922 off 0.041119749865537444	false	1.0
unsicher	neg 1.0		__DUMMY__ 0.88301690698991 neg 0.07047611880334022 off 0.04650697420674985	false	1.0
bauernkind	off 1.0		__DUMMY__ 0.875278624536966 neg 0.06839867826756113 off 0.0563226971954728	false	0.5
angreifer	neg 1.0		__DUMMY__ 0.8771905965873108 neg 0.0732464409488091 off 0.04956296246388008	false	1.0
trennen	neg 1.0		__DUMMY__ 0.8886810976195928 neg 0.06863971169702142 off 0.0426791906833858	false	1.0
schmutz	neg 1.0		__DUMMY__ 0.8879301297789657 neg 0.06165503678262041 off 0.05041483343841383	false	1.0
inkonsistenz	neg 1.0	neg 1.0	neg 0.5245463395896076 __DUMMY__ 0.43795513262294977 off 0.0374985277874427	false	1.0
erschreckend	neg 1.0		__DUMMY__ 0.8812076694381018 neg 0.07303044926297306 off 0.045761881298925174	false	1.0
ertrinken	neg 1.0		__DUMMY__ 0.8851017944064026 neg 0.0710932396722514 off 0.04380496592134606	false	1.0
pickelface	off 1.0		__DUMMY__ 0.8792132668383608 neg 0.0731988249618237 off 0.04758790819981559	false	0.5
seiner			__DUMMY__ 0.8835185542057977 neg 0.07304975926835929 off 0.043431686525842964	false	0.0
lauch	neg 1.0		__DUMMY__ 0.883640227900711 neg 0.0744104182759645 off 0.04194935382332455	false	1.0
unwichtig	neg 1.0		__DUMMY__ 0.8801013127625497 neg 0.06964439322620176 off 0.0502542940112486	false	1.0
steuerhinterziehung	neg 1.0		__DUMMY__ 0.8762498172921201 neg 0.07711644069197798 off 0.04663374201590188	false	1.0
schock	neg 1.0		__DUMMY__ 0.886084419836334 neg 0.06901616088092342 off 0.04489941928274261	false	1.0
beule	neg 1.0		__DUMMY__ 0.883990756232768 neg 0.06538599327725916 off 0.050623250489972856	false	1.0
vergelten	neg 1.0		__DUMMY__ 0.8770424426182679 neg 0.06782008456960337 off 0.055137472812128746	false	1.0
verdorbenheit	neg 1.0	neg 1.0	neg 0.5210403517922554 __DUMMY__ 0.4431670520111233 off 0.03579259619662131	false	1.0
trauma	neg 1.0		__DUMMY__ 0.8812015500492741 neg 0.07067467756009824 off 0.04812377239062773	false	1.0
sinnlos	neg 1.0		__DUMMY__ 0.8815119122414945 neg 0.07014075440993076 off 0.04834733334857481	false	1.0
fettsack	off 1.0	off 1.0	off 0.5119761329827218 __DUMMY__ 0.4361806842195647 neg 0.051843182797713556	false	1.0
feige	off 1.0		__DUMMY__ 0.8781707821776594 neg 0.07172737403834681 off 0.05010184378399388	false	0.5
abdanken	neg 1.0		__DUMMY__ 0.8744356537474243 neg 0.07849944710739272 off 0.047064899145182935	false	1.0
wichtigtuer	off 1.0	off 1.0	off 0.5066440668254246 __DUMMY__ 0.43769873891895866 neg 0.05565719425561664	false	1.0
misslingen	neg 1.0		__DUMMY__ 0.8855843222714425 neg 0.06649135145667148 off 0.047924326271886086	false	1.0
untreu	off 1.0		__DUMMY__ 0.8804675005212556 neg 0.06871322865314498 off 0.050819270825599484	false	0.5
missmutig	neg 1.0		__DUMMY__ 0.8837783294514526 neg 0.0668084083683568 off 0.04941326218019047	false	1.0
hurenbock	off 1.0		__DUMMY__ 0.8865615353431451 neg 0.06624822230691008 off 0.047190242349944775	false	0.5
betrunken	neg 1.0		__DUMMY__ 0.8830298809024305 neg 0.06531863997806853 off 0.05165147911950088	false	1.0
korrupt	off 1.0		__DUMMY__ 0.874882484347086 neg 0.079462927732954 off 0.04565458791995997	false	0.5
unmut	neg 1.0		__DUMMY__ 0.8828547666660227 neg 0.07525003595709476 off 0.04189519737688248	false	1.0
hackfresse	off 1.0		__DUMMY__ 0.8778739584164361 neg 0.06584822143922216 off 0.05627782014434174	false	0.5
aufblasen	neg 1.0		__DUMMY__ 0.8850664868632016 neg 0.06756759010827668 off 0.04736592302852176	false	1.0
gewaltsam	neg 1.0		__DUMMY__ 0.8766709496404363 neg 0.07542973904180132 off 0.047899311317762365	false	1.0
unbeliebtheit	neg 1.0		__DUMMY__ 0.8695847806386676 neg 0.07768617898906739 off 0.05272904037226497	false	1.0
sturheit	neg 1.0		__DUMMY__ 0.8782206629823355 neg 0.07566036159943218 off 0.046118975418232296	false	1.0
kuh	neg 1.0		__DUMMY__ 0.8805267332125656 neg 0.07186333640789243 off 0.04760993037954207	false	1.0
erschrecken	neg 1.0		__DUMMY__ 0.8830716552575226 neg 0.06766197302032702 off 0.04926637172215033	false	1.0
opfer	neg 1.0	neg 1.0	neg 0.5263386063453507 __DUMMY__ 0.4403074708319002 off 0.03335392282274915	false	1.0
sinken	neg 1.0		__DUMMY__ 0.883230691235023 neg 0.07453354932980509 off 0.042235759435172014	false	1.0
stinktier	neg 1.0		__DUMMY__ 0.8772215631339925 neg 0.06893314866150924 off 0.053845288204498284	false	1.0
tucke	off 1.0		__DUMMY__ 0.8785655337470352 neg 0.06509561223515377 off 0.05633885401781109	false	0.5
ein			__DUMMY__ 0.8877418139043641 neg 0.06570705396821466 off 0.04655113212742116	false	0.0
abstieg	neg 1.0		__DUMMY__ 0.8797093205604052 neg 0.07462925711134998 off 0.045661422328244876	false	1.0
missverstehen	neg 1.0		__DUMMY__ 0.8786550518153037 neg 0.07291218127690109 off 0.048432766907795285	false	1.0
ergebnislos	neg 1.0		__DUMMY__ 0.8808473911372496 neg 0.07394413873511266 off 0.045208470127637665	false	1.0
unter			__DUMMY__ 0.8915563789076904 neg 0.07062003489233502 off 0.03782358619997458	false	0.0
manipulieren	neg 1.0		__DUMMY__ 0.8805981166494354 neg 0.07584381633409824 off 0.04355806701646625	false	1.0
unbewiesen	neg 1.0		__DUMMY__ 0.8713324464848392 neg 0.08087753327358756 off 0.04779002024157331	false	1.0
verschleppen	neg 1.0		__DUMMY__ 0.8794521025891455 neg 0.07549443595484401 off 0.045053461456010475	false	1.0
weib	off 1.0		__DUMMY__ 0.8773997264246646 neg 0.06525301770064708 off 0.057347255874688294	false	0.5
opposition	neg 1.0		__DUMMY__ 0.8754595996075262 neg 0.07616909970107037 off 0.0483713006914035	false	1.0
verkehrswidrig	neg 1.0		__DUMMY__ 0.8816420324249419 neg 0.06392093010370363 off 0.054437037471354394	false	1.0
inkorrekt	neg 1.0		__DUMMY__ 0.8737738341974132 neg 0.07466394843588278 off 0.05156221736670403	false	1.0
vermeiden	neg 1.0		__DUMMY__ 0.887986348457846 neg 0.07218850629509119 off 0.039825145247062814	false	1.0
abweichung	neg 1.0		__DUMMY__ 0.8749994763636134 neg 0.07967189665706616 off 0.04532862697932036	false	1.0
alkoholisiert	neg 1.0		__DUMMY__ 0.8849997223035859 neg 0.07068050506877674 off 0.044319772627637234	false	1.0
scheiss	off 1.0	off 1.0	off 0.508823589735683 __DUMMY__ 0.4399719348933586 neg 0.05120447537095847	false	1.0
herausforderung	neg 1.0		__DUMMY__ 0.8889776259158406 neg 0.06657501247269657 off 0.04444736161146287	false	1.0
pervers	off 1.0		__DUMMY__ 0.876453372870494 neg 0.06394695131597274 off 0.05959967581353342	false	0.5
wackelig	neg 1.0		__DUMMY__ 0.8892712077080434 neg 0.06655862433049776 off 0.044170167961458916	false	1.0
verwickeln	neg 1.0		__DUMMY__ 0.8798376322847868 neg 0.0719878115266446 off 0.04817455618856854	false	1.0
vorwand	neg 1.0		__DUMMY__ 0.8813373104528944 neg 0.07611025413519142 off 0.0425524354119141	false	1.0
muschi	off 1.0		__DUMMY__ 0.8795344939201083 neg 0.073179189940592 off 0.047286316139299726	false	0.5
entmutigung	neg 1.0		__DUMMY__ 0.86939485623436 neg 0.08088849949203597 off 0.049716644273604026	false	1.0
unangemessen	neg 1.0		__DUMMY__ 0.8784247123667033 neg 0.07639256557103699 off 0.04518272206225981	false	1.0
unstetig	neg 1.0		__DUMMY__ 0.8786070997157053 neg 0.07179240948357996 off 0.049600490800714755	false	1.0
entmutigen	neg 1.0		__DUMMY__ 0.8825077982021413 neg 0.07007671766889056 off 0.047415484128968136	false	1.0
schwanz	neg 1.0		__DUMMY__ 0.8817876355986187 neg 0.07307547102660591 off 0.045136893374775396	false	1.0
verbot	neg 1.0		__DUMMY__ 0.8759901037168907 neg 0.07797684917865987 off 0.04603304710444947	false	1.0
leid	neg 1.0		__DUMMY__ 0.8783832201164546 neg 0.06686594234792403 off 0.05475083753562125	false	1.0
archaisch	neg 1.0		__DUMMY__ 0.8794853358439372 neg 0.07504552414696308 off 0.04546914000909975	false	1.0
gegen			__DUMMY__ 0.88141413577704 neg 0.07546408306619637 off 0.043121781156763725	false	0.0
scheidung	neg 1.0	neg 1.0	neg 0.5137083841640213 __DUMMY__ 0.4362466843138757 off 0.05004493152210294	false	1.0
einschlag	neg 1.0		__DUMMY__ 0.8788684628178326 neg 0.06666430190421378 off 0.054467235277953586	false	1.0
m			__DUMMY__ 0.884512858195818 neg 0.07000195196041363 off 0.04548518984376826	false	0.0
abgestanden	neg 1.0		__DUMMY__ 0.8845487626921835 neg 0.06958035138975353 off 0.04587088591806295	false	1.0
schmierig	off 1.0		__DUMMY__ 0.8798432003940851 neg 0.0663639659664231 off 0.053792833639491756	false	0.5
unpraktisch	neg 1.0		__DUMMY__ 0.8857193683252748 neg 0.06712936178007968 off 0.04715126989464551	false	1.0
wixxer	off 1.0		__DUMMY__ 0.874446709163314 neg 0.06573465791158509 off 0.059818632925100854	false	0.5
bezeichnet			__DUMMY__ 0.8791902258673574 neg 0.07445565119582963 off 0.04635412293681299	false	0.0
jammerlappen	off 1.0		__DUMMY__ 0.8810881941281824 neg 0.06870236303299074 off 0.05020944283882678	false	0.5
farce	neg 1.0		__DUMMY__ 0.8723547133948424 neg 0.08113182511226559 off 0.04651346149289204	false	1.0
zwecklos	neg 1.0		__DUMMY__ 0.879677965509951 neg 0.07549780240816668 off 0.04482423208188221	false	1.0
turbulent	neg 1.0		__DUMMY__ 0.8774534136110631 neg 0.06933380646553615 off 0.0532127799234007	false	1.0
invasion	neg 1.0		__DUMMY__ 0.8834103801962992 neg 0.067431761196552 off 0.049157858607148795	false	1.0
schuld	neg 1.0		__DUMMY__ 0.8805509480527908 neg 0.07204752999028075 off 0.04740152195692847	false	1.0
risiko	neg 1.0		__DUMMY__ 0.884969928180865 neg 0.06583437182656901 off 0.049195699992566136	false	1.0
finster	neg 1.0		__DUMMY__ 0.8864686689985671 neg 0.06729482537223777 off 0.046236505629195096	false	1.0
geisteskrank	off 1.0		__DUMMY__ 0.8759892951395579 neg 0.07218717623760734 off 0.051823528622834826	false	0.5
zusammenbrechen	neg 1.0		__DUMMY__ 0.8835215817647305 neg 0.07104517141777533 off 0.04543324681749424	false	1.0
ausbeute	neg 1.0		__DUMMY__ 0.8876282959102167 neg 0.0683758667989017 off 0.04399583729088154	false	1.0
hinterhalt	neg 1.0		__DUMMY__ 0.881517773429497 neg 0.07104042963178493 off 0.04744179693871807	false	1.0
kritik	neg 1.0		__DUMMY__ 0.8740168743483376 neg 0.07953035309963107 off 0.04645277255203125	false	1.0
einschrumpfen	neg 1.0		__DUMMY__ 0.8746247709275833 neg 0.07522681758272137 off 0.05014841148969536	false	1.0
riskant	neg 1.0		__DUMMY__ 0.8826114876124931 neg 0.07367055634660613 off 0.043717956040900785	false	1.0
frustrieren	neg 1.0		__DUMMY__ 0.8818545780437537 neg 0.07442783677548921 off 0.04371758518075706	false	1.0
groll	neg 1.0		__DUMMY__ 0.8802320575390224 neg 0.07478474367843006 off 0.04498319878254757	false	1.0
gibt			__DUMMY__ 0.8823194909632297 neg 0.07242112914034499 off 0.04525937989642527	false	0.0
qualvoll	neg 1.0		__DUMMY__ 0.8837199536345619 neg 0.06803888082912528 off 0.04824116553631285	false	1.0
wackeln	neg 1.0		__DUMMY__ 0.8867905861513665 neg 0.06634950535080858 off 0.046859908497824926	false	1.0
klagen	neg 1.0		__DUMMY__ 0.8801554679607095 neg 0.07732525741645058 off 0.04251927462283992	false	1.0
bankrott	neg 1.0		__DUMMY__ 0.883257968896399 neg 0.06648561442251512 off 0.05025641668108594	false	1.0
trauern	neg 1.0		__DUMMY__ 0.8830086268854997 neg 0.07313870214439402 off 0.04385267097010619	false	1.0
ablehnung	neg 1.0	neg 1.0	neg 0.52954416041951 __DUMMY__ 0.4353569253981156 off 0.035098914182374305	false	1.0
stur	neg 1.0		__DUMMY__ 0.8808767805330969 neg 0.07144675615333401 off 0.047676463313569034	false	1.0
aufruhr	neg 1.0		__DUMMY__ 0.876294451101747 neg 0.07610673076653807 off 0.04759881813171485	false	1.0
melancholie	neg 1.0		__DUMMY__ 0.8879907857643448 neg 0.06773938225640161 off 0.04426983197925361	false	1.0
ist			__DUMMY__ 0.8814217573843948 neg 0.0707890084478578 off 0.04778923416774742	false	0.0
torheit	neg 1.0		__DUMMY__ 0.8744877795861351 neg 0.0772427446198542 off 0.04826947579401065	false	1.0
dreckskind	off 1.0		__DUMMY__ 0.8733384459755097 neg 0.07095913681391953 off 0.05570241721057084	false	0.5
umtauschen	neg 1.0		__DUMMY__ 0.8858094358506162 neg 0.06842060732356252 off 0.0457699568258213	false	1.0
zum			__DUMMY__ 0.8928272151011958 neg 0.06709325790898518 off 0.040079526989819036	false	0.0
zersetzen	neg 1.0		__DUMMY__ 0.8805225998396896 neg 0.07640168816232193 off 0.04307571199798852	false	1.0
zur			__DUMMY__ 0.8856615453891018 neg 0.07386214189014202 off 0.040476312720756094	false	0.0
frust	neg 1.0		__DUMMY__ 0.8834880370405775 neg 0.07117959133578078 off 0.04533237162364167	false	1.0
unerbittlichkeit	neg 1.0		__DUMMY__ 0.8802606955992954 neg 0.07588731372416577 off 0.04385199067653887	false	1.0
zwei			__DUMMY__ 0.8900653207453977 neg 0.06841833755744589 off 0.041516341697156366	false	0.0
unkorrekt	neg 1.0		__DUMMY__ 0.8756417397972261 neg 0.07238453648044238 off 0.05197372372233154	false	1.0
hexe	off 1.0		__DUMMY__ 0.8812689089377548 neg 0.06841545888129723 off 0.0503156321809481	false	0.5
lasch	neg 1.0		__DUMMY__ 0.878459823845035 neg 0.07212877680826915 off 0.04941139934669593	false	1.0
rivale	neg 1.0		__DUMMY__ 0.8779316803851167 neg 0.0681346659886127 off 0.05393365362627053	false	1.0
mutlos	off 1.0	off 1.0	off 0.5038436312234761 __DUMMY__ 0.4376368395559341 neg 0.0585195292205899	false	1.0
wirr	off 1.0		__DUMMY__ 0.8755421516574584 neg 0.07138132402213758 off 0.053076524320404085	false	0.5
jahr			__DUMMY__ 0.8886188284830915 neg 0.06806996988838014 off 0.043311201628528334	false	0.0
wird			__DUMMY__ 0.8830279662612777 neg 0.07285914720638184 off 0.044112886532340495	false	0.0
strafbar	neg 1.0		__DUMMY__ 0.8781764395717974 neg 0.07759354678048398 off 0.04423001364771856	false	1.0
erosion	neg 1.0		__DUMMY__ 0.8846362021118344 neg 0.067579593340547 off 0.0477842045476186	false	1.0
eingehen	neg 1.0		__DUMMY__ 0.8806315122819873 neg 0.07478758225561831 off 0.04458090546239432	false	1.0
faul	off 1.0		__DUMMY__ 0.8846651088725657 neg 0.06582544544478396 off 0.049509445682650505	false	0.5
provisorium	neg 1.0		__DUMMY__ 0.8894805204143998 neg 0.07313771464071052 off 0.03738176494488962	false	1.0
schmerzen	neg 1.0		__DUMMY__ 0.8850705795500093 neg 0.06976392595610931 off 0.04516549449388134	false	1.0
schrumpfen	neg 1.0		__DUMMY__ 0.8851937918285432 neg 0.07471100425355598 off 0.04009520391790087	false	1.0
geistlos	off 1.0		__DUMMY__ 0.8721391071788547 neg 0.07834706652749787 off 0.04951382629364738	false	0.5
fehlkauf	neg 1.0		__DUMMY__ 0.8792402452452005 neg 0.07162591450732506 off 0.04913384024747452	false	1.0
frustrierend	neg 1.0	neg 1.0	neg 0.5223603314296259 __DUMMY__ 0.4402760986176631 off 0.037363569952710965	false	1.0
unzufrieden	neg 1.0		__DUMMY__ 0.8813040317164625 neg 0.07387972430277118 off 0.04481624398076634	false	1.0
verzweifeln	neg 1.0		__DUMMY__ 0.8833452578300509 neg 0.0705676965870365 off 0.04608704558291254	false	1.0
verzweifelt	neg 1.0		__DUMMY__ 0.8816435750365452 neg 0.07079172668280241 off 0.04756469828065236	false	1.0
misstrauensantrag	neg 1.0		__DUMMY__ 0.8782875800239799 neg 0.0727142237663631 off 0.04899819620965691	false	1.0
abfallen	neg 1.0		__DUMMY__ 0.8875451349999331 neg 0.06571293728281867 off 0.046741927717248104	false	1.0
fucker	off 1.0		__DUMMY__ 0.8781541858664735 neg 0.06865174135735783 off 0.05319407277616869	false	0.5
ungezogen	neg 1.0		__DUMMY__ 0.8788046844491018 neg 0.06374622963820308 off 0.05744908591269507	false	1.0
irrsinnig	neg 1.0	neg 1.0	neg 0.5250102805010797 __DUMMY__ 0.4391385442327189 off 0.035851175266201366	false	1.0
unfassbar	neg 1.0		__DUMMY__ 0.8806013418886766 neg 0.06884687988783725 off 0.0505517782234861	false	1.0
hart	neg 1.0		__DUMMY__ 0.8786315478549919 neg 0.07084713405547964 off 0.05052131808952842	false	1.0
widerlich	off 1.0		__DUMMY__ 0.8782004465990841 neg 0.07044454608715008 off 0.051355007313765785	false	0.5
fatal	neg 1.0		__DUMMY__ 0.879819454830137 neg 0.07109984742734851 off 0.04908069774251439	false	1.0
bruch	neg 1.0		__DUMMY__ 0.8794295996140176 neg 0.0783193743185715 off 0.04225102606741094	false	1.0
aushungern	neg 1.0		__DUMMY__ 0.8753281010761704 neg 0.07707297368184687 off 0.04759892524198267	false	1.0
anspannung	neg 1.0		__DUMMY__ 0.8870124098965484 neg 0.071919980167728 off 0.041067609935723594	false	1.0
von			__DUMMY__ 0.8889008438542113 neg 0.06850252245927654 off 0.042596633686512134	false	0.0
kraftlos	neg 1.0		__DUMMY__ 0.8875318590002745 neg 0.06835993135721055 off 0.04410820964251486	false	1.0
vom			__DUMMY__ 0.8918503231892909 neg 0.06993824674411411 off 0.038211430066594936	false	0.0
grenzdebil	off 1.0		__DUMMY__ 0.8813830985460844 neg 0.06725949494273457 off 0.05135740651118096	false	0.5
vor			__DUMMY__ 0.8861926947913525 neg 0.07181357610725903 off 0.04199372910138845	false	0.0
unterwerfen	neg 1.0		__DUMMY__ 0.880359608711338 neg 0.07536099456217724 off 0.04427939672648471	false	1.0
versenkung	neg 1.0		__DUMMY__ 0.8817979834939147 neg 0.07432177033347553 off 0.043880246172609765	false	1.0
entziehen	neg 1.0		__DUMMY__ 0.8820248029920927 neg 0.07585032418336737 off 0.04212487282453995	false	1.0
finanzkrise	neg 1.0		__DUMMY__ 0.8750377829460665 neg 0.07800648038560644 off 0.046955736668327024	false	1.0
schimpfend	neg 1.0		__DUMMY__ 0.8893186189313911 neg 0.06349333916304693 off 0.047188041905562014	false	1.0
profan	neg 1.0		__DUMMY__ 0.8822157716064607 neg 0.06955378037614676 off 0.04823044801739259	false	1.0
korruption	neg 1.0		__DUMMY__ 0.8756053836046379 neg 0.07875729890588834 off 0.04563731748947383	false	1.0
â			__DUMMY__ 0.8839450898588816 neg 0.07129688582152854 off 0.04475802431958978	false	0.0
schmutzig	neg 1.0		__DUMMY__ 0.8845392505047048 neg 0.06466755572833147 off 0.05079319376696371	false	1.0
sexy	neg 1.0		__DUMMY__ 0.8817298295750542 neg 0.0682206489533085 off 0.05004952147163728	false	1.0
abraten	neg 1.0		__DUMMY__ 0.883533893417833 neg 0.06907185279013332 off 0.04739425379203365	false	1.0
schwarz	neg 1.0		__DUMMY__ 0.8806504019495828 neg 0.07102372078129714 off 0.048325877269120084	false	1.0
fotze	off 1.0		__DUMMY__ 0.8798656771553498 neg 0.07440257299682133 off 0.04573174984782896	false	0.5
verwirren	neg 1.0		__DUMMY__ 0.8818247652899519 neg 0.0692172788675824 off 0.048957955842465636	false	1.0
zahnlos	off 1.0		__DUMMY__ 0.8797384700897056 neg 0.07509734908390928 off 0.045164180826384966	false	0.5
verheeren	neg 1.0		__DUMMY__ 0.8722682899520011 neg 0.0682178661602929 off 0.05951384388770605	false	1.0
hippie	neg 1.0		__DUMMY__ 0.8810813033409927 neg 0.06897205040926309 off 0.04994664624974423	false	1.0
rammen	neg 1.0		__DUMMY__ 0.8829315085834711 neg 0.06852552541296074 off 0.04854296600356817	false	1.0
unlauter	neg 1.0	neg 1.0	neg 0.5255314292987275 __DUMMY__ 0.4373896376147451 off 0.03707893308652728	false	1.0
unheilvoll	neg 1.0		__DUMMY__ 0.8834586519332585 neg 0.06873806877765394 off 0.04780327928908767	false	1.0
niedrig	neg 1.0		__DUMMY__ 0.8819519127568929 neg 0.07356081755019687 off 0.044487269692910204	false	1.0
explosion	neg 1.0		__DUMMY__ 0.8825951728511059 neg 0.0680402444282588 off 0.04936458272063537	false	1.0
weichei	off 1.0		__DUMMY__ 0.878060106287713 neg 0.06664093941571837 off 0.055298954296568496	false	0.5
minusmensch	off 1.0		__DUMMY__ 0.871526398876052 neg 0.06888528293399043 off 0.05958831818995763	false	0.5
farblos	neg 1.0		__DUMMY__ 0.8803135381193299 neg 0.07261283729272382 off 0.04707362458794631	false	1.0
unwissend	neg 1.0	neg 1.0	neg 0.5233831503095714 __DUMMY__ 0.4382357100666122 off 0.03838113962381639	false	1.0
traurig	neg 1.0		__DUMMY__ 0.8814189658981584 neg 0.06589631183932483 off 0.05268472226251688	false	1.0
senkung	neg 1.0		__DUMMY__ 0.8795946256659066 neg 0.07119702941640212 off 0.049208344917691195	false	1.0
ungleich	neg 1.0	neg 1.0	neg 0.5279531034667866 __DUMMY__ 0.4386492087645167 off 0.03339768776869673	false	1.0
heikel	neg 1.0		__DUMMY__ 0.8818099266256203 neg 0.07520962572889156 off 0.04298044764548813	false	1.0
drosselung	neg 1.0		__DUMMY__ 0.882214107861648 neg 0.06497842448327816 off 0.052807467655073784	false	1.0
falsch	neg 1.0		__DUMMY__ 0.8806398993665502 neg 0.06966659207194956 off 0.0496935085615002	false	1.0
unzufriedenheit	neg 1.0		__DUMMY__ 0.8811412629081741 neg 0.07588755960569796 off 0.04297117748612794	false	1.0
kurz	neg 1.0		__DUMMY__ 0.8868349740458384 neg 0.06820755243977956 off 0.0449574735143819	false	1.0
unsinnig	neg 1.0		__DUMMY__ 0.8810558983020328 neg 0.0737774796767573 off 0.04516662202120993	false	1.0
penner	off 1.0	off 1.0	off 0.5130835904037654 __DUMMY__ 0.43787282998366045 neg 0.04904357961257422	false	1.0
seicht	neg 1.0		__DUMMY__ 0.8738897679996454 neg 0.0684585690990349 off 0.057651662901319733	false	1.0
dummheit	off 1.0	off 1.0	off 0.5070790394504331 __DUMMY__ 0.4376279867440929 neg 0.055292973805474044	false	1.0
unerfreulich	neg 1.0		__DUMMY__ 0.8834164560726993 neg 0.0741959071967258 off 0.042387636730574885	false	1.0
motherfucker	off 1.0	off 1.0	off 0.5104013468750833 __DUMMY__ 0.43738386466726525 neg 0.052214788457651456	false	1.0
pikiert	neg 1.0		__DUMMY__ 0.8789119541287719 neg 0.07076329356491587 off 0.05032475230631222	false	1.0
wrack	neg 1.0		__DUMMY__ 0.8842733846497434 neg 0.07106655488956506 off 0.044660060460691695	false	1.0
gangster	neg 1.0		__DUMMY__ 0.8809740394328698 neg 0.06980272026602197 off 0.04922324030110813	false	1.0
krank	neg 1.0		__DUMMY__ 0.88428410265804 neg 0.06469275727763159 off 0.05102314006432842	false	1.0
reich	neg 1.0		__DUMMY__ 0.8723770734352491 neg 0.07619605048850653 off 0.05142687607624444	false	1.0
gnadenlos	neg 1.0		__DUMMY__ 0.8817339648433594 neg 0.07074329239407243 off 0.047522742762568224	false	1.0
niedergeschlagen	neg 1.0		__DUMMY__ 0.8836347486149734 neg 0.07104335090817866 off 0.04532190047684798	false	1.0
terrorisieren	off 1.0	off 1.0	off 0.5034566866832243 __DUMMY__ 0.44036778301087115 neg 0.056175530305904525	false	1.0
sinnlosigkeit	neg 1.0		__DUMMY__ 0.8802018948978579 neg 0.0746741874709437 off 0.04512391763119835	false	1.0
behindern	neg 1.0		__DUMMY__ 0.884354985034374 neg 0.06926534556256841 off 0.046379669403057454	false	1.0
undemokratisch	neg 1.0		__DUMMY__ 0.8741815050038972 neg 0.07733758729997539 off 0.04848090769612741	false	1.0
wirtschaftskrise	neg 1.0		__DUMMY__ 0.877835132900063 neg 0.07671863411850069 off 0.045446232981436234	false	1.0
neid	neg 1.0		__DUMMY__ 0.8844805011041462 neg 0.0664825816732528 off 0.04903691722260108	false	1.0
rutschen	neg 1.0		__DUMMY__ 0.8929382835194122 neg 0.0669660369271084 off 0.04009567955347949	false	1.0
rezession	neg 1.0		__DUMMY__ 0.8729574474640476 neg 0.0723532661198264 off 0.05468928641612606	false	1.0
fehlgeburt	neg 1.0		__DUMMY__ 0.8823210370041934 neg 0.07082107120223652 off 0.046857891793570014	false	1.0
charakterschwach	off 1.0		__DUMMY__ 0.8787566210801073 neg 0.06994499159468136 off 0.05129838732521128	false	0.5
isolation	neg 1.0		__DUMMY__ 0.882167815137772 neg 0.06706801024454602 off 0.05076417461768202	false	1.0
ablenkung	neg 1.0		__DUMMY__ 0.8844304295677208 neg 0.06882155512375589 off 0.04674801530852334	false	1.0
pech	neg 1.0		__DUMMY__ 0.8831487152244503 neg 0.06827778018902136 off 0.048573504586528385	false	1.0
vermeidung	neg 1.0		__DUMMY__ 0.8830935477531286 neg 0.06508037080585626 off 0.051826081441015026	false	1.0
dominieren	neg 1.0		__DUMMY__ 0.8822307392339265 neg 0.0719878878904149 off 0.04578137287565872	false	1.0
schwindlig	neg 1.0		__DUMMY__ 0.886116360465077 neg 0.06564827034069674 off 0.04823536919422616	false	1.0
lutscher	neg 1.0		__DUMMY__ 0.8751863975104534 neg 0.06680141455170265 off 0.05801218793784399	false	1.0
pflicht	neg 1.0		__DUMMY__ 0.881651056026414 neg 0.07532900022781584 off 0.043019943745770096	false	1.0
faschist	off 1.0		__DUMMY__ 0.8746166010586837 neg 0.0761280871081367 off 0.04925531183317951	false	0.5
verschleudern	neg 1.0		__DUMMY__ 0.8784733385911447 neg 0.07660190379120595 off 0.04492475761764926	false	1.0
wenn			__DUMMY__ 0.8813763684909336 neg 0.06893983363518147 off 0.04968379787388499	false	0.0
ehebruch	neg 1.0		__DUMMY__ 0.8785274973107158 neg 0.0768064086129212 off 0.044666094076363065	false	1.0
spott	off 1.0		__DUMMY__ 0.879432589886095 neg 0.07638911029145211 off 0.04417829982245287	false	0.5
trostlosigkeit	neg 1.0		__DUMMY__ 0.8769213602635706 neg 0.07983212966871586 off 0.04324651006771355	false	1.0
lutschen	neg 1.0		__DUMMY__ 0.877787513610313 neg 0.07170928688193187 off 0.050503199507754996	false	1.0
undiszipliniert	neg 1.0		__DUMMY__ 0.8799680479836858 neg 0.06786644349327442 off 0.05216550852303977	false	1.0
kopfschmerz	neg 1.0		__DUMMY__ 0.8838388860970063 neg 0.0703523446048262 off 0.045808769298167476	false	1.0
unvorhergesehen	neg 1.0		__DUMMY__ 0.8883815921987791 neg 0.06701025071221557 off 0.04460815708900521	false	1.0
desinteressiert	neg 1.0		__DUMMY__ 0.8787970572683358 neg 0.06906381585988136 off 0.05213912687178281	false	1.0
armselig	off 1.0		__DUMMY__ 0.8769348644583584 neg 0.06999500329779355 off 0.0530701322438481	false	0.5
desaster	neg 1.0		__DUMMY__ 0.8790338752832306 neg 0.07896601945260083 off 0.04200010526416858	false	1.0
tod	neg 1.0		__DUMMY__ 0.8758182056768318 neg 0.08015843099260929 off 0.044023363330558896	false	1.0
herzlos	neg 1.0		__DUMMY__ 0.8802095912755138 neg 0.06647720953926792 off 0.053313199185218305	false	1.0
unwissenheit	neg 1.0		__DUMMY__ 0.8787226737318401 neg 0.07611399279278536 off 0.04516333347537464	false	1.0
widersinnig	neg 1.0		__DUMMY__ 0.8750824905773025 neg 0.07850708094511921 off 0.04641042847757836	false	1.0
bedenklich	neg 1.0		__DUMMY__ 0.8813184404200616 neg 0.0748657024884377 off 0.04381585709150067	false	1.0
beanstanden	neg 1.0		__DUMMY__ 0.8821435688505224 neg 0.07521110939408587 off 0.042645321755391846	false	1.0
panisch	neg 1.0	neg 1.0	neg 0.5188182804423309 __DUMMY__ 0.44508668441326305 off 0.03609503514440591	false	1.0
debil	off 1.0		__DUMMY__ 0.883906605144833 neg 0.07602187970867003 off 0.040071515146496955	false	0.5
abstrich	neg 1.0		__DUMMY__ 0.8871434972252776 neg 0.06704544734847018 off 0.0458110554262522	false	1.0
primitiv	neg 1.0		__DUMMY__ 0.8781403324718592 neg 0.07000645813897322 off 0.05185320938916768	false	1.0
abschaum	off 1.0	off 1.0	off 0.5086192118896833 __DUMMY__ 0.4368104111707985 neg 0.05457037693951819	false	1.0
provozieren	neg 1.0		__DUMMY__ 0.8791522962158566 neg 0.07371791011343819 off 0.04712979367070518	false	1.0
tot	neg 1.0		__DUMMY__ 0.8818727063800981 neg 0.07246997995490911 off 0.04565731366499273	false	1.0
instabil	neg 1.0		__DUMMY__ 0.8758680665767334 neg 0.07017772687157496 off 0.05395420655169164	false	1.0
schwuchtel	off 1.0		__DUMMY__ 0.8709765382685658 neg 0.06639030593689343 off 0.06263315579454065	false	0.5
zerren	neg 1.0		__DUMMY__ 0.8837771007682395 neg 0.07085820525257323 off 0.04536469397918722	false	1.0
kinderficker	off 1.0		__DUMMY__ 0.8754397426154116 neg 0.06962791033075597 off 0.054932347053832535	false	0.5
gefahr	neg 1.0		__DUMMY__ 0.8802693821679919 neg 0.07525566175475715 off 0.044474956077250966	false	1.0
rabiat	neg 1.0		__DUMMY__ 0.8817345557273455 neg 0.07149756378698771 off 0.046767880485666734	false	1.0
verlangsamung	neg 1.0		__DUMMY__ 0.8724094818778274 neg 0.07030551990478338 off 0.057284998217389256	false	1.0
ausgestorben	neg 1.0		__DUMMY__ 0.8834188201378522 neg 0.07115025574651963 off 0.045430924115628234	false	1.0
anklagen	neg 1.0		__DUMMY__ 0.8784006005482611 neg 0.07492798562953706 off 0.046671413822201795	false	1.0
trott	neg 1.0		__DUMMY__ 0.8832663179080998 neg 0.07015786383347093 off 0.04657581825842927	false	1.0
verminderung	neg 1.0		__DUMMY__ 0.8797519703387384 neg 0.06764295093581318 off 0.05260507872544837	false	1.0
nach			__DUMMY__ 0.8895996558458754 neg 0.07022339689409512 off 0.04017694726002949	false	0.0
rost	neg 1.0		__DUMMY__ 0.8754309427794218 neg 0.06727571546014487 off 0.057293341760433325	false	1.0
destruktiv	neg 1.0	neg 1.0	neg 0.5275641190353277 __DUMMY__ 0.43736986261017263 off 0.035066018354499566	false	1.0
unzumutbarkeit	neg 1.0		__DUMMY__ 0.8812545501982992 neg 0.06678602779003942 off 0.05195942201166137	false	1.0
labil	off 1.0	off 1.0	off 0.509225770145392 __DUMMY__ 0.43748875132913667 neg 0.05328547852547134	false	1.0
ziemlich	neg 1.0		__DUMMY__ 0.8813441712453547 neg 0.06766882966999112 off 0.05098699908465412	false	1.0
lachnummer	off 1.0		__DUMMY__ 0.8783791064595682 neg 0.0752492962442986 off 0.04637159729613319	false	0.5
oder			__DUMMY__ 0.8849032687174788 neg 0.06881686412088545 off 0.04627986716163579	false	0.0
verfall	neg 1.0		__DUMMY__ 0.883634018251257 neg 0.07616121212605197 off 0.0402047696226911	false	1.0
ausgrenzung	neg 1.0		__DUMMY__ 0.8749799328196384 neg 0.07600978222771004 off 0.04901028495265165	false	1.0
unordnung	neg 1.0		__DUMMY__ 0.8778752330660324 neg 0.06784633207657455 off 0.054278434857393046	false	1.0
fehlverhalten	neg 1.0		__DUMMY__ 0.8795979749448716 neg 0.07638640107818186 off 0.044015623976946604	false	1.0
eine			__DUMMY__ 0.8856505900396162 neg 0.07212383473227332 off 0.04222557522811052	false	0.0
nille	neg 1.0		__DUMMY__ 0.8782560414064433 neg 0.07454757556178343 off 0.04719638303177327	false	1.0
qual	neg 1.0		__DUMMY__ 0.8827690722345276 neg 0.0706662330704008 off 0.046564694695071636	false	1.0
verschwenden	neg 1.0		__DUMMY__ 0.882813558890887 neg 0.0733980795183663 off 0.04378836159074669	false	1.0
riesig	neg 1.0		__DUMMY__ 0.8824678875511728 neg 0.07175795793915486 off 0.04577415450967232	false	1.0
verurteilen	neg 1.0		__DUMMY__ 0.8777444683514287 neg 0.07684020015438844 off 0.04541533149418286	false	1.0
klischee	neg 1.0	neg 1.0	neg 0.5251218179068446 __DUMMY__ 0.43732280546174135 off 0.03755537663141402	false	1.0
diktatorisch	neg 1.0		__DUMMY__ 0.8723801693481553 neg 0.07909708908014451 off 0.048522741571700126	false	1.0
vorhersehbar	neg 1.0		__DUMMY__ 0.8776282928306394 neg 0.07380830712952592 off 0.04856340003983466	false	1.0
sowie			__DUMMY__ 0.8745134304084357 neg 0.06936129973373609 off 0.05612526985782827	false	0.0
stornieren	neg 1.0		__DUMMY__ 0.8854765392261879 neg 0.06596881363892074 off 0.04855464713489141	false	1.0
besteuerung	neg 1.0		__DUMMY__ 0.8799149922394178 neg 0.07231394057044513 off 0.04777106719013707	false	1.0
ungeschminkt	neg 1.0		__DUMMY__ 0.8800514322094155 neg 0.06879292637778292 off 0.05115564141280156	false	1.0
kritisch	neg 1.0		__DUMMY__ 0.8793128970181632 neg 0.07647750677723675 off 0.044209596204600105	false	1.0
schlamperei	off 1.0		__DUMMY__ 0.8784306889949697 neg 0.076874270101263 off 0.04469504090376733	false	0.5
sucht	neg 1.0	neg 1.0	neg 0.5186462734609197 __DUMMY__ 0.4447539286190114 off 0.03659979792006882	false	1.0
egoistisch	off 1.0		__DUMMY__ 0.8776562511052122 neg 0.06702780142571549 off 0.055315947469072355	false	0.5
ausbeuter	off 1.0		__DUMMY__ 0.878102303919146 neg 0.07815627212505838 off 0.04374142395579555	false	0.5
arschgeburt	off 1.0		__DUMMY__ 0.8710493850560659 neg 0.0663558828752816 off 0.06259473206865249	false	0.5
schubs	neg 1.0	neg 1.0	neg 0.5219522511876793 __DUMMY__ 0.444704126032989 off 0.033343622779331734	false	1.0
unsolide	neg 1.0		__DUMMY__ 0.8694718907472604 neg 0.07924885973286631 off 0.05127924951987325	false	1.0
beschwerde	neg 1.0		__DUMMY__ 0.8796184012699675 neg 0.07509664727244732 off 0.045284951457585126	false	1.0
stocken	neg 1.0		__DUMMY__ 0.8822277261316787 neg 0.07310110051681443 off 0.04467117335150687	false	1.0
isolieren	neg 1.0		__DUMMY__ 0.8848102807771635 neg 0.06901921194525165 off 0.04617050727758482	false	1.0
unheilbar	neg 1.0		__DUMMY__ 0.8797663211169007 neg 0.07287084101957038 off 0.047362837863528906	false	1.0
pisser	off 1.0		__DUMMY__ 0.8765066538716739 neg 0.06962982832438781 off 0.0538635178039383	false	0.5
löschen	neg 1.0		__DUMMY__ 0.8809004803410049 neg 0.0713433537911374 off 0.04775616586785768	false	1.0
durchfallen	neg 1.0		__DUMMY__ 0.881366131330601 neg 0.07442511847253686 off 0.044208750196862094	false	1.0
wichser	off 1.0		__DUMMY__ 0.8761817524775443 neg 0.06472793571163822 off 0.05909031181081754	false	0.5
terror	neg 1.0		__DUMMY__ 0.8840710051898714 neg 0.06642103566941515 off 0.049507959140713605	false	1.0
krass	neg 1.0		__DUMMY__ 0.8799853327667809 neg 0.06665948878888037 off 0.05335517844433872	false	1.0
revolte	neg 1.0	neg 1.0	neg 0.5291602834946946 __DUMMY__ 0.4328377578999374 off 0.038001958605368064	false	1.0
besorgt	neg 1.0		__DUMMY__ 0.8876738656908725 neg 0.06718195744474662 off 0.0451441768643809	false	1.0
nachlassen	neg 1.0		__DUMMY__ 0.8835289268077241 neg 0.07160667067859873 off 0.04486440251367719	false	1.0
alt	neg 1.0		__DUMMY__ 0.8869255574153854 neg 0.07029270236916281 off 0.04278174021545187	false	1.0
hundesohn	off 1.0		__DUMMY__ 0.8731103861161262 neg 0.06805255894925391 off 0.0588370549346199	false	0.5
als			__DUMMY__ 0.8845265689910143 neg 0.07076144757370746 off 0.04471198343527824	false	0.0
abschreckung	neg 1.0		__DUMMY__ 0.8797476425773219 neg 0.0773430928457133 off 0.042909264576964846	false	1.0
unqualifiziert	neg 1.0	neg 1.0	neg 0.5251365134898264 __DUMMY__ 0.43783640618422714 off 0.03702708032594645	false	1.0
abgewichst	off 1.0		__DUMMY__ 0.8805725327920416 neg 0.07328697002887496 off 0.04614049717908353	false	0.5
schwer	neg 1.0		__DUMMY__ 0.8831777736498336 neg 0.07062951775079665 off 0.04619270859936965	false	1.0
bedeutungslosigkeit	neg 1.0		__DUMMY__ 0.8800455737691459 neg 0.07647558601713624 off 0.043478840213717784	false	1.0
kapitulation	neg 1.0		__DUMMY__ 0.8743633900666908 neg 0.08027851030654509 off 0.04535809962676401	false	1.0
unscharf	neg 1.0		__DUMMY__ 0.8823037107761412 neg 0.06913964273878308 off 0.04855664648507571	false	1.0
schwinden	neg 1.0		__DUMMY__ 0.881467464618084 neg 0.07505554870337929 off 0.04347698667853671	false	1.0
versklavung	neg 1.0	neg 1.0	neg 0.5287016152038773 __DUMMY__ 0.43473430615249553 off 0.03656407864362711	false	1.0
schlecht	neg 1.0		__DUMMY__ 0.8816607609748266 neg 0.06704778273247965 off 0.0512914562926938	false	1.0
verhasst	neg 1.0		__DUMMY__ 0.8782482390054808 neg 0.07455449019334615 off 0.04719727080117298	false	1.0
beschweren	neg 1.0		__DUMMY__ 0.8822581274019419 neg 0.06985791840245886 off 0.04788395419559938	false	1.0
scheiden	neg 1.0		__DUMMY__ 0.8842037681902871 neg 0.06998541536486258 off 0.04581081644485044	false	1.0
frustriert	neg 1.0		__DUMMY__ 0.8824087868761157 neg 0.07204773920695477 off 0.045543473916929485	false	1.0
schimmelig	neg 1.0		__DUMMY__ 0.8822236083737449 neg 0.07417830250032105 off 0.04359808912593396	false	1.0
fisch	neg 1.0	neg 1.0	neg 0.5222879236953627 __DUMMY__ 0.4443970812316212 off 0.03331499507301603	false	1.0
schmuggel	neg 1.0		__DUMMY__ 0.8848831753082821 neg 0.07225069491423516 off 0.04286612977748268	false	1.0
auffallen	neg 1.0		__DUMMY__ 0.8818894902698806 neg 0.06984832370080767 off 0.048262186029311656	false	1.0
konkurrenz	neg 1.0		__DUMMY__ 0.8846872506349391 neg 0.07281537780218762 off 0.04249737156287321	false	1.0
teufelskreis	neg 1.0	neg 1.0	neg 0.5260890435315142 __DUMMY__ 0.43915850387075434 off 0.0347524525977315	false	1.0
aufschreien	neg 1.0		__DUMMY__ 0.8788380713725228 neg 0.07276327359009013 off 0.04839865503738702	false	1.0
schuldner	neg 1.0		__DUMMY__ 0.8787605303968876 neg 0.07707196749663614 off 0.04416750210647634	false	1.0
missgeburt	off 1.0	off 1.0	off 0.5125895134705861 __DUMMY__ 0.4357449162254276 neg 0.05166557030398624	false	1.0
arbeitslos	neg 1.0		__DUMMY__ 0.8804423171556035 neg 0.07441407030807545 off 0.04514361253632108	false	1.0
befallen	neg 1.0		__DUMMY__ 0.8737323133163121 neg 0.08096818101076435 off 0.04529950567292353	false	1.0
miesepetrig	off 1.0		__DUMMY__ 0.8828044899756756 neg 0.06653586598424513 off 0.05065964404007926	false	0.5
alarmieren	neg 1.0		__DUMMY__ 0.8764022879738759 neg 0.07258068698399606 off 0.05101702504212798	false	1.0
ungeduscht	off 1.0		__DUMMY__ 0.8825712268827782 neg 0.06885632214492607 off 0.048572450972295636	false	0.5
knappheit	neg 1.0		__DUMMY__ 0.8793981612542974 neg 0.07533290562922246 off 0.04526893311648022	false	1.0
schlange	neg 1.0		__DUMMY__ 0.885212244866152 neg 0.06729987338030452 off 0.04748788175354349	false	1.0
harsch	neg 1.0		__DUMMY__ 0.8810923172408825 neg 0.06293338969441863 off 0.055974293064698886	false	1.0
lang	neg 1.0		__DUMMY__ 0.8817859725374126 neg 0.07046258716915195 off 0.047751440293435414	false	1.0
ziellos	neg 1.0		__DUMMY__ 0.8833520366579014 neg 0.07221462827783345 off 0.04443333506426521	false	1.0
selbstverliebt	neg 1.0		__DUMMY__ 0.8714838474217004 neg 0.06824563498291962 off 0.06027051759538001	false	1.0
beseitigen	neg 1.0		__DUMMY__ 0.8849190511595236 neg 0.06768239114570596 off 0.04739855769477046	false	1.0
dumm	off 1.0		__DUMMY__ 0.8762428393087733 neg 0.06783725635633461 off 0.055919904334892	false	0.5
arbeitsloser	neg 1.0		__DUMMY__ 0.8814914644464864 neg 0.07400681362456521 off 0.044501721928948315	false	1.0
blitzen	neg 1.0		__DUMMY__ 0.8792366891082086 neg 0.07094988524277038 off 0.049813425649020956	false	1.0
hilflos	neg 1.0		__DUMMY__ 0.8826349201107642 neg 0.07221077756590663 off 0.04515430232332915	false	1.0
eklig	off 1.0		__DUMMY__ 0.8752789304500657 neg 0.06812950802432602 off 0.056591561525608326	false	0.5
begriff			__DUMMY__ 0.8810075087751599 neg 0.0733757824429696 off 0.04561670878187048	false	0.0
hungersnot	neg 1.0		__DUMMY__ 0.8735126278026049 neg 0.07942436894552024 off 0.047063003251874895	false	1.0
ungesetzlich	neg 1.0		__DUMMY__ 0.873396657806935 neg 0.0769701959945872 off 0.04963314619847793	false	1.0
verschwendung	neg 1.0		__DUMMY__ 0.8821806694436228 neg 0.07466353154432821 off 0.04315579901204886	false	1.0
schmerzvoll	neg 1.0		__DUMMY__ 0.8825731921566631 neg 0.06959913725792272 off 0.047827670585414185	false	1.0
vorzeitig	neg 1.0		__DUMMY__ 0.8805465927987636 neg 0.06837522921991619 off 0.051078177981320236	false	1.0
unvollkommenheit	neg 1.0		__DUMMY__ 0.8816579854773307 neg 0.07151969503105583 off 0.04682231949161357	false	1.0
intervenieren	neg 1.0		__DUMMY__ 0.8771936220501512 neg 0.0787228925827248 off 0.04408348536712397	false	1.0
banause	off 1.0		__DUMMY__ 0.8752296240315831 neg 0.06697677384852628 off 0.057793602119890514	false	0.5
rebell	neg 1.0		__DUMMY__ 0.884504124334482 neg 0.07344338824071653 off 0.04205248742480135	false	1.0
unlogisch	neg 1.0		__DUMMY__ 0.877916011642112 neg 0.06896110883446312 off 0.05312287952342497	false	1.0
leiden	neg 1.0	neg 1.0	neg 0.5201481657277857 __DUMMY__ 0.44813077860763595 off 0.03172105566457823	false	1.0
abschaffung	neg 1.0		__DUMMY__ 0.8774961015546177 neg 0.0747010348958601 off 0.0478028635495223	false	1.0
sturz	neg 1.0		__DUMMY__ 0.8762038034843989 neg 0.0756097973567933 off 0.04818639915880779	false	1.0
verkleinerung	neg 1.0		__DUMMY__ 0.8758881682639502 neg 0.07376335394640686 off 0.05034847778964294	false	1.0
schmarotzer	off 1.0		__DUMMY__ 0.8787199280242041 neg 0.07643260610096571 off 0.04484746587483028	false	0.5
bestrafung	neg 1.0		__DUMMY__ 0.880531717339562 neg 0.07165402840900238 off 0.04781425425143551	false	1.0
achtlos	neg 1.0		__DUMMY__ 0.8849446754883656 neg 0.06893835002643764 off 0.04611697448519677	false	1.0
ungeheuer	neg 1.0		__DUMMY__ 0.8810996082807032 neg 0.07052527907435448 off 0.04837511264494234	false	1.0
unaufrichtig	neg 1.0		__DUMMY__ 0.875588457063326 neg 0.07481270462587605 off 0.04959883831079794	false	1.0
