unsolidarisch	neg 1.0		neg 0.5684930779731906 off 0.36465122333037026 __DUMMY__ 0.0668556986964391	false	1.0
nachteilig	neg 1.0		neg 0.5671232557959659 off 0.36498243826273485 __DUMMY__ 0.06789430594129929	false	1.0
skeptisch	neg 1.0		neg 0.5692307921983266 off 0.36262998094830157 __DUMMY__ 0.06813922685337176	false	1.0
schrecklich	neg 1.0		neg 0.5543200813307938 off 0.3779419260072516 __DUMMY__ 0.06773799266195465	false	1.0
schlapp	neg 1.0		neg 0.5569282970725534 off 0.3748235105588236 __DUMMY__ 0.06824819236862298	false	1.0
abfall	neg 1.0		neg 0.570982893971934 off 0.36082303778143693 __DUMMY__ 0.06819406824662899	false	1.0
widerspenstig	neg 1.0		neg 0.5622263902866186 off 0.36944311420773907 __DUMMY__ 0.06833049550564237	false	1.0
abrupt	neg 1.0		neg 0.5632553639307445 off 0.3682832264690668 __DUMMY__ 0.0684614096001886	false	1.0
unwirksam	neg 1.0		neg 0.5657278840925892 off 0.36697789277167264 __DUMMY__ 0.06729422313573806	false	1.0
angreifen	neg 1.0		neg 0.5689678325669647 off 0.363156541001245 __DUMMY__ 0.06787562643179035	false	1.0
inkonsistent	neg 1.0		neg 0.5628266116375035 off 0.36959989184834996 __DUMMY__ 0.06757349651414642	false	1.0
abrutschen	neg 1.0		neg 0.5699475215923911 off 0.36168961221807955 __DUMMY__ 0.06836286618952932	false	1.0
unsicher	neg 1.0		neg 0.5631250318397955 off 0.3687522717128447 __DUMMY__ 0.06812269644735992	false	1.0
bauernkind	off 1.0		neg 0.5529108724825115 off 0.3799415670461763 __DUMMY__ 0.06714756047131223	false	0.5
angreifer	neg 1.0		neg 0.5625730576770143 off 0.3700398938880952 __DUMMY__ 0.0673870484348905	false	1.0
trennen	neg 1.0		neg 0.5651482232233026 off 0.36609585712513076 __DUMMY__ 0.06875591965156658	false	1.0
schmutz	neg 1.0		neg 0.5542207838887016 off 0.3772141940639462 __DUMMY__ 0.0685650220473522	false	1.0
inkonsistenz	neg 1.0	neg 1.0	neg 0.7699245218188998 off 0.19782125855327246 __DUMMY__ 0.032254219627827714	false	1.0
erschreckend	neg 1.0		neg 0.565664832126866 off 0.3664389808167945 __DUMMY__ 0.06789618705633955	false	1.0
ertrinken	neg 1.0		neg 0.5659408200419327 off 0.3657190619748284 __DUMMY__ 0.06834011798323887	false	1.0
pickelface	off 1.0		neg 0.5642393605176221 off 0.368155349302198 __DUMMY__ 0.06760529018017988	false	0.5
seiner			neg 0.5676578769666542 off 0.36418547101741006 __DUMMY__ 0.06815665201593571	false	0.0
lauch	neg 1.0		neg 0.5696545950232706 off 0.36223871952863224 __DUMMY__ 0.06810668544809702	false	1.0
unwichtig	neg 1.0		neg 0.5594291236251114 off 0.37280787832750123 __DUMMY__ 0.06776299804738734	false	1.0
steuerhinterziehung	neg 1.0		neg 0.5678665406083832 off 0.3648691401644964 __DUMMY__ 0.0672643192271205	false	1.0
schock	neg 1.0		neg 0.5633918783573666 off 0.36815729424583377 __DUMMY__ 0.06845082739679967	false	1.0
beule	neg 1.0		neg 0.5556821456865668 off 0.3761521125990828 __DUMMY__ 0.06816574171435023	false	1.0
vergelten	neg 1.0		neg 0.5544030012558044 off 0.37825324321661125 __DUMMY__ 0.06734375552758436	false	1.0
verdorbenheit	neg 1.0	neg 1.0	neg 0.7689607937486215 off 0.19836704701905594 __DUMMY__ 0.032672159232322605	false	1.0
trauma	neg 1.0		neg 0.5618680886720291 off 0.3702451170250872 __DUMMY__ 0.06788679430288366	false	1.0
sinnlos	neg 1.0		neg 0.5613572872578265 off 0.3707023696216418 __DUMMY__ 0.06794034312053167	false	1.0
fettsack	off 1.0	off 1.0	off 0.6723026508425416 neg 0.29558662463866064 __DUMMY__ 0.03211072451879775	false	1.0
feige	off 1.0		neg 0.561003237420636 off 0.37146588461389046 __DUMMY__ 0.0675308779654736	false	0.5
abdanken	neg 1.0		neg 0.568617052219518 off 0.36431413875502977 __DUMMY__ 0.06706880902545208	false	1.0
wichtigtuer	off 1.0	off 1.0	off 0.6668757145275642 neg 0.30087233354269494 __DUMMY__ 0.032251951929740896	false	1.0
misslingen	neg 1.0		neg 0.5593809885022101 off 0.37230237490205864 __DUMMY__ 0.06831663659573128	false	1.0
untreu	off 1.0		neg 0.5581588122216721 off 0.37402190550960285 __DUMMY__ 0.0678192822687251	false	0.5
missmutig	neg 1.0		neg 0.5580370032885087 off 0.3737821371783272 __DUMMY__ 0.06818085953316409	false	1.0
hurenbock	off 1.0		neg 0.5594817005623104 off 0.37211675108470116 __DUMMY__ 0.06840154835298842	false	0.5
betrunken	neg 1.0		neg 0.5548638158591847 off 0.3770425482998236 __DUMMY__ 0.06809363584099173	false	1.0
korrupt	off 1.0		neg 0.5703703726023758 off 0.36250262611939815 __DUMMY__ 0.06712700127822589	false	0.5
unmut	neg 1.0		neg 0.5707445973931093 off 0.3612108690810712 __DUMMY__ 0.06804453352581953	false	1.0
hackfresse	off 1.0		neg 0.5514215036476737 off 0.381079944417166 __DUMMY__ 0.06749855193516022	false	0.5
aufblasen	neg 1.0		neg 0.5602238371699411 off 0.371431397567516 __DUMMY__ 0.06834476526254307	false	1.0
gewaltsam	neg 1.0		neg 0.5654229448776283 off 0.36725519725899575 __DUMMY__ 0.06732185786337588	false	1.0
unbeliebtheit	neg 1.0		neg 0.562809104627197 off 0.37066863519303084 __DUMMY__ 0.06652226017977211	false	1.0
sturheit	neg 1.0		neg 0.5673697020240416 off 0.3650992440063405 __DUMMY__ 0.06753105396961784	false	1.0
kuh	neg 1.0		neg 0.5625409028264983 off 0.36974304751231213 __DUMMY__ 0.06771604966118963	false	1.0
erschrecken	neg 1.0		neg 0.5587065115099694 off 0.37317387443135536 __DUMMY__ 0.06811961405867532	false	1.0
opfer	neg 1.0	neg 1.0	neg 0.7732948375849228 off 0.19425537277477603 __DUMMY__ 0.03244978964030122	false	1.0
sinken	neg 1.0		neg 0.5696097869012643 off 0.362307576000154 __DUMMY__ 0.0680826370985816	false	1.0
stinktier	neg 1.0		neg 0.5554624091186767 off 0.3771537549596701 __DUMMY__ 0.06738383592165313	false	1.0
tucke	off 1.0		neg 0.5506850726107144 off 0.38180118103723376 __DUMMY__ 0.06751374635205182	false	0.5
ein			neg 0.5596448205240717 off 0.3717282612973048 __DUMMY__ 0.0686269181786235	false	0.0
abstieg	neg 1.0		neg 0.5669805858567293 off 0.36534158439846326 __DUMMY__ 0.06767782974480753	false	1.0
missverstehen	neg 1.0		neg 0.5632252178568361 off 0.36917968150342384 __DUMMY__ 0.06759510063973989	false	1.0
ergebnislos	neg 1.0		neg 0.5669991691277267 off 0.3652037569790619 __DUMMY__ 0.06779707389321125	false	1.0
unter			neg 0.5707037603916248 off 0.3602337822647317 __DUMMY__ 0.06906245734364344	false	0.0
manipulieren	neg 1.0		neg 0.569674464441258 off 0.36252592336426687 __DUMMY__ 0.06779961219447508	false	1.0
unbewiesen	neg 1.0		neg 0.5694364323858133 off 0.3638282114967737 __DUMMY__ 0.06673535611741299	false	1.0
verschleppen	neg 1.0		neg 0.5682045856061997 off 0.36417236775599765 __DUMMY__ 0.06762304663780265	false	1.0
weib	off 1.0		neg 0.550194184587666 off 0.3823972522209429 __DUMMY__ 0.06740856319139114	false	0.5
opposition	neg 1.0		neg 0.5649215582911512 off 0.36786117306646055 __DUMMY__ 0.06721726864238836	false	1.0
verkehrswidrig	neg 1.0		neg 0.5517051445108587 off 0.38043059860892625 __DUMMY__ 0.06786425688021491	false	1.0
inkorrekt	neg 1.0		neg 0.561808640917503 off 0.37118811607978874 __DUMMY__ 0.06700324300270818	false	1.0
vermeiden	neg 1.0		neg 0.5700512078630823 off 0.36132210812729715 __DUMMY__ 0.06862668400962059	false	1.0
abweichung	neg 1.0		neg 0.5704195546876393 off 0.3624269328263064 __DUMMY__ 0.0671535124860544	false	1.0
alkoholisiert	neg 1.0		neg 0.5646979858403649 off 0.3670540928580352 __DUMMY__ 0.06824792130159985	false	1.0
scheiss	off 1.0	off 1.0	off 0.6705658177226455 neg 0.2970181906103601 __DUMMY__ 0.03241599166699449	false	1.0
herausforderung	neg 1.0		neg 0.5627228245562516 off 0.36855119521573315 __DUMMY__ 0.06872598022801527	false	1.0
pervers	off 1.0		neg 0.5474504150067826 off 0.38524155672847726 __DUMMY__ 0.06730802826474015	false	0.5
wackelig	neg 1.0		neg 0.5622148643169685 off 0.36897299751361745 __DUMMY__ 0.06881213816941398	false	1.0
verwickeln	neg 1.0		neg 0.5628773788045242 off 0.3693847592263921 __DUMMY__ 0.06773786196908375	false	1.0
vorwand	neg 1.0		neg 0.5705807864011432 off 0.3615333264622237 __DUMMY__ 0.06788588713663318	false	1.0
muschi	off 1.0		neg 0.5644771299271191 off 0.36786525915040874 __DUMMY__ 0.0676576109224722	false	0.5
entmutigung	neg 1.0		neg 0.5677562112045592 off 0.3657438799579451 __DUMMY__ 0.06649990883749568	false	1.0
unangemessen	neg 1.0		neg 0.5685142355915361 off 0.3639308318868524 __DUMMY__ 0.06755493252161152	false	1.0
unstetig	neg 1.0		neg 0.5611854277146349 off 0.37128204018665834 __DUMMY__ 0.06753253209870698	false	1.0
entmutigen	neg 1.0		neg 0.5622113750052716 off 0.3697607275040005 __DUMMY__ 0.06802789749072796	false	1.0
schwanz	neg 1.0		neg 0.5660470066424862 off 0.3660664424848454 __DUMMY__ 0.06788655087266848	false	1.0
verbot	neg 1.0		neg 0.569090386324681 off 0.3636669972438074 __DUMMY__ 0.0672426164315116	false	1.0
leid	neg 1.0		neg 0.5533833321135508 off 0.3790582402075207 __DUMMY__ 0.06755842767892839	false	1.0
archaisch	neg 1.0		neg 0.5672234213381416 off 0.36509530534608386 __DUMMY__ 0.06768127331577443	false	1.0
gegen			neg 0.5699260800233887 off 0.3621889213065675 __DUMMY__ 0.06788499867004379	false	0.0
scheidung	neg 1.0	neg 1.0	neg 0.7574933762200616 off 0.21039682615349117 __DUMMY__ 0.03210979762644727	false	1.0
einschlag	neg 1.0		neg 0.5538612292163488 off 0.378568850484815 __DUMMY__ 0.06756992029883624	false	1.0
m			neg 0.563561274276122 off 0.3681740776156103 __DUMMY__ 0.0682646481082677	false	0.0
abgestanden	neg 1.0		neg 0.5622480880087491 off 0.3695445166879163 __DUMMY__ 0.06820739530333463	false	1.0
schmierig	off 1.0		neg 0.5538766031565985 off 0.378394781638191 __DUMMY__ 0.0677286152052106	false	0.5
unpraktisch	neg 1.0		neg 0.5600010275017897 off 0.371601621737411 __DUMMY__ 0.06839735076079922	false	1.0
wixxer	off 1.0		neg 0.5483861976064083 off 0.3845316738072126 __DUMMY__ 0.06708212858637905	false	0.5
bezeichnet			neg 0.5661479358346234 off 0.3662059281415443 __DUMMY__ 0.06764613602383233	false	0.0
jammerlappen	off 1.0		neg 0.5587846118566151 off 0.37333141264008285 __DUMMY__ 0.06788397550330216	false	0.5
farce	neg 1.0		neg 0.5706161407846873 off 0.36254835621118753 __DUMMY__ 0.06683550300412525	false	1.0
zwecklos	neg 1.0		neg 0.5680888975764956 off 0.36418988791886603 __DUMMY__ 0.06772121450463821	false	1.0
turbulent	neg 1.0		neg 0.5566614259508235 off 0.37596816665987054 __DUMMY__ 0.06737040738930604	false	1.0
invasion	neg 1.0		neg 0.5588591389193018 off 0.37300816847220586 __DUMMY__ 0.06813269260849245	false	1.0
schuld	neg 1.0		neg 0.56355692234796 off 0.3686221178697885 __DUMMY__ 0.06782095978225167	false	1.0
risiko	neg 1.0		neg 0.5581553224563275 off 0.37360385348225555 __DUMMY__ 0.06824082406141697	false	1.0
finster	neg 1.0		neg 0.5605037240968422 off 0.37102521460257015 __DUMMY__ 0.06847106130058771	false	1.0
geisteskrank	off 1.0		neg 0.5598396897749863 off 0.37287336124951415 __DUMMY__ 0.06728694897549946	false	0.5
zusammenbrechen	neg 1.0		neg 0.564506150230984 off 0.3673149048744764 __DUMMY__ 0.06817894489453943	false	1.0
ausbeute	neg 1.0		neg 0.5635878633015862 off 0.3678456946145463 __DUMMY__ 0.06856644208386739	false	1.0
hinterhalt	neg 1.0		neg 0.5627645112962968 off 0.36939032338505884 __DUMMY__ 0.0678451653186443	false	1.0
kritik	neg 1.0		neg 0.5696975462056002 off 0.3632802027948007 __DUMMY__ 0.06702225099959913	false	1.0
einschrumpfen	neg 1.0		neg 0.5631508164066367 off 0.3697507377845373 __DUMMY__ 0.06709844580882612	false	1.0
riskant	neg 1.0		neg 0.5678225452673922 off 0.36411945878509694 __DUMMY__ 0.068057995947511	false	1.0
frustrieren	neg 1.0		neg 0.5682996580077259 off 0.36372972368549267 __DUMMY__ 0.06797061830678142	false	1.0
groll	neg 1.0		neg 0.5676758995309172 off 0.36456880802330743 __DUMMY__ 0.06775529244577534	false	1.0
gibt			neg 0.5656137828271114 off 0.366340735453517 __DUMMY__ 0.06804548171937168	false	0.0
qualvoll	neg 1.0		neg 0.5597596077755274 off 0.3720590058585923 __DUMMY__ 0.06818138636588028	false	1.0
wackeln	neg 1.0		neg 0.5599220527332913 off 0.3715335918920538 __DUMMY__ 0.06854435537465481	false	1.0
klagen	neg 1.0		neg 0.5715422139631808 off 0.3607314285108768 __DUMMY__ 0.06772635752594247	false	1.0
bankrott	neg 1.0		neg 0.5569650757590904 off 0.3749167475834792 __DUMMY__ 0.06811817665743047	false	1.0
trauern	neg 1.0		neg 0.5674966101965377 off 0.3644495481698483 __DUMMY__ 0.06805384163361398	false	1.0
ablehnung	neg 1.0	neg 1.0	neg 0.7738647287974613 off 0.19409180743648016 __DUMMY__ 0.03204346376605862	false	1.0
stur	neg 1.0		neg 0.5629048224226555 off 0.3692360934084091 __DUMMY__ 0.06785908416893524	false	1.0
aufruhr	neg 1.0		neg 0.5662067783582228 off 0.36651073289624214 __DUMMY__ 0.06728248874553489	false	1.0
melancholie	neg 1.0		neg 0.5629046760033642 off 0.36845610614109814 __DUMMY__ 0.0686392178555376	false	1.0
ist			neg 0.5621200880054107 off 0.3699367245514258 __DUMMY__ 0.06794318744316352	false	0.0
torheit	neg 1.0		neg 0.5665534482188489 off 0.36636099331038746 __DUMMY__ 0.06708555847076358	false	1.0
dreckskind	off 1.0		neg 0.5552767482992564 off 0.3777679165851265 __DUMMY__ 0.066955335115617	false	0.5
umtauschen	neg 1.0		neg 0.5617913889872597 off 0.3698030766719204 __DUMMY__ 0.06840553434081997	false	1.0
zum			neg 0.5663218706232277 off 0.36447204543682393 __DUMMY__ 0.06920608393994832	false	0.0
zersetzen	neg 1.0		neg 0.5702943329519543 off 0.3619091976879486 __DUMMY__ 0.06779646936009717	false	1.0
zur			neg 0.5708239839513854 off 0.36080120867974075 __DUMMY__ 0.06837480736887372	false	0.0
frust	neg 1.0		neg 0.5647395776297485 off 0.3670823425086374 __DUMMY__ 0.0681780798616141	false	1.0
unerbittlichkeit	neg 1.0		neg 0.5694314247257659 off 0.36281442435476824 __DUMMY__ 0.06775415091946577	false	1.0
zwei			neg 0.5658575121091 off 0.36523025117526975 __DUMMY__ 0.06891223671563027	false	0.0
unkorrekt	neg 1.0		neg 0.5598171896909516 off 0.37298466355406945 __DUMMY__ 0.06719814675497893	false	1.0
hexe	off 1.0		neg 0.5579732286565987 off 0.3741753397582597 __DUMMY__ 0.06785143158514167	false	0.5
lasch	neg 1.0		neg 0.5619605585433326 off 0.37047782895936704 __DUMMY__ 0.06756161249730024	false	1.0
rivale	neg 1.0		neg 0.5551067632543145 off 0.37742267780302563 __DUMMY__ 0.06747055894265991	false	1.0
mutlos	off 1.0	off 1.0	off 0.6636574848154738 neg 0.3041070026990014 __DUMMY__ 0.03223551248552482	false	1.0
wirr	off 1.0		neg 0.5579346560326733 off 0.37486850441244346 __DUMMY__ 0.06719683955488318	false	0.5
jahr			neg 0.5641261534543407 off 0.36714995345174783 __DUMMY__ 0.06872389309391153	false	0.0
wird			neg 0.5667017595758157 off 0.3651789694890553 __DUMMY__ 0.06811927093512903	false	0.0
strafbar	neg 1.0		neg 0.5702616544771469 off 0.3622253155315131 __DUMMY__ 0.0675130299913398	false	1.0
erosion	neg 1.0		neg 0.5600331996526776 off 0.3716918199447971 __DUMMY__ 0.06827498040252539	false	1.0
eingehen	neg 1.0		neg 0.5678651928938663 off 0.364294886546595 __DUMMY__ 0.06783992055953868	false	1.0
faul	off 1.0		neg 0.5570609482899603 off 0.3746680132746496 __DUMMY__ 0.06827103843539012	false	0.5
provisorium	neg 1.0		neg 0.5724880316960677 off 0.3586823560115838 __DUMMY__ 0.06882961229234866	false	1.0
schmerzen	neg 1.0		neg 0.5631420475573331 off 0.3685367324931859 __DUMMY__ 0.06832121994948084	false	1.0
schrumpfen	neg 1.0		neg 0.5717494490585308 off 0.35994058384173505 __DUMMY__ 0.06830996709973428	false	1.0
geistlos	off 1.0		neg 0.5662023476001888 off 0.3669658313246148 __DUMMY__ 0.06683182107519635	false	0.5
fehlkauf	neg 1.0		neg 0.5617290022939115 off 0.3706355750276033 __DUMMY__ 0.06763542267848534	false	1.0
frustrierend	neg 1.0	neg 1.0	neg 0.768790027686521 off 0.19873593061568698 __DUMMY__ 0.03247404169779196	false	1.0
unzufrieden	neg 1.0		neg 0.5670330595841785 off 0.36505223860265956 __DUMMY__ 0.06791470181316205	false	1.0
verzweifeln	neg 1.0		neg 0.5636407580782614 off 0.3682035200083283 __DUMMY__ 0.0681557219134104	false	1.0
verzweifelt	neg 1.0		neg 0.5623928840502198 off 0.36964059491518975 __DUMMY__ 0.06796652103459047	false	1.0
misstrauensantrag	neg 1.0		neg 0.5621328572942211 off 0.37032154095106035 __DUMMY__ 0.06754560175471848	false	1.0
abfallen	neg 1.0		neg 0.5593815317203592 off 0.3720030547740321 __DUMMY__ 0.06861541350560876	false	1.0
fucker	off 1.0		neg 0.556242982107344 off 0.37620640613411294 __DUMMY__ 0.06755061175854318	false	0.5
ungezogen	neg 1.0		neg 0.549043684109032 off 0.38337708112997276 __DUMMY__ 0.06757923476099532	false	1.0
irrsinnig	neg 1.0	neg 1.0	neg 0.7709590630933002 off 0.1966580991416078 __DUMMY__ 0.032382837765091925	false	1.0
unfassbar	neg 1.0		neg 0.5584452962617465 off 0.3737203862078969 __DUMMY__ 0.06783431753035649	false	1.0
hart	neg 1.0		neg 0.559714102391306 off 0.3727814462112358 __DUMMY__ 0.06750445139745814	false	1.0
widerlich	off 1.0		neg 0.5589307326436798 off 0.3735259615290671 __DUMMY__ 0.06754330582725315	false	0.5
fatal	neg 1.0		neg 0.5613774801607828 off 0.3708934689401882 __DUMMY__ 0.06772905089902903	false	1.0
bruch	neg 1.0		neg 0.572381750222769 off 0.3599630826478797 __DUMMY__ 0.06765516712935124	false	1.0
aushungern	neg 1.0		neg 0.5673754211868013 off 0.36545599454653044 __DUMMY__ 0.06716858426666818	false	1.0
anspannung	neg 1.0		neg 0.5688546706618226 off 0.3625973090064286 __DUMMY__ 0.06854802033174871	false	1.0
von			neg 0.5651806871084125 off 0.3660887735232218 __DUMMY__ 0.06873053936836564	false	0.0
kraftlos	neg 1.0		neg 0.5637152122253236 off 0.36767176678829533 __DUMMY__ 0.06861302098638096	false	1.0
vom			neg 0.5696145299639275 off 0.3612896820008824 __DUMMY__ 0.06909578803519004	false	0.0
grenzdebil	off 1.0		neg 0.55670647303654 off 0.37537835218293114 __DUMMY__ 0.06791517478052879	false	0.5
vor			neg 0.5679838898900935 off 0.3635470455122068 __DUMMY__ 0.06846906459769962	false	0.0
unterwerfen	neg 1.0		neg 0.5687114905210289 off 0.36352986757928984 __DUMMY__ 0.06775864189968117	false	1.0
versenkung	neg 1.0		neg 0.568237053635805 off 0.3637945312700293 __DUMMY__ 0.06796841509416568	false	1.0
entziehen	neg 1.0		neg 0.5707967579242468 off 0.3612361970146803 __DUMMY__ 0.06796704506107308	false	1.0
finanzkrise	neg 1.0		neg 0.5678407955378569 off 0.365021740402666 __DUMMY__ 0.06713746405947725	false	1.0
schimpfend	neg 1.0		neg 0.5575025397586222 off 0.3737186319359028 __DUMMY__ 0.06877882830547499	false	1.0
profan	neg 1.0		neg 0.5609092816342774 off 0.3710740073428751 __DUMMY__ 0.06801671102284755	false	1.0
korruption	neg 1.0		neg 0.5698231769502604 off 0.3629797510850818 __DUMMY__ 0.0671970719646578	false	1.0
â			neg 0.5650113363219228 off 0.3667954245493535 __DUMMY__ 0.06819323912872369	false	0.0
schmutzig	neg 1.0		neg 0.5554432499642524 off 0.37628494141953056 __DUMMY__ 0.06827180861621682	false	1.0
sexy	neg 1.0		neg 0.5585511258987206 off 0.3734974589831169 __DUMMY__ 0.06795141511816243	false	1.0
abraten	neg 1.0		neg 0.5612407981092553 off 0.3705980672866828 __DUMMY__ 0.06816113460406197	false	1.0
schwarz	neg 1.0		neg 0.5619166287751683 off 0.3702643257941758 __DUMMY__ 0.06781904543065584	false	1.0
fotze	off 1.0		neg 0.5665139082931333 off 0.3657928584640442 __DUMMY__ 0.06769323324282243	false	0.5
verwirren	neg 1.0		neg 0.5601756576748607 off 0.3718474005264266 __DUMMY__ 0.06797694179871269	false	1.0
zahnlos	off 1.0		neg 0.5676392946252176 off 0.3646388242952626 __DUMMY__ 0.06772188107951986	false	0.5
verheeren	neg 1.0		neg 0.5504883982890515 off 0.38267122496401856 __DUMMY__ 0.0668403767469299	false	1.0
hippie	neg 1.0		neg 0.5592233885602725 off 0.3729006087860515 __DUMMY__ 0.06787600265367591	false	1.0
rammen	neg 1.0		neg 0.5596456405032334 off 0.3723162900616728 __DUMMY__ 0.0680380694350936	false	1.0
unlauter	neg 1.0	neg 1.0	neg 0.7706396368193752 off 0.19715620136282425 __DUMMY__ 0.0322041618178006	false	1.0
unheilvoll	neg 1.0		neg 0.5605301325020368 off 0.3713535831737461 __DUMMY__ 0.06811628432421715	false	1.0
niedrig	neg 1.0		neg 0.5668158157128106 off 0.36526526083171135 __DUMMY__ 0.06791892345547797	false	1.0
explosion	neg 1.0		neg 0.5590415999692747 off 0.3729255657785657 __DUMMY__ 0.06803283425215942	false	1.0
weichei	off 1.0		neg 0.552655788400754 off 0.3798183681804362 __DUMMY__ 0.06752584341880963	false	0.5
minusmensch	off 1.0		neg 0.551195008813273 off 0.3820698138267969 __DUMMY__ 0.06673517735992998	false	0.5
farblos	neg 1.0		neg 0.5637252852435393 off 0.36859332906557624 __DUMMY__ 0.06768138569088453	false	1.0
unwissend	neg 1.0	neg 1.0	neg 0.7686366012682642 off 0.19906106851942448 __DUMMY__ 0.03230233021231137	false	1.0
traurig	neg 1.0		neg 0.5546532165297676 off 0.3774333421833094 __DUMMY__ 0.06791344128692306	false	1.0
senkung	neg 1.0		neg 0.5610632694575236 off 0.3712702296664484 __DUMMY__ 0.067666500876028	false	1.0
ungleich	neg 1.0	neg 1.0	neg 0.7740339238085557 off 0.19364563450092231 __DUMMY__ 0.03232044169052199	false	1.0
heikel	neg 1.0		neg 0.5694994639414592 off 0.3625517948127487 __DUMMY__ 0.06794874124579209	false	1.0
drosselung	neg 1.0		neg 0.5539568475020448 off 0.3780964116686023 __DUMMY__ 0.06794674082935284	false	1.0
falsch	neg 1.0		neg 0.5598051814008725 off 0.37236701388362303 __DUMMY__ 0.06782780471550443	false	1.0
unzufriedenheit	neg 1.0		neg 0.5701554588576025 off 0.3619823587790048 __DUMMY__ 0.06786218236339268	false	1.0
kurz	neg 1.0		neg 0.5626460683590351 off 0.36880146768040856 __DUMMY__ 0.06855246396055631	false	1.0
unsinnig	neg 1.0		neg 0.5666775737404258 off 0.3654573475491542 __DUMMY__ 0.06786507871042005	false	1.0
penner	off 1.0	off 1.0	off 0.6740189571485616 neg 0.29370856157875647 __DUMMY__ 0.03227248127268198	false	1.0
seicht	neg 1.0		neg 0.5523297175139056 off 0.38063299738379724 __DUMMY__ 0.06703728510229723	false	1.0
dummheit	off 1.0	off 1.0	off 0.66731629309554 neg 0.30043607773315295 __DUMMY__ 0.03224762917130698	false	1.0
unerfreulich	neg 1.0		neg 0.5691689389388739 off 0.3626884828749205 __DUMMY__ 0.06814257818620564	false	1.0
motherfucker	off 1.0	off 1.0	off 0.6707642246245991 neg 0.29700641673444683 __DUMMY__ 0.03222935864095409	false	1.0
pikiert	neg 1.0		neg 0.5600395975480839 off 0.3723458457075702 __DUMMY__ 0.06761455674434586	false	1.0
wrack	neg 1.0		neg 0.5649619341386143 off 0.3668863609282004 __DUMMY__ 0.06815170493318541	false	1.0
gangster	neg 1.0		neg 0.5602674820463067 off 0.3718711175210653 __DUMMY__ 0.06786140043262807	false	1.0
krank	neg 1.0		neg 0.5550885154530244 off 0.37667794788760894 __DUMMY__ 0.06823353665936674	false	1.0
reich	neg 1.0		neg 0.5624680155638252 off 0.37070415412004254 __DUMMY__ 0.06682783031613222	false	1.0
gnadenlos	neg 1.0		neg 0.5625661276819847 off 0.3694652834309595 __DUMMY__ 0.06796858888705584	false	1.0
niedergeschlagen	neg 1.0		neg 0.5644365548363934 off 0.3673970896447731 __DUMMY__ 0.06816635551883361	false	1.0
terrorisieren	off 1.0	off 1.0	off 0.6643210244043378 neg 0.30321970749903987 __DUMMY__ 0.032459268096622314	false	1.0
sinnlosigkeit	neg 1.0		neg 0.5672747419747914 off 0.36494403694203986 __DUMMY__ 0.0677812210831688	false	1.0
behindern	neg 1.0		neg 0.5623330038120087 off 0.3694333254120975 __DUMMY__ 0.06823367077589375	false	1.0
undemokratisch	neg 1.0		neg 0.566568573829743 off 0.3663925509244559 __DUMMY__ 0.06703887524580102	false	1.0
wirtschaftskrise	neg 1.0		neg 0.56854192894752 off 0.3640110025644378 __DUMMY__ 0.0674470684880423	false	1.0
neid	neg 1.0		neg 0.558076790829744 off 0.37367664916860954 __DUMMY__ 0.06824656000164654	false	1.0
rutschen	neg 1.0		neg 0.5660318202438313 off 0.36473714672958485 __DUMMY__ 0.06923103302658382	false	1.0
rezession	neg 1.0		neg 0.5572746546219495 off 0.3757948172373109 __DUMMY__ 0.06693052814073973	false	1.0
fehlgeburt	neg 1.0		neg 0.5628932109371638 off 0.3691855339544466 __DUMMY__ 0.0679212551083897	false	1.0
charakterschwach	off 1.0		neg 0.5589008461079562 off 0.37351296565581027 __DUMMY__ 0.06758618823623365	false	0.5
isolation	neg 1.0		neg 0.5571127375113935 off 0.3748938238076218 __DUMMY__ 0.06799343868098481	false	1.0
ablenkung	neg 1.0		neg 0.5617824457580144 off 0.36993886415873195 __DUMMY__ 0.06827869008325363	false	1.0
pech	neg 1.0		neg 0.5592703328276548 off 0.37264212087925813 __DUMMY__ 0.06808754629308698	false	1.0
vermeidung	neg 1.0		neg 0.5547341888771578 off 0.3771889881566603 __DUMMY__ 0.06807682296618192	false	1.0
dominieren	neg 1.0		neg 0.5649074974886178 off 0.36712456568455987 __DUMMY__ 0.06796793682682233	false	1.0
schwindlig	neg 1.0		neg 0.5579040239803748 off 0.3736615152170098 __DUMMY__ 0.06843446080261528	false	1.0
lutscher	neg 1.0		neg 0.550564008997652 off 0.3822737522393164 __DUMMY__ 0.0671622387630315	false	1.0
pflicht	neg 1.0		neg 0.5697085434535278 off 0.36234948844477877 __DUMMY__ 0.06794196810169349	false	1.0
faschist	off 1.0		neg 0.5651381735604369 off 0.3677868112656435 __DUMMY__ 0.06707501517391964	false	0.5
verschleudern	neg 1.0		neg 0.5687942205392985 off 0.3636700129732486 __DUMMY__ 0.06753576648745288	false	1.0
wenn			neg 0.5592562814269697 off 0.3728135477495075 __DUMMY__ 0.06793017082352265	false	0.0
ehebruch	neg 1.0		neg 0.569416701784847 off 0.3630434437881558 __DUMMY__ 0.06753985442699725	false	1.0
spott	off 1.0		neg 0.5695630187471306 off 0.36279070527435997 __DUMMY__ 0.0676462759785095	false	0.5
trostlosigkeit	neg 1.0		neg 0.572295957804759 off 0.36031574492635304 __DUMMY__ 0.06738829726888802	false	1.0
lutschen	neg 1.0		neg 0.5606123511214455 off 0.37194980761740265 __DUMMY__ 0.06743784126115188	false	1.0
undiszipliniert	neg 1.0		neg 0.556334495301446 off 0.3759286719820807 __DUMMY__ 0.0677368327164735	false	1.0
kopfschmerz	neg 1.0		neg 0.5630699207402458 off 0.3687478846314644 __DUMMY__ 0.06818219462828974	false	1.0
unvorhergesehen	neg 1.0		neg 0.5621223855962811 off 0.3691807933449368 __DUMMY__ 0.06869682105878205	false	1.0
desinteressiert	neg 1.0		neg 0.5572660853168785 off 0.3751199934769824 __DUMMY__ 0.067613921206139	false	1.0
armselig	off 1.0		neg 0.5572645318938457 off 0.37533653185881805 __DUMMY__ 0.06739893624733626	false	0.5
desaster	neg 1.0		neg 0.5730279468570956 off 0.3593555118721939 __DUMMY__ 0.06761654127071055	false	1.0
tod	neg 1.0		neg 0.5713190163066446 off 0.36145910813211696 __DUMMY__ 0.06722187556123832	false	1.0
herzlos	neg 1.0		neg 0.5545978215187769 off 0.37762885867324714 __DUMMY__ 0.06777331980797588	false	1.0
unwissenheit	neg 1.0		neg 0.5683946740240292 off 0.3640244212881215 __DUMMY__ 0.0675809046878493	false	1.0
widersinnig	neg 1.0		neg 0.5690786141128636 off 0.36376870948791085 __DUMMY__ 0.06715267639922554	false	1.0
bedenklich	neg 1.0		neg 0.5685614197141102 off 0.36354358295285955 __DUMMY__ 0.06789499733303027	false	1.0
beanstanden	neg 1.0		neg 0.5699699722485582 off 0.3620570531615584 __DUMMY__ 0.0679729745898834	false	1.0
panisch	neg 1.0	neg 1.0	neg 0.7677702971842132 off 0.1993789144207313 __DUMMY__ 0.03285078839505561	false	1.0
debil	off 1.0		neg 0.5722182445013619 off 0.35963732511610264 __DUMMY__ 0.06814443038253547	false	0.5
abstrich	neg 1.0		neg 0.5607314581647044 off 0.37083470259463747 __DUMMY__ 0.06843383924065832	false	1.0
primitiv	neg 1.0		neg 0.5583168468545336 off 0.37415384481229225 __DUMMY__ 0.06752930833317419	false	1.0
abschaum	off 1.0	off 1.0	off 0.6685559666984542 neg 0.29926985540883705 __DUMMY__ 0.03217417789270876	false	1.0
provozieren	neg 1.0		neg 0.5648823315910413 off 0.3674582319293416 __DUMMY__ 0.06765943647961702	false	1.0
tot	neg 1.0		neg 0.5648499745884809 off 0.3672764584172789 __DUMMY__ 0.06787356699424009	false	1.0
instabil	neg 1.0		neg 0.5565447982610826 off 0.3762180999691729 __DUMMY__ 0.06723710176974451	false	1.0
schwuchtel	off 1.0		neg 0.5467200872437595 off 0.38658725880526384 __DUMMY__ 0.06669265395097664	false	0.5
zerren	neg 1.0		neg 0.564411590212645 off 0.3673901560904788 __DUMMY__ 0.06819825369687624	false	1.0
kinderficker	off 1.0		neg 0.5556835784368949 off 0.3771427155129221 __DUMMY__ 0.06717370605018311	false	0.5
gefahr	neg 1.0		neg 0.5685997080345746 off 0.3636602232367192 __DUMMY__ 0.06774006872870605	false	1.0
rabiat	neg 1.0		neg 0.5636780398386667 off 0.36836127909786803 __DUMMY__ 0.06796068106346523	false	1.0
verlangsamung	neg 1.0		neg 0.5538161754125781 off 0.3793361170971109 __DUMMY__ 0.06684770749031085	false	1.0
ausgestorben	neg 1.0		neg 0.5644892920021765 off 0.36735705822657916 __DUMMY__ 0.06815364977124438	false	1.0
anklagen	neg 1.0		neg 0.56647110872419 off 0.36602745993788344 __DUMMY__ 0.06750143133792663	false	1.0
trott	neg 1.0		neg 0.5627169903933593 off 0.369159227801499 __DUMMY__ 0.06812378180514173	false	1.0
verminderung	neg 1.0		neg 0.5556909841840564 off 0.37659614384463497 __DUMMY__ 0.0677128719713086	false	1.0
nach			neg 0.5682913124328502 off 0.36285981639597636 __DUMMY__ 0.06884887117117333	false	0.0
rost	neg 1.0		neg 0.5519009731884607 off 0.38095278048715936 __DUMMY__ 0.06714624632437999	false	1.0
destruktiv	neg 1.0	neg 1.0	neg 0.7727890447938414 off 0.19499204445595977 __DUMMY__ 0.032218910750198865	false	1.0
unzumutbarkeit	neg 1.0		neg 0.5559811408917655 off 0.3761772698574612 __DUMMY__ 0.06784158925077333	false	1.0
labil	off 1.0	off 1.0	off 0.6695040284555044 neg 0.29825814210468876 __DUMMY__ 0.03223782943980677	false	1.0
ziemlich	neg 1.0		neg 0.5572499041863105 off 0.37482865175974245 __DUMMY__ 0.06792144405394705	false	1.0
lachnummer	off 1.0		neg 0.5667758320485705 off 0.3656632862910892 __DUMMY__ 0.0675608816603403	false	0.5
oder			neg 0.5619077533282623 off 0.36976042779946056 __DUMMY__ 0.06833181887227727	false	0.0
verfall	neg 1.0		neg 0.5726474697139639 off 0.35922855959263983 __DUMMY__ 0.06812397069339614	false	1.0
ausgrenzung	neg 1.0		neg 0.5652490861962893 off 0.367629513672784 __DUMMY__ 0.06712140013092668	false	1.0
unordnung	neg 1.0		neg 0.5547488952455459 off 0.3778409306740298 __DUMMY__ 0.06741017408042443	false	1.0
fehlverhalten	neg 1.0		neg 0.5697298406047703 off 0.3625925994625885 __DUMMY__ 0.06767755993264131	false	1.0
eine			neg 0.5678431110857357 off 0.3637416921545749 __DUMMY__ 0.06841519675968928	false	0.0
nille	neg 1.0		neg 0.5654612239270196 off 0.3670098824514367 __DUMMY__ 0.06752889362154375	false	1.0
qual	neg 1.0		neg 0.5631228682504215 off 0.36881161719254074 __DUMMY__ 0.06806551455703774	false	1.0
verschwenden	neg 1.0		neg 0.56734871298269 off 0.36456352316422497 __DUMMY__ 0.06808776385308514	false	1.0
riesig	neg 1.0		neg 0.5646508067038606 off 0.3673892658010463 __DUMMY__ 0.06795992749509304	false	1.0
verurteilen	neg 1.0		neg 0.5688404179638493 off 0.3637047763560797 __DUMMY__ 0.06745480568007103	false	1.0
klischee	neg 1.0	neg 1.0	neg 0.769998363080443 off 0.19776669192200452 __DUMMY__ 0.032234944997552355	false	1.0
diktatorisch	neg 1.0		neg 0.5677556940590459 off 0.3654145565583066 __DUMMY__ 0.0668297493826474	false	1.0
vorhersehbar	neg 1.0		neg 0.5636608738330191 off 0.36885026993877157 __DUMMY__ 0.06748885622820938	false	1.0
sowie			neg 0.5541369156003668 off 0.37875842226159334 __DUMMY__ 0.06710466213803992	false	0.0
stornieren	neg 1.0		neg 0.5583780365223053 off 0.37329681077396015 __DUMMY__ 0.06832515270373453	false	1.0
besteuerung	neg 1.0		neg 0.5630592442973308 off 0.36924514026205707 __DUMMY__ 0.06769561544061214	false	1.0
ungeschminkt	neg 1.0		neg 0.5574982689161218 off 0.3747944322998664 __DUMMY__ 0.06770729878401176	false	1.0
kritisch	neg 1.0		neg 0.5694563760421009 off 0.3628852501441395 __DUMMY__ 0.0676583738137596	false	1.0
schlamperei	off 1.0		neg 0.5694589408924212 off 0.3630265098638446 __DUMMY__ 0.06751454924373404	false	0.5
sucht	neg 1.0	neg 1.0	neg 0.7675527839203514 off 0.1996774088405296 __DUMMY__ 0.03276980723911896	false	1.0
egoistisch	off 1.0		neg 0.5532880448531554 off 0.37924555584575814 __DUMMY__ 0.06746639930108642	false	0.5
ausbeuter	off 1.0		neg 0.5711052463456644 off 0.3613935178336497 __DUMMY__ 0.06750123582068589	false	0.5
arschgeburt	off 1.0		neg 0.5469089841793708 off 0.38640033644805355 __DUMMY__ 0.06669067937257563	false	0.5
schubs	neg 1.0	neg 1.0	neg 0.770758909066432 off 0.1964449696521146 __DUMMY__ 0.03279612128145355	false	1.0
unsolide	neg 1.0		neg 0.5653392281044901 off 0.36814483901844736 __DUMMY__ 0.06651593287706264	false	1.0
beschwerde	neg 1.0		neg 0.5677042539724587 off 0.36464409499261063 __DUMMY__ 0.06765165103493066	false	1.0
stocken	neg 1.0		neg 0.5667228508008668 off 0.3653125023467126 __DUMMY__ 0.06796464685242055	false	1.0
isolieren	neg 1.0		neg 0.5630244470919777 off 0.3687430744169593 __DUMMY__ 0.06823247849106306	false	1.0
unheilbar	neg 1.0		neg 0.5643082908398258 off 0.36797798551755034 __DUMMY__ 0.0677137236426239	false	1.0
pisser	off 1.0		neg 0.5563488410612419 off 0.3763628339825337 __DUMMY__ 0.06728832495622418	false	0.5
löschen	neg 1.0		neg 0.5626570068340245 off 0.3694956057499526 __DUMMY__ 0.06784738741602282	false	1.0
durchfallen	neg 1.0		neg 0.5678524427133524 off 0.36423913288677195 __DUMMY__ 0.06790842439987554	false	1.0
wichser	off 1.0		neg 0.5484104713991562 off 0.3842766731221967 __DUMMY__ 0.06731285547864715	false	0.5
terror	neg 1.0		neg 0.5576082363986833 off 0.37418146693743487 __DUMMY__ 0.06821029666388184	false	1.0
krass	neg 1.0		neg 0.5542520993367221 off 0.37803560531696395 __DUMMY__ 0.06771229534631382	false	1.0
revolte	neg 1.0	neg 1.0	neg 0.7718441727927254 off 0.19631185738659596 __DUMMY__ 0.03184396982067869	false	1.0
besorgt	neg 1.0		neg 0.562239735118467 off 0.36914217594170273 __DUMMY__ 0.06861808893983028	false	1.0
nachlassen	neg 1.0		neg 0.5652691815813742 off 0.36660025257951445 __DUMMY__ 0.06813056583911153	false	1.0
alt	neg 1.0		neg 0.5656613829440816 off 0.36589821113690413 __DUMMY__ 0.06844040591901425	false	1.0
hundesohn	off 1.0		neg 0.5513471062537558 off 0.3817385147852996 __DUMMY__ 0.0669143789609446	false	0.5
als			neg 0.5649105626438496 off 0.3668122741105453 __DUMMY__ 0.068277163245605	false	0.0
abschreckung	neg 1.0		neg 0.5713393469853302 off 0.3609847012227662 __DUMMY__ 0.0676759517919037	false	1.0
unqualifiziert	neg 1.0	neg 1.0	neg 0.770518344314452 off 0.19722870504572962 __DUMMY__ 0.03225295063981838	false	1.0
abgewichst	off 1.0		neg 0.5653553550161871 off 0.3668547889604055 __DUMMY__ 0.06778985602340755	false	0.5
schwer	neg 1.0		neg 0.5634719200252495 off 0.368387473842386 __DUMMY__ 0.06814060613236449	false	1.0
bedeutungslosigkeit	neg 1.0		neg 0.5701731991698911 off 0.3620929678330569 __DUMMY__ 0.067733832997052	false	1.0
kapitulation	neg 1.0		neg 0.571156108003552 off 0.36178113269809165 __DUMMY__ 0.06706275929835637	false	1.0
unscharf	neg 1.0		neg 0.5598533849193523 off 0.3721844371707226 __DUMMY__ 0.06796217790992491	false	1.0
schwinden	neg 1.0		neg 0.5690605131976932 off 0.36305294340546285 __DUMMY__ 0.06788654339684402	false	1.0
versklavung	neg 1.0	neg 1.0	neg 0.7725174599370968 off 0.1954893026656814 __DUMMY__ 0.031993237397221784	false	1.0
schlecht	neg 1.0		neg 0.5567092897608767 off 0.37533128310460007 __DUMMY__ 0.06795942713452317	false	1.0
verhasst	neg 1.0		neg 0.5654049608055781 off 0.36704830140474165 __DUMMY__ 0.06754673778968016	false	1.0
beschweren	neg 1.0		neg 0.5615479073598965 off 0.3704220253643273 __DUMMY__ 0.06803006727577615	false	1.0
scheiden	neg 1.0		neg 0.5630286917900252 off 0.3687895667540539 __DUMMY__ 0.06818174145592089	false	1.0
frustriert	neg 1.0		neg 0.5650682431975977 off 0.36688409113595116 __DUMMY__ 0.06804766566645097	false	1.0
schimmelig	neg 1.0		neg 0.5672982861861292 off 0.3647784626779786 __DUMMY__ 0.06792325113589237	false	1.0
fisch	neg 1.0	neg 1.0	neg 0.7710307008234142 off 0.19622614053393073 __DUMMY__ 0.03274315864265512	false	1.0
schmuggel	neg 1.0		neg 0.5677492782289808 off 0.36400909697696887 __DUMMY__ 0.06824162479405026	false	1.0
auffallen	neg 1.0		neg 0.5611274391406265 off 0.37088430381763016 __DUMMY__ 0.06798825704174341	false	1.0
konkurrenz	neg 1.0		neg 0.5685438452082006 off 0.3631890737967446 __DUMMY__ 0.0682670809950549	false	1.0
teufelskreis	neg 1.0	neg 1.0	neg 0.7722044508190936 off 0.19541420417987657 __DUMMY__ 0.03238134500102995	false	1.0
aufschreien	neg 1.0		neg 0.5630086961440451 off 0.3693630166298539 __DUMMY__ 0.06762828722610086	false	1.0
schuldner	neg 1.0		neg 0.5699120826826722 off 0.36253226177105 __DUMMY__ 0.06755565554627772	false	1.0
missgeburt	off 1.0	off 1.0	off 0.6726083708855677 neg 0.29533049381702176 __DUMMY__ 0.03206113529741056	false	1.0
arbeitslos	neg 1.0		neg 0.5671600906321768 off 0.3650266571254349 __DUMMY__ 0.06781325224238827	false	1.0
befallen	neg 1.0		neg 0.5710952104140945 off 0.36189901317548356 __DUMMY__ 0.06700577641042194	false	1.0
miesepetrig	off 1.0		neg 0.5565119967747453 off 0.37542759503692175 __DUMMY__ 0.06806040818833285	false	0.5
alarmieren	neg 1.0		neg 0.5610309676137096 off 0.3716774821369927 __DUMMY__ 0.06729155024929766	false	1.0
ungeduscht	off 1.0		neg 0.5594872389822837 off 0.37250525928751105 __DUMMY__ 0.0680075017302052	false	0.5
knappheit	neg 1.0		neg 0.5676406976615682 off 0.36472573256405294 __DUMMY__ 0.06763356977437872	false	1.0
schlange	neg 1.0		neg 0.5599241312740803 off 0.3717098056175474 __DUMMY__ 0.06836606310837237	false	1.0
harsch	neg 1.0		neg 0.5498942955511489 off 0.38224303166067153 __DUMMY__ 0.06786267278817942	false	1.0
lang	neg 1.0		neg 0.562039235343052 off 0.3700071645233978 __DUMMY__ 0.06795360013355024	false	1.0
ziellos	neg 1.0		neg 0.565976063285883 off 0.3658582943604425 __DUMMY__ 0.06816564235367446	false	1.0
selbstverliebt	neg 1.0		neg 0.5498144635534595 off 0.3834136237940117 __DUMMY__ 0.06677191265252863	false	1.0
beseitigen	neg 1.0		neg 0.5607756320724256 off 0.370972490529636 __DUMMY__ 0.06825187739793845	false	1.0
dumm	off 1.0		neg 0.5531336494557376 off 0.3795438240592876 __DUMMY__ 0.06732252648497489	false	0.5
arbeitsloser	neg 1.0		neg 0.5676821121458839 off 0.3644215197309981 __DUMMY__ 0.0678963681231179	false	1.0
blitzen	neg 1.0		neg 0.5607240662677715 off 0.37163577942414444 __DUMMY__ 0.067640154308084	false	1.0
hilflos	neg 1.0		neg 0.5654605735197806 off 0.36648054177101247 __DUMMY__ 0.0680588847092069	false	1.0
eklig	off 1.0		neg 0.5525634979685998 off 0.38023018612034554 __DUMMY__ 0.06720631591105453	false	0.5
begriff			neg 0.5660828389646666 off 0.3660729017515228 __DUMMY__ 0.06784425928381052	false	0.0
hungersnot	neg 1.0		neg 0.568892722240444 off 0.36414283438621586 __DUMMY__ 0.06696444337334016	false	1.0
ungesetzlich	neg 1.0		neg 0.565600256839452 off 0.3674430675096593 __DUMMY__ 0.06695667565088874	false	1.0
verschwendung	neg 1.0		neg 0.5689177614849933 off 0.3630821140732566 __DUMMY__ 0.06800012444175017	false	1.0
schmerzvoll	neg 1.0		neg 0.5613464258337372 off 0.37058937660079605 __DUMMY__ 0.06806419756546661	false	1.0
vorzeitig	neg 1.0		neg 0.557941606268453 off 0.3742989026064443 __DUMMY__ 0.06775949112510278	false	1.0
unvollkommenheit	neg 1.0		neg 0.5637025918288768 off 0.3684172776649418 __DUMMY__ 0.06788013050618133	false	1.0
intervenieren	neg 1.0		neg 0.5711976887567357 off 0.3614123494255567 __DUMMY__ 0.06738996181770757	false	1.0
banause	off 1.0		neg 0.5508006976799313 off 0.38201401433151777 __DUMMY__ 0.06718528798855092	false	0.5
rebell	neg 1.0		neg 0.5687925358972223 off 0.36302819113470974 __DUMMY__ 0.06817927296806785	false	1.0
unlogisch	neg 1.0		neg 0.5563320907817552 off 0.3761519314884338 __DUMMY__ 0.06751597772981108	false	1.0
leiden	neg 1.0	neg 1.0	neg 0.7711380507709366 off 0.19578769013191652 __DUMMY__ 0.03307425909714685	false	1.0
abschaffung	neg 1.0		neg 0.5650567818876354 off 0.367528915950247 __DUMMY__ 0.06741430216211754	false	1.0
sturz	neg 1.0		neg 0.5651103807463494 off 0.367608491267356 __DUMMY__ 0.06728112798629463	false	1.0
verkleinerung	neg 1.0		neg 0.562149078800929 off 0.3706182183161475 __DUMMY__ 0.06723270288292346	false	1.0
schmarotzer	off 1.0		neg 0.5688396192146077 off 0.3635700335409278 __DUMMY__ 0.06759034724446462	false	0.5
bestrafung	neg 1.0		neg 0.5630891991754867 off 0.3691110731885474 __DUMMY__ 0.06779972763596577	false	1.0
achtlos	neg 1.0		neg 0.5624109527824334 off 0.36925667246810184 __DUMMY__ 0.06833237474946473	false	1.0
ungeheuer	neg 1.0		neg 0.5612889173828037 off 0.3708377614342992 __DUMMY__ 0.06787332118289706	false	1.0
unaufrichtig	neg 1.0		neg 0.5637412733965192 off 0.369060695698824 __DUMMY__ 0.06719803090465681	false	1.0
groggy	neg 1.0		neg 0.5605381588099752 off 0.37175479832790514 __DUMMY__ 0.06770704286211958	false	1.0
verletzlich	neg 1.0		neg 0.5572866884683247 off 0.37493402861882974 __DUMMY__ 0.06777928291284543	false	1.0
ablehnen	neg 1.0		neg 0.5681909258826685 off 0.3641859321489039 __DUMMY__ 0.06762314196842767	false	1.0
