unsolidarisch	neg 1.0		__DUMMY__ 0.46003396264577573 neg 0.3302419202379275 off 0.20972411711629693	false	1.0
nachteilig	neg 1.0		__DUMMY__ 0.4667073720564523 neg 0.325546406336764 off 0.2077462216067837	false	1.0
skeptisch	neg 1.0		__DUMMY__ 0.4682330859095277 neg 0.32672614443624076 off 0.2050407696542315	false	1.0
schrecklich	neg 1.0		__DUMMY__ 0.4656465084813754 neg 0.3143532130965245 off 0.22000027842210007	false	1.0
schlapp	neg 1.0		__DUMMY__ 0.4689501392502582 neg 0.3151151037177917 off 0.21593475703195023	false	1.0
abfall	neg 1.0		__DUMMY__ 0.4686045152878266 neg 0.3281718612007007 off 0.2032236235114728	false	1.0
widerspenstig	neg 1.0		__DUMMY__ 0.46948975072166826 neg 0.3196876905165215 off 0.21082255876181022	false	1.0
abrupt	neg 1.0		__DUMMY__ 0.47041357533931955 neg 0.3201026396696485 off 0.2094837849910318	false	1.0
unwirksam	neg 1.0		__DUMMY__ 0.4628737118365991 neg 0.3263480891750714 off 0.21077819898832956	false	1.0
angreifen	neg 1.0		__DUMMY__ 0.46652307007719834 neg 0.32734935615348115 off 0.20612757376932062	false	1.0
inkonsistent	neg 1.0		__DUMMY__ 0.4647012533570315 neg 0.32271746014594777 off 0.21258128649702066	false	1.0
abrutschen	neg 1.0		__DUMMY__ 0.4696542777162523 neg 0.326671218177064 off 0.2036745041066837	false	1.0
unsicher	neg 1.0		__DUMMY__ 0.46809077104527486 neg 0.32119453796549796 off 0.21071469098922715	false	1.0
bauernkind	off 1.0		__DUMMY__ 0.4619823937765384 neg 0.3149833452223385 off 0.22303426100112309	false	0.5
angreifer	neg 1.0		__DUMMY__ 0.46350470602373317 neg 0.32301457423153185 off 0.21348071974473498	false	1.0
trennen	neg 1.0		__DUMMY__ 0.47218502974198057 neg 0.3209484177392378 off 0.20686655251878164	false	1.0
schmutz	neg 1.0		__DUMMY__ 0.4711521833150215 neg 0.31129414493370555 off 0.21755367175127302	false	1.0
inkonsistenz	neg 1.0	neg 1.0	neg 0.6528111934729142 __DUMMY__ 0.2258147287436805 off 0.1213740777834054	false	1.0
erschreckend	neg 1.0		__DUMMY__ 0.46664756697862486 neg 0.3242545732338123 off 0.20909785978756282	false	1.0
ertrinken	neg 1.0		__DUMMY__ 0.4695266825137421 neg 0.3230375494123523 off 0.20743576807390565	false	1.0
pickelface	off 1.0		__DUMMY__ 0.4648789810269343 neg 0.32384288132876426 off 0.21127813764430137	false	0.5
seiner			__DUMMY__ 0.46833329190766465 neg 0.3252268288280812 off 0.20643987926425403	false	0.0
lauch	neg 1.0		__DUMMY__ 0.46810169976590593 neg 0.32722786272938814 off 0.20467043750470595	false	1.0
unwichtig	neg 1.0		__DUMMY__ 0.46580631055155947 neg 0.31894378236434257 off 0.21524990708409808	false	1.0
steuerhinterziehung	neg 1.0		__DUMMY__ 0.4627083288250819 neg 0.3282889217877179 off 0.20900274938720015	false	1.0
schock	neg 1.0		__DUMMY__ 0.4702456955271046 neg 0.32034831855110835 off 0.2094059859217871	false	1.0
beule	neg 1.0		__DUMMY__ 0.46846689911113965 neg 0.31421034570465306 off 0.21732275518420727	false	1.0
vergelten	neg 1.0		__DUMMY__ 0.4632775647360413 neg 0.3155253661394674 off 0.2211970691244914	false	1.0
verdorbenheit	neg 1.0	neg 1.0	neg 0.650450826277282 __DUMMY__ 0.22867646058740468 off 0.12087271313531328	false	1.0
trauma	neg 1.0		__DUMMY__ 0.4665832672022853 neg 0.3208145310635668 off 0.2126022017341478	false	1.0
sinnlos	neg 1.0		__DUMMY__ 0.4669231445937734 neg 0.32015816945066966 off 0.21291868595555685	false	1.0
fettsack	off 1.0	off 1.0	off 0.5960389710173923 __DUMMY__ 0.22484103858194396 neg 0.17911999040066373	false	1.0
feige	off 1.0		__DUMMY__ 0.4643289857936741 neg 0.3211551628209112 off 0.21451585138541476	false	0.5
abdanken	neg 1.0		__DUMMY__ 0.4614445532789535 neg 0.3295989906841855 off 0.20895645603686083	false	1.0
wichtigtuer	off 1.0	off 1.0	off 0.5904418872772008 __DUMMY__ 0.22577214994323389 neg 0.1837859627795653	false	1.0
misslingen	neg 1.0		__DUMMY__ 0.46950224972520543 neg 0.31696576542325355 off 0.21353198485154104	false	1.0
untreu	off 1.0		__DUMMY__ 0.46615640313908596 neg 0.3176191534424693 off 0.21622444341844457	false	0.5
missmutig	neg 1.0		__DUMMY__ 0.4685172853747695 neg 0.3162916755796363 off 0.21519103904559436	false	1.0
hurenbock	off 1.0		__DUMMY__ 0.47009756840243117 neg 0.3168217981220143 off 0.21308063347555437	false	0.5
betrunken	neg 1.0		__DUMMY__ 0.46794853471305825 neg 0.3137022435589892 off 0.21834922172795257	false	1.0
korrupt	off 1.0		__DUMMY__ 0.4617858727317351 neg 0.3310652784949517 off 0.20714884877331305	false	0.5
unmut	neg 1.0		__DUMMY__ 0.4676551182737477 neg 0.3283760502862083 off 0.20396883144004388	false	1.0
hackfresse	off 1.0		__DUMMY__ 0.4641347327923962 neg 0.31245963557301737 off 0.2234056316345864	false	0.5
aufblasen	neg 1.0		__DUMMY__ 0.46953969888555874 neg 0.3178021488948282 off 0.2126581522196131	false	1.0
gewaltsam	neg 1.0		__DUMMY__ 0.46308829570495225 neg 0.32587410020094965 off 0.2110376040940981	false	1.0
unbeliebtheit	neg 1.0		__DUMMY__ 0.4579586770617182 neg 0.3261111814041348 off 0.215930141534147	false	1.0
sturheit	neg 1.0		__DUMMY__ 0.4643450662074588 neg 0.3269737387853893 off 0.20868119500715182	false	1.0
kuh	neg 1.0		__DUMMY__ 0.4656764806540476 neg 0.322008242524665 off 0.21231527682128748	false	1.0
erschrecken	neg 1.0		__DUMMY__ 0.4680797740735097 neg 0.31714611008098786 off 0.21477411584550254	false	1.0
opfer	neg 1.0	neg 1.0	neg 0.6554372797881802 __DUMMY__ 0.22714106090435499 off 0.11742165930746479	false	1.0
sinken	neg 1.0		__DUMMY__ 0.46795159638127276 neg 0.32724098814780306 off 0.20480741547092432	false	1.0
stinktier	neg 1.0		__DUMMY__ 0.4634660132963026 neg 0.3165638948716953 off 0.21997009183200208	false	1.0
tucke	off 1.0		__DUMMY__ 0.4643453108063453 neg 0.31169865846335787 off 0.22395603073029702	false	0.5
ein			__DUMMY__ 0.4714117351964462 neg 0.3162985995519914 off 0.21228966525156254	false	0.0
abstieg	neg 1.0		__DUMMY__ 0.4653706077727465 neg 0.32609741554708455 off 0.20853197668016896	false	1.0
missverstehen	neg 1.0		__DUMMY__ 0.4647332063399871 neg 0.3230023022784707 off 0.21226449138154224	false	1.0
ergebnislos	neg 1.0		__DUMMY__ 0.46612055232309035 neg 0.32571082735351875 off 0.20816862032339087	false	1.0
unter			__DUMMY__ 0.474179340709877 neg 0.3250403470491185 off 0.20078031224100448	false	0.0
manipulieren	neg 1.0		__DUMMY__ 0.46608370804216015 neg 0.32820780361497637 off 0.20570848834286348	false	1.0
unbewiesen	neg 1.0		__DUMMY__ 0.45927264554012975 neg 0.33151311990823373 off 0.20921423455163646	false	1.0
verschleppen	neg 1.0		__DUMMY__ 0.4650256248269667 neg 0.32738629543198383 off 0.2075880797410495	false	1.0
weib	off 1.0		__DUMMY__ 0.4636149299609437 neg 0.3115742211140847 off 0.22481084892497144	false	0.5
opposition	neg 1.0		__DUMMY__ 0.4623495059098828 neg 0.32591218723015103 off 0.2117383068599663	false	1.0
verkehrswidrig	neg 1.0		__DUMMY__ 0.46660568560617577 neg 0.31143864811621236 off 0.22195566627761187	false	1.0
inkorrekt	neg 1.0		__DUMMY__ 0.46100340060576267 neg 0.3236033914769193 off 0.21539320791731817	false	1.0
vermeiden	neg 1.0		__DUMMY__ 0.47141762457650804 neg 0.3258645456355732 off 0.20271782978791889	false	1.0
abweichung	neg 1.0		__DUMMY__ 0.4619704751605118 neg 0.3310865315384376 off 0.20694299330105062	false	1.0
alkoholisiert	neg 1.0		__DUMMY__ 0.46910072209002146 neg 0.3222030533893684 off 0.20869622452061012	false	1.0
scheiss	off 1.0	off 1.0	off 0.5935915123330647 __DUMMY__ 0.22692261531014168 neg 0.17948587235679356	false	1.0
herausforderung	neg 1.0		__DUMMY__ 0.47210031212953574 neg 0.31865285014942 off 0.20924683772104438	false	1.0
pervers	off 1.0		__DUMMY__ 0.46295736898265233 neg 0.30936490103883907 off 0.22767772997850852	false	0.5
wackelig	neg 1.0		__DUMMY__ 0.47255849377046055 neg 0.3180938408221189 off 0.20934766540742042	false	1.0
verwickeln	neg 1.0		__DUMMY__ 0.46564427225765287 neg 0.3221981950503868 off 0.21215753269196022	false	1.0
vorwand	neg 1.0		__DUMMY__ 0.4666171920538453 neg 0.32879710529199574 off 0.204585702654159	false	1.0
muschi	off 1.0		__DUMMY__ 0.46519145083922514 neg 0.32390360453886086 off 0.21090494462191384	false	0.5
entmutigung	neg 1.0		__DUMMY__ 0.45779184587438204 neg 0.3307324646345119 off 0.211475689491106	false	1.0
unangemessen	neg 1.0		__DUMMY__ 0.4644909123272574 neg 0.32798697623438616 off 0.20752211143835644	false	1.0
unstetig	neg 1.0		__DUMMY__ 0.4644827399501453 neg 0.3212960411545257 off 0.21422121889532902	false	1.0
entmutigen	neg 1.0		__DUMMY__ 0.46753579088300357 neg 0.32060838427140154 off 0.2118558248455949	false	1.0
schwanz	neg 1.0		__DUMMY__ 0.46670377106056243 neg 0.32461028560525756 off 0.20868594333417986	false	1.0
verbot	neg 1.0		__DUMMY__ 0.46255054950784824 neg 0.329477163671262 off 0.2079722868208897	false	1.0
leid	neg 1.0		__DUMMY__ 0.46451943606608215 neg 0.3140804958346267 off 0.22140006809929114	false	1.0
archaisch	neg 1.0		__DUMMY__ 0.46531063948116946 neg 0.3263958841420747 off 0.2082934763767559	false	1.0
gegen			__DUMMY__ 0.46665038987645874 neg 0.32812093696445743 off 0.20522867315908372	false	0.0
scheidung	neg 1.0	neg 1.0	neg 0.6410162533076184 __DUMMY__ 0.22486019613612074 off 0.13412355055626088	false	1.0
einschlag	neg 1.0		__DUMMY__ 0.4646643181211299 neg 0.31437371351255544 off 0.22096196836631474	false	1.0
m			__DUMMY__ 0.4690078849942672 neg 0.32114760918158103 off 0.20984450582415173	false	0.0
abgestanden	neg 1.0		__DUMMY__ 0.46878570966671657 neg 0.32017864614081454 off 0.21103564419246892	false	1.0
schmierig	off 1.0		__DUMMY__ 0.4656055487331501 neg 0.31397419642726354 off 0.22042025483958658	false	0.5
unpraktisch	neg 1.0		__DUMMY__ 0.4699010247930611 neg 0.31743110712492084 off 0.21266786808201804	false	1.0
wixxer	off 1.0		__DUMMY__ 0.4615063307625403 neg 0.31099660194145085 off 0.22749706729600905	false	0.5
bezeichnet			__DUMMY__ 0.46506946533362153 neg 0.3255102408169325 off 0.2094202938494461	false	0.0
jammerlappen	off 1.0		__DUMMY__ 0.4665729424204444 neg 0.31796101115756664 off 0.215466046421989	false	0.5
farce	neg 1.0		__DUMMY__ 0.45993011736816514 neg 0.3322810439591147 off 0.20778883867272036	false	1.0
zwecklos	neg 1.0		__DUMMY__ 0.4655304166241671 neg 0.32708138049483715 off 0.20738820288099585	false	1.0
turbulent	neg 1.0		__DUMMY__ 0.4634883641194653 neg 0.31758078041126603 off 0.2189308554692686	false	1.0
invasion	neg 1.0		__DUMMY__ 0.4681779804559643 neg 0.3171936140159366 off 0.2146284055280991	false	1.0
schuld	neg 1.0		__DUMMY__ 0.4661635374793207 neg 0.3225639713803227 off 0.21127249114035662	false	1.0
risiko	neg 1.0		__DUMMY__ 0.46902256234698336 neg 0.3160226101333426 off 0.2149548275196741	false	1.0
finster	neg 1.0		__DUMMY__ 0.47041264784642306 neg 0.3177050970411024 off 0.21188225511247458	false	1.0
geisteskrank	off 1.0		__DUMMY__ 0.462760103586162 neg 0.3208905306375991 off 0.21634936577623898	false	0.5
zusammenbrechen	neg 1.0		__DUMMY__ 0.468448314299706 neg 0.3222720045613473 off 0.20927968113894674	false	1.0
ausbeute	neg 1.0		__DUMMY__ 0.4710927498244116 neg 0.32011656493813934 off 0.20879068523744898	false	1.0
hinterhalt	neg 1.0		__DUMMY__ 0.4665099514320972 neg 0.3216627934929483 off 0.21182725507495434	false	1.0
kritik	neg 1.0		__DUMMY__ 0.4611290724632847 neg 0.3307900589628448 off 0.20808086857387034	false	1.0
einschrumpfen	neg 1.0		__DUMMY__ 0.4616036740659326 neg 0.32458403643017547 off 0.2138122895038919	false	1.0
riskant	neg 1.0		__DUMMY__ 0.4676868142940589 neg 0.32571669451819946 off 0.20659649118774168	false	1.0
frustrieren	neg 1.0		__DUMMY__ 0.4671300453625348 neg 0.32645221758816473 off 0.20641773704930064	false	1.0
groll	neg 1.0		__DUMMY__ 0.46578975117645344 neg 0.326524210468671 off 0.2076860383548756	false	1.0
gibt			__DUMMY__ 0.46758899011500116 neg 0.3237345296098141 off 0.20867648027518493	false	0.0
qualvoll	neg 1.0		__DUMMY__ 0.4685153085044706 neg 0.31790812756313325 off 0.2135765639323963	false	1.0
wackeln	neg 1.0		__DUMMY__ 0.47082218351224897 neg 0.316842287870651 off 0.21233552861710012	false	1.0
klagen	neg 1.0		__DUMMY__ 0.4656356785846618 neg 0.33017114528860086 off 0.2041931761267373	false	1.0
bankrott	neg 1.0		__DUMMY__ 0.46810089877479494 neg 0.31554287415307397 off 0.21635622707213112	false	1.0
trauern	neg 1.0		__DUMMY__ 0.4677534367682296 neg 0.32534875692724197 off 0.20689780630452853	false	1.0
ablehnung	neg 1.0	neg 1.0	neg 0.6574066845058721 __DUMMY__ 0.2243792948367176 off 0.1182140206574102	false	1.0
stur	neg 1.0		__DUMMY__ 0.4664120164843915 neg 0.32183428030881067 off 0.21175370320679776	false	1.0
aufruhr	neg 1.0		__DUMMY__ 0.46281947794479944 neg 0.3267261451000673 off 0.21045437695513333	false	1.0
melancholie	neg 1.0		__DUMMY__ 0.4714949823519394 neg 0.31928400269336177 off 0.20922101495469891	false	1.0
ist			__DUMMY__ 0.4669311282782165 neg 0.3208891371728576 off 0.21217973454892583	false	0.0
torheit	neg 1.0		__DUMMY__ 0.46153682694626075 neg 0.3276782428604173 off 0.21078493019332192	false	1.0
dreckskind	off 1.0		__DUMMY__ 0.4606919285772329 neg 0.3178194502679293 off 0.2214886211548377	false	0.5
umtauschen	neg 1.0		__DUMMY__ 0.4699722162603408 neg 0.3190992938390245 off 0.21092848990063467	false	1.0
zum			__DUMMY__ 0.47512326604771743 neg 0.3205134705397227 off 0.2043632634125599	false	0.0
zersetzen	neg 1.0		__DUMMY__ 0.46604273007386443 neg 0.328835899975753 off 0.20512136995038263	false	1.0
zur			__DUMMY__ 0.46978613164934957 neg 0.3273843320442467 off 0.20282953630640388	false	0.0
frust	neg 1.0		__DUMMY__ 0.468443557352763 neg 0.32247912078170254 off 0.20907732186553443	false	1.0
unerbittlichkeit	neg 1.0		__DUMMY__ 0.4657885494463554 neg 0.32813963961813936 off 0.20607181093550528	false	1.0
zwei			__DUMMY__ 0.47320591915662713 neg 0.3211022615893308 off 0.2056918192540421	false	0.0
unkorrekt	neg 1.0		__DUMMY__ 0.4622873927326853 neg 0.3211157752344531 off 0.2165968320328615	false	1.0
hexe	off 1.0		__DUMMY__ 0.46647974317373814 neg 0.31735774178713805 off 0.21616251503912393	false	0.5
lasch	neg 1.0		__DUMMY__ 0.46454363176510427 neg 0.32191001253405865 off 0.21354635570083708	false	1.0
rivale	neg 1.0		__DUMMY__ 0.4640247260499687 neg 0.3158963586719576 off 0.22007891527807372	false	1.0
mutlos	off 1.0	off 1.0	off 0.5873443057293218 __DUMMY__ 0.2256766613493101 neg 0.18697903292136805	false	1.0
wirr	off 1.0		__DUMMY__ 0.4622862989546621 neg 0.31942588137119804 off 0.2182878196741398	false	0.5
jahr			__DUMMY__ 0.4720485215831846 neg 0.32009045685917104 off 0.20786102155764435	false	0.0
wird			__DUMMY__ 0.46806543306764353 neg 0.32453110232857674 off 0.2074034646037797	false	0.0
strafbar	neg 1.0		__DUMMY__ 0.4642479671317854 neg 0.32970407205092095 off 0.2060479608172936	false	1.0
erosion	neg 1.0		__DUMMY__ 0.4690945180050139 neg 0.31782467921782664 off 0.21308080277715946	false	1.0
eingehen	neg 1.0		__DUMMY__ 0.4662831211816904 neg 0.32647660353466357 off 0.20724027528364583	false	1.0
faul	off 1.0		__DUMMY__ 0.4690957084461984 neg 0.3151369324599538 off 0.21576735909384778	false	0.5
provisorium	neg 1.0		__DUMMY__ 0.472681995465132 neg 0.3275225716183067 off 0.1997954329165613	false	1.0
schmerzen	neg 1.0		__DUMMY__ 0.46942962569160024 neg 0.32064275753730787 off 0.20992761677109192	false	1.0
schrumpfen	neg 1.0		__DUMMY__ 0.4693851158383253 neg 0.32844262888822856 off 0.2021722552734461	false	1.0
geistlos	off 1.0		__DUMMY__ 0.4598834549620561 neg 0.3282156598378067 off 0.21190088520013725	false	0.5
fehlkauf	neg 1.0		__DUMMY__ 0.46501986606864354 neg 0.3214761604598716 off 0.2135039734714849	false	1.0
frustrierend	neg 1.0	neg 1.0	neg 0.6509793693324738 __DUMMY__ 0.227273351253046 off 0.12174727941448013	false	1.0
unzufrieden	neg 1.0		__DUMMY__ 0.46676325469149815 neg 0.3254622292455895 off 0.20777451606291247	false	1.0
verzweifeln	neg 1.0		__DUMMY__ 0.4683000418992279 neg 0.32154515427780567 off 0.21015480382296636	false	1.0
verzweifelt	neg 1.0		__DUMMY__ 0.46708016481391845 neg 0.3210485073706127 off 0.211871327815469	false	1.0
misstrauensantrag	neg 1.0		__DUMMY__ 0.4644456546623652 neg 0.32223379636531235 off 0.2133205489723225	false	1.0
abfallen	neg 1.0		__DUMMY__ 0.47128652786627695 neg 0.31614420171043167 off 0.21256927042329143	false	1.0
fucker	off 1.0		__DUMMY__ 0.4644231545085167 neg 0.3167147824185443 off 0.21886206307293898	false	0.5
ungezogen	neg 1.0		__DUMMY__ 0.46469479294780175 neg 0.30996166005479653 off 0.22534354699740167	false	1.0
irrsinnig	neg 1.0	neg 1.0	neg 0.653436221300884 __DUMMY__ 0.22664954919132432 off 0.11991422950779178	false	1.0
unfassbar	neg 1.0		__DUMMY__ 0.46625683785681676 neg 0.31783785703557166 off 0.2159053051076115	false	1.0
hart	neg 1.0		__DUMMY__ 0.46431326356428154 neg 0.3200311696555019 off 0.2156555667802167	false	1.0
widerlich	off 1.0		__DUMMY__ 0.46440116222460787 neg 0.31922802457140054 off 0.2163708132039916	false	0.5
fatal	neg 1.0		__DUMMY__ 0.4655712021221875 neg 0.32087626767944377 off 0.21355253019836878	false	1.0
bruch	neg 1.0		__DUMMY__ 0.4651966444602302 neg 0.3311844097970258 off 0.203618945742744	false	1.0
aushungern	neg 1.0		__DUMMY__ 0.46208148031991236 neg 0.3280874866816892 off 0.2098310329983983	false	1.0
anspannung	neg 1.0		__DUMMY__ 0.4708948540496245 neg 0.3250200716712604 off 0.20408507427911501	false	1.0
von			__DUMMY__ 0.47213845230921 neg 0.32098788967874203 off 0.20687365801204785	false	0.0
kraftlos	neg 1.0		__DUMMY__ 0.47127442380449286 neg 0.3200998088552168 off 0.2086257673402902	false	1.0
vom			__DUMMY__ 0.47441675995200255 neg 0.3239671185644778 off 0.20161612148351968	false	0.0
grenzdebil	off 1.0		__DUMMY__ 0.4667790019402797 neg 0.31595695091539666 off 0.2172640471443237	false	0.5
vor			__DUMMY__ 0.47032874893629234 neg 0.3245109955154259 off 0.2051602555482817	false	0.0
unterwerfen	neg 1.0		__DUMMY__ 0.4658267645333052 neg 0.32745386999327347 off 0.20671936547342148	false	1.0
versenkung	neg 1.0		__DUMMY__ 0.4671234084696128 neg 0.3263684248809756 off 0.2065081666494117	false	1.0
entziehen	neg 1.0		__DUMMY__ 0.46713231846243297 neg 0.3287253148388161 off 0.2041423666987509	false	1.0
finanzkrise	neg 1.0		__DUMMY__ 0.461880559768613 neg 0.3287620392058997 off 0.20935740102548728	false	1.0
schimpfend	neg 1.0		__DUMMY__ 0.4724219110046913 neg 0.3138149907031544 off 0.21376309829215437	false	1.0
profan	neg 1.0		__DUMMY__ 0.46743052903651355 neg 0.3195102389691566 off 0.2130592319943298	false	1.0
korruption	neg 1.0		__DUMMY__ 0.46225526542176537 neg 0.33033379588874107 off 0.2074109386894935	false	1.0
â			__DUMMY__ 0.46855833795505997 neg 0.3227300064301274 off 0.20871165561481256	false	0.0
schmutzig	neg 1.0		__DUMMY__ 0.46907816418042153 neg 0.31359958045759356 off 0.2173222553619849	false	1.0
sexy	neg 1.0		__DUMMY__ 0.4669961208084937 neg 0.31753632976616303 off 0.21546754942534338	false	1.0
abraten	neg 1.0		__DUMMY__ 0.4683687124640103 neg 0.3193422732407921 off 0.21228901429519764	false	1.0
schwarz	neg 1.0		__DUMMY__ 0.4661600793020129 neg 0.3210801277812255 off 0.21275979291676148	false	1.0
fotze	off 1.0		__DUMMY__ 0.4654253806351135 neg 0.3256889045620929 off 0.20888571480279347	false	0.5
verwirren	neg 1.0		__DUMMY__ 0.4671583323548726 neg 0.318950709568826 off 0.21389095807630157	false	1.0
zahnlos	off 1.0		__DUMMY__ 0.4655398501856021 neg 0.3266394558555904 off 0.20782069395880765	false	0.5
verheeren	neg 1.0		__DUMMY__ 0.459980024840264 neg 0.3136983155667778 off 0.22632165959295827	false	1.0
hippie	neg 1.0		__DUMMY__ 0.4665115373754283 neg 0.318393895794309 off 0.21509456683026282	false	1.0
rammen	neg 1.0		__DUMMY__ 0.4676966875310575 neg 0.3182586378632321 off 0.21404467460571044	false	1.0
unlauter	neg 1.0	neg 1.0	neg 0.653686575674017 __DUMMY__ 0.2254866500103777 off 0.12082677431560522	false	1.0
unheilvoll	neg 1.0		__DUMMY__ 0.46814527459717925 neg 0.31882461638492476 off 0.2130301090178961	false	1.0
niedrig	neg 1.0		__DUMMY__ 0.4669409736044214 neg 0.32521996861761643 off 0.20783905777796233	false	1.0
explosion	neg 1.0		__DUMMY__ 0.4675499819320617 neg 0.3176969095781093 off 0.21475310848982904	false	1.0
weichei	off 1.0		__DUMMY__ 0.4643055262818143 neg 0.3135404977531251 off 0.22215397596506062	false	0.5
minusmensch	off 1.0		__DUMMY__ 0.4593179977357852 neg 0.3146294508535039 off 0.22605255141071076	false	0.5
farblos	neg 1.0		__DUMMY__ 0.46548367109489125 neg 0.3231602938710354 off 0.21135603503407333	false	1.0
unwissend	neg 1.0	neg 1.0	neg 0.6514353907508407 __DUMMY__ 0.22610851552825992 off 0.12245609372089943	false	1.0
traurig	neg 1.0		__DUMMY__ 0.4667784399549998 neg 0.31405751903011037 off 0.2191640410148898	false	1.0
senkung	neg 1.0		__DUMMY__ 0.4652626738778646 neg 0.3207953549952098 off 0.21394197112692584	false	1.0
ungleich	neg 1.0	neg 1.0	neg 0.6566248596202926 __DUMMY__ 0.22625252664041268 off 0.11712261373929472	false	1.0
heikel	neg 1.0		__DUMMY__ 0.4670077306879385 neg 0.32761654145485974 off 0.20537572785720162	false	1.0
drosselung	neg 1.0		__DUMMY__ 0.4670955405568918 neg 0.3132415450280583 off 0.21966291441505	false	1.0
falsch	neg 1.0		__DUMMY__ 0.4662177789817022 neg 0.3191023051597076 off 0.21467991585859006	false	1.0
unzufriedenheit	neg 1.0		__DUMMY__ 0.4664697352045167 neg 0.3284634285048513 off 0.205066836290632	false	1.0
kurz	neg 1.0		__DUMMY__ 0.4708614638868916 neg 0.319371854317447 off 0.20976668179566135	false	1.0
unsinnig	neg 1.0		__DUMMY__ 0.4664692675831693 neg 0.32528256141301864 off 0.2082481710038119	false	1.0
penner	off 1.0	off 1.0	off 0.5973940906586617 __DUMMY__ 0.22591020798921724 neg 0.17669570135212112	false	1.0
seicht	neg 1.0		__DUMMY__ 0.4611935368217347 neg 0.3147567536440371 off 0.22404970953422812	false	1.0
dummheit	off 1.0	off 1.0	off 0.5908854945400407 __DUMMY__ 0.2257415843357306 neg 0.18337292112422868	false	1.0
unerfreulich	neg 1.0		__DUMMY__ 0.46825230117249217 neg 0.32669716559652606 off 0.2050505332309818	false	1.0
motherfucker	off 1.0	off 1.0	off 0.594326913846148 __DUMMY__ 0.22561662629809892 neg 0.18005645985575303	false	1.0
pikiert	neg 1.0		__DUMMY__ 0.46487410932775985 neg 0.32000548613194607 off 0.21512040454029416	false	1.0
wrack	neg 1.0		__DUMMY__ 0.46848372465497795 neg 0.32271104379794985 off 0.20880523154707217	false	1.0
gangster	neg 1.0		__DUMMY__ 0.46642095651593063 neg 0.3194322840646134 off 0.21414675941945602	false	1.0
krank	neg 1.0		__DUMMY__ 0.46884978806879823 neg 0.31342272865637566 off 0.2177274832748261	false	1.0
reich	neg 1.0		__DUMMY__ 0.4599831387934091 neg 0.3248326108533139 off 0.21518425035327715	false	1.0
gnadenlos	neg 1.0		__DUMMY__ 0.4670992685290397 neg 0.3211657040430104 off 0.21173502742794978	false	1.0
niedergeschlagen	neg 1.0		__DUMMY__ 0.46842216633335476 neg 0.32224978546736005 off 0.2093280481992853	false	1.0
terrorisieren	off 1.0	off 1.0	off 0.587480726691779 __DUMMY__ 0.22719888639381194 neg 0.18532038691440914	false	1.0
sinnlosigkeit	neg 1.0		__DUMMY__ 0.4659173398823565 neg 0.3261294029698139 off 0.20795325714782947	false	1.0
behindern	neg 1.0		__DUMMY__ 0.4688313840715515 neg 0.32009563580358275 off 0.21107298012486578	false	1.0
undemokratisch	neg 1.0		__DUMMY__ 0.4612414284099617 neg 0.327821263752946 off 0.21093730783709233	false	1.0
wirtschaftskrise	neg 1.0		__DUMMY__ 0.46387618436695494 neg 0.3283233124155546 off 0.20780050321749038	false	1.0
neid	neg 1.0		__DUMMY__ 0.46894770069658936 neg 0.3161178505588134 off 0.21493444874459716	false	1.0
rutschen	neg 1.0		__DUMMY__ 0.4752528358690785 neg 0.32021798298012716 off 0.20452918115079435	false	1.0
rezession	neg 1.0		__DUMMY__ 0.4605289711931939 neg 0.31971686468229865 off 0.21975416412450752	false	1.0
fehlgeburt	neg 1.0		__DUMMY__ 0.46703405725663627 neg 0.3215505844210515 off 0.2114153583223122	false	1.0
charakterschwach	off 1.0		__DUMMY__ 0.46471434903213693 neg 0.318986395635155 off 0.216299255332708	false	0.5
isolation	neg 1.0		__DUMMY__ 0.46729454315585695 neg 0.3160598068061217 off 0.21664565003802136	false	1.0
ablenkung	neg 1.0		__DUMMY__ 0.469094722475717 neg 0.31943805908751927 off 0.2114672184367637	false	1.0
pech	neg 1.0		__DUMMY__ 0.46795897916870094 neg 0.3178122243874946 off 0.2142287964438045	false	1.0
vermeidung	neg 1.0		__DUMMY__ 0.46788314686196153 neg 0.31357961569745274 off 0.21853723744058576	false	1.0
dominieren	neg 1.0		__DUMMY__ 0.46722736022595596 neg 0.32325703656671884 off 0.20951560320732526	false	1.0
schwindlig	neg 1.0		__DUMMY__ 0.4701494890961317 neg 0.31539586076189735 off 0.21445465014197101	false	1.0
lutscher	neg 1.0		__DUMMY__ 0.4620259347164095 neg 0.31275878524941486 off 0.22521528003417574	false	1.0
pflicht	neg 1.0		__DUMMY__ 0.4669577370955626 neg 0.3278036556472139 off 0.20523860725722332	false	1.0
faschist	off 1.0		__DUMMY__ 0.4614939792478644 neg 0.3263563582616092 off 0.21214966249052633	false	0.5
verschleudern	neg 1.0		__DUMMY__ 0.46444250154520117 neg 0.328284345682409 off 0.20727315277238983	false	1.0
wenn			__DUMMY__ 0.4668554850664709 neg 0.31827869716576235 off 0.2148658177677666	false	0.0
ehebruch	neg 1.0		__DUMMY__ 0.46444581310336736 neg 0.32880763522489376 off 0.20674655167173903	false	1.0
spott	off 1.0		__DUMMY__ 0.46511388581723734 neg 0.3285959216066862 off 0.20629019257607645	false	0.5
trostlosigkeit	neg 1.0		__DUMMY__ 0.46344868148145335 neg 0.3320606403728284 off 0.2044906781457182	false	1.0
lutschen	neg 1.0		__DUMMY__ 0.46382245180559756 neg 0.3210596815596969 off 0.21511786663470556	false	1.0
undiszipliniert	neg 1.0		__DUMMY__ 0.46566955356300654 neg 0.31620306735834025 off 0.21812737907865332	false	1.0
kopfschmerz	neg 1.0		__DUMMY__ 0.46855970885947873 neg 0.32101062254751356 off 0.21042966859300763	false	1.0
unvorhergesehen	neg 1.0		__DUMMY__ 0.4718645943820887 neg 0.3183695786928356 off 0.20976582692507573	false	1.0
desinteressiert	neg 1.0		__DUMMY__ 0.46485259736355367 neg 0.31746776440248314 off 0.2176796382339632	false	1.0
armselig	off 1.0		__DUMMY__ 0.4634750645181001 neg 0.31814524570541364 off 0.21837968977648622	false	0.5
desaster	neg 1.0		__DUMMY__ 0.46491137539501054 neg 0.3319331460008473 off 0.20315547860414207	false	1.0
tod	neg 1.0		__DUMMY__ 0.4624819911901036 neg 0.3317573796204971 off 0.20576062918939925	false	1.0
herzlos	neg 1.0		__DUMMY__ 0.4658789361704894 neg 0.314453569494312 off 0.21966749433519847	false	1.0
unwissenheit	neg 1.0		__DUMMY__ 0.46467166843336666 neg 0.327772112919035 off 0.20755621864759827	false	1.0
widersinnig	neg 1.0		__DUMMY__ 0.46195286499419114 neg 0.3297841003783539 off 0.20826303462745488	false	1.0
bedenklich	neg 1.0		__DUMMY__ 0.46665659560292255 neg 0.3269291234847585 off 0.20641428091231898	false	1.0
beanstanden	neg 1.0		__DUMMY__ 0.46719063652645104 neg 0.32792022030195617 off 0.20488914317159282	false	1.0
panisch	neg 1.0	neg 1.0	neg 0.6486586681422236 __DUMMY__ 0.22986008093963406 off 0.12148125091814241	false	1.0
debil	off 1.0		__DUMMY__ 0.46835047161950905 neg 0.3294946665476634 off 0.20215486183282763	false	0.5
abstrich	neg 1.0		__DUMMY__ 0.47037091325001346 neg 0.31792388223173673 off 0.21170520451824978	false	1.0
primitiv	neg 1.0		__DUMMY__ 0.4643180648395489 neg 0.3186818875008328 off 0.21700004765961833	false	1.0
abschaum	off 1.0	off 1.0	off 0.5922928792598798 __DUMMY__ 0.22524947849937707 neg 0.18245764224074312	false	1.0
provozieren	neg 1.0		__DUMMY__ 0.46513134969835357 neg 0.32432913777693945 off 0.21053951252470698	false	1.0
tot	neg 1.0		__DUMMY__ 0.4667127154607391 neg 0.3235623926023528 off 0.20972489193690816	false	1.0
instabil	neg 1.0		__DUMMY__ 0.46256376504918423 neg 0.31796366218649 off 0.21947257276432577	false	1.0
schwuchtel	off 1.0		__DUMMY__ 0.4590020402823192 neg 0.3106927733540968 off 0.23030518636358407	false	0.5
zerren	neg 1.0		__DUMMY__ 0.4685838445866357 neg 0.3221191846259581 off 0.20929697078740608	false	1.0
kinderficker	off 1.0		__DUMMY__ 0.46211975322604043 neg 0.31732962346740073 off 0.22055062330655886	false	0.5
gefahr	neg 1.0		__DUMMY__ 0.46573931065821506 neg 0.32737049543077307 off 0.20689019391101185	false	1.0
rabiat	neg 1.0		__DUMMY__ 0.4670775926693289 neg 0.3222114041708626 off 0.21071100315980856	false	1.0
verlangsamung	neg 1.0		__DUMMY__ 0.4600420735805206 neg 0.3167405883257268 off 0.2232173380937525	false	1.0
ausgestorben	neg 1.0		__DUMMY__ 0.4683065547985312 neg 0.32234668433397007 off 0.2093467608674988	false	1.0
anklagen	neg 1.0		__DUMMY__ 0.4642389706576597 neg 0.32618451602441034 off 0.20957651331793004	false	1.0
trott	neg 1.0		__DUMMY__ 0.4681016141636914 neg 0.32083899408488853 off 0.21105939175141994	false	1.0
verminderung	neg 1.0		__DUMMY__ 0.46552521863016794 neg 0.31570523088668906 off 0.21876955048314295	false	1.0
nach			__DUMMY__ 0.47280023622913225 neg 0.3235487589788848 off 0.2036510047919828	false	0.0
rost	neg 1.0		__DUMMY__ 0.4620143004028469 neg 0.31392051852256253 off 0.22406518107459064	false	1.0
destruktiv	neg 1.0	neg 1.0	neg 0.6557712623793536 __DUMMY__ 0.22555601268343267 off 0.11867272493721383	false	1.0
unzumutbarkeit	neg 1.0		__DUMMY__ 0.46642152468684994 neg 0.31544654049581977 off 0.21813193481733045	false	1.0
labil	off 1.0	off 1.0	off 0.5930750170752177 __DUMMY__ 0.22567337730111073 neg 0.1812516056236716	false	1.0
ziemlich	neg 1.0		__DUMMY__ 0.46681304858245826 neg 0.3164523382511343 off 0.21673461316640746	false	1.0
lachnummer	off 1.0		__DUMMY__ 0.46451930211233006 neg 0.3263549349708661 off 0.2091257629168038	false	0.5
oder			__DUMMY__ 0.4694424359488083 neg 0.31942717845204116 off 0.2111303855991505	false	0.0
verfall	neg 1.0		__DUMMY__ 0.4681787428465348 neg 0.32989536323432966 off 0.20192589391913546	false	1.0
ausgrenzung	neg 1.0		__DUMMY__ 0.4617794345559135 neg 0.32631757213932455 off 0.21190299330476184	false	1.0
unordnung	neg 1.0		__DUMMY__ 0.4637458612923888 neg 0.3156797050918038 off 0.22057443361580742	false	1.0
fehlverhalten	neg 1.0		__DUMMY__ 0.46529474261774384 neg 0.32865205511654 off 0.20605320226571622	false	1.0
eine			__DUMMY__ 0.46997895553130165 neg 0.3245907691648652 off 0.20543027530383315	false	0.0
nille	neg 1.0		__DUMMY__ 0.46434155980607367 neg 0.3252569807114451 off 0.21040145948248126	false	1.0
qual	neg 1.0		__DUMMY__ 0.4677292299961747 neg 0.321396396723354 off 0.21087437328047123	false	1.0
verschwenden	neg 1.0		__DUMMY__ 0.46788169873370744 neg 0.3252221770255086 off 0.206896124240784	false	1.0
riesig	neg 1.0		__DUMMY__ 0.4671935061400304 neg 0.3230589496585513 off 0.2097475442014184	false	1.0
verurteilen	neg 1.0		__DUMMY__ 0.46388427386632913 neg 0.32855814470804856 off 0.20755758142562225	false	1.0
klischee	neg 1.0	neg 1.0	neg 0.6530089791132777 __DUMMY__ 0.22564182168725536 off 0.12134919919946688	false	1.0
diktatorisch	neg 1.0		__DUMMY__ 0.4599072895031048 neg 0.32960186646154316 off 0.210490844035352	false	1.0
vorhersehbar	neg 1.0		__DUMMY__ 0.4640476425097949 neg 0.3237713565251385 off 0.21218100096506673	false	1.0
sowie			__DUMMY__ 0.4616272139465369 neg 0.3162265771645532 off 0.22214620888890985	false	0.0
stornieren	neg 1.0		__DUMMY__ 0.4695411913763322 neg 0.31604095356127754 off 0.2144178550623903	false	1.0
besteuerung	neg 1.0		__DUMMY__ 0.4654562551911349 neg 0.3225381869633847 off 0.21200555784548025	false	1.0
ungeschminkt	neg 1.0		__DUMMY__ 0.46553044971871466 neg 0.3174123074470475 off 0.21705724283423794	false	1.0
kritisch	neg 1.0		__DUMMY__ 0.46515342788686254 neg 0.3285056769168407 off 0.2063408951962967	false	1.0
schlamperei	off 1.0		__DUMMY__ 0.46430868154442057 neg 0.3289139377562598 off 0.20677738069931964	false	0.5
sucht	neg 1.0	neg 1.0	neg 0.6486523248220767 __DUMMY__ 0.22938713221991525 off 0.12196054295800811	false	1.0
egoistisch	off 1.0		__DUMMY__ 0.4639380280789552 neg 0.31423885168910404 off 0.22182312023194065	false	0.5
ausbeuter	off 1.0		__DUMMY__ 0.4641731207578736 neg 0.33051461365454815 off 0.2053122655875783	false	0.5
arschgeburt	off 1.0		__DUMMY__ 0.45901100737303346 neg 0.3108270490889465 off 0.23016194353801994	false	0.5
schubs	neg 1.0	neg 1.0	neg 0.6518055731838958 __DUMMY__ 0.22952219560473108 off 0.11867223121137316	false	1.0
unsolide	neg 1.0		__DUMMY__ 0.45790172865196166 neg 0.3284344669719939 off 0.21366380437604438	false	1.0
beschwerde	neg 1.0		__DUMMY__ 0.46519177967685055 neg 0.32684459627930584 off 0.2079636240438437	false	1.0
stocken	neg 1.0		__DUMMY__ 0.4671839069722527 neg 0.32493762561483486 off 0.20787846741291258	false	1.0
isolieren	neg 1.0		__DUMMY__ 0.46894182654250427 neg 0.3205408522933944 off 0.2105173211641015	false	1.0
unheilbar	neg 1.0		__DUMMY__ 0.46553556444305555 neg 0.32354923100327304 off 0.21091520455367135	false	1.0
pisser	off 1.0		__DUMMY__ 0.46287196556117205 neg 0.31760532185869134 off 0.21952271258013661	false	0.5
löschen	neg 1.0		__DUMMY__ 0.4663469283529901 neg 0.32166087129641213 off 0.2119922003505979	false	1.0
durchfallen	neg 1.0		__DUMMY__ 0.46674603290774735 neg 0.32624140305163474 off 0.2070125640406179	false	1.0
wichser	off 1.0		__DUMMY__ 0.4629402367169804 neg 0.310263408192096 off 0.22679635509092347	false	0.5
terror	neg 1.0		__DUMMY__ 0.4686928940412429 neg 0.3158226004804492 off 0.21548450547830802	false	1.0
krass	neg 1.0		__DUMMY__ 0.46554797883471705 neg 0.31438707597133886 off 0.220064945193944	false	1.0
revolte	neg 1.0	neg 1.0	neg 0.656140330274207 __DUMMY__ 0.22302031423834512 off 0.12083935548744776	false	1.0
besorgt	neg 1.0		__DUMMY__ 0.47133659424701674 neg 0.3186605264302165 off 0.21000287932276676	false	1.0
nachlassen	neg 1.0		__DUMMY__ 0.4682403415405011 neg 0.3231001671889343 off 0.20865949127056457	false	1.0
alt	neg 1.0		__DUMMY__ 0.4703230858289021 neg 0.3224814098438625 off 0.20719550432723557	false	1.0
hundesohn	off 1.0		__DUMMY__ 0.4604574173882726 neg 0.3141676307631249 off 0.22537495184860254	false	0.5
als			__DUMMY__ 0.46911178490406774 neg 0.32230503868451105 off 0.20858317641142113	false	0.0
abschreckung	neg 1.0		__DUMMY__ 0.4653141698300326 neg 0.33012656893137843 off 0.20455926123858909	false	1.0
unqualifiziert	neg 1.0	neg 1.0	neg 0.6534006924848248 __DUMMY__ 0.22579381122533934 off 0.12080549628983582	false	1.0
abgewichst	off 1.0		__DUMMY__ 0.46601116386613506 neg 0.32432713149269027 off 0.20966170464117478	false	0.5
schwer	neg 1.0		__DUMMY__ 0.4682031191051434 neg 0.3214622989798305 off 0.2103345819150262	false	1.0
bedeutungslosigkeit	neg 1.0		__DUMMY__ 0.4656479558756388 neg 0.3288944867751284 off 0.20545755734923288	false	1.0
kapitulation	neg 1.0		__DUMMY__ 0.46138590111161276 neg 0.3320027175997658 off 0.20661138128862155	false	1.0
unscharf	neg 1.0		__DUMMY__ 0.4671881070049628 neg 0.31875205675010315 off 0.21405983624493416	false	1.0
schwinden	neg 1.0		__DUMMY__ 0.46667288734274204 neg 0.3273640467913184 off 0.20596306586593954	false	1.0
versklavung	neg 1.0	neg 1.0	neg 0.6562695244771369 __DUMMY__ 0.22404075775586305 off 0.11968971776699995	false	1.0
schlecht	neg 1.0		__DUMMY__ 0.46705166987499647 neg 0.3158020601824809 off 0.21714626994252265	false	1.0
verhasst	neg 1.0		__DUMMY__ 0.4644243848095614 neg 0.32517479316099057 off 0.21040082202944801	false	1.0
beschweren	neg 1.0		__DUMMY__ 0.46749719729563366 neg 0.320039817408277 off 0.21246298529608937	false	1.0
scheiden	neg 1.0		__DUMMY__ 0.46862804050890017 neg 0.32089121591445025 off 0.21048074357664964	false	1.0
frustriert	neg 1.0		__DUMMY__ 0.4676060888567135 neg 0.3232310331999461 off 0.20916287794334038	false	1.0
schimmelig	neg 1.0		__DUMMY__ 0.46697973110976415 neg 0.3257811633204429 off 0.20723910556979294	false	1.0
fisch	neg 1.0	neg 1.0	neg 0.6522172975086619 __DUMMY__ 0.22920393129943706 off 0.11857877119190104	false	1.0
schmuggel	neg 1.0		__DUMMY__ 0.46903683436137844 neg 0.32491375995733396 off 0.20604940568128763	false	1.0
auffallen	neg 1.0		__DUMMY__ 0.46723162355005365 neg 0.3198063720677704 off 0.212962004382176	false	1.0
konkurrenz	neg 1.0		__DUMMY__ 0.46910650606206317 neg 0.3255967742384229 off 0.20529671969951407	false	1.0
teufelskreis	neg 1.0	neg 1.0	neg 0.654649578302888 __DUMMY__ 0.22664376711318132 off 0.11870665458393073	false	1.0
aufschreien	neg 1.0		__DUMMY__ 0.4649278777635185 neg 0.3227303593453262 off 0.21234176289115533	false	1.0
schuldner	neg 1.0		__DUMMY__ 0.46456798797460525 neg 0.3292243083095937 off 0.206207703715801	false	1.0
missgeburt	off 1.0	off 1.0	off 0.5964856607768813 __DUMMY__ 0.22452547700288264 neg 0.178988862220236	false	1.0
arbeitslos	neg 1.0		__DUMMY__ 0.46611759929440744 neg 0.3259042997121415 off 0.2079781009934511	false	1.0
befallen	neg 1.0		__DUMMY__ 0.46105512852476893 neg 0.33222624608733303 off 0.20671862538789804	false	1.0
miesepetrig	off 1.0		__DUMMY__ 0.46775080396324514 neg 0.31533180614745376 off 0.21691738988930095	false	0.5
alarmieren	neg 1.0		__DUMMY__ 0.4628847169970478 neg 0.32188040676545177 off 0.21523487623750057	false	1.0
ungeduscht	off 1.0		__DUMMY__ 0.4674419110902185 neg 0.3183156133713779 off 0.2142424755384036	false	0.5
knappheit	neg 1.0		__DUMMY__ 0.4650741355405852 neg 0.3268924876847951 off 0.20803337677461964	false	1.0
schlange	neg 1.0		__DUMMY__ 0.469674545710295 neg 0.31745776946527643 off 0.2128676848244285	false	1.0
harsch	neg 1.0		__DUMMY__ 0.4665154680066823 neg 0.30978027389554214 off 0.2237042580977757	false	1.0
lang	neg 1.0		__DUMMY__ 0.467016714867852 neg 0.3207488974298136 off 0.2122343877023345	false	1.0
ziellos	neg 1.0		__DUMMY__ 0.4683700642996845 neg 0.3237054811957303 off 0.20792445450458524	false	1.0
selbstverliebt	neg 1.0		__DUMMY__ 0.45947638048246053 neg 0.3133450629919123 off 0.22717855652562727	false	1.0
beseitigen	neg 1.0		__DUMMY__ 0.46907428152441283 neg 0.3184500296398557 off 0.21247568883573145	false	1.0
dumm	off 1.0		__DUMMY__ 0.46298957711279953 neg 0.3146234088744656 off 0.22238701401273497	false	0.5
arbeitsloser	neg 1.0		__DUMMY__ 0.46671688982817505 neg 0.3260264217322848 off 0.20725668843954012	false	1.0
blitzen	neg 1.0		__DUMMY__ 0.46504153952439936 neg 0.3205292033775692 off 0.21442925709803143	false	1.0
hilflos	neg 1.0		__DUMMY__ 0.46769265390802434 neg 0.3235586132790239 off 0.20874873281295175	false	1.0
eklig	off 1.0		__DUMMY__ 0.4622610749706824 neg 0.31451070076963283 off 0.22322822425968486	false	0.5
begriff			__DUMMY__ 0.4663556983821853 neg 0.3247784401009724 off 0.20886586151684228	false	0.0
hungersnot	neg 1.0		__DUMMY__ 0.4607864923047458 neg 0.3302631878538297 off 0.20895031984142465	false	1.0
ungesetzlich	neg 1.0		__DUMMY__ 0.4607158924907636 neg 0.32714494118452236 off 0.21213916632471402	false	1.0
verschwendung	neg 1.0		__DUMMY__ 0.46732283245777156 neg 0.3269283581955678 off 0.2057488093466606	false	1.0
schmerzvoll	neg 1.0		__DUMMY__ 0.4677185582685666 neg 0.3197542455414606 off 0.2125271961899727	false	1.0
vorzeitig	neg 1.0		__DUMMY__ 0.46590422497779 neg 0.3174996235363791 off 0.21659615148583095	false	1.0
unvollkommenheit	neg 1.0		__DUMMY__ 0.4666849119721166 neg 0.3224227339772252 off 0.21089235405065812	false	1.0
intervenieren	neg 1.0		__DUMMY__ 0.463473208456349 neg 0.33096124106605096 off 0.2055655504776001	false	1.0
banause	off 1.0		__DUMMY__ 0.4621569273286752 neg 0.31292427355936997 off 0.22491879911195484	false	0.5
rebell	neg 1.0		__DUMMY__ 0.46862184862590844 neg 0.3261835449700609 off 0.20519460640403056	false	1.0
unlogisch	neg 1.0		__DUMMY__ 0.46422749756397835 neg 0.31693235793052843 off 0.2188401445054931	false	1.0
leiden	neg 1.0	neg 1.0	neg 0.6511466359461795 __DUMMY__ 0.23141316877433438 off 0.11744019527948606	false	1.0
abschaffung	neg 1.0		__DUMMY__ 0.4636523314041946 neg 0.3252381175936788 off 0.2111095510021266	false	1.0
sturz	neg 1.0		__DUMMY__ 0.4628213507569287 neg 0.3257596846513896 off 0.21141896459168172	false	1.0
verkleinerung	neg 1.0		__DUMMY__ 0.4625128381123308 neg 0.32315539799912535 off 0.2143317638885438	false	1.0
schmarotzer	off 1.0		__DUMMY__ 0.4647194222769209 neg 0.32816722696567663 off 0.20711335075740256	false	0.5
bestrafung	neg 1.0		__DUMMY__ 0.4660686121516577 neg 0.3221486353709349 off 0.21178275247740755	false	1.0
achtlos	neg 1.0		__DUMMY__ 0.46945230600082277 neg 0.3198317910924139 off 0.21071590290676334	false	1.0
ungeheuer	neg 1.0		__DUMMY__ 0.4665697466946043 neg 0.32033327193497824 off 0.21309698137041735	false	1.0
unaufrichtig	neg 1.0		__DUMMY__ 0.46227720300894365 neg 0.32470195184915157 off 0.21302084514190484	false	1.0
groggy	neg 1.0		__DUMMY__ 0.4654590946430644 neg 0.320094931205539 off 0.21444597415139666	false	1.0
verletzlich	neg 1.0		__DUMMY__ 0.4659473576224301 neg 0.316939822290778 off 0.2171128200867918	false	1.0
