unsolidarisch	neg 1.0		neg 0.41352237799877534 __DUMMY__ 0.3226279751491095 off 0.2638496468521152	false	1.0
nachteilig	neg 1.0		neg 0.4099110507248895 __DUMMY__ 0.32745160054201744 off 0.2626373487330931	false	1.0
skeptisch	neg 1.0		neg 0.41140368707379654 __DUMMY__ 0.32856798710457 off 0.26002832582163343	false	1.0
schrecklich	neg 1.0		neg 0.3980798100780187 __DUMMY__ 0.3267020969026954 off 0.2752180930192859	false	1.0
schlapp	neg 1.0		neg 0.39946780373724916 __DUMMY__ 0.3290824679104307 off 0.27144972835232006	false	1.0
abfall	neg 1.0		neg 0.41296332399785685 __DUMMY__ 0.32883253484830477 off 0.25820414115383833	false	1.0
widerspenstig	neg 1.0		neg 0.40432244676756773 __DUMMY__ 0.329469499301464 off 0.2662080539309683	false	1.0
abrupt	neg 1.0		neg 0.4049621832569385 __DUMMY__ 0.33011486025119485 off 0.2649229564918667	false	1.0
unwirksam	neg 1.0		neg 0.4099731792972609 __DUMMY__ 0.3246746174642893 off 0.2653522032384498	false	1.0
angreifen	neg 1.0		neg 0.41173165121788563 __DUMMY__ 0.3273377362851012 off 0.26093061249701327	false	1.0
inkonsistent	neg 1.0		neg 0.4065666951834937 __DUMMY__ 0.32598604502912004 off 0.2674472597873862	false	1.0
abrutschen	neg 1.0		neg 0.4116041099844101 __DUMMY__ 0.32960088293334733 off 0.2587950070822426	false	1.0
unsicher	neg 1.0		neg 0.40563005210886754 __DUMMY__ 0.32847740470162723 off 0.26589254318950506	false	1.0
bauernkind	off 1.0		neg 0.3980429768082487 __DUMMY__ 0.32401509202834533 off 0.27794193116340593	false	0.5
angreifer	neg 1.0		neg 0.40668727594136983 __DUMMY__ 0.325121284421033 off 0.2681914396375971	false	1.0
trennen	neg 1.0		neg 0.4061494872043419 __DUMMY__ 0.3314295376030651 off 0.26242097519259305	false	1.0
schmutz	neg 1.0		neg 0.3960308078862985 __DUMMY__ 0.33062590327093777 off 0.2733432888427638	false	1.0
inkonsistenz	neg 1.0	neg 1.0	neg 0.6942518657427804 __DUMMY__ 0.15731548555133795 off 0.14843264870588163	false	1.0
erschreckend	neg 1.0		neg 0.40854190054852113 __DUMMY__ 0.32742949327489257 off 0.26402860617658624	false	1.0
ertrinken	neg 1.0		neg 0.40782056051959636 __DUMMY__ 0.3295039742948279 off 0.2626754651855759	false	1.0
pickelface	off 1.0		neg 0.4078009225122752 __DUMMY__ 0.3261207291837343 off 0.2660783483039905	false	0.5
seiner			neg 0.40986615807703 __DUMMY__ 0.32864473101228964 off 0.26148911091068044	false	0.0
lauch	neg 1.0		neg 0.4118905045590973 __DUMMY__ 0.32844973959972845 off 0.25965975584117434	false	1.0
unwichtig	neg 1.0		neg 0.4028820018973971 __DUMMY__ 0.3268172094593823 off 0.2703007886432207	false	1.0
steuerhinterziehung	neg 1.0		neg 0.41200827259987144 __DUMMY__ 0.3245463235223987 off 0.26344540387772963	false	1.0
schock	neg 1.0		neg 0.4051570341536665 __DUMMY__ 0.3300217027295918 off 0.2648212631167416	false	1.0
beule	neg 1.0		neg 0.39844855505697413 __DUMMY__ 0.32871890529798664 off 0.27283253964503923	false	1.0
vergelten	neg 1.0		neg 0.3989261978268394 __DUMMY__ 0.3249421874068556 off 0.2761316147663049	false	1.0
verdorbenheit	neg 1.0	neg 1.0	neg 0.6923709248846447 __DUMMY__ 0.1593276715888476 off 0.1483014035265077	false	1.0
trauma	neg 1.0		neg 0.40495414479647157 __DUMMY__ 0.32738328070553946 off 0.2676625744979889	false	1.0
sinnlos	neg 1.0		neg 0.4043414362611678 __DUMMY__ 0.3276315111933369 off 0.2680270525454952	false	1.0
fettsack	off 1.0	off 1.0	off 0.6230453459887926 neg 0.22032604185538218 __DUMMY__ 0.15662861215582538	false	1.0
feige	off 1.0		neg 0.40489748529938835 __DUMMY__ 0.3257448101211764 off 0.26935770457943514	false	0.5
abdanken	neg 1.0		neg 0.4131408373462064 __DUMMY__ 0.3236356292281225 off 0.2632235334256711	false	1.0
wichtigtuer	off 1.0	off 1.0	off 0.617493294107364 neg 0.2252129993438987 __DUMMY__ 0.15729370654873728	false	1.0
misslingen	neg 1.0		neg 0.4015602241262092 __DUMMY__ 0.3294483162163189 off 0.2689914596574718	false	1.0
untreu	off 1.0		neg 0.4015617860750566 __DUMMY__ 0.32707433432452776 off 0.2713638796004157	false	0.5
missmutig	neg 1.0		neg 0.40063519025228855 __DUMMY__ 0.32877021417257224 off 0.27059459557513926	false	1.0
hurenbock	off 1.0		neg 0.40149909789038307 __DUMMY__ 0.32986403378779255 off 0.2686368683218244	false	0.5
betrunken	neg 1.0		neg 0.3978258952387933 __DUMMY__ 0.3283610259533681 off 0.27381307880783873	false	1.0
korrupt	off 1.0		neg 0.41470851914151974 __DUMMY__ 0.32389111491830386 off 0.26140036594017635	false	0.5
unmut	neg 1.0		neg 0.4130278010137032 __DUMMY__ 0.32814098459617275 off 0.258831214390124	false	1.0
hackfresse	off 1.0		neg 0.39583773074673356 __DUMMY__ 0.3256011641614294 off 0.27856110509183696	false	0.5
aufblasen	neg 1.0		neg 0.40237866547044515 __DUMMY__ 0.32951832761694716 off 0.2681030069126076	false	1.0
gewaltsam	neg 1.0		neg 0.40956391476862336 __DUMMY__ 0.32481918866681564 off 0.26561689656456117	false	1.0
unbeliebtheit	neg 1.0		neg 0.40884353581060906 __DUMMY__ 0.32110983775442575 off 0.27004662643496524	false	1.0
sturheit	neg 1.0		neg 0.41094891699638253 __DUMMY__ 0.32575220795912874 off 0.26329887504448873	false	1.0
kuh	neg 1.0		neg 0.40599899333693296 __DUMMY__ 0.3266725919705572 off 0.2673284146925098	false	1.0
erschrecken	neg 1.0		neg 0.40142697577692316 __DUMMY__ 0.3284665198400004 off 0.27010650438307626	false	1.0
opfer	neg 1.0	neg 1.0	neg 0.6971393935834378 __DUMMY__ 0.15825178107523064 off 0.1446088253413315	false	1.0
sinken	neg 1.0		neg 0.4118856054942607 __DUMMY__ 0.32834194795195526 off 0.25977244655378406	false	1.0
stinktier	neg 1.0		neg 0.3999580935736047 __DUMMY__ 0.3250973663332909 off 0.27494454009310454	false	1.0
tucke	off 1.0		neg 0.395092974803264 __DUMMY__ 0.32571994319614733 off 0.2791870820005887	false	0.5
ein			neg 0.4011832386676049 __DUMMY__ 0.33085490815944113 off 0.26796185317295396	false	0.0
abstieg	neg 1.0		neg 0.41023982569906114 __DUMMY__ 0.32647097211317805 off 0.2632892021877609	false	1.0
missverstehen	neg 1.0		neg 0.4068826185444585 __DUMMY__ 0.3260398310138163 off 0.2670775504417251	false	1.0
ergebnislos	neg 1.0		neg 0.40998673646134104 __DUMMY__ 0.3270163032471227 off 0.2629969602915364	false	1.0
unter			neg 0.4107683069351624 __DUMMY__ 0.3328632133115415 off 0.2563684797532962	false	0.0
manipulieren	neg 1.0		neg 0.41255378747239047 __DUMMY__ 0.32700550296002906 off 0.2604407095675803	false	1.0
unbewiesen	neg 1.0		neg 0.414693345765723 __DUMMY__ 0.32207465133746077 off 0.2632320028968162	false	1.0
verschleppen	neg 1.0		neg 0.4115197775349992 __DUMMY__ 0.32621779067278683 off 0.26226243179221387	false	1.0
weib	off 1.0		neg 0.3948406575775973 __DUMMY__ 0.32520786721671613 off 0.2799514752056867	false	0.5
opposition	neg 1.0		neg 0.4094022904065868 __DUMMY__ 0.3243046008772978 off 0.2662931087161153	false	1.0
verkehrswidrig	neg 1.0		neg 0.395265819439778 __DUMMY__ 0.3273517318386453 off 0.2773824487215767	false	1.0
inkorrekt	neg 1.0		neg 0.406820141693867 __DUMMY__ 0.3233225802118043 off 0.26985727809432863	false	1.0
vermeiden	neg 1.0		neg 0.4111070368862536 __DUMMY__ 0.3308549870118253 off 0.2580379761019212	false	1.0
abweichung	neg 1.0		neg 0.41473489549809933 __DUMMY__ 0.32402203045168826 off 0.26124307405021246	false	1.0
alkoholisiert	neg 1.0		neg 0.40685784648774925 __DUMMY__ 0.3291478664313072 off 0.2639942870809435	false	1.0
scheiss	off 1.0	off 1.0	off 0.6208449104575533 neg 0.22106063276012985 __DUMMY__ 0.1580944567823168	false	1.0
herausforderung	neg 1.0		neg 0.40381643583589083 __DUMMY__ 0.3313361791924909 off 0.26484738497161814	false	1.0
pervers	off 1.0		neg 0.3924348494705401 __DUMMY__ 0.32473605689095764 off 0.28282909363850234	false	0.5
wackelig	neg 1.0		neg 0.40324593792996477 __DUMMY__ 0.3316955565228186 off 0.2650585055472165	false	1.0
verwickeln	neg 1.0		neg 0.40622611503373224 __DUMMY__ 0.32670059366924264 off 0.2670732912970252	false	1.0
vorwand	neg 1.0		neg 0.41324943570301104 __DUMMY__ 0.32739653717653583 off 0.2593540271204531	false	1.0
muschi	off 1.0		neg 0.40791811082196544 __DUMMY__ 0.32635379403024084 off 0.2657280951477938	false	0.5
entmutigung	neg 1.0		neg 0.4136080834621221 __DUMMY__ 0.3209950289660269 off 0.2653968875718511	false	1.0
unangemessen	neg 1.0		neg 0.4120104094136592 __DUMMY__ 0.3258595865406819 off 0.2621300040456589	false	1.0
unstetig	neg 1.0		neg 0.40506794284256825 __DUMMY__ 0.32581616932662955 off 0.26911588783080204	false	1.0
entmutigen	neg 1.0		neg 0.404939405978486 __DUMMY__ 0.32805972265001226 off 0.26700087137150175	false	1.0
schwanz	neg 1.0		neg 0.4089235037450335 __DUMMY__ 0.32743438166913835 off 0.26364211458582815	false	1.0
verbot	neg 1.0		neg 0.4132164791015465 __DUMMY__ 0.32443751109060187 off 0.26234600980785155	false	1.0
leid	neg 1.0		neg 0.39758445993581093 __DUMMY__ 0.32587940879426175 off 0.27653613126992743	false	1.0
archaisch	neg 1.0		neg 0.4105076283353335 __DUMMY__ 0.32645059239399293 off 0.2630417792706734	false	1.0
gegen			neg 0.41258475277661977 __DUMMY__ 0.327409974162172 off 0.26000527306120813	false	0.0
scheidung	neg 1.0	neg 1.0	neg 0.682229306077492 off 0.16113546782720223 __DUMMY__ 0.1566352260953058	false	1.0
einschlag	neg 1.0		neg 0.3979578555719417 __DUMMY__ 0.3259627294591665 off 0.2760794149688917	false	1.0
m			neg 0.40574542171933575 __DUMMY__ 0.3291367450210426 off 0.2651178332596217	false	0.0
abgestanden	neg 1.0		neg 0.4046629094782657 __DUMMY__ 0.32893476059063803 off 0.26640232993109625	false	1.0
schmierig	off 1.0		neg 0.3976783753235913 __DUMMY__ 0.32666665560526104 off 0.2756549690711477	false	0.5
unpraktisch	neg 1.0		neg 0.4020568525187923 __DUMMY__ 0.32977189002853646 off 0.26817125745267123	false	1.0
wixxer	off 1.0		neg 0.3938426713794452 __DUMMY__ 0.3236872911344382 off 0.28247003748611665	false	0.5
bezeichnet			neg 0.40955116076606946 __DUMMY__ 0.3262799922939196 off 0.264168846940011	false	0.0
jammerlappen	off 1.0		neg 0.4020037156192699 __DUMMY__ 0.32737472457659816 off 0.27062155980413194	false	0.5
farce	neg 1.0		neg 0.41560646235734633 __DUMMY__ 0.32254506949582396 off 0.2618484681468299	false	1.0
zwecklos	neg 1.0		neg 0.41125365243081186 __DUMMY__ 0.3266201252921919 off 0.2621262222769964	false	1.0
turbulent	neg 1.0		neg 0.4010640843903992 __DUMMY__ 0.32508302774047815 off 0.2738528878691226	false	1.0
invasion	neg 1.0		neg 0.4015162214965749 __DUMMY__ 0.3285318575498455 off 0.26995192095357956	false	1.0
schuld	neg 1.0		neg 0.40669797794334916 __DUMMY__ 0.32707975465811956 off 0.26622226739853133	false	1.0
risiko	neg 1.0		neg 0.4005209361975157 __DUMMY__ 0.3290992024423369 off 0.27037986136014736	false	1.0
finster	neg 1.0		neg 0.40240890491015174 __DUMMY__ 0.3301312497786942 off 0.26745984531115413	false	1.0
geisteskrank	off 1.0		neg 0.40432795317294196 __DUMMY__ 0.3246115165974488 off 0.2710605302296094	false	0.5
zusammenbrechen	neg 1.0		neg 0.4068182491619789 __DUMMY__ 0.3287367195416706 off 0.2644450312963504	false	1.0
ausbeute	neg 1.0		neg 0.4050802958088022 __DUMMY__ 0.33060302973246714 off 0.26431667445873075	false	1.0
hinterhalt	neg 1.0		neg 0.4058520297248535 __DUMMY__ 0.3272753664363667 off 0.26687260383877964	false	1.0
kritik	neg 1.0		neg 0.41429912510020067 __DUMMY__ 0.3234117606195811 off 0.26228911428021817	false	1.0
einschrumpfen	neg 1.0		neg 0.407924510335822 __DUMMY__ 0.32375915993420196 off 0.26831632972997616	false	1.0
riskant	neg 1.0		neg 0.4102482227819215 __DUMMY__ 0.32818095179751244 off 0.2615708254205661	false	1.0
frustrieren	neg 1.0		neg 0.4109021121281936 __DUMMY__ 0.3277772440485052 off 0.2613206438233011	false	1.0
groll	neg 1.0		neg 0.41075010148537705 __DUMMY__ 0.32679513210946814 off 0.26245476640515475	false	1.0
gibt			neg 0.4081719115736674 __DUMMY__ 0.3281162826860223 off 0.2637118057403102	false	0.0
qualvoll	neg 1.0		neg 0.4022963750074458 __DUMMY__ 0.328770696206119 off 0.2689329287864351	false	1.0
wackeln	neg 1.0		neg 0.4016346642200241 __DUMMY__ 0.3304455963469657 off 0.2679197394330101	false	1.0
klagen	neg 1.0		neg 0.414502355927865 __DUMMY__ 0.32667411420242726 off 0.25882352986970775	false	1.0
bankrott	neg 1.0		neg 0.39976874646087956 __DUMMY__ 0.32847233626431765 off 0.27175891727480295	false	1.0
trauern	neg 1.0		neg 0.4099071646370702 __DUMMY__ 0.3282017525380095 off 0.2618910828249203	false	1.0
ablehnung	neg 1.0	neg 1.0	neg 0.698627097336872 __DUMMY__ 0.15630411036387606 off 0.1450687922992519	false	1.0
stur	neg 1.0		neg 0.4059893752726868 __DUMMY__ 0.32725857290969385 off 0.26675205181761935	false	1.0
aufruhr	neg 1.0		neg 0.4103981198600052 __DUMMY__ 0.32462913214334255 off 0.2649727479966523	false	1.0
melancholie	neg 1.0		neg 0.4042826491343184 __DUMMY__ 0.33091271356213925 off 0.26480463730354237	false	1.0
ist			neg 0.4050843104656111 __DUMMY__ 0.32764091367113757 off 0.26727477586325127	false	0.0
torheit	neg 1.0		neg 0.4111531466195387 __DUMMY__ 0.32370706018525414 off 0.26513979319520714	false	1.0
dreckskind	off 1.0		neg 0.4007349919074061 __DUMMY__ 0.32309847003731385 off 0.27616653805528	false	0.5
umtauschen	neg 1.0		neg 0.403776487658284 __DUMMY__ 0.329818521531736 off 0.26640499080998004	false	1.0
zum			neg 0.4062592076010945 __DUMMY__ 0.33354017257311736 off 0.260200619825788	false	0.0
zersetzen	neg 1.0		neg 0.41317835683865384 __DUMMY__ 0.32698153875681685 off 0.2598401044045293	false	1.0
zur			neg 0.41238720648156474 __DUMMY__ 0.32967998592805675 off 0.25793280759037857	false	0.0
frust	neg 1.0		neg 0.4070365430227741 __DUMMY__ 0.32873331532676187 off 0.2642301416504641	false	1.0
unerbittlichkeit	neg 1.0		neg 0.4124258636878258 __DUMMY__ 0.3267923630095413 off 0.2607817733026329	false	1.0
zwei			neg 0.4064913931616489 __DUMMY__ 0.3321632323527476 off 0.2613453744856035	false	0.0
unkorrekt	neg 1.0		neg 0.40448468787855607 __DUMMY__ 0.32424132206441064 off 0.27127399005703334	false	1.0
hexe	off 1.0		neg 0.40133407829696377 __DUMMY__ 0.3272740256560938 off 0.2713918960469425	false	0.5
lasch	neg 1.0		neg 0.4057295035399072 __DUMMY__ 0.32589548614462055 off 0.2683750103154722	false	1.0
rivale	neg 1.0		neg 0.39939462326742664 __DUMMY__ 0.32550129245091014 off 0.2751040842816631	false	1.0
mutlos	off 1.0	off 1.0	off 0.6143487336998587 neg 0.22842985651629727 __DUMMY__ 0.15722140978384408	false	1.0
wirr	off 1.0		neg 0.4027143324883073 __DUMMY__ 0.3242394876149345 off 0.2730461798967583	false	0.5
jahr			neg 0.40523793382327344 __DUMMY__ 0.33131149916089747 off 0.26345056701582914	false	0.0
wird			neg 0.40907000575057195 __DUMMY__ 0.3284595362629477 off 0.26247045798648033	false	0.0
strafbar	neg 1.0		neg 0.4137555785448151 __DUMMY__ 0.32567627503526186 off 0.2605681464199232	false	1.0
erosion	neg 1.0		neg 0.40233325086488864 __DUMMY__ 0.3291940191296072 off 0.26847273000550415	false	1.0
eingehen	neg 1.0		neg 0.41077193478463503 __DUMMY__ 0.32716752604632887 off 0.26206053916903604	false	1.0
faul	off 1.0		neg 0.3995291179785783 __DUMMY__ 0.32918771118230017 off 0.2712831708391216	false	0.5
provisorium	neg 1.0		neg 0.41302864960933444 __DUMMY__ 0.33178147493843047 off 0.25518987545223515	false	1.0
schmerzen	neg 1.0		neg 0.4052649293267116 __DUMMY__ 0.32942651049568783 off 0.26530856017760057	false	1.0
schrumpfen	neg 1.0		neg 0.4134111063198081 __DUMMY__ 0.3293852738688394 off 0.2572036198113525	false	1.0
geistlos	off 1.0		neg 0.4113915089288179 __DUMMY__ 0.32251882574782 off 0.2660896653233623	false	0.5
fehlkauf	neg 1.0		neg 0.40535953519036955 __DUMMY__ 0.3262379711002908 off 0.2684024937093397	false	1.0
frustrierend	neg 1.0	neg 1.0	neg 0.6926515613778399 __DUMMY__ 0.15835527115698808 off 0.14899316746517202	false	1.0
unzufrieden	neg 1.0		neg 0.40981138679356 __DUMMY__ 0.3275145340281676 off 0.26267407917827235	false	1.0
verzweifeln	neg 1.0		neg 0.4060400260812491 __DUMMY__ 0.3286290546935545 off 0.2653309192251964	false	1.0
verzweifelt	neg 1.0		neg 0.405284185647121 __DUMMY__ 0.3277487009243177 off 0.2669671134285614	false	1.0
misstrauensantrag	neg 1.0		neg 0.40599634319088906 __DUMMY__ 0.32582367710153276 off 0.2681799797075782	false	1.0
abfallen	neg 1.0		neg 0.4009829149215445 __DUMMY__ 0.33077811846989424 off 0.2682389666085613	false	1.0
fucker	off 1.0		neg 0.40031218835463367 __DUMMY__ 0.3258227519659436 off 0.2738650596794228	false	0.5
ungezogen	neg 1.0		neg 0.39336892151263425 __DUMMY__ 0.32599351709416746 off 0.28063756139319834	false	1.0
irrsinnig	neg 1.0	neg 1.0	neg 0.6950110048922218 __DUMMY__ 0.15791649882992617 off 0.147072496277852	false	1.0
unfassbar	neg 1.0		neg 0.4018048511985894 __DUMMY__ 0.3271459683761847 off 0.27104918042522586	false	1.0
hart	neg 1.0		neg 0.4037263696909737 __DUMMY__ 0.3256884293197488 off 0.2705852009892776	false	1.0
widerlich	off 1.0		neg 0.40290424970583105 __DUMMY__ 0.3257996406801029 off 0.27129610961406603	false	0.5
fatal	neg 1.0		neg 0.4048311922078566 __DUMMY__ 0.32665131726870944 off 0.2685174905234339	false	1.0
bruch	neg 1.0		neg 0.41546523176003236 __DUMMY__ 0.3263530822411779 off 0.2581816859987898	false	1.0
aushungern	neg 1.0		neg 0.4117116090527642 __DUMMY__ 0.32409690079547776 off 0.2641914901517579	false	1.0
anspannung	neg 1.0		neg 0.4101353221837569 __DUMMY__ 0.3304840481025448 off 0.25938062971369824	false	1.0
von			neg 0.40620364983421114 __DUMMY__ 0.33136262910974335 off 0.26243372105604545	false	0.0
kraftlos	neg 1.0		neg 0.40509908699926733 __DUMMY__ 0.3307684610783941 off 0.26413245192233864	false	1.0
vom			neg 0.40968026757127673 __DUMMY__ 0.33302900670448926 off 0.2572907257242339	false	0.0
grenzdebil	off 1.0		neg 0.39995923224931146 __DUMMY__ 0.32752209214421496 off 0.2725186756064736	false	0.5
vor			neg 0.4094931226767395 __DUMMY__ 0.33009073472227984 off 0.26041614260098067	false	0.0
unterwerfen	neg 1.0		neg 0.41172507129588737 __DUMMY__ 0.32681709842209683 off 0.2614578302820158	false	1.0
versenkung	neg 1.0		neg 0.41082782316805777 __DUMMY__ 0.3277709002830375 off 0.26140127654890466	false	1.0
entziehen	neg 1.0		neg 0.4132735296618582 __DUMMY__ 0.3277706975354041 off 0.25895577280273785	false	1.0
finanzkrise	neg 1.0		neg 0.41230956605613367 __DUMMY__ 0.323952062943199 off 0.26373837100066727	false	1.0
schimpfend	neg 1.0		neg 0.3988003275440748 __DUMMY__ 0.3315743328817201 off 0.26962533957420487	false	1.0
profan	neg 1.0		neg 0.4037560037457303 __DUMMY__ 0.3279937949147685 off 0.26825020133950117	false	1.0
korruption	neg 1.0		neg 0.4140353110766381 __DUMMY__ 0.32422459878434123 off 0.2617400901390207	false	1.0
â			neg 0.40729530749565757 __DUMMY__ 0.3288089292536028 off 0.2638957632507397	false	0.0
schmutzig	neg 1.0		neg 0.39795435881382996 __DUMMY__ 0.3291818627987253 off 0.2728637783874447	false	1.0
sexy	neg 1.0		neg 0.4016386994646427 __DUMMY__ 0.32768265768830407 off 0.2706786428470532	false	1.0
abraten	neg 1.0		neg 0.4037555495273038 __DUMMY__ 0.3286689361418437 off 0.26757551433085236	false	1.0
schwarz	neg 1.0		neg 0.40515001537758055 __DUMMY__ 0.32707394756036373 off 0.2677760370620557	false	1.0
fotze	off 1.0		neg 0.40979977957995395 __DUMMY__ 0.32652145075624345 off 0.2636787696638026	false	0.5
verwirren	neg 1.0		neg 0.40313342332317215 __DUMMY__ 0.3278015900569654 off 0.26906498661986245	false	1.0
zahnlos	off 1.0		neg 0.4108085172944145 __DUMMY__ 0.32662515371917705 off 0.26256632898640847	false	0.5
verheeren	neg 1.0		neg 0.3963674444275298 __DUMMY__ 0.3225776799434067 off 0.28105487562906356	false	1.0
hippie	neg 1.0		neg 0.4024412636877493 __DUMMY__ 0.3273322619535712 off 0.2702264743586795	false	1.0
rammen	neg 1.0		neg 0.40250463344911874 __DUMMY__ 0.32814901722956324 off 0.26934634932131796	false	1.0
unlauter	neg 1.0	neg 1.0	neg 0.695074201391388 __DUMMY__ 0.15708078753960403 off 0.147845011069008	false	1.0
unheilvoll	neg 1.0		neg 0.4031763551358741 __DUMMY__ 0.3284882821444357 off 0.26833536271969016	false	1.0
niedrig	neg 1.0		neg 0.4095923263572072 __DUMMY__ 0.32759962753615696 off 0.262808046106636	false	1.0
explosion	neg 1.0		neg 0.4019162480741277 __DUMMY__ 0.3280739438068853 off 0.2700098081189871	false	1.0
weichei	off 1.0		neg 0.396975110797727 __DUMMY__ 0.325726256263262 off 0.27729863293901097	false	0.5
minusmensch	off 1.0		neg 0.3972370349673755 __DUMMY__ 0.3220940037535574 off 0.2806689612790672	false	0.5
farblos	neg 1.0		neg 0.4071775185869575 __DUMMY__ 0.3265248640091303 off 0.26629761740391233	false	1.0
unwissend	neg 1.0	neg 1.0	neg 0.6928966523947694 __DUMMY__ 0.15753291903070743 off 0.14957042857452324	false	1.0
traurig	neg 1.0		neg 0.39799591302300996 __DUMMY__ 0.3275185746941797 off 0.27448551228281026	false	1.0
senkung	neg 1.0		neg 0.4046797075065842 __DUMMY__ 0.32640191825458986 off 0.26891837423882603	false	1.0
ungleich	neg 1.0	neg 1.0	neg 0.698171396844421 __DUMMY__ 0.1576280076093849 off 0.14420059554619416	false	1.0
heikel	neg 1.0		neg 0.41209022693428793 __DUMMY__ 0.32768289930763334 off 0.2602268737580789	false	1.0
drosselung	neg 1.0		neg 0.3972294265155343 __DUMMY__ 0.32771726949034435 off 0.27505330399412126	false	1.0
falsch	neg 1.0		neg 0.40311236708924014 __DUMMY__ 0.3271161506769857 off 0.2697714822337742	false	1.0
unzufriedenheit	neg 1.0		neg 0.41288440984198593 __DUMMY__ 0.32728861493277284 off 0.2598269752252414	false	1.0
kurz	neg 1.0		neg 0.4042438142927108 __DUMMY__ 0.33047744735618834 off 0.2652787383511009	false	1.0
unsinnig	neg 1.0		neg 0.4095752647417784 __DUMMY__ 0.32729408699329593 off 0.2631306482649256	false	1.0
penner	off 1.0	off 1.0	off 0.624522341791208 neg 0.21808572733716466 __DUMMY__ 0.1573919308716274	false	1.0
seicht	neg 1.0		neg 0.39769164093327874 __DUMMY__ 0.323468882108265 off 0.2788394769584561	false	1.0
dummheit	off 1.0	off 1.0	off 0.6179362668776816 neg 0.22479116705945287 __DUMMY__ 0.15727256606286544	false	1.0
unerfreulich	neg 1.0		neg 0.41135961121969933 __DUMMY__ 0.3285836330219631 off 0.2600567557583375	false	1.0
motherfucker	off 1.0	off 1.0	off 0.6213835349035078 neg 0.22143167001775874 __DUMMY__ 0.1571847950787334	false	1.0
pikiert	neg 1.0		neg 0.40380125683690343 __DUMMY__ 0.3261369197893592 off 0.2700618233737374	false	1.0
wrack	neg 1.0		neg 0.40729244729647845 __DUMMY__ 0.32870048549936165 off 0.2640070672041599	false	1.0
gangster	neg 1.0		neg 0.4034874612068917 __DUMMY__ 0.32726578746467433 off 0.2692467513284339	false	1.0
krank	neg 1.0		neg 0.3977161675929744 __DUMMY__ 0.32901166912358265 off 0.27327216328344295	false	1.0
reich	neg 1.0		neg 0.40787240488921067 __DUMMY__ 0.3225568987686921 off 0.26957069634209724	false	1.0
gnadenlos	neg 1.0		neg 0.40542469199409853 __DUMMY__ 0.3277603861693078 off 0.26681492183659355	false	1.0
niedergeschlagen	neg 1.0		neg 0.4067850266696197 __DUMMY__ 0.3287020585925579 off 0.26451291473782246	false	1.0
terrorisieren	off 1.0	off 1.0	off 0.6146685321636904 neg 0.2270369221632423 __DUMMY__ 0.15829454567306722	false	1.0
sinnlosigkeit	neg 1.0		neg 0.4103413474610019 __DUMMY__ 0.32689950143158186 off 0.26275915110741627	false	1.0
behindern	neg 1.0		neg 0.4046302687222038 __DUMMY__ 0.3290024903982869 off 0.26636724087950925	false	1.0
undemokratisch	neg 1.0		neg 0.41125714560627435 __DUMMY__ 0.3234914187891086 off 0.26525143560461706	false	1.0
wirtschaftskrise	neg 1.0		neg 0.4122567571486934 __DUMMY__ 0.3253922887117099 off 0.26235095413959664	false	1.0
neid	neg 1.0		neg 0.40053264672644134 __DUMMY__ 0.3290781224687983 off 0.27038923080476035	false	1.0
rutschen	neg 1.0		neg 0.4059563650230722 __DUMMY__ 0.333642520620768 off 0.26040111435615965	false	1.0
rezession	neg 1.0		neg 0.40268155382734144 __DUMMY__ 0.32298300981925493 off 0.27433543635340374	false	1.0
fehlgeburt	neg 1.0		neg 0.40582159570008314 __DUMMY__ 0.3276441582943581 off 0.26653424600555875	false	1.0
charakterschwach	off 1.0		neg 0.4027414093601796 __DUMMY__ 0.3260149482112059 off 0.2712436424286145	false	0.5
isolation	neg 1.0		neg 0.4001673837255227 __DUMMY__ 0.32789063081262826 off 0.2719419854618491	false	1.0
ablenkung	neg 1.0		neg 0.4040003903687754 __DUMMY__ 0.32920229588217165 off 0.26679731374905313	false	1.0
pech	neg 1.0		neg 0.40206854965087524 __DUMMY__ 0.32835457865194234 off 0.2695768716971824	false	1.0
vermeidung	neg 1.0		neg 0.3977088523886828 __DUMMY__ 0.32830108911193945 off 0.2739900584993778	false	1.0
dominieren	neg 1.0		neg 0.4076335205472842 __DUMMY__ 0.32781519169841905 off 0.26455128775429676	false	1.0
schwindlig	neg 1.0		neg 0.39998516071821105 __DUMMY__ 0.3299483339530828 off 0.2700665053287062	false	1.0
lutscher	neg 1.0		neg 0.39575684886604695 __DUMMY__ 0.3240613248714803 off 0.2801818262624726	false	1.0
pflicht	neg 1.0		neg 0.4122873167531398 __DUMMY__ 0.3276492840660843 off 0.26006339918077603	false	1.0
faschist	off 1.0		neg 0.40979704586751803 __DUMMY__ 0.3236678271550949 off 0.2665351269773869	false	0.5
verschleudern	neg 1.0		neg 0.41231277012063283 __DUMMY__ 0.32580382372021954 off 0.2618834061591475	false	1.0
wenn			neg 0.4023711799254435 __DUMMY__ 0.32758361070406217 off 0.27004520937049414	false	0.0
ehebruch	neg 1.0		neg 0.412874514149449 __DUMMY__ 0.32581184355486476 off 0.2613136422956864	false	1.0
spott	off 1.0		neg 0.412779958639536 __DUMMY__ 0.32629896516811374 off 0.26092107619235044	false	0.5
trostlosigkeit	neg 1.0		neg 0.4160152833959935 __DUMMY__ 0.3250994381824877 off 0.2588852784215189	false	1.0
lutschen	neg 1.0		neg 0.4047142655760499 __DUMMY__ 0.3253517592757482 off 0.2699339751482019	false	1.0
undiszipliniert	neg 1.0		neg 0.40000271909664065 __DUMMY__ 0.32670962210955823 off 0.2732876587938012	false	1.0
kopfschmerz	neg 1.0		neg 0.4054912748819882 __DUMMY__ 0.32879192471397545 off 0.2657168004040364	false	1.0
unvorhergesehen	neg 1.0		neg 0.4034055458882083 __DUMMY__ 0.33118106097202704 off 0.2654133931397646	false	1.0
desinteressiert	neg 1.0		neg 0.40116221352819076 __DUMMY__ 0.3261267533517647 off 0.2727110331200445	false	1.0
armselig	off 1.0		neg 0.4016190667258425 __DUMMY__ 0.32512982410142605 off 0.2732511091727315	false	0.5
desaster	neg 1.0		neg 0.4161800415307358 __DUMMY__ 0.3261566954827453 off 0.2576632629865189	false	1.0
tod	neg 1.0		neg 0.41548892226550777 __DUMMY__ 0.3243716357046774 off 0.2601394420298148	false	1.0
herzlos	neg 1.0		neg 0.39824439367642517 __DUMMY__ 0.3268679742155886 off 0.2748876321079863	false	1.0
unwissenheit	neg 1.0		neg 0.41182885128345925 __DUMMY__ 0.3259861291554019 off 0.2621850195611387	false	1.0
widersinnig	neg 1.0		neg 0.4134147183325151 __DUMMY__ 0.3240115293574968 off 0.262573752309988	false	1.0
bedenklich	neg 1.0		neg 0.41131285176269783 __DUMMY__ 0.3274307192481908 off 0.2612564289891115	false	1.0
beanstanden	neg 1.0		neg 0.4124588311411063 __DUMMY__ 0.32780716899028717 off 0.2597339998686065	false	1.0
panisch	neg 1.0	neg 1.0	neg 0.6907816719296934 __DUMMY__ 0.16017160356998608 off 0.1490467245003205	false	1.0
debil	off 1.0		neg 0.41427199867779213 __DUMMY__ 0.3286285787780739 off 0.2570994225441341	false	0.5
abstrich	neg 1.0		neg 0.402660958089319 __DUMMY__ 0.33004241908549115 off 0.26729662282518984	false	1.0
primitiv	neg 1.0		neg 0.4023341252493142 __DUMMY__ 0.32573728811908637 off 0.2719285866315994	false	1.0
abschaum	off 1.0	off 1.0	off 0.6192863081180663 neg 0.22379044173771012 __DUMMY__ 0.1569232501442236	false	1.0
provozieren	neg 1.0		neg 0.40832802575421734 __DUMMY__ 0.326332053338863 off 0.26533992090691977	false	1.0
tot	neg 1.0		neg 0.4078246353207414 __DUMMY__ 0.32741587493841434 off 0.2647594897408443	false	1.0
instabil	neg 1.0		neg 0.40127071547234705 __DUMMY__ 0.32443557506787796 off 0.274293709459775	false	1.0
schwuchtel	off 1.0		neg 0.3930821408756873 __DUMMY__ 0.32187798454434646 off 0.2850398745799662	false	0.5
zerren	neg 1.0		neg 0.4066853063108035 __DUMMY__ 0.32883102097658534 off 0.26448367271261125	false	1.0
kinderficker	off 1.0		neg 0.4005570840946434 __DUMMY__ 0.3241226945355901 off 0.2753202213697664	false	0.5
gefahr	neg 1.0		neg 0.41163761266604454 __DUMMY__ 0.3267451781380773 off 0.2616172091958782	false	1.0
rabiat	neg 1.0		neg 0.40650335278957134 __DUMMY__ 0.327736778612206 off 0.26575986859822265	false	1.0
verlangsamung	neg 1.0		neg 0.39952999737161377 __DUMMY__ 0.32261806799816256 off 0.27785193463022373	false	1.0
ausgestorben	neg 1.0		neg 0.40686431040772986 __DUMMY__ 0.3286279672066194 off 0.2645077223856507	false	1.0
anklagen	neg 1.0		neg 0.41013032146560263 __DUMMY__ 0.3256503242602844 off 0.264219354274113	false	1.0
trott	neg 1.0		neg 0.40525381988020637 __DUMMY__ 0.32848204447064794 off 0.26626413564914564	false	1.0
verminderung	neg 1.0		neg 0.39945164281486256 __DUMMY__ 0.326602891082371 off 0.2739454661027665	false	1.0
nach			neg 0.4089528336937731 __DUMMY__ 0.3318687815138733 off 0.2591783847923535	false	0.0
rost	neg 1.0		neg 0.3970046567350826 __DUMMY__ 0.32402650943303085 off 0.2789688338318864	false	1.0
destruktiv	neg 1.0	neg 1.0	neg 0.6971791625912531 __DUMMY__ 0.1571386948677769 off 0.14568214254096992	false	1.0
unzumutbarkeit	neg 1.0		neg 0.3993906388567104 __DUMMY__ 0.32722998572254747 off 0.27337937542074214	false	1.0
labil	off 1.0	off 1.0	off 0.6201265899724966 neg 0.22264839885380103 __DUMMY__ 0.15722501117370236	false	1.0
ziemlich	neg 1.0		neg 0.40047241300138464 __DUMMY__ 0.32754912678751735 off 0.27197846021109795	false	1.0
lachnummer	off 1.0		neg 0.4103299848770255 __DUMMY__ 0.3258834709297635 off 0.2637865441932111	false	0.5
oder			neg 0.4040319423063136 __DUMMY__ 0.32945199805772096 off 0.26651605963596525	false	0.0
verfall	neg 1.0		neg 0.4146867017757752 __DUMMY__ 0.3285154257977787 off 0.256797872426446	false	1.0
ausgrenzung	neg 1.0		neg 0.40980637829320293 __DUMMY__ 0.3238776891256316 off 0.2663159325811655	false	1.0
unordnung	neg 1.0		neg 0.3991461034566486 __DUMMY__ 0.32526800569865694 off 0.27558589084469437	false	1.0
fehlverhalten	neg 1.0		neg 0.4128712953571069 __DUMMY__ 0.32643573530958275 off 0.26069296933331043	false	1.0
eine			neg 0.40949616793683236 __DUMMY__ 0.32983945217827193 off 0.26066437988489566	false	0.0
nille	neg 1.0		neg 0.40915322524626063 __DUMMY__ 0.3257465448637559 off 0.2651002298899834	false	1.0
qual	neg 1.0		neg 0.40576532525986697 __DUMMY__ 0.3282122366806738 off 0.26602243805945935	false	1.0
verschwenden	neg 1.0		neg 0.4097537936514264 __DUMMY__ 0.32832147486077756 off 0.26192473148779605	false	1.0
riesig	neg 1.0		neg 0.4074161593033254 __DUMMY__ 0.32778349695372494 off 0.2648003437429497	false	1.0
verurteilen	neg 1.0		neg 0.41251187693085334 __DUMMY__ 0.325410052764564 off 0.2620780703045827	false	1.0
klischee	neg 1.0	neg 1.0	neg 0.694397960771387 __DUMMY__ 0.15720654647405774 off 0.1483954927545553	false	1.0
diktatorisch	neg 1.0		neg 0.41285257200217373 __DUMMY__ 0.32252433403789194 off 0.2646230939599344	false	1.0
vorhersehbar	neg 1.0		neg 0.407543299912871 __DUMMY__ 0.3255458726502789 off 0.2669108274368501	false	1.0
sowie			neg 0.39928419918158975 __DUMMY__ 0.32378183093808227 off 0.27693396988032803	false	0.0
stornieren	neg 1.0		neg 0.4005980601369015 __DUMMY__ 0.3294820842312313 off 0.26991985563186704	false	1.0
besteuerung	neg 1.0		neg 0.4065215393573038 __DUMMY__ 0.32653961853962016 off 0.26693884210307595	false	1.0
ungeschminkt	neg 1.0		neg 0.40120805835027434 __DUMMY__ 0.3265932144748695 off 0.27219872717485616	false	1.0
kritisch	neg 1.0		neg 0.412675829852325 __DUMMY__ 0.32633918894112646 off 0.2609849812065486	false	1.0
schlamperei	off 1.0		neg 0.41296396089443427 __DUMMY__ 0.3257051454090197 off 0.2613308936965462	false	0.5
sucht	neg 1.0	neg 1.0	neg 0.6907160338687099 __DUMMY__ 0.15981459212386817 off 0.14946937400742183	false	1.0
egoistisch	off 1.0		neg 0.39766433972937415 __DUMMY__ 0.32545590765993165 off 0.2768797526106942	false	0.5
ausbeuter	off 1.0		neg 0.4145839989170395 __DUMMY__ 0.3256216663044205 off 0.25979433477853986	false	0.5
arschgeburt	off 1.0		neg 0.39324149329905167 __DUMMY__ 0.32187819348276037 off 0.28488031321818796	false	0.5
schubs	neg 1.0	neg 1.0	neg 0.6938799416790973 __DUMMY__ 0.15992311330606374 off 0.14619694501483899	false	1.0
unsolide	neg 1.0		neg 0.4112544720214337 __DUMMY__ 0.3210733072264142 off 0.2676722207521522	false	1.0
beschwerde	neg 1.0		neg 0.41098511342312105 __DUMMY__ 0.32634308747704427 off 0.2626717990998346	false	1.0
stocken	neg 1.0		neg 0.4093707267424344 __DUMMY__ 0.32778911989414944 off 0.2628401533634161	false	1.0
isolieren	neg 1.0		neg 0.40518810992387055 __DUMMY__ 0.32904842740162027 off 0.2657634626745091	false	1.0
unheilbar	neg 1.0		neg 0.4076220534743708 __DUMMY__ 0.32660908380289866 off 0.2657688627227307	false	1.0
pisser	off 1.0		neg 0.4009642885711186 __DUMMY__ 0.3246618828169398 off 0.27437382861194165	false	0.5
löschen	neg 1.0		neg 0.40578980775509066 __DUMMY__ 0.327207798512652 off 0.2670023937322573	false	1.0
durchfallen	neg 1.0		neg 0.4106119538012433 __DUMMY__ 0.3274952198003321 off 0.26189282639842454	false	1.0
wichser	off 1.0		neg 0.39335328222066507 __DUMMY__ 0.3247386321835514 off 0.2819080855957835	false	0.5
terror	neg 1.0		neg 0.40017356560848016 __DUMMY__ 0.32890018515223507 off 0.27092624923928466	false	1.0
krass	neg 1.0		neg 0.3980856119227727 __DUMMY__ 0.3266105753541324 off 0.27530381272309484	false	1.0
revolte	neg 1.0	neg 1.0	neg 0.6970953457336115 __DUMMY__ 0.15534704966902788 off 0.14755760459736053	false	1.0
besorgt	neg 1.0		neg 0.40364441169597604 __DUMMY__ 0.3308050743446357 off 0.26555051395938833	false	1.0
nachlassen	neg 1.0		neg 0.40764317464325395 __DUMMY__ 0.32855663724169704 off 0.263800188115049	false	1.0
alt	neg 1.0		neg 0.4073667857746393 __DUMMY__ 0.33003291641957927 off 0.26260029780578154	false	1.0
hundesohn	off 1.0		neg 0.3969782573272369 __DUMMY__ 0.32292054796394803 off 0.28010119470881506	false	0.5
als			neg 0.40698074950482754 __DUMMY__ 0.3292068943185194 off 0.26381235617665305	false	0.0
abschreckung	neg 1.0		neg 0.4144064047068694 __DUMMY__ 0.32644081506758815 off 0.25915278022554233	false	1.0
unqualifiziert	neg 1.0	neg 1.0	neg 0.6948422696372807 __DUMMY__ 0.15730445880979996 off 0.14785327155291927	false	1.0
abgewichst	off 1.0		neg 0.40849094630286525 __DUMMY__ 0.32695497723900696 off 0.26455407645812784	false	0.5
schwer	neg 1.0		neg 0.4059256768116809 __DUMMY__ 0.32855926729432516 off 0.2655150558939939	false	1.0
bedeutungslosigkeit	neg 1.0		neg 0.4131807409747379 __DUMMY__ 0.3266935831830293 off 0.2601256758422328	false	1.0
kapitulation	neg 1.0		neg 0.4156030741617185 __DUMMY__ 0.3235983618901065 off 0.260798563948175	false	1.0
unscharf	neg 1.0		neg 0.40290014518788 __DUMMY__ 0.327786310877559 off 0.26931354393456103	false	1.0
schwinden	neg 1.0		neg 0.411783200334222 __DUMMY__ 0.32742272325091587 off 0.260794076414862	false	1.0
versklavung	neg 1.0	neg 1.0	neg 0.6974148856163249 __DUMMY__ 0.1560647179031621 off 0.14652039648051304	false	1.0
schlecht	neg 1.0		neg 0.3998557636323536 __DUMMY__ 0.3277231246159274 off 0.27242111175171896	false	1.0
verhasst	neg 1.0		neg 0.409073676678458 __DUMMY__ 0.32581595580459616 off 0.26511036751694583	false	1.0
beschweren	neg 1.0		neg 0.40432554904638696 __DUMMY__ 0.32804745349824854 off 0.2676269974553645	false	1.0
scheiden	neg 1.0		neg 0.40541071599439216 __DUMMY__ 0.32882008633388626 off 0.2657691976717215	false	1.0
frustriert	neg 1.0		neg 0.40765056873273664 __DUMMY__ 0.32812723606117783 off 0.2642221952060855	false	1.0
schimmelig	neg 1.0		neg 0.41012290821072833 __DUMMY__ 0.3276227894118574 off 0.26225430237741426	false	1.0
fisch	neg 1.0	neg 1.0	neg 0.6942511844136484 __DUMMY__ 0.15968608962065897 off 0.1460627259656926	false	1.0
schmuggel	neg 1.0		neg 0.40971090247438624 __DUMMY__ 0.3291081004074235 off 0.2611809971181903	false	1.0
auffallen	neg 1.0		neg 0.4040264474831174 __DUMMY__ 0.3278547401115587 off 0.26811881240532387	false	1.0
konkurrenz	neg 1.0		neg 0.4104247073629459 __DUMMY__ 0.32918583613170516 off 0.260389456505349	false	1.0
teufelskreis	neg 1.0	neg 1.0	neg 0.6962387695760778 __DUMMY__ 0.15791108076607224 off 0.14585014965784995	false	1.0
aufschreien	neg 1.0		neg 0.4066224671528909 __DUMMY__ 0.32618619388841114 off 0.2671913389586979	false	1.0
schuldner	neg 1.0		neg 0.41332191880393 __DUMMY__ 0.32589407173644414 off 0.2607840094596259	false	1.0
missgeburt	off 1.0	off 1.0	off 0.6234427215876726 neg 0.22015763916192196 __DUMMY__ 0.1563996392504054	false	1.0
arbeitslos	neg 1.0		neg 0.41015215223568807 __DUMMY__ 0.32704600658940464 off 0.26280184117490724	false	1.0
befallen	neg 1.0		neg 0.4157273852528789 __DUMMY__ 0.3233515921768976 off 0.2609210225702234	false	1.0
miesepetrig	off 1.0		neg 0.3994752846612237 __DUMMY__ 0.32821354636449435 off 0.2723111689742819	false	0.5
alarmieren	neg 1.0		neg 0.40540939426177064 __DUMMY__ 0.32467427027654466 off 0.26991633546168464	false	1.0
ungeduscht	off 1.0		neg 0.4024767095622312 __DUMMY__ 0.32798035064219566 off 0.26954293979557303	false	0.5
knappheit	neg 1.0		neg 0.41099178626915883 __DUMMY__ 0.3262589924862324 off 0.2627492212446086	false	1.0
schlange	neg 1.0		neg 0.4020462124230891 __DUMMY__ 0.32961667007886514 off 0.2683371174980459	false	1.0
harsch	neg 1.0		neg 0.39353477109153207 __DUMMY__ 0.3273114862852036 off 0.2791537426232642	false	1.0
lang	neg 1.0		neg 0.40496818369943793 __DUMMY__ 0.3276955604448056 off 0.2673362558557566	false	1.0
ziellos	neg 1.0		neg 0.40827225448003024 __DUMMY__ 0.3286788376038443 off 0.26304890791612556	false	1.0
selbstverliebt	neg 1.0		neg 0.3958945407279069 __DUMMY__ 0.3222313508688192 off 0.28187410840327387	false	1.0
beseitigen	neg 1.0		neg 0.4030252551177736 __DUMMY__ 0.32914279227022963 off 0.2678319526119967	false	1.0
dumm	off 1.0		neg 0.3978638710916346 __DUMMY__ 0.3247777306630945 off 0.2773583982452709	false	0.5
arbeitsloser	neg 1.0		neg 0.41042279076670635 __DUMMY__ 0.3274599152988157 off 0.2621172939344781	false	1.0
blitzen	neg 1.0		neg 0.40438551096079983 __DUMMY__ 0.3262562393055654 off 0.2693582497336347	false	1.0
hilflos	neg 1.0		neg 0.4080038478335793 __DUMMY__ 0.32818501041961207 off 0.2638111417468085	false	1.0
eklig	off 1.0		neg 0.39759587391738904 __DUMMY__ 0.3242460477244885 off 0.27815807835812256	false	0.5
begriff			neg 0.4090409781258496 __DUMMY__ 0.3272057098357254 off 0.2637533120384249	false	0.0
hungersnot	neg 1.0		neg 0.41367517204480664 __DUMMY__ 0.32315685503194036 off 0.263167972923253	false	1.0
ungesetzlich	neg 1.0		neg 0.41048172563705715 __DUMMY__ 0.32311144246142887 off 0.266406831901514	false	1.0
verschwendung	neg 1.0		neg 0.4114298292912742 __DUMMY__ 0.3279151767380686 off 0.2606549939706571	false	1.0
schmerzvoll	neg 1.0		neg 0.40406540754359443 __DUMMY__ 0.32820681018367037 off 0.26772778227273525	false	1.0
vorzeitig	neg 1.0		neg 0.40143059642228063 __DUMMY__ 0.3268533826758183 off 0.2717160209019011	false	1.0
unvollkommenheit	neg 1.0		neg 0.4066719917145982 __DUMMY__ 0.32741582970204225 off 0.26591217858335936	false	1.0
intervenieren	neg 1.0		neg 0.4149167533101924 __DUMMY__ 0.32511132992954156 off 0.25997191676026615	false	1.0
banause	off 1.0		neg 0.3959436676655085 __DUMMY__ 0.3241617718623554 off 0.27989456047213623	false	0.5
rebell	neg 1.0		neg 0.4109056779902643 __DUMMY__ 0.3288101736638246 off 0.260284148345911	false	1.0
unlogisch	neg 1.0		neg 0.400488827271613 __DUMMY__ 0.3256740467843975 off 0.27383712594398957	false	1.0
leiden	neg 1.0	neg 1.0	neg 0.6935848022090136 __DUMMY__ 0.16125626799761955 off 0.14515892979336675	false	1.0
abschaffung	neg 1.0		neg 0.4090113176637765 __DUMMY__ 0.3252342827117431 off 0.26575439962448033	false	1.0
sturz	neg 1.0		neg 0.40937798860025787 __DUMMY__ 0.3246285545395476 off 0.2659934568601946	false	1.0
verkleinerung	neg 1.0		neg 0.406637674175808 __DUMMY__ 0.3244038641737457 off 0.26895846165044646	false	1.0
schmarotzer	off 1.0		neg 0.4122410315089314 __DUMMY__ 0.32602466672358316 off 0.2617343017674855	false	0.5
bestrafung	neg 1.0		neg 0.40627004018633195 __DUMMY__ 0.3269992184062377 off 0.26673074140743025	false	1.0
achtlos	neg 1.0		neg 0.404477844696886 __DUMMY__ 0.3294572093028422 off 0.2660649460002717	false	1.0
ungeheuer	neg 1.0		neg 0.4044412762251732 __DUMMY__ 0.32735509457648254 off 0.26820362919834423	false	1.0
unaufrichtig	neg 1.0		neg 0.40821284294520277 __DUMMY__ 0.32423675041650557 off 0.2675504066382917	false	1.0
groggy	neg 1.0		neg 0.4040333746338279 __DUMMY__ 0.32656214162570607 off 0.2694044837404661	false	1.0
verletzlich	neg 1.0		neg 0.4008178604596122 __DUMMY__ 0.32690905821925226 off 0.27227308132113565	false	1.0
ablehnen	neg 1.0		neg 0.4115229864922996 __DUMMY__ 0.32618274146033416 off 0.26229427204736616	false	1.0
