unsolidarisch	neg 1.0		neg 0.6047699592005507 off 0.38825666792031416 __DUMMY__ 0.006973372879135248	false	1.0
nachteilig	neg 1.0		neg 0.6039531749091569 off 0.38896436520416594 __DUMMY__ 0.007082459886676997	false	1.0
skeptisch	neg 1.0		neg 0.6062098305999869 off 0.38668188667904113 __DUMMY__ 0.007108282720972067	false	1.0
schrecklich	neg 1.0		neg 0.5909483267727322 off 0.401985530140493 __DUMMY__ 0.007066143086774684	false	1.0
schlapp	neg 1.0		neg 0.5938493479120638 off 0.399030970003423 __DUMMY__ 0.007119682084513177	false	1.0
abfall	neg 1.0		neg 0.6080039734767322 off 0.38488203898709805 __DUMMY__ 0.007113987536169796	false	1.0
widerspenstig	neg 1.0		neg 0.5992415074466727 off 0.39363018858286286 __DUMMY__ 0.00712830397046446	false	1.0
abrupt	neg 1.0		neg 0.6003565098007949 off 0.3925016164506518 __DUMMY__ 0.007141873748553429	false	1.0
unwirksam	neg 1.0		neg 0.6022056147689594 off 0.39077500158601686 __DUMMY__ 0.007019383645023809	false	1.0
angreifen	neg 1.0		neg 0.605803048665864 off 0.387116334579134 __DUMMY__ 0.007080616755002105	false	1.0
inkonsistent	neg 1.0		neg 0.5994329633100735 off 0.3935183863999485 __DUMMY__ 0.007048650289977991	false	1.0
abrutschen	neg 1.0		neg 0.6070525902005022 off 0.3858156185369751 __DUMMY__ 0.007131791262522818	false	1.0
unsicher	neg 1.0		neg 0.6000402598553335 off 0.3928531426360967 __DUMMY__ 0.007106597508569896	false	1.0
bauernkind	off 1.0		neg 0.5891996585974276 off 0.403796457542341 __DUMMY__ 0.007003883860231268	false	0.5
angreifer	neg 1.0		neg 0.5990857867941861 off 0.3938851546849524 __DUMMY__ 0.0070290585208615565	false	1.0
trennen	neg 1.0		neg 0.6024254861049819 off 0.390401459976326 __DUMMY__ 0.007173053918692062	false	1.0
schmutz	neg 1.0		neg 0.5913120969599651 off 0.4015352713827611 __DUMMY__ 0.007152631657273701	false	1.0
inkonsistenz	neg 1.0	neg 1.0	neg 0.7874117209609858 off 0.20923149074842498 __DUMMY__ 0.0033567882905892773	false	1.0
erschreckend	neg 1.0		neg 0.6024813635762257 off 0.3904358402933923 __DUMMY__ 0.007082796130381912	false	1.0
ertrinken	neg 1.0		neg 0.6029996740592349 off 0.38987096840111085 __DUMMY__ 0.007129357539654109	false	1.0
pickelface	off 1.0		neg 0.600885513981681 off 0.3920624275617633 __DUMMY__ 0.007052058456555614	false	0.5
seiner			neg 0.6046327653560627 off 0.3882571085806645 __DUMMY__ 0.00711012606327282	false	0.0
lauch	neg 1.0		neg 0.6066137586152076 off 0.3862815214052257 __DUMMY__ 0.007104719979566741	false	1.0
unwichtig	neg 1.0		neg 0.5961191387153776 off 0.39681208294626297 __DUMMY__ 0.007068778338359346	false	1.0
steuerhinterziehung	neg 1.0		neg 0.604359731422031 off 0.3886240675271174 __DUMMY__ 0.0070162010508515345	false	1.0
schock	neg 1.0		neg 0.6004854826947816 off 0.39237354952525216 __DUMMY__ 0.007140967779966153	false	1.0
beule	neg 1.0		neg 0.5925478306868 off 0.40034123028259133 __DUMMY__ 0.007110939030608598	false	1.0
vergelten	neg 1.0		neg 0.5908305293062114 off 0.40214505859792915 __DUMMY__ 0.00702441209585933	false	1.0
verdorbenheit	neg 1.0	neg 1.0	neg 0.7866654214890791 off 0.20993418500985542 __DUMMY__ 0.003400393501065397	false	1.0
trauma	neg 1.0		neg 0.5986438686083753 off 0.3942743042173642 __DUMMY__ 0.007081827174260505	false	1.0
sinnlos	neg 1.0		neg 0.5981590606221616 off 0.39475349459079906 __DUMMY__ 0.007087444787039376	false	1.0
fettsack	off 1.0	off 1.0	off 0.6836780304645076 neg 0.31298017174048 __DUMMY__ 0.0033417977950123677	false	1.0
feige	off 1.0		neg 0.5975803745014863 off 0.3953752497915279 __DUMMY__ 0.00704437570698584	false	0.5
abdanken	neg 1.0		neg 0.6050142143096412 off 0.3879901111293564 __DUMMY__ 0.006995674561002258	false	1.0
wichtigtuer	off 1.0	off 1.0	off 0.6782854274198729 neg 0.3183579768897811 __DUMMY__ 0.003356595690346103	false	1.0
misslingen	neg 1.0		neg 0.5963742023973381 off 0.39649914085030763 __DUMMY__ 0.007126656752354228	false	1.0
untreu	off 1.0		neg 0.594865511517933 off 0.3980597837405688 __DUMMY__ 0.007074704741498247	false	0.5
missmutig	neg 1.0		neg 0.5949390001341306 off 0.3979483956034003 __DUMMY__ 0.007112604262469101	false	1.0
hurenbock	off 1.0		neg 0.5965132450023243 off 0.3963512759749658 __DUMMY__ 0.0071354790227100935	false	0.5
betrunken	neg 1.0		neg 0.5916861816644071 off 0.401210353468421 __DUMMY__ 0.007103464867172118	false	1.0
korrupt	off 1.0		neg 0.6068114992952744 off 0.3861866424047038 __DUMMY__ 0.007001858300021787	false	0.5
unmut	neg 1.0		neg 0.6076898849854878 off 0.38521183368729134 __DUMMY__ 0.007098281327220777	false	1.0
hackfresse	off 1.0		neg 0.5878944373975621 off 0.4050646160711145 __DUMMY__ 0.00704094653132335	false	0.5
aufblasen	neg 1.0		neg 0.5972315113969763 off 0.3956386104501421 __DUMMY__ 0.007129878152881621	false	1.0
gewaltsam	neg 1.0		neg 0.6019224854802068 off 0.39105530356905643 __DUMMY__ 0.0070222109507366865	false	1.0
unbeliebtheit	neg 1.0		neg 0.5988504117562163 off 0.3942113847681314 __DUMMY__ 0.00693820347565228	false	1.0
sturheit	neg 1.0		neg 0.6040062737272327 off 0.38894936272153796 __DUMMY__ 0.007044363551229539	false	1.0
kuh	neg 1.0		neg 0.5992152711184519 off 0.3937212098006914 __DUMMY__ 0.007063519080856733	false	1.0
erschrecken	neg 1.0		neg 0.5955798752207286 off 0.3973138641770639 __DUMMY__ 0.007106260602207497	false	1.0
opfer	neg 1.0	neg 1.0	neg 0.7908946037701671 off 0.20572818096507092 __DUMMY__ 0.0033772152647619713	false	1.0
sinken	neg 1.0		neg 0.6065580496031722 off 0.3863397869802178 __DUMMY__ 0.007102163416609907	false	1.0
stinktier	neg 1.0		neg 0.5919027967994492 off 0.40106843346291793 __DUMMY__ 0.007028769737632921	false	1.0
tucke	off 1.0		neg 0.5871559052634074 off 0.4058017674372409 __DUMMY__ 0.007042327299351628	false	0.5
ein			neg 0.5968012513224449 off 0.39603935850651606 __DUMMY__ 0.007159390171039168	false	0.0
abstieg	neg 1.0		neg 0.6036916298023748 off 0.3892487685079384 __DUMMY__ 0.0070596016896868515	false	1.0
missverstehen	neg 1.0		neg 0.5998555613523687 off 0.3930933053054034 __DUMMY__ 0.0070511333422279944	false	1.0
ergebnislos	neg 1.0		neg 0.6037774865251193 off 0.38915033927319986 __DUMMY__ 0.0070721742016808	false	1.0
unter			neg 0.6081955068899043 off 0.3845992841015794 __DUMMY__ 0.007205209008516296	false	0.0
manipulieren	neg 1.0		neg 0.6064761991509323 off 0.38645125992628165 __DUMMY__ 0.007072540922786177	false	1.0
unbewiesen	neg 1.0		neg 0.6056546467335296 off 0.38738464840891323 __DUMMY__ 0.0069607048575572004	false	1.0
verschleppen	neg 1.0		neg 0.6048982576089146 off 0.38804788868096535 __DUMMY__ 0.007053853710120171	false	1.0
weib	off 1.0		neg 0.5866096856450338 off 0.4063589275191736 __DUMMY__ 0.0070313868357925555	false	0.5
opposition	neg 1.0		neg 0.6013463289154303 off 0.391642314402848 __DUMMY__ 0.007011356681721673	false	1.0
verkehrswidrig	neg 1.0		neg 0.5883795772288992 off 0.40454130062411536 __DUMMY__ 0.007079122146985579	false	1.0
inkorrekt	neg 1.0		neg 0.5981057358560635 off 0.3949054377025966 __DUMMY__ 0.006988826441339828	false	1.0
vermeiden	neg 1.0		neg 0.6072994659940532 off 0.38554116036598746 __DUMMY__ 0.007159373639959368	false	1.0
abweichung	neg 1.0		neg 0.606866970050378 off 0.38612843315155976 __DUMMY__ 0.007004596798062113	false	1.0
alkoholisiert	neg 1.0		neg 0.6016837208862134 off 0.3911969337399822 __DUMMY__ 0.007119345373804392	false	1.0
scheiss	off 1.0	off 1.0	off 0.6820501687127085 neg 0.314576165432447 __DUMMY__ 0.0033736658548444284	false	1.0
herausforderung	neg 1.0		neg 0.5999742443399938 off 0.3928560484887318 __DUMMY__ 0.007169707171274184	false	1.0
pervers	off 1.0		neg 0.5837900101957642 off 0.4091891408842588 __DUMMY__ 0.007020848919977194	false	0.5
wackelig	neg 1.0		neg 0.5994925003961259 off 0.3933285609223751 __DUMMY__ 0.007178938681498939	false	1.0
verwickeln	neg 1.0		neg 0.5995841808046659 off 0.39334968380860036 __DUMMY__ 0.007066135386733619	false	1.0
vorwand	neg 1.0		neg 0.6074340725900387 off 0.38548427682026853 __DUMMY__ 0.007081650589692699	false	1.0
muschi	off 1.0		neg 0.6011536966824078 off 0.3917887064468948 __DUMMY__ 0.007057596870697321	false	0.5
entmutigung	neg 1.0		neg 0.6038309218121404 off 0.3892331660151681 __DUMMY__ 0.006935912172691564	false	1.0
unangemessen	neg 1.0		neg 0.6051697352100653 off 0.3877833756288304 __DUMMY__ 0.007046889161104274	false	1.0
unstetig	neg 1.0		neg 0.5977574732441022 off 0.39519827853941836 __DUMMY__ 0.007044248216479291	false	1.0
entmutigen	neg 1.0		neg 0.5990702526357436 off 0.3938332042294951 __DUMMY__ 0.007096543134761422	false	1.0
schwanz	neg 1.0		neg 0.6028567370680804 off 0.3900616952437548 __DUMMY__ 0.0070815676881649135	false	1.0
verbot	neg 1.0		neg 0.6055849367731031 off 0.3874011046160833 __DUMMY__ 0.007013958610813622	false	1.0
leid	neg 1.0		neg 0.5899044188193912 off 0.4030483476459533 __DUMMY__ 0.007047233534655599	false	1.0
archaisch	neg 1.0		neg 0.603934034424544 off 0.3890058311444348 __DUMMY__ 0.007060134431021209	false	1.0
gegen			neg 0.6067794337031466 off 0.3861390937001974 __DUMMY__ 0.007081472596656197	false	0.0
scheidung	neg 1.0	neg 1.0	neg 0.7748862115072377 off 0.22177213764547812 __DUMMY__ 0.003341650847284205	false	1.0
einschlag	neg 1.0		neg 0.5904005880772608 off 0.4025511023341895 __DUMMY__ 0.007048309588549771	false	1.0
m			neg 0.6005547578344501 off 0.39232372170328206 __DUMMY__ 0.007121520462267827	false	0.0
abgestanden	neg 1.0		neg 0.5991828105417033 off 0.39370197914488636 __DUMMY__ 0.00711521031341027	false	1.0
schmierig	off 1.0		neg 0.5904947459300427 off 0.402440131291221 __DUMMY__ 0.007065122778736194	false	0.5
unpraktisch	neg 1.0		neg 0.5970327844170871 off 0.3958318515195808 __DUMMY__ 0.007135364063332131	false	1.0
wixxer	off 1.0		neg 0.5846082966602812 off 0.4083945841306163 __DUMMY__ 0.006997119209102437	false	0.5
bezeichnet			neg 0.6028325950179427 off 0.39011092246824774 __DUMMY__ 0.007056482513809614	false	0.0
jammerlappen	off 1.0		neg 0.5955342966970942 off 0.39738420052478607 __DUMMY__ 0.007081502778119576	false	0.5
farce	neg 1.0		neg 0.6068965795113678 off 0.38613221622049665 __DUMMY__ 0.006971204268135518	false	1.0
zwecklos	neg 1.0		neg 0.604828923240762 off 0.38810667439661045 __DUMMY__ 0.007064402362627599	false	1.0
turbulent	neg 1.0		neg 0.593112833914622 off 0.3998600319986783 __DUMMY__ 0.007027134086699611	false	1.0
invasion	neg 1.0		neg 0.5957459076159485 off 0.39714646894045413 __DUMMY__ 0.007107623443597448	false	1.0
schuld	neg 1.0		neg 0.6003140835372713 off 0.39261101952001 __DUMMY__ 0.007074896942718712	false	1.0
risiko	neg 1.0		neg 0.595103776147048 off 0.3977775418532645 __DUMMY__ 0.007118681999687412	false	1.0
finster	neg 1.0		neg 0.59757082815846 off 0.3952861470954077 __DUMMY__ 0.007143024746132259	false	1.0
geisteskrank	off 1.0		neg 0.5962741272382419 off 0.3967071172770948 __DUMMY__ 0.0070187554846630985	false	0.5
zusammenbrechen	neg 1.0		neg 0.6014652134227123 off 0.3914222708254793 __DUMMY__ 0.0071125157518083775	false	1.0
ausbeute	neg 1.0		neg 0.6007423157118341 off 0.3921047706490915 __DUMMY__ 0.007152913639074325	false	1.0
hinterhalt	neg 1.0		neg 0.5995252992346655 off 0.39339764404784977 __DUMMY__ 0.007077056717484777	false	1.0
kritik	neg 1.0		neg 0.606074921472372 off 0.3869342555252458 __DUMMY__ 0.006990823002382262	false	1.0
einschrumpfen	neg 1.0		neg 0.5995051056260101 off 0.39349603908036135 __DUMMY__ 0.006998855293628586	false	1.0
riskant	neg 1.0		neg 0.6047446368653749 off 0.3881555727117079 __DUMMY__ 0.007099790422917222	false	1.0
frustrieren	neg 1.0		neg 0.6051771845033613 off 0.38773221266081676 __DUMMY__ 0.007090602835821918	false	1.0
groll	neg 1.0		neg 0.6044356552057215 off 0.38849643457928723 __DUMMY__ 0.007067910214991306	false	1.0
gibt			neg 0.6025098444816066 off 0.3903916561405341 __DUMMY__ 0.0070984993778592876	false	0.0
qualvoll	neg 1.0		neg 0.5966734075842253 off 0.39621392618502915 __DUMMY__ 0.007112666230745509	false	1.0
wackeln	neg 1.0		neg 0.5970382637212184 off 0.3958108980370125 __DUMMY__ 0.007150838241769082	false	1.0
klagen	neg 1.0		neg 0.6083185901047358 off 0.3846165968581012 __DUMMY__ 0.007064813037163082	false	1.0
bankrott	neg 1.0		neg 0.5938209836262063 off 0.39907295937126097 __DUMMY__ 0.00710605700253275	false	1.0
trauern	neg 1.0		neg 0.6044167178765466 off 0.38848410872080286 __DUMMY__ 0.007099173402650478	false	1.0
ablehnung	neg 1.0	neg 1.0	neg 0.7912471278790928 off 0.205418087879662 __DUMMY__ 0.003334784241245083	false	1.0
stur	neg 1.0		neg 0.5996771839883077 off 0.3932439243275407 __DUMMY__ 0.007078891684151488	false	1.0
aufruhr	neg 1.0		neg 0.6026927821360547 off 0.39028910679165685 __DUMMY__ 0.007018111072288517	false	1.0
melancholie	neg 1.0		neg 0.600092928821887 off 0.39274638475363066 __DUMMY__ 0.007160686424482318	false	1.0
ist			neg 0.5989262527992154 off 0.39398599055561934 __DUMMY__ 0.007087756645165173	false	0.0
torheit	neg 1.0		neg 0.6029387997794736 off 0.39006373934884914 __DUMMY__ 0.006997460871677295	false	1.0
dreckskind	off 1.0		neg 0.5914828024314468 off 0.401533395427798 __DUMMY__ 0.0069838021407551895	false	0.5
umtauschen	neg 1.0		neg 0.5988363506781379 off 0.3940274687247242 __DUMMY__ 0.007136180597137971	false	1.0
zum			neg 0.6038541877418245 off 0.3889255681874356 __DUMMY__ 0.007220244070740004	false	0.0
zersetzen	neg 1.0		neg 0.6070956760921502 off 0.3858320679976115 __DUMMY__ 0.0070722559102383365	false	1.0
zur			neg 0.6079457520548692 off 0.3849213087307452 __DUMMY__ 0.007132939214385604	false	0.0
frust	neg 1.0		neg 0.6017013954760966 off 0.3911861841605738 __DUMMY__ 0.00711242036332961	false	1.0
unerbittlichkeit	neg 1.0		neg 0.606205948083077 off 0.38672627232379125 __DUMMY__ 0.007067779593131722	false	1.0
zwei			neg 0.6032227027086838 off 0.3895878638844583 __DUMMY__ 0.007189433406857842	false	0.0
unkorrekt	neg 1.0		neg 0.5962019258453375 off 0.39678883721152647 __DUMMY__ 0.007009236943136077	false	1.0
hexe	off 1.0		neg 0.5946857632532639 off 0.3982363836709466 __DUMMY__ 0.007077853075789506	false	0.5
lasch	neg 1.0		neg 0.5985644604931323 off 0.39438797512926094 __DUMMY__ 0.007047564377606878	false	1.0
rivale	neg 1.0		neg 0.5915973679056855 off 0.401364762239844 __DUMMY__ 0.0070378698544704575	false	1.0
mutlos	off 1.0	off 1.0	off 0.6750515403989937 neg 0.32159360682640425 __DUMMY__ 0.003354852774601996	false	1.0
wirr	off 1.0		neg 0.5942971574173347 off 0.39869376922706207 __DUMMY__ 0.007009073355603245	false	0.5
jahr			neg 0.6013749201286054 off 0.39145553430572916 __DUMMY__ 0.007169545565665434	false	0.0
wird			neg 0.6036426847505075 off 0.3892510652012957 __DUMMY__ 0.007106250048196645	false	0.0
strafbar	neg 1.0		neg 0.6069112919093445 off 0.3860462709275477 __DUMMY__ 0.007042437163107791	false	1.0
erosion	neg 1.0		neg 0.5970049739128404 off 0.3958724661702018 __DUMMY__ 0.007122559916957889	false	1.0
eingehen	neg 1.0		neg 0.6046692554397382 off 0.38825385925889433 __DUMMY__ 0.007076885301367574	false	1.0
faul	off 1.0		neg 0.5939985826966501 off 0.39887932955884187 __DUMMY__ 0.007122087744508128	false	0.5
provisorium	neg 1.0		neg 0.6098604967252751 off 0.3829587502822222 __DUMMY__ 0.0071807529925028155	false	1.0
schmerzen	neg 1.0		neg 0.6001504800261139 off 0.3927221927194666 __DUMMY__ 0.007127327254419567	false	1.0
schrumpfen	neg 1.0		neg 0.608843858451838 off 0.3840300397687298 __DUMMY__ 0.007126101779432356	false	1.0
geistlos	off 1.0		neg 0.6024456784874469 off 0.39058346768940644 __DUMMY__ 0.006970853823146726	false	0.5
fehlkauf	neg 1.0		neg 0.598368144907329 off 0.3945765291510314 __DUMMY__ 0.007055325941639465	false	1.0
frustrierend	neg 1.0	neg 1.0	neg 0.7863904710231053 off 0.21022973140146503 __DUMMY__ 0.003379797575429579	false	1.0
unzufrieden	neg 1.0		neg 0.6038707085114862 off 0.3890445494593912 __DUMMY__ 0.007084742029122801	false	1.0
verzweifeln	neg 1.0		neg 0.6005804218148026 off 0.3923095010327986 __DUMMY__ 0.007110077152398824	false	1.0
verzweifelt	neg 1.0		neg 0.5992159267863215 off 0.3936938618494922 __DUMMY__ 0.007090211364186208	false	1.0
misstrauensantrag	neg 1.0		neg 0.5987158937505205 off 0.39423823787660633 __DUMMY__ 0.007045868372873167	false	1.0
abfallen	neg 1.0		neg 0.5965270852819867 off 0.39631461892327463 __DUMMY__ 0.007158295794738558	false	1.0
fucker	off 1.0		neg 0.5927907642567657 off 0.40016272757330423 __DUMMY__ 0.007046508169930205	false	0.5
ungezogen	neg 1.0		neg 0.5855418642182119 off 0.4074087927381722 __DUMMY__ 0.007049343043615825	false	1.0
irrsinnig	neg 1.0	neg 1.0	neg 0.7885138827615437 off 0.20811583706358258 __DUMMY__ 0.003370280174873875	false	1.0
unfassbar	neg 1.0		neg 0.5951618574971824 off 0.3977618677866362 __DUMMY__ 0.0070762747161813196	false	1.0
hart	neg 1.0		neg 0.596257783322231 off 0.39670091652988676 __DUMMY__ 0.007041300147882179	false	1.0
widerlich	off 1.0		neg 0.5954945083561433 off 0.39745980030698685 __DUMMY__ 0.007045691336869934	false	0.5
fatal	neg 1.0		neg 0.5980640482588668 off 0.3948706956389684 __DUMMY__ 0.0070652561021646056	false	1.0
bruch	neg 1.0		neg 0.6091248115307138 off 0.383817907142307 __DUMMY__ 0.0070572813269791385	false	1.0
aushungern	neg 1.0		neg 0.6038208718751985 off 0.3891729622504651 __DUMMY__ 0.007006165874336452	false	1.0
anspannung	neg 1.0		neg 0.6060511941129928 off 0.38679768137812 __DUMMY__ 0.007151124508887279	false	1.0
von			neg 0.6024450241267351 off 0.3903848233601424 __DUMMY__ 0.007170152513122453	false	0.0
kraftlos	neg 1.0		neg 0.6009019392665678 off 0.39194002308787396 __DUMMY__ 0.007158037645558458	false	1.0
vom			neg 0.6071085754845719 off 0.385682770882575 __DUMMY__ 0.007208653632853167	false	0.0
grenzdebil	off 1.0		neg 0.5934531734153803 off 0.3994620584494392 __DUMMY__ 0.0070847681351803625	false	0.5
vor			neg 0.6051303331143266 off 0.38772670636276896 __DUMMY__ 0.007142960522904434	false	0.0
unterwerfen	neg 1.0		neg 0.6054824935405705 off 0.3874492717040676 __DUMMY__ 0.007068234755361783	false	1.0
versenkung	neg 1.0		neg 0.6051162328401143 off 0.3877934175821033 __DUMMY__ 0.007090349577782411	false	1.0
entziehen	neg 1.0		neg 0.6076967901602448 off 0.3852130223479033 __DUMMY__ 0.00709018749185185	false	1.0
finanzkrise	neg 1.0		neg 0.6042565065142572 off 0.3887405955613071 __DUMMY__ 0.007002897924435621	false	1.0
schimpfend	neg 1.0		neg 0.594721640824527 off 0.39810307132332673 __DUMMY__ 0.007175287852146214	false	1.0
profan	neg 1.0		neg 0.5977455075638933 off 0.39515906372658693 __DUMMY__ 0.007095428709519712	false	1.0
korruption	neg 1.0		neg 0.6062958125462202 off 0.38669500455674605 __DUMMY__ 0.007009182897033745	false	1.0
â			neg 0.6019766154086692 off 0.3909093805908351 __DUMMY__ 0.007114004000495782	false	0.0
schmutzig	neg 1.0		neg 0.592374156267447 off 0.40050363417182683 __DUMMY__ 0.007122209560726205	false	1.0
sexy	neg 1.0		neg 0.595334612898456 off 0.39757677110440237 __DUMMY__ 0.007088615997141545	false	1.0
abraten	neg 1.0		neg 0.5981572484556337 off 0.3947321735525637 __DUMMY__ 0.00711057799180262	false	1.0
schwarz	neg 1.0		neg 0.5986555135638297 off 0.39426979971316356 __DUMMY__ 0.00707468672300661	false	1.0
fotze	off 1.0		neg 0.6032239331384921 off 0.3897147387988332 __DUMMY__ 0.007061328062674545	false	0.5
verwirren	neg 1.0		neg 0.596986885766894 off 0.395921826479167 __DUMMY__ 0.00709128775393892	false	1.0
zahnlos	off 1.0		neg 0.6043784446622423 off 0.3885570898273442 __DUMMY__ 0.007064465510413335	false	0.5
verheeren	neg 1.0		neg 0.5865991866789332 off 0.40642915519724415 __DUMMY__ 0.006971658123822589	false	1.0
hippie	neg 1.0		neg 0.5959729682425691 off 0.39694633484148373 __DUMMY__ 0.007080696915947216	false	1.0
rammen	neg 1.0		neg 0.5964755286175741 off 0.3964270559671294 __DUMMY__ 0.007097415415296529	false	1.0
unlauter	neg 1.0	neg 1.0	neg 0.7881005555424135 off 0.2085479071696761 __DUMMY__ 0.0033515372879103613	false	1.0
unheilvoll	neg 1.0		neg 0.5974128757885282 off 0.3954813803807853 __DUMMY__ 0.007105743830686501	false	1.0
niedrig	neg 1.0		neg 0.6036466444785098 off 0.389268470288286 __DUMMY__ 0.007084885233204186	false	1.0
explosion	neg 1.0		neg 0.5958740776182588 off 0.3970288137232384 __DUMMY__ 0.007097108658502906	false	1.0
weichei	off 1.0		neg 0.5891504871334242 off 0.40380569437622493 __DUMMY__ 0.007043818490350781	false	0.5
minusmensch	off 1.0		neg 0.5872617979771247 off 0.4057776082415625 __DUMMY__ 0.006960593781312792	false	0.5
farblos	neg 1.0		neg 0.6003952139360258 off 0.39254497022222223 __DUMMY__ 0.007059815841751944	false	1.0
unwissend	neg 1.0	neg 1.0	neg 0.7861431000332805 off 0.21049503529818533 __DUMMY__ 0.003361864668534243	false	1.0
traurig	neg 1.0		neg 0.5913821239406333 off 0.40153331036389744 __DUMMY__ 0.007084565695469188	false	1.0
senkung	neg 1.0		neg 0.5977063170857908 off 0.3952351882535067 __DUMMY__ 0.0070584946607024635	false	1.0
ungleich	neg 1.0	neg 1.0	neg 0.7915647710846767 off 0.20507150566010937 __DUMMY__ 0.0033637232552138946	false	1.0
heikel	neg 1.0		neg 0.6063757627214563 off 0.3865359610998097 __DUMMY__ 0.007088276178733946	false	1.0
drosselung	neg 1.0		neg 0.5906982239587643 off 0.4022139094015604 __DUMMY__ 0.007087866639675311	false	1.0
falsch	neg 1.0		neg 0.5965309137353069 off 0.3963934924718986 __DUMMY__ 0.007075593792794674	false	1.0
unzufriedenheit	neg 1.0		neg 0.6069942317119803 off 0.38592661778653015 __DUMMY__ 0.0070791505014893875	false	1.0
kurz	neg 1.0		neg 0.5997855905134457 off 0.39306269143932254 __DUMMY__ 0.007151718047231648	false	1.0
unsinnig	neg 1.0		neg 0.6034853608832804 off 0.3894351498982197 __DUMMY__ 0.007079489218500019	false	1.0
penner	off 1.0	off 1.0	off 0.68545189035522 neg 0.3111893721032508 __DUMMY__ 0.0033587375415291723	false	1.0
seicht	neg 1.0		neg 0.5885656618180647 off 0.4044418862821024 __DUMMY__ 0.006992451899832946	false	1.0
dummheit	off 1.0	off 1.0	off 0.6787252919717521 neg 0.31791856240965505 __DUMMY__ 0.0033561456185928415	false	1.0
unerfreulich	neg 1.0		neg 0.6061447669795237 off 0.3867466057746792 __DUMMY__ 0.007108627245797059	false	1.0
motherfucker	off 1.0	off 1.0	off 0.6821721400069503 neg 0.3144736223391015 __DUMMY__ 0.003354237653948338	false	1.0
pikiert	neg 1.0		neg 0.5966516639283743 off 0.396295188893729 __DUMMY__ 0.007053147177896823	false	1.0
wrack	neg 1.0		neg 0.6019037895244798 off 0.390986961659697 __DUMMY__ 0.007109248815823288	false	1.0
gangster	neg 1.0		neg 0.5970145854584312 off 0.3959062570513592 __DUMMY__ 0.007079157490209575	false	1.0
krank	neg 1.0		neg 0.5919915718460853 off 0.4008902725685287 __DUMMY__ 0.00711815558538584	false	1.0
reich	neg 1.0		neg 0.5986628670877846 off 0.394366971380693 __DUMMY__ 0.006970161531522235	false	1.0
gnadenlos	neg 1.0		neg 0.5993955916926821 off 0.39351398637531737 __DUMMY__ 0.007090421932000501	false	1.0
niedergeschlagen	neg 1.0		neg 0.6013843497747844 off 0.3915045659482941 __DUMMY__ 0.007111084276921529	false	1.0
terrorisieren	off 1.0	off 1.0	off 0.675795811289406 neg 0.3208259726686829 __DUMMY__ 0.003378216041911012	false	1.0
sinnlosigkeit	neg 1.0		neg 0.6040406715308707 off 0.38888862726613327 __DUMMY__ 0.007070701202996186	false	1.0
behindern	neg 1.0		neg 0.5993001629458468 off 0.39358161309463097 __DUMMY__ 0.0071182239595223035	false	1.0
undemokratisch	neg 1.0		neg 0.6029312903623634 off 0.3900761520601172 __DUMMY__ 0.006992557577519468	false	1.0
wirtschaftskrise	neg 1.0		neg 0.6051388699265385 off 0.3878257217029252 __DUMMY__ 0.007035408370536247	false	1.0
neid	neg 1.0		neg 0.5950135237864308 off 0.3978669786881551 __DUMMY__ 0.007119497525414016	false	1.0
rutschen	neg 1.0		neg 0.6035709146119496 off 0.3892061578324301 __DUMMY__ 0.007222927555620203	false	1.0
rezession	neg 1.0		neg 0.593487536030478 off 0.3995312746078525 __DUMMY__ 0.006981189361669454	false	1.0
fehlgeburt	neg 1.0		neg 0.5996916508182869 off 0.393223371876246 __DUMMY__ 0.007084977305467093	false	1.0
charakterschwach	off 1.0		neg 0.5954935997039323 off 0.3974562775075891 __DUMMY__ 0.007050122788478647	false	0.5
isolation	neg 1.0		neg 0.5939061469969169 off 0.3990008848258692 __DUMMY__ 0.007092968177214007	false	1.0
ablenkung	neg 1.0		neg 0.5987712667064825 off 0.39410575134158854 __DUMMY__ 0.007122981951928833	false	1.0
pech	neg 1.0		neg 0.5961204035642658 off 0.39677687308501525 __DUMMY__ 0.007102723350718818	false	1.0
vermeidung	neg 1.0		neg 0.5915502561016682 off 0.4013481254935537 __DUMMY__ 0.0071016184047780545	false	1.0
dominieren	neg 1.0		neg 0.601755561890396 off 0.39115435180416364 __DUMMY__ 0.007090086305440522	false	1.0
schwindlig	neg 1.0		neg 0.5949349074431202 off 0.39792584780853185 __DUMMY__ 0.007139244748348048	false	1.0
lutscher	neg 1.0		neg 0.586845692103501 off 0.4061487826941783 __DUMMY__ 0.007005525202320701	false	1.0
pflicht	neg 1.0		neg 0.6065866996626889 off 0.38632572991550307 __DUMMY__ 0.007087570421808122	false	1.0
faschist	off 1.0		neg 0.6015100982953551 off 0.39149358574174864 __DUMMY__ 0.006996315962896286	false	0.5
verschleudern	neg 1.0		neg 0.6054392665828201 off 0.387516014564431 __DUMMY__ 0.007044718852748919	false	1.0
wenn			neg 0.5960318966306895 off 0.39688172622491746 __DUMMY__ 0.007086377144392978	false	0.0
ehebruch	neg 1.0		neg 0.6060753256656528 off 0.38687946949438373 __DUMMY__ 0.007045204839963451	false	1.0
spott	off 1.0		neg 0.6062812692353997 off 0.38666231361450826 __DUMMY__ 0.007056417150092128	false	0.5
trostlosigkeit	neg 1.0		neg 0.6088868242377523 off 0.3840838607023071 __DUMMY__ 0.007029315059940694	false	1.0
lutschen	neg 1.0		neg 0.5971342091178776 off 0.3958313617457474 __DUMMY__ 0.00703442913637508	false	1.0
undiszipliniert	neg 1.0		neg 0.592978534641487 off 0.39995550102230537 __DUMMY__ 0.007065964336207771	false	1.0
kopfschmerz	neg 1.0		neg 0.6000033829085406 off 0.39288394883201205 __DUMMY__ 0.0071126682594474565	false	1.0
unvorhergesehen	neg 1.0		neg 0.5993355904644729 off 0.39349768345195907 __DUMMY__ 0.007166726083567975	false	1.0
desinteressiert	neg 1.0		neg 0.5938532403109843 off 0.39909364857018326 __DUMMY__ 0.0070531111188324985	false	1.0
armselig	off 1.0		neg 0.5937382776099461 off 0.39923119773428273 __DUMMY__ 0.007030524655771255	false	0.5
desaster	neg 1.0		neg 0.6097551333834521 off 0.38319155867160704 __DUMMY__ 0.007053307944940786	false	1.0
tod	neg 1.0		neg 0.6077982394094579 off 0.38519013507538097 __DUMMY__ 0.007011625515161172	false	1.0
herzlos	neg 1.0		neg 0.5912519131610131 off 0.40167823791677904 __DUMMY__ 0.007069848922207895	false	1.0
unwissenheit	neg 1.0		neg 0.6050645322154561 off 0.3878858771134911 __DUMMY__ 0.007049590671052718	false	1.0
widersinnig	neg 1.0		neg 0.605523146172572 off 0.38747230606152727 __DUMMY__ 0.0070045477659006535	false	1.0
bedenklich	neg 1.0		neg 0.6054009130736305 off 0.38751644344924285 __DUMMY__ 0.0070826434771266746	false	1.0
beanstanden	neg 1.0		neg 0.6068674784806226 off 0.3860417531019133 __DUMMY__ 0.00709076841746407	false	1.0
panisch	neg 1.0	neg 1.0	neg 0.7855709418575675 off 0.21100996075748288 __DUMMY__ 0.003419097384949641	false	1.0
debil	off 1.0		neg 0.6092160844916387 off 0.38367525266565256 __DUMMY__ 0.00710866284270883	false	0.5
abstrich	neg 1.0		neg 0.5977800064031104 off 0.3950812518520378 __DUMMY__ 0.007138741744851832	false	1.0
primitiv	neg 1.0		neg 0.5948704212290461 off 0.398085367728473 __DUMMY__ 0.007044211042480881	false	1.0
abschaum	off 1.0	off 1.0	off 0.6799387053129348 neg 0.31671282984223276 __DUMMY__ 0.003348464844832403	false	1.0
provozieren	neg 1.0		neg 0.6015615234731415 off 0.39138055604346167 __DUMMY__ 0.007057920483396944	false	1.0
tot	neg 1.0		neg 0.6016343584028042 off 0.3912856398252671 __DUMMY__ 0.007080001771928678	false	1.0
instabil	neg 1.0		neg 0.5929215549312882 off 0.40006519064149093 __DUMMY__ 0.007013254427221003	false	1.0
schwuchtel	off 1.0		neg 0.5827227672375455 off 0.4103210207687381 __DUMMY__ 0.006956211993716496	false	0.5
zerren	neg 1.0		neg 0.601379777712421 off 0.39150569734982194 __DUMMY__ 0.007114524937757006	false	1.0
kinderficker	off 1.0		neg 0.5920270664967829 off 0.4009662368646765 __DUMMY__ 0.007006696638540568	false	0.5
gefahr	neg 1.0		neg 0.6053623012385616 off 0.38757148355131305 __DUMMY__ 0.007066215210125425	false	1.0
rabiat	neg 1.0		neg 0.6005113410771781 off 0.3923991306443567 __DUMMY__ 0.007089528278465194	false	1.0
verlangsamung	neg 1.0		neg 0.5899585454084875 off 0.40306905453437913 __DUMMY__ 0.006972400057133324	false	1.0
ausgestorben	neg 1.0		neg 0.601432229585005 off 0.39145794950199314 __DUMMY__ 0.007109820913001874	false	1.0
anklagen	neg 1.0		neg 0.6030848492157842 off 0.38987405603576397 __DUMMY__ 0.0070410947484516725	false	1.0
trott	neg 1.0		neg 0.5996262395866785 off 0.39326703347076075 __DUMMY__ 0.00710672694256077	false	1.0
verminderung	neg 1.0		neg 0.5923138797355445 off 0.4006226957714858 __DUMMY__ 0.007063424492969668	false	1.0
nach			neg 0.6056435981082826 off 0.38717361796165484 __DUMMY__ 0.00718278393006252	false	0.0
rost	neg 1.0		neg 0.5881935845819399 off 0.4048027497010921 __DUMMY__ 0.007003665716968	false	1.0
destruktiv	neg 1.0	neg 1.0	neg 0.7902614389021198 off 0.2063854292568708 __DUMMY__ 0.0033531318410094935	false	1.0
unzumutbarkeit	neg 1.0		neg 0.5926835631717565 off 0.40023962179252315 __DUMMY__ 0.0070768150357202525	false	1.0
labil	off 1.0	off 1.0	off 0.6809119261002556 neg 0.3157329497349098 __DUMMY__ 0.0033551241648345958	false	1.0
ziemlich	neg 1.0		neg 0.5940032675524709 off 0.39891130039037215 __DUMMY__ 0.007085432057156986	false	1.0
lachnummer	off 1.0		neg 0.6034215196453108 off 0.3895309526329721 __DUMMY__ 0.007047527721717046	false	0.5
oder			neg 0.598920269351043 off 0.39395118331268497 __DUMMY__ 0.0071285473362721	false	0.0
verfall	neg 1.0		neg 0.6096480564690515 off 0.3832453424851868 __DUMMY__ 0.0071066010457615765	false	1.0
ausgrenzung	neg 1.0		neg 0.6016465461406333 off 0.3913522398365994 __DUMMY__ 0.007001214022767244	false	1.0
unordnung	neg 1.0		neg 0.591206170599334 off 0.40176251614807845 __DUMMY__ 0.0070313132525874145	false	1.0
fehlverhalten	neg 1.0		neg 0.6064672370463975 off 0.38647302246431886 __DUMMY__ 0.007059740489283699	false	1.0
eine			neg 0.6049555994904982 off 0.3879070960066148 __DUMMY__ 0.007137304502886884	false	0.0
nille	neg 1.0		neg 0.602075359251882 off 0.3908805231833612 __DUMMY__ 0.007044117564756657	false	1.0
qual	neg 1.0		neg 0.6000048755193503 off 0.3928945207156819 __DUMMY__ 0.007100603764967635	false	1.0
verschwenden	neg 1.0		neg 0.6042778599246459 off 0.3886192380529606 __DUMMY__ 0.007102902022393462	false	1.0
riesig	neg 1.0		neg 0.60148970998888 off 0.39142105617255635 __DUMMY__ 0.007089233838563778	false	1.0
verurteilen	neg 1.0		neg 0.605448829696409 off 0.3875148655646256 __DUMMY__ 0.007036304738965287	false	1.0
klischee	neg 1.0	neg 1.0	neg 0.7874716050229533 off 0.20917355417536687 __DUMMY__ 0.0033548408016798627	false	1.0
diktatorisch	neg 1.0		neg 0.6040147700637526 off 0.3890146563746357 __DUMMY__ 0.006970573561611773	false	1.0
vorhersehbar	neg 1.0		neg 0.6002354123464188 off 0.39272461578211293 __DUMMY__ 0.007039971871468352	false	1.0
sowie			neg 0.5904217312623065 off 0.4025787382068619 __DUMMY__ 0.006999530530831676	false	0.0
stornieren	neg 1.0		neg 0.5953650373832603 off 0.3975073918824813 __DUMMY__ 0.007127570734258329	false	1.0
besteuerung	neg 1.0		neg 0.599734884162989 off 0.3932035723295193 __DUMMY__ 0.007061543507491591	false	1.0
ungeschminkt	neg 1.0		neg 0.5941281628432 off 0.3988090616913161 __DUMMY__ 0.007062775465483977	false	1.0
kritisch	neg 1.0		neg 0.6061772584093134 off 0.38676498478991167 __DUMMY__ 0.0070577568007750505	false	1.0
schlamperei	off 1.0		neg 0.6061042677828327 off 0.38685323321944604 __DUMMY__ 0.0070424989977212705	false	0.5
sucht	neg 1.0	neg 1.0	neg 0.7853125550218287 off 0.21127693090935803 __DUMMY__ 0.003410514068813259	false	1.0
egoistisch	off 1.0		neg 0.5897644220038563 off 0.40319802569452984 __DUMMY__ 0.007037552301614058	false	0.5
ausbeuter	off 1.0		neg 0.6077563343939163 off 0.3852024664126215 __DUMMY__ 0.007041199193462175	false	0.5
arschgeburt	off 1.0		neg 0.5829161669581516 off 0.410127871179603 __DUMMY__ 0.006955961862245509	false	0.5
schubs	neg 1.0	neg 1.0	neg 0.7885314396903307 off 0.20805522671742344 __DUMMY__ 0.003413333592245774	false	1.0
unsolide	neg 1.0		neg 0.6014034600720443 off 0.39165896791267407 __DUMMY__ 0.006937572015281619	false	1.0
beschwerde	neg 1.0		neg 0.6044087760242314 off 0.38853433203561355 __DUMMY__ 0.007056891940154974	false	1.0
stocken	neg 1.0		neg 0.6035866925884976 off 0.38932351007796967 __DUMMY__ 0.007089797333532735	false	1.0
isolieren	neg 1.0		neg 0.6000117621089138 off 0.39287037588467016 __DUMMY__ 0.007117862006416056	false	1.0
unheilbar	neg 1.0		neg 0.6010165715300212 off 0.39191992554414556 __DUMMY__ 0.007063502925833301	false	1.0
pisser	off 1.0		neg 0.592754332484516 off 0.4002269637187136 __DUMMY__ 0.0070187037967703635	false	0.5
löschen	neg 1.0		neg 0.5994182519627637 off 0.3935040957088536 __DUMMY__ 0.007077652328382659	false	1.0
durchfallen	neg 1.0		neg 0.6046917204709338 off 0.38822424057628896 __DUMMY__ 0.007084038952777123	false	1.0
wichser	off 1.0		neg 0.5847607734362352 off 0.4082177867853017 __DUMMY__ 0.007021439778463117	false	0.5
terror	neg 1.0		neg 0.5945207548981927 off 0.3983635124323014 __DUMMY__ 0.007115732669506014	false	1.0
krass	neg 1.0		neg 0.5908598379937223 off 0.40207683819141427 __DUMMY__ 0.0070633238148634075	false	1.0
revolte	neg 1.0	neg 1.0	neg 0.7891126412764342 off 0.20757340620165807 __DUMMY__ 0.003313952521907742	false	1.0
besorgt	neg 1.0		neg 0.5994219132255771 off 0.39341957807662864 __DUMMY__ 0.007158508697794215	false	1.0
nachlassen	neg 1.0		neg 0.6022054654048148 off 0.39068730382926076 __DUMMY__ 0.007107230765924564	false	1.0
alt	neg 1.0		neg 0.6027579905375519 off 0.3901023890447192 __DUMMY__ 0.007139620417728822	false	1.0
hundesohn	off 1.0		neg 0.5875146430010704 off 0.4055059118133819 __DUMMY__ 0.006979445185547751	false	0.5
als			neg 0.6019260443181532 off 0.3909511877208745 __DUMMY__ 0.0071227679609722535	false	0.0
abschreckung	neg 1.0		neg 0.6080892742488857 off 0.384851209140229 __DUMMY__ 0.007059516610885252	false	1.0
unqualifiziert	neg 1.0	neg 1.0	neg 0.7880066134521204 off 0.20863671068138195 __DUMMY__ 0.0033566758664976	false	1.0
abgewichst	off 1.0		neg 0.602107421778496 off 0.3908210320490644 __DUMMY__ 0.007071546172439703	false	0.5
schwer	neg 1.0		neg 0.6003992059711958 off 0.39249230855729594 __DUMMY__ 0.007108485471508286	false	1.0
bedeutungslosigkeit	neg 1.0		neg 0.6069432434846511 off 0.3859910903738791 __DUMMY__ 0.007065666141469873	false	1.0
kapitulation	neg 1.0		neg 0.6075680096790408 off 0.3854369054265253 __DUMMY__ 0.00699508489443382	false	1.0
unscharf	neg 1.0		neg 0.5966392939486104 off 0.3962712073909735 __DUMMY__ 0.0070894986604160964	false	1.0
schwinden	neg 1.0		neg 0.6059009744005416 off 0.3870174170200753 __DUMMY__ 0.007081608579383096	false	1.0
versklavung	neg 1.0	neg 1.0	neg 0.789868707037146 off 0.2068017605839448 __DUMMY__ 0.003329532378909167	false	1.0
schlecht	neg 1.0		neg 0.5934821735680796 off 0.3994283935962238 __DUMMY__ 0.007089432835696618	false	1.0
verhasst	neg 1.0		neg 0.6020271547148599 off 0.39092679431732946 __DUMMY__ 0.0070460509678106934	false	1.0
beschweren	neg 1.0		neg 0.5983999909665311 off 0.3945031387919747 __DUMMY__ 0.007096870241494302	false	1.0
scheiden	neg 1.0		neg 0.5999664764652894 off 0.39292103698851566 __DUMMY__ 0.007112486546194785	false	1.0
frustriert	neg 1.0		neg 0.6019598468026771 off 0.3909414247550529 __DUMMY__ 0.00709872844227003	false	1.0
schimmelig	neg 1.0		neg 0.6041194835361302 off 0.38879517972145855 __DUMMY__ 0.00708533674241128	false	1.0
fisch	neg 1.0	neg 1.0	neg 0.7887768588642878 off 0.2078154071452734 __DUMMY__ 0.0034077339904387367	false	1.0
schmuggel	neg 1.0		neg 0.604773836203188 off 0.3881074293168057 __DUMMY__ 0.0071187344800063244	false	1.0
auffallen	neg 1.0		neg 0.5979510660373641 off 0.39495646272484214 __DUMMY__ 0.007092471237793703	false	1.0
konkurrenz	neg 1.0		neg 0.6055915138741966 off 0.38728689449543213 __DUMMY__ 0.007121591630371417	false	1.0
teufelskreis	neg 1.0	neg 1.0	neg 0.7897622884100056 off 0.20686759422627027 __DUMMY__ 0.003370117363724048	false	1.0
aufschreien	neg 1.0		neg 0.5996521115162912 off 0.39329323587349274 __DUMMY__ 0.007054652610216154	false	1.0
schuldner	neg 1.0		neg 0.6065806233490021 off 0.3863725517864981 __DUMMY__ 0.007046824864499836	false	1.0
missgeburt	off 1.0	off 1.0	off 0.6839622297464987 neg 0.3127011868978306 __DUMMY__ 0.003336583355670637	false	1.0
arbeitslos	neg 1.0		neg 0.6039444533476103 off 0.38898147179694287 __DUMMY__ 0.00707407485544705	false	1.0
befallen	neg 1.0		neg 0.6074623210743428 off 0.38554867726001485 __DUMMY__ 0.006989001665642189	false	1.0
miesepetrig	off 1.0		neg 0.5933292757868988 off 0.3995707805761124 __DUMMY__ 0.007099943636988811	false	0.5
alarmieren	neg 1.0		neg 0.5974823606684572 off 0.39549859052640435 __DUMMY__ 0.007019048805138524	false	1.0
ungeduscht	off 1.0		neg 0.5962912638109535 off 0.39661440040726886 __DUMMY__ 0.007094335781777699	false	0.5
knappheit	neg 1.0		neg 0.6043294249824808 off 0.38861558502047394 __DUMMY__ 0.00705498999704529	false	1.0
schlange	neg 1.0		neg 0.5969406899069186 off 0.3959271942887808 __DUMMY__ 0.0071321158043004046	false	1.0
harsch	neg 1.0		neg 0.586557203656796 off 0.40636370225907426 __DUMMY__ 0.0070790940841298396	false	1.0
lang	neg 1.0		neg 0.5988528250122113 off 0.3940583415007115 __DUMMY__ 0.007088833487077147	false	1.0
ziellos	neg 1.0		neg 0.6029358725634694 off 0.38995303169711615 __DUMMY__ 0.007111095739414538	false	1.0
selbstverliebt	neg 1.0		neg 0.5858818776252859 off 0.4071535210625944 __DUMMY__ 0.006964601312119639	false	1.0
beseitigen	neg 1.0		neg 0.5977481938724878 off 0.3951319318927193 __DUMMY__ 0.007119874234792975	false	1.0
dumm	off 1.0		neg 0.5895260713870539 off 0.4034514447770128 __DUMMY__ 0.007022483835933394	false	0.5
arbeitsloser	neg 1.0		neg 0.6045215508571363 off 0.38839576921428864 __DUMMY__ 0.007082679928575137	false	1.0
blitzen	neg 1.0		neg 0.597358378617794 off 0.39558578205043593 __DUMMY__ 0.0070558393317702115	false	1.0
hilflos	neg 1.0		neg 0.6023602918650076 off 0.3905398232505571 __DUMMY__ 0.00709988488443519	false	1.0
eklig	off 1.0		neg 0.588883142964387 off 0.4041066166743988 __DUMMY__ 0.007010240361214176	false	0.5
begriff			neg 0.6028757391000937 off 0.3900469934646809 __DUMMY__ 0.007077267435225328	false	0.0
hungersnot	neg 1.0		neg 0.6052268742515997 off 0.3877884432646901 __DUMMY__ 0.006984682483710269	false	1.0
ungesetzlich	neg 1.0		neg 0.6019163341166825 off 0.39109975423989907 __DUMMY__ 0.006983911643418366	false	1.0
verschwendung	neg 1.0		neg 0.6058159596796855 off 0.38709033927945785 __DUMMY__ 0.007093701040856836	false	1.0
schmerzvoll	neg 1.0		neg 0.598213648020945 off 0.3946859005053305 __DUMMY__ 0.007100451473724598	false	1.0
vorzeitig	neg 1.0		neg 0.5946184849725464 off 0.39831334601906193 __DUMMY__ 0.007068169008391501	false	1.0
unvollkommenheit	neg 1.0		neg 0.600492730519114 off 0.39242643775334873 __DUMMY__ 0.007080831727537185	false	1.0
intervenieren	neg 1.0		neg 0.6077887563744907 off 0.3851817607411209 __DUMMY__ 0.007029482884388538	false	1.0
banause	off 1.0		neg 0.5870953167725388 off 0.40589671232264546 __DUMMY__ 0.007007970904815818	false	0.5
rebell	neg 1.0		neg 0.6057811694362765 off 0.3871065930733733 __DUMMY__ 0.007112237490350317	false	1.0
unlogisch	neg 1.0		neg 0.5928574378383226 off 0.40009975042476487 __DUMMY__ 0.0070428117369126025	false	1.0
leiden	neg 1.0	neg 1.0	neg 0.789068170391918 off 0.20748944914093528 __DUMMY__ 0.0034423804671466734	false	1.0
abschaffung	neg 1.0		neg 0.6016047130094616 off 0.39136329316523943 __DUMMY__ 0.00703199382529901	false	1.0
sturz	neg 1.0		neg 0.6015808281061501 off 0.39140123740013655 __DUMMY__ 0.007017934493713327	false	1.0
verkleinerung	neg 1.0		neg 0.5985717375344161 off 0.3944154090249426 __DUMMY__ 0.007012853440641389	false	1.0
schmarotzer	off 1.0		neg 0.605517404585122 off 0.38743199054854066 __DUMMY__ 0.007050604866337264	false	0.5
bestrafung	neg 1.0		neg 0.5998343494896229 off 0.39309306667410265 __DUMMY__ 0.0070725838362744676	false	1.0
achtlos	neg 1.0		neg 0.5994344316578588 off 0.39343697395308685 __DUMMY__ 0.007128594389054453	false	1.0
ungeheuer	neg 1.0		neg 0.5980462685090213 off 0.39487349419821216 __DUMMY__ 0.007080237292766602	false	1.0
