unsolidarisch	neg 1.0		neg 0.5684930779731905 off 0.3646512233303704 __DUMMY__ 0.06685569869643912	false	1.0
nachteilig	neg 1.0		neg 0.5671232557959661 off 0.36498243826273485 __DUMMY__ 0.06789430594129924	false	1.0
skeptisch	neg 1.0		neg 0.5692307921983261 off 0.36262998094830234 __DUMMY__ 0.06813922685337168	false	1.0
schrecklich	neg 1.0		neg 0.5543200813307938 off 0.3779419260072515 __DUMMY__ 0.06773799266195477	false	1.0
schlapp	neg 1.0		neg 0.5569282970725536 off 0.3748235105588234 __DUMMY__ 0.06824819236862305	false	1.0
abfall	neg 1.0		neg 0.5709828939719346 off 0.36082303778143665 __DUMMY__ 0.06819406824662888	false	1.0
widerspenstig	neg 1.0		neg 0.5622263902866188 off 0.36944311420773895 __DUMMY__ 0.06833049550564219	false	1.0
abrupt	neg 1.0		neg 0.5632553639307444 off 0.368283226469067 __DUMMY__ 0.06846140960018868	false	1.0
unwirksam	neg 1.0		neg 0.5657278840925892 off 0.36697789277167236 __DUMMY__ 0.06729422313573823	false	1.0
angreifen	neg 1.0		neg 0.5689678325669646 off 0.36315654100124517 __DUMMY__ 0.0678756264317903	false	1.0
inkonsistent	neg 1.0		neg 0.5628266116375038 off 0.3695998918483498 __DUMMY__ 0.06757349651414633	false	1.0
abrutschen	neg 1.0		neg 0.569947521592391 off 0.3616896122180797 __DUMMY__ 0.06836286618952937	false	1.0
unsicher	neg 1.0		neg 0.5631250318397948 off 0.3687522717128453 __DUMMY__ 0.06812269644735992	false	1.0
bauernkind	off 1.0		neg 0.5529108724825121 off 0.37994156704617565 __DUMMY__ 0.0671475604713123	false	0.5
angreifer	neg 1.0		neg 0.5625730576770142 off 0.3700398938880954 __DUMMY__ 0.06738704843489059	false	1.0
trennen	neg 1.0		neg 0.5651482232233022 off 0.36609585712513126 __DUMMY__ 0.0687559196515667	false	1.0
schmutz	neg 1.0		neg 0.5542207838887017 off 0.3772141940639461 __DUMMY__ 0.06856502204735225	false	1.0
inkonsistenz	neg 1.0	neg 1.0	neg 0.7699245218189 off 0.19782125855327218 __DUMMY__ 0.032254219627827735	false	1.0
erschreckend	neg 1.0		neg 0.5656648321268662 off 0.366438980816794 __DUMMY__ 0.0678961870563397	false	1.0
ertrinken	neg 1.0		neg 0.5659408200419328 off 0.3657190619748283 __DUMMY__ 0.06834011798323884	false	1.0
pickelface	off 1.0		neg 0.5642393605176224 off 0.3681553493021978 __DUMMY__ 0.06760529018017984	false	0.5
seiner			neg 0.5676578769666535 off 0.36418547101741067 __DUMMY__ 0.06815665201593576	false	0.0
lauch	neg 1.0		neg 0.5696545950232701 off 0.3622387195286329 __DUMMY__ 0.068106685448097	false	1.0
unwichtig	neg 1.0		neg 0.5594291236251109 off 0.3728078783275017 __DUMMY__ 0.06776299804738728	false	1.0
steuerhinterziehung	neg 1.0		neg 0.5678665406083832 off 0.3648691401644961 __DUMMY__ 0.06726431922712056	false	1.0
schock	neg 1.0		neg 0.5633918783573666 off 0.36815729424583354 __DUMMY__ 0.06845082739679983	false	1.0
beule	neg 1.0		neg 0.5556821456865669 off 0.37615211259908277 __DUMMY__ 0.0681657417143504	false	1.0
vergelten	neg 1.0		neg 0.5544030012558044 off 0.3782532432166111 __DUMMY__ 0.06734375552758443	false	1.0
verdorbenheit	neg 1.0	neg 1.0	neg 0.7689607937486213 off 0.19836704701905603 __DUMMY__ 0.03267215923232267	false	1.0
trauma	neg 1.0		neg 0.5618680886720305 off 0.370245117025086 __DUMMY__ 0.06788679430288357	false	1.0
sinnlos	neg 1.0		neg 0.5613572872578259 off 0.37070236962164255 __DUMMY__ 0.06794034312053165	false	1.0
fettsack	off 1.0	off 1.0	off 0.6723026508425417 neg 0.29558662463866053 __DUMMY__ 0.032110724518797755	false	1.0
feige	off 1.0		neg 0.5610032374206361 off 0.37146588461389035 __DUMMY__ 0.06753087796547363	false	0.5
abdanken	neg 1.0		neg 0.5686170522195182 off 0.36431413875503 __DUMMY__ 0.06706880902545195	false	1.0
wichtigtuer	off 1.0	off 1.0	off 0.6668757145275642 neg 0.3008723335426947 __DUMMY__ 0.032251951929741	false	1.0
misslingen	neg 1.0		neg 0.5593809885022099 off 0.372302374902059 __DUMMY__ 0.06831663659573126	false	1.0
untreu	off 1.0		neg 0.5581588122216721 off 0.37402190550960274 __DUMMY__ 0.06781928226872506	false	0.5
missmutig	neg 1.0		neg 0.5580370032885086 off 0.3737821371783273 __DUMMY__ 0.06818085953316419	false	1.0
hurenbock	off 1.0		neg 0.5594817005623106 off 0.3721167510847009 __DUMMY__ 0.0684015483529884	false	0.5
betrunken	neg 1.0		neg 0.5548638158591848 off 0.3770425482998235 __DUMMY__ 0.06809363584099182	false	1.0
korrupt	off 1.0		neg 0.5703703726023763 off 0.3625026261193976 __DUMMY__ 0.06712700127822589	false	0.5
unmut	neg 1.0		neg 0.5707445973931091 off 0.3612108690810715 __DUMMY__ 0.06804453352581948	false	1.0
hackfresse	off 1.0		neg 0.5514215036476738 off 0.3810799444171659 __DUMMY__ 0.06749855193516024	false	0.5
aufblasen	neg 1.0		neg 0.5602238371699407 off 0.37143139756751614 __DUMMY__ 0.06834476526254313	false	1.0
gewaltsam	neg 1.0		neg 0.5654229448776282 off 0.36725519725899614 __DUMMY__ 0.0673218578633758	false	1.0
unbeliebtheit	neg 1.0		neg 0.5628091046271966 off 0.37066863519303117 __DUMMY__ 0.06652226017977216	false	1.0
sturheit	neg 1.0		neg 0.5673697020240418 off 0.3650992440063406 __DUMMY__ 0.06753105396961774	false	1.0
kuh	neg 1.0		neg 0.5625409028264984 off 0.3697430475123119 __DUMMY__ 0.06771604966118966	false	1.0
erschrecken	neg 1.0		neg 0.5587065115099692 off 0.3731738744313555 __DUMMY__ 0.06811961405867531	false	1.0
opfer	neg 1.0	neg 1.0	neg 0.773294837584923 off 0.19425537277477575 __DUMMY__ 0.03244978964030125	false	1.0
sinken	neg 1.0		neg 0.5696097869012642 off 0.36230757600015406 __DUMMY__ 0.06808263709858164	false	1.0
stinktier	neg 1.0		neg 0.555462409118677 off 0.37715375495966996 __DUMMY__ 0.0673838359216531	false	1.0
tucke	off 1.0		neg 0.5506850726107146 off 0.38180118103723343 __DUMMY__ 0.06751374635205178	false	0.5
ein			neg 0.5596448205240715 off 0.37172826129730485 __DUMMY__ 0.06862691817862354	false	0.0
abstieg	neg 1.0		neg 0.5669805858567292 off 0.3653415843984632 __DUMMY__ 0.06767782974480756	false	1.0
missverstehen	neg 1.0		neg 0.5632252178568355 off 0.3691796815034246 __DUMMY__ 0.0675951006397398	false	1.0
ergebnislos	neg 1.0		neg 0.5669991691277265 off 0.3652037569790621 __DUMMY__ 0.06779707389321127	false	1.0
unter			neg 0.570703760391625 off 0.3602337822647317 __DUMMY__ 0.06906245734364334	false	0.0
manipulieren	neg 1.0		neg 0.5696744644412576 off 0.36252592336426714 __DUMMY__ 0.06779961219447517	false	1.0
unbewiesen	neg 1.0		neg 0.5694364323858138 off 0.36382821149677336 __DUMMY__ 0.06673535611741306	false	1.0
verschleppen	neg 1.0		neg 0.5682045856061995 off 0.36417236775599776 __DUMMY__ 0.06762304663780269	false	1.0
weib	off 1.0		neg 0.5501941845876664 off 0.3823972522209427 __DUMMY__ 0.06740856319139103	false	0.5
opposition	neg 1.0		neg 0.5649215582911512 off 0.36786117306646055 __DUMMY__ 0.06721726864238833	false	1.0
verkehrswidrig	neg 1.0		neg 0.5517051445108588 off 0.38043059860892614 __DUMMY__ 0.06786425688021497	false	1.0
inkorrekt	neg 1.0		neg 0.5618086409175024 off 0.3711881160797894 __DUMMY__ 0.06700324300270824	false	1.0
vermeiden	neg 1.0		neg 0.5700512078630818 off 0.36132210812729737 __DUMMY__ 0.06862668400962074	false	1.0
abweichung	neg 1.0		neg 0.5704195546876397 off 0.36242693282630584 __DUMMY__ 0.06715351248605438	false	1.0
alkoholisiert	neg 1.0		neg 0.564697985840365 off 0.36705409285803514 __DUMMY__ 0.0682479213015998	false	1.0
scheiss	off 1.0	off 1.0	off 0.6705658177226453 neg 0.2970181906103602 __DUMMY__ 0.03241599166699438	false	1.0
herausforderung	neg 1.0		neg 0.5627228245562517 off 0.3685511952157331 __DUMMY__ 0.06872598022801524	false	1.0
pervers	off 1.0		neg 0.5474504150067826 off 0.3852415567284773 __DUMMY__ 0.06730802826474011	false	0.5
wackelig	neg 1.0		neg 0.5622148643169681 off 0.36897299751361795 __DUMMY__ 0.06881213816941395	false	1.0
verwickeln	neg 1.0		neg 0.5628773788045246 off 0.3693847592263918 __DUMMY__ 0.06773786196908362	false	1.0
vorwand	neg 1.0		neg 0.5705807864011422 off 0.36153332646222447 __DUMMY__ 0.06788588713663325	false	1.0
muschi	off 1.0		neg 0.5644771299271191 off 0.36786525915040885 __DUMMY__ 0.0676576109224722	false	0.5
entmutigung	neg 1.0		neg 0.5677562112045594 off 0.3657438799579448 __DUMMY__ 0.06649990883749574	false	1.0
unangemessen	neg 1.0		neg 0.5685142355915362 off 0.36393083188685216 __DUMMY__ 0.06755493252161146	false	1.0
unstetig	neg 1.0		neg 0.5611854277146349 off 0.37128204018665834 __DUMMY__ 0.06753253209870695	false	1.0
entmutigen	neg 1.0		neg 0.5622113750052721 off 0.3697607275040001 __DUMMY__ 0.06802789749072798	false	1.0
schwanz	neg 1.0		neg 0.5660470066424861 off 0.36606644248484527 __DUMMY__ 0.06788655087266855	false	1.0
verbot	neg 1.0		neg 0.5690903863246808 off 0.3636669972438076 __DUMMY__ 0.06724261643151164	false	1.0
leid	neg 1.0		neg 0.5533833321135508 off 0.3790582402075209 __DUMMY__ 0.06755842767892833	false	1.0
archaisch	neg 1.0		neg 0.567223421338142 off 0.3650953053460837 __DUMMY__ 0.06768127331577438	false	1.0
gegen			neg 0.5699260800233881 off 0.362188921306568 __DUMMY__ 0.0678849986700439	false	0.0
scheidung	neg 1.0	neg 1.0	neg 0.7574933762200615 off 0.21039682615349126 __DUMMY__ 0.0321097976264473	false	1.0
einschlag	neg 1.0		neg 0.5538612292163487 off 0.3785688504848149 __DUMMY__ 0.06756992029883628	false	1.0
m			neg 0.5635612742761217 off 0.3681740776156106 __DUMMY__ 0.06826464810826771	false	0.0
abgestanden	neg 1.0		neg 0.562248088008749 off 0.3695445166879163 __DUMMY__ 0.06820739530333461	false	1.0
schmierig	off 1.0		neg 0.5538766031565984 off 0.378394781638191 __DUMMY__ 0.06772861520521059	false	0.5
unpraktisch	neg 1.0		neg 0.5600010275017895 off 0.3716016217374111 __DUMMY__ 0.06839735076079932	false	1.0
wixxer	off 1.0		neg 0.5483861976064084 off 0.38453167380721237 __DUMMY__ 0.06708212858637916	false	0.5
bezeichnet			neg 0.5661479358346239 off 0.36620592814154385 __DUMMY__ 0.0676461360238323	false	0.0
jammerlappen	off 1.0		neg 0.5587846118566151 off 0.37333141264008274 __DUMMY__ 0.06788397550330204	false	0.5
farce	neg 1.0		neg 0.570616140784687 off 0.3625483562111876 __DUMMY__ 0.06683550300412532	false	1.0
zwecklos	neg 1.0		neg 0.5680888975764957 off 0.3641898879188661 __DUMMY__ 0.06772121450463826	false	1.0
turbulent	neg 1.0		neg 0.5566614259508235 off 0.37596816665987054 __DUMMY__ 0.067370407389306	false	1.0
invasion	neg 1.0		neg 0.558859138919302 off 0.3730081684722057 __DUMMY__ 0.06813269260849242	false	1.0
schuld	neg 1.0		neg 0.5635569223479601 off 0.3686221178697883 __DUMMY__ 0.0678209597822516	false	1.0
risiko	neg 1.0		neg 0.5581553224563273 off 0.3736038534822558 __DUMMY__ 0.06824082406141695	false	1.0
finster	neg 1.0		neg 0.5605037240968425 off 0.3710252146025699 __DUMMY__ 0.06847106130058772	false	1.0
geisteskrank	off 1.0		neg 0.5598396897749863 off 0.37287336124951415 __DUMMY__ 0.06728694897549954	false	0.5
zusammenbrechen	neg 1.0		neg 0.5645061502309837 off 0.36731490487447677 __DUMMY__ 0.06817894489453953	false	1.0
ausbeute	neg 1.0		neg 0.5635878633015863 off 0.36784569461454636 __DUMMY__ 0.06856644208386736	false	1.0
hinterhalt	neg 1.0		neg 0.5627645112962963 off 0.3693903233850593 __DUMMY__ 0.06784516531864442	false	1.0
kritik	neg 1.0		neg 0.5696975462055999 off 0.36328020279480105 __DUMMY__ 0.06702225099959902	false	1.0
einschrumpfen	neg 1.0		neg 0.5631508164066371 off 0.3697507377845369 __DUMMY__ 0.06709844580882598	false	1.0
riskant	neg 1.0		neg 0.5678225452673924 off 0.36411945878509655 __DUMMY__ 0.06805799594751097	false	1.0
frustrieren	neg 1.0		neg 0.5682996580077261 off 0.3637297236854925 __DUMMY__ 0.06797061830678135	false	1.0
groll	neg 1.0		neg 0.5676758995309172 off 0.3645688080233074 __DUMMY__ 0.06775529244577538	false	1.0
gibt			neg 0.5656137828271108 off 0.3663407354535175 __DUMMY__ 0.06804548171937168	false	0.0
qualvoll	neg 1.0		neg 0.5597596077755275 off 0.37205900585859225 __DUMMY__ 0.06818138636588032	false	1.0
wackeln	neg 1.0		neg 0.5599220527332918 off 0.37153359189205337 __DUMMY__ 0.06854435537465493	false	1.0
klagen	neg 1.0		neg 0.5715422139631801 off 0.3607314285108775 __DUMMY__ 0.06772635752594244	false	1.0
bankrott	neg 1.0		neg 0.5569650757590907 off 0.3749167475834788 __DUMMY__ 0.06811817665743045	false	1.0
trauern	neg 1.0		neg 0.5674966101965374 off 0.3644495481698485 __DUMMY__ 0.06805384163361405	false	1.0
ablehnung	neg 1.0	neg 1.0	neg 0.7738647287974609 off 0.1940918074364804 __DUMMY__ 0.03204346376605864	false	1.0
stur	neg 1.0		neg 0.562904822422656 off 0.36923609340840857 __DUMMY__ 0.06785908416893525	false	1.0
aufruhr	neg 1.0		neg 0.5662067783582235 off 0.3665107328962417 __DUMMY__ 0.06728248874553489	false	1.0
melancholie	neg 1.0		neg 0.5629046760033644 off 0.36845610614109775 __DUMMY__ 0.06863921785553768	false	1.0
ist			neg 0.5621200880054114 off 0.3699367245514253 __DUMMY__ 0.06794318744316338	false	0.0
torheit	neg 1.0		neg 0.5665534482188487 off 0.36636099331038774 __DUMMY__ 0.06708555847076363	false	1.0
dreckskind	off 1.0		neg 0.5552767482992563 off 0.3777679165851266 __DUMMY__ 0.06695533511561709	false	0.5
umtauschen	neg 1.0		neg 0.5617913889872596 off 0.36980307667192047 __DUMMY__ 0.06840553434081999	false	1.0
zum			neg 0.5663218706232279 off 0.36447204543682377 __DUMMY__ 0.06920608393994838	false	0.0
zersetzen	neg 1.0		neg 0.5702943329519551 off 0.36190919768794777 __DUMMY__ 0.0677964693600971	false	1.0
zur			neg 0.5708239839513852 off 0.36080120867974097 __DUMMY__ 0.06837480736887384	false	0.0
frust	neg 1.0		neg 0.5647395776297477 off 0.3670823425086381 __DUMMY__ 0.06817807986161409	false	1.0
unerbittlichkeit	neg 1.0		neg 0.5694314247257666 off 0.3628144243547676 __DUMMY__ 0.06775415091946575	false	1.0
zwei			neg 0.5658575121091005 off 0.36523025117526947 __DUMMY__ 0.06891223671563011	false	0.0
unkorrekt	neg 1.0		neg 0.559817189690952 off 0.37298466355406906 __DUMMY__ 0.0671981467549789	false	1.0
hexe	off 1.0		neg 0.5579732286565984 off 0.3741753397582599 __DUMMY__ 0.06785143158514167	false	0.5
lasch	neg 1.0		neg 0.5619605585433325 off 0.37047782895936715 __DUMMY__ 0.06756161249730028	false	1.0
rivale	neg 1.0		neg 0.5551067632543145 off 0.37742267780302563 __DUMMY__ 0.06747055894265983	false	1.0
mutlos	off 1.0	off 1.0	off 0.6636574848154739 neg 0.3041070026990012 __DUMMY__ 0.03223551248552481	false	1.0
wirr	off 1.0		neg 0.5579346560326728 off 0.37486850441244396 __DUMMY__ 0.06719683955488313	false	0.5
jahr			neg 0.5641261534543407 off 0.3671499534517479 __DUMMY__ 0.06872389309391148	false	0.0
wird			neg 0.5667017595758157 off 0.3651789694890552 __DUMMY__ 0.06811927093512907	false	0.0
strafbar	neg 1.0		neg 0.570261654477147 off 0.3622253155315131 __DUMMY__ 0.06751302999133982	false	1.0
erosion	neg 1.0		neg 0.5600331996526772 off 0.37169181994479766 __DUMMY__ 0.06827498040252529	false	1.0
eingehen	neg 1.0		neg 0.567865192893866 off 0.3642948865465952 __DUMMY__ 0.06783992055953865	false	1.0
faul	off 1.0		neg 0.5570609482899607 off 0.3746680132746493 __DUMMY__ 0.06827103843539009	false	0.5
provisorium	neg 1.0		neg 0.572488031696067 off 0.3586823560115842 __DUMMY__ 0.06882961229234871	false	1.0
schmerzen	neg 1.0		neg 0.5631420475573334 off 0.36853673249318575 __DUMMY__ 0.0683212199494808	false	1.0
schrumpfen	neg 1.0		neg 0.5717494490585304 off 0.3599405838417353 __DUMMY__ 0.06830996709973432	false	1.0
geistlos	off 1.0		neg 0.5662023476001888 off 0.3669658313246148 __DUMMY__ 0.06683182107519632	false	0.5
fehlkauf	neg 1.0		neg 0.5617290022939114 off 0.37063557502760325 __DUMMY__ 0.06763542267848527	false	1.0
frustrierend	neg 1.0	neg 1.0	neg 0.7687900276865209 off 0.1987359306156872 __DUMMY__ 0.03247404169779196	false	1.0
unzufrieden	neg 1.0		neg 0.5670330595841782 off 0.3650522386026599 __DUMMY__ 0.06791470181316196	false	1.0
verzweifeln	neg 1.0		neg 0.5636407580782611 off 0.36820352000832846 __DUMMY__ 0.06815572191341043	false	1.0
verzweifelt	neg 1.0		neg 0.5623928840502203 off 0.3696405949151893 __DUMMY__ 0.06796652103459043	false	1.0
misstrauensantrag	neg 1.0		neg 0.5621328572942205 off 0.3703215409510609 __DUMMY__ 0.06754560175471859	false	1.0
abfallen	neg 1.0		neg 0.559381531720359 off 0.37200305477403217 __DUMMY__ 0.06861541350560885	false	1.0
fucker	off 1.0		neg 0.556242982107344 off 0.37620640613411294 __DUMMY__ 0.06755061175854306	false	0.5
ungezogen	neg 1.0		neg 0.5490436841090319 off 0.3833770811299728 __DUMMY__ 0.06757923476099534	false	1.0
irrsinnig	neg 1.0	neg 1.0	neg 0.7709590630933003 off 0.19665809914160776 __DUMMY__ 0.03238283776509193	false	1.0
unfassbar	neg 1.0		neg 0.5584452962617469 off 0.37372038620789644 __DUMMY__ 0.06783431753035665	false	1.0
hart	neg 1.0		neg 0.5597141023913058 off 0.37278144621123604 __DUMMY__ 0.06750445139745816	false	1.0
widerlich	off 1.0		neg 0.5589307326436795 off 0.3735259615290672 __DUMMY__ 0.06754330582725326	false	0.5
fatal	neg 1.0		neg 0.561377480160783 off 0.3708934689401881 __DUMMY__ 0.06772905089902889	false	1.0
bruch	neg 1.0		neg 0.572381750222769 off 0.35996308264787963 __DUMMY__ 0.06765516712935121	false	1.0
aushungern	neg 1.0		neg 0.567375421186801 off 0.3654559945465308 __DUMMY__ 0.06716858426666823	false	1.0
anspannung	neg 1.0		neg 0.5688546706618225 off 0.3625973090064288 __DUMMY__ 0.06854802033174874	false	1.0
von			neg 0.5651806871084123 off 0.3660887735232219 __DUMMY__ 0.06873053936836565	false	0.0
kraftlos	neg 1.0		neg 0.5637152122253241 off 0.36767176678829494 __DUMMY__ 0.06861302098638096	false	1.0
vom			neg 0.5696145299639274 off 0.3612896820008827 __DUMMY__ 0.06909578803519012	false	0.0
grenzdebil	off 1.0		neg 0.5567064730365399 off 0.37537835218293136 __DUMMY__ 0.06791517478052893	false	0.5
vor			neg 0.5679838898900939 off 0.36354704551220657 __DUMMY__ 0.0684690645976995	false	0.0
unterwerfen	neg 1.0		neg 0.5687114905210283 off 0.36352986757929084 __DUMMY__ 0.06775864189968095	false	1.0
versenkung	neg 1.0		neg 0.5682370536358047 off 0.36379453127002953 __DUMMY__ 0.06796841509416576	false	1.0
entziehen	neg 1.0		neg 0.5707967579242468 off 0.3612361970146801 __DUMMY__ 0.06796704506107307	false	1.0
finanzkrise	neg 1.0		neg 0.5678407955378564 off 0.36502174040266644 __DUMMY__ 0.06713746405947724	false	1.0
schimpfend	neg 1.0		neg 0.5575025397586222 off 0.3737186319359027 __DUMMY__ 0.06877882830547505	false	1.0
profan	neg 1.0		neg 0.5609092816342771 off 0.3710740073428752 __DUMMY__ 0.06801671102284755	false	1.0
korruption	neg 1.0		neg 0.5698231769502596 off 0.3629797510850824 __DUMMY__ 0.06719707196465798	false	1.0
â			neg 0.5650113363219224 off 0.3667954245493539 __DUMMY__ 0.06819323912872371	false	0.0
schmutzig	neg 1.0		neg 0.5554432499642525 off 0.37628494141953056 __DUMMY__ 0.06827180861621697	false	1.0
sexy	neg 1.0		neg 0.5585511258987205 off 0.3734974589831172 __DUMMY__ 0.06795141511816229	false	1.0
abraten	neg 1.0		neg 0.5612407981092552 off 0.37059806728668293 __DUMMY__ 0.06816113460406192	false	1.0
schwarz	neg 1.0		neg 0.5619166287751688 off 0.37026432579417523 __DUMMY__ 0.06781904543065581	false	1.0
fotze	off 1.0		neg 0.5665139082931331 off 0.3657928584640446 __DUMMY__ 0.06769323324282243	false	0.5
verwirren	neg 1.0		neg 0.5601756576748605 off 0.37184740052642684 __DUMMY__ 0.06797694179871268	false	1.0
zahnlos	off 1.0		neg 0.5676392946252169 off 0.3646388242952631 __DUMMY__ 0.06772188107951989	false	0.5
verheeren	neg 1.0		neg 0.5504883982890517 off 0.38267122496401834 __DUMMY__ 0.06684037674692997	false	1.0
hippie	neg 1.0		neg 0.559223388560272 off 0.3729006087860519 __DUMMY__ 0.06787600265367592	false	1.0
rammen	neg 1.0		neg 0.5596456405032338 off 0.37231629006167244 __DUMMY__ 0.06803806943509363	false	1.0
unlauter	neg 1.0	neg 1.0	neg 0.7706396368193748 off 0.19715620136282455 __DUMMY__ 0.032204161817800656	false	1.0
unheilvoll	neg 1.0		neg 0.5605301325020369 off 0.37135358317374606 __DUMMY__ 0.06811628432421699	false	1.0
niedrig	neg 1.0		neg 0.5668158157128106 off 0.3652652608317112 __DUMMY__ 0.06791892345547805	false	1.0
explosion	neg 1.0		neg 0.5590415999692753 off 0.3729255657785651 __DUMMY__ 0.06803283425215953	false	1.0
weichei	off 1.0		neg 0.5526557884007539 off 0.3798183681804364 __DUMMY__ 0.06752584341880974	false	0.5
minusmensch	off 1.0		neg 0.5511950088132729 off 0.38206981382679694 __DUMMY__ 0.06673517735993006	false	0.5
farblos	neg 1.0		neg 0.5637252852435394 off 0.36859332906557607 __DUMMY__ 0.06768138569088449	false	1.0
unwissend	neg 1.0	neg 1.0	neg 0.768636601268264 off 0.1990610685194246 __DUMMY__ 0.03230233021231135	false	1.0
traurig	neg 1.0		neg 0.5546532165297673 off 0.3774333421833097 __DUMMY__ 0.06791344128692309	false	1.0
senkung	neg 1.0		neg 0.5610632694575232 off 0.3712702296664489 __DUMMY__ 0.067666500876028	false	1.0
ungleich	neg 1.0	neg 1.0	neg 0.7740339238085558 off 0.19364563450092215 __DUMMY__ 0.032320441690522006	false	1.0
heikel	neg 1.0		neg 0.5694994639414599 off 0.36255179481274796 __DUMMY__ 0.06794874124579212	false	1.0
drosselung	neg 1.0		neg 0.5539568475020454 off 0.3780964116686017 __DUMMY__ 0.06794674082935295	false	1.0
falsch	neg 1.0		neg 0.5598051814008733 off 0.37236701388362237 __DUMMY__ 0.0678278047155043	false	1.0
unzufriedenheit	neg 1.0		neg 0.5701554588576024 off 0.3619823587790048 __DUMMY__ 0.06786218236339277	false	1.0
kurz	neg 1.0		neg 0.5626460683590356 off 0.3688014676804083 __DUMMY__ 0.06855246396055624	false	1.0
unsinnig	neg 1.0		neg 0.5666775737404266 off 0.3654573475491534 __DUMMY__ 0.06786507871042012	false	1.0
penner	off 1.0	off 1.0	off 0.6740189571485616 neg 0.2937085615787562 __DUMMY__ 0.032272481272682084	false	1.0
seicht	neg 1.0		neg 0.5523297175139057 off 0.3806329973837971 __DUMMY__ 0.06703728510229728	false	1.0
dummheit	off 1.0	off 1.0	off 0.6673162930955401 neg 0.3004360777331529 __DUMMY__ 0.03224762917130699	false	1.0
unerfreulich	neg 1.0		neg 0.5691689389388741 off 0.3626884828749205 __DUMMY__ 0.06814257818620557	false	1.0
motherfucker	off 1.0	off 1.0	off 0.6707642246245995 neg 0.29700641673444633 __DUMMY__ 0.032229358640954144	false	1.0
pikiert	neg 1.0		neg 0.5600395975480839 off 0.37234584570757023 __DUMMY__ 0.06761455674434584	false	1.0
wrack	neg 1.0		neg 0.5649619341386138 off 0.36688636092820054 __DUMMY__ 0.06815170493318547	false	1.0
gangster	neg 1.0		neg 0.560267482046307 off 0.37187111752106494 __DUMMY__ 0.06786140043262803	false	1.0
krank	neg 1.0		neg 0.5550885154530252 off 0.37667794788760817 __DUMMY__ 0.06823353665936684	false	1.0
reich	neg 1.0		neg 0.5624680155638252 off 0.37070415412004243 __DUMMY__ 0.06682783031613222	false	1.0
gnadenlos	neg 1.0		neg 0.562566127681985 off 0.36946528343095913 __DUMMY__ 0.0679685888870559	false	1.0
niedergeschlagen	neg 1.0		neg 0.5644365548363937 off 0.3673970896447726 __DUMMY__ 0.06816635551883363	false	1.0
terrorisieren	off 1.0	off 1.0	off 0.6643210244043378 neg 0.3032197074990398 __DUMMY__ 0.032459268096622286	false	1.0
sinnlosigkeit	neg 1.0		neg 0.5672747419747918 off 0.36494403694203936 __DUMMY__ 0.0677812210831689	false	1.0
behindern	neg 1.0		neg 0.5623330038120088 off 0.36943332541209767 __DUMMY__ 0.06823367077589361	false	1.0
undemokratisch	neg 1.0		neg 0.5665685738297433 off 0.3663925509244556 __DUMMY__ 0.06703887524580104	false	1.0
wirtschaftskrise	neg 1.0		neg 0.5685419289475203 off 0.3640110025644374 __DUMMY__ 0.06744706848804223	false	1.0
neid	neg 1.0		neg 0.5580767908297443 off 0.37367664916860915 __DUMMY__ 0.06824656000164656	false	1.0
rutschen	neg 1.0		neg 0.566031820243831 off 0.3647371467295851 __DUMMY__ 0.06923103302658379	false	1.0
rezession	neg 1.0		neg 0.557274654621949 off 0.37579481723731123 __DUMMY__ 0.0669305281407397	false	1.0
fehlgeburt	neg 1.0		neg 0.5628932109371637 off 0.3691855339544466 __DUMMY__ 0.06792125510838976	false	1.0
charakterschwach	off 1.0		neg 0.5589008461079563 off 0.3735129656558101 __DUMMY__ 0.06758618823623361	false	0.5
isolation	neg 1.0		neg 0.5571127375113935 off 0.37489382380762165 __DUMMY__ 0.06799343868098481	false	1.0
ablenkung	neg 1.0		neg 0.561782445758015 off 0.36993886415873145 __DUMMY__ 0.06827869008325368	false	1.0
pech	neg 1.0		neg 0.5592703328276551 off 0.3726421208792579 __DUMMY__ 0.06808754629308701	false	1.0
vermeidung	neg 1.0		neg 0.554734188877158 off 0.3771889881566601 __DUMMY__ 0.06807682296618199	false	1.0
dominieren	neg 1.0		neg 0.5649074974886173 off 0.3671245656845603 __DUMMY__ 0.06796793682682235	false	1.0
schwindlig	neg 1.0		neg 0.5579040239803751 off 0.37366151521700963 __DUMMY__ 0.06843446080261524	false	1.0
lutscher	neg 1.0		neg 0.5505640089976522 off 0.3822737522393162 __DUMMY__ 0.06716223876303151	false	1.0
pflicht	neg 1.0		neg 0.5697085434535276 off 0.36234948844477893 __DUMMY__ 0.06794196810169358	false	1.0
faschist	off 1.0		neg 0.5651381735604374 off 0.367786811265643 __DUMMY__ 0.06707501517391957	false	0.5
verschleudern	neg 1.0		neg 0.5687942205392991 off 0.36367001297324814 __DUMMY__ 0.06753576648745284	false	1.0
wenn			neg 0.55925628142697 off 0.3728135477495071 __DUMMY__ 0.06793017082352279	false	0.0
ehebruch	neg 1.0		neg 0.5694167017848464 off 0.36304344378815634 __DUMMY__ 0.06753985442699727	false	1.0
spott	off 1.0		neg 0.56956301874713 off 0.3627907052743603 __DUMMY__ 0.06764627597850953	false	0.5
trostlosigkeit	neg 1.0		neg 0.5722959578047595 off 0.36031574492635265 __DUMMY__ 0.06738829726888797	false	1.0
lutschen	neg 1.0		neg 0.5606123511214455 off 0.37194980761740254 __DUMMY__ 0.06743784126115203	false	1.0
undiszipliniert	neg 1.0		neg 0.5563344953014456 off 0.37592867198208074 __DUMMY__ 0.06773683271647356	false	1.0
kopfschmerz	neg 1.0		neg 0.5630699207402456 off 0.3687478846314646 __DUMMY__ 0.06818219462828967	false	1.0
unvorhergesehen	neg 1.0		neg 0.5621223855962808 off 0.36918079334493714 __DUMMY__ 0.06869682105878198	false	1.0
desinteressiert	neg 1.0		neg 0.5572660853168783 off 0.3751199934769826 __DUMMY__ 0.06761392120613907	false	1.0
armselig	off 1.0		neg 0.5572645318938453 off 0.3753365318588184 __DUMMY__ 0.06739893624733638	false	0.5
desaster	neg 1.0		neg 0.5730279468570958 off 0.35935551187219344 __DUMMY__ 0.06761654127071065	false	1.0
tod	neg 1.0		neg 0.5713190163066448 off 0.36145910813211685 __DUMMY__ 0.06722187556123835	false	1.0
herzlos	neg 1.0		neg 0.5545978215187773 off 0.3776288586732469 __DUMMY__ 0.06777331980797584	false	1.0
unwissenheit	neg 1.0		neg 0.5683946740240291 off 0.36402442128812157 __DUMMY__ 0.06758090468784936	false	1.0
widersinnig	neg 1.0		neg 0.5690786141128635 off 0.3637687094879109 __DUMMY__ 0.0671526763992256	false	1.0
bedenklich	neg 1.0		neg 0.5685614197141099 off 0.36354358295285993 __DUMMY__ 0.06789499733303027	false	1.0
beanstanden	neg 1.0		neg 0.5699699722485583 off 0.3620570531615583 __DUMMY__ 0.06797297458988337	false	1.0
panisch	neg 1.0	neg 1.0	neg 0.7677702971842129 off 0.19937891442073144 __DUMMY__ 0.03285078839505564	false	1.0
debil	off 1.0		neg 0.5722182445013625 off 0.359637325116102 __DUMMY__ 0.06814443038253547	false	0.5
abstrich	neg 1.0		neg 0.5607314581647044 off 0.3708347025946371 __DUMMY__ 0.06843383924065832	false	1.0
primitiv	neg 1.0		neg 0.5583168468545341 off 0.3741538448122917 __DUMMY__ 0.06752930833317417	false	1.0
abschaum	off 1.0	off 1.0	off 0.668555966698454 neg 0.29926985540883727 __DUMMY__ 0.03217417789270882	false	1.0
provozieren	neg 1.0		neg 0.5648823315910415 off 0.36745823192934135 __DUMMY__ 0.06765943647961704	false	1.0
tot	neg 1.0		neg 0.5648499745884814 off 0.3672764584172784 __DUMMY__ 0.06787356699424016	false	1.0
instabil	neg 1.0		neg 0.5565447982610827 off 0.3762180999691728 __DUMMY__ 0.06723710176974446	false	1.0
schwuchtel	off 1.0		neg 0.5467200872437594 off 0.38658725880526407 __DUMMY__ 0.06669265395097661	false	0.5
zerren	neg 1.0		neg 0.5644115902126449 off 0.3673901560904788 __DUMMY__ 0.06819825369687628	false	1.0
kinderficker	off 1.0		neg 0.5556835784368944 off 0.37714271551292233 __DUMMY__ 0.06717370605018315	false	0.5
gefahr	neg 1.0		neg 0.5685997080345738 off 0.3636602232367201 __DUMMY__ 0.06774006872870603	false	1.0
rabiat	neg 1.0		neg 0.5636780398386668 off 0.36836127909786814 __DUMMY__ 0.06796068106346514	false	1.0
verlangsamung	neg 1.0		neg 0.553816175412578 off 0.3793361170971111 __DUMMY__ 0.06684770749031081	false	1.0
ausgestorben	neg 1.0		neg 0.564489292002177 off 0.36735705822657866 __DUMMY__ 0.06815364977124432	false	1.0
anklagen	neg 1.0		neg 0.5664711087241904 off 0.36602745993788294 __DUMMY__ 0.06750143133792659	false	1.0
trott	neg 1.0		neg 0.5627169903933593 off 0.36915922780149896 __DUMMY__ 0.06812378180514177	false	1.0
verminderung	neg 1.0		neg 0.5556909841840563 off 0.37659614384463513 __DUMMY__ 0.06771287197130865	false	1.0
nach			neg 0.5682913124328501 off 0.3628598163959764 __DUMMY__ 0.06884887117117336	false	0.0
rost	neg 1.0		neg 0.5519009731884608 off 0.3809527804871593 __DUMMY__ 0.06714624632437995	false	1.0
destruktiv	neg 1.0	neg 1.0	neg 0.7727890447938413 off 0.19499204445595994 __DUMMY__ 0.03221891075019887	false	1.0
unzumutbarkeit	neg 1.0		neg 0.5559811408917652 off 0.3761772698574615 __DUMMY__ 0.06784158925077338	false	1.0
labil	off 1.0	off 1.0	off 0.6695040284555046 neg 0.2982581421046886 __DUMMY__ 0.032237829439806805	false	1.0
ziemlich	neg 1.0		neg 0.55724990418631 off 0.37482865175974256 __DUMMY__ 0.0679214440539472	false	1.0
lachnummer	off 1.0		neg 0.5667758320485702 off 0.3656632862910896 __DUMMY__ 0.06756088166034024	false	0.5
oder			neg 0.5619077533282623 off 0.36976042779946056 __DUMMY__ 0.06833181887227735	false	0.0
verfall	neg 1.0		neg 0.5726474697139642 off 0.3592285595926397 __DUMMY__ 0.06812397069339624	false	1.0
ausgrenzung	neg 1.0		neg 0.565249086196289 off 0.3676295136727843 __DUMMY__ 0.06712140013092673	false	1.0
unordnung	neg 1.0		neg 0.5547488952455458 off 0.37784093067402963 __DUMMY__ 0.06741017408042449	false	1.0
fehlverhalten	neg 1.0		neg 0.5697298406047703 off 0.3625925994625883 __DUMMY__ 0.06767755993264149	false	1.0
eine			neg 0.5678431110857359 off 0.36374169215457475 __DUMMY__ 0.06841519675968928	false	0.0
nille	neg 1.0		neg 0.5654612239270195 off 0.3670098824514369 __DUMMY__ 0.06752889362154375	false	1.0
qual	neg 1.0		neg 0.5631228682504217 off 0.3688116171925406 __DUMMY__ 0.06806551455703784	false	1.0
verschwenden	neg 1.0		neg 0.5673487129826899 off 0.3645635231642251 __DUMMY__ 0.06808776385308504	false	1.0
riesig	neg 1.0		neg 0.5646508067038607 off 0.3673892658010464 __DUMMY__ 0.06795992749509297	false	1.0
verurteilen	neg 1.0		neg 0.568840417963849 off 0.3637047763560801 __DUMMY__ 0.06745480568007095	false	1.0
klischee	neg 1.0	neg 1.0	neg 0.7699983630804434 off 0.19776669192200436 __DUMMY__ 0.03223494499755232	false	1.0
diktatorisch	neg 1.0		neg 0.5677556940590461 off 0.36541455655830646 __DUMMY__ 0.06682974938264741	false	1.0
vorhersehbar	neg 1.0		neg 0.5636608738330185 off 0.36885026993877207 __DUMMY__ 0.0674888562282094	false	1.0
sowie			neg 0.5541369156003662 off 0.37875842226159395 __DUMMY__ 0.06710466213804002	false	0.0
stornieren	neg 1.0		neg 0.5583780365223053 off 0.37329681077396015 __DUMMY__ 0.06832515270373457	false	1.0
besteuerung	neg 1.0		neg 0.5630592442973308 off 0.36924514026205707 __DUMMY__ 0.0676956154406121	false	1.0
ungeschminkt	neg 1.0		neg 0.5574982689161214 off 0.37479443229986675 __DUMMY__ 0.0677072987840118	false	1.0
kritisch	neg 1.0		neg 0.5694563760421008 off 0.36288525014413964 __DUMMY__ 0.0676583738137596	false	1.0
schlamperei	off 1.0		neg 0.5694589408924212 off 0.36302650986384477 __DUMMY__ 0.06751454924373405	false	0.5
sucht	neg 1.0	neg 1.0	neg 0.7675527839203512 off 0.19967740884052979 __DUMMY__ 0.032769807239119	false	1.0
egoistisch	off 1.0		neg 0.5532880448531554 off 0.3792455558457582 __DUMMY__ 0.06746639930108644	false	0.5
ausbeuter	off 1.0		neg 0.5711052463456646 off 0.3613935178336494 __DUMMY__ 0.06750123582068579	false	0.5
arschgeburt	off 1.0		neg 0.5469089841793707 off 0.38640033644805355 __DUMMY__ 0.06669067937257567	false	0.5
schubs	neg 1.0	neg 1.0	neg 0.7707589090664319 off 0.19644496965211458 __DUMMY__ 0.032796121281453594	false	1.0
unsolide	neg 1.0		neg 0.5653392281044899 off 0.36814483901844747 __DUMMY__ 0.06651593287706267	false	1.0
beschwerde	neg 1.0		neg 0.5677042539724586 off 0.3646440949926107 __DUMMY__ 0.06765165103493068	false	1.0
stocken	neg 1.0		neg 0.5667228508008674 off 0.36531250234671214 __DUMMY__ 0.0679646468524205	false	1.0
isolieren	neg 1.0		neg 0.5630244470919773 off 0.3687430744169594 __DUMMY__ 0.06823247849106312	false	1.0
unheilbar	neg 1.0		neg 0.564308290839826 off 0.3679779855175499 __DUMMY__ 0.0677137236426239	false	1.0
pisser	off 1.0		neg 0.5563488410612423 off 0.37636283398253356 __DUMMY__ 0.06728832495622421	false	0.5
löschen	neg 1.0		neg 0.5626570068340246 off 0.3694956057499524 __DUMMY__ 0.06784738741602292	false	1.0
durchfallen	neg 1.0		neg 0.5678524427133528 off 0.3642391328867715 __DUMMY__ 0.06790842439987554	false	1.0
wichser	off 1.0		neg 0.5484104713991566 off 0.3842766731221964 __DUMMY__ 0.06731285547864709	false	0.5
terror	neg 1.0		neg 0.5576082363986831 off 0.37418146693743515 __DUMMY__ 0.06821029666388194	false	1.0
krass	neg 1.0		neg 0.5542520993367216 off 0.3780356053169645 __DUMMY__ 0.0677122953463139	false	1.0
revolte	neg 1.0	neg 1.0	neg 0.7718441727927255 off 0.19631185738659582 __DUMMY__ 0.03184396982067867	false	1.0
besorgt	neg 1.0		neg 0.5622397351184665 off 0.36914217594170323 __DUMMY__ 0.0686180889398303	false	1.0
nachlassen	neg 1.0		neg 0.5652691815813745 off 0.36660025257951406 __DUMMY__ 0.06813056583911156	false	1.0
alt	neg 1.0		neg 0.5656613829440817 off 0.3658982111369039 __DUMMY__ 0.06844040591901428	false	1.0
hundesohn	off 1.0		neg 0.5513471062537556 off 0.38173851478529985 __DUMMY__ 0.06691437896094463	false	0.5
als			neg 0.5649105626438495 off 0.3668122741105454 __DUMMY__ 0.06827716324560508	false	0.0
abschreckung	neg 1.0		neg 0.5713393469853302 off 0.36098470122276627 __DUMMY__ 0.06767595179190364	false	1.0
unqualifiziert	neg 1.0	neg 1.0	neg 0.770518344314452 off 0.19722870504572965 __DUMMY__ 0.03225295063981841	false	1.0
abgewichst	off 1.0		neg 0.5653553550161865 off 0.3668547889604061 __DUMMY__ 0.06778985602340759	false	0.5
schwer	neg 1.0		neg 0.5634719200252499 off 0.36838747384238557 __DUMMY__ 0.06814060613236454	false	1.0
bedeutungslosigkeit	neg 1.0		neg 0.570173199169891 off 0.3620929678330569 __DUMMY__ 0.0677338329970521	false	1.0
kapitulation	neg 1.0		neg 0.5711561080035521 off 0.36178113269809153 __DUMMY__ 0.06706275929835644	false	1.0
unscharf	neg 1.0		neg 0.5598533849193525 off 0.37218443717072247 __DUMMY__ 0.06796217790992493	false	1.0
schwinden	neg 1.0		neg 0.5690605131976935 off 0.36305294340546246 __DUMMY__ 0.06788654339684407	false	1.0
versklavung	neg 1.0	neg 1.0	neg 0.7725174599370969 off 0.1954893026656814 __DUMMY__ 0.03199323739722174	false	1.0
schlecht	neg 1.0		neg 0.5567092897608769 off 0.3753312831045999 __DUMMY__ 0.0679594271345232	false	1.0
verhasst	neg 1.0		neg 0.565404960805578 off 0.36704830140474176 __DUMMY__ 0.06754673778968019	false	1.0
beschweren	neg 1.0		neg 0.5615479073598966 off 0.37042202536432733 __DUMMY__ 0.06803006727577622	false	1.0
scheiden	neg 1.0		neg 0.5630286917900256 off 0.3687895667540536 __DUMMY__ 0.06818174145592087	false	1.0
frustriert	neg 1.0		neg 0.5650682431975985 off 0.3668840911359505 __DUMMY__ 0.06804766566645097	false	1.0
schimmelig	neg 1.0		neg 0.5672982861861287 off 0.3647784626779791 __DUMMY__ 0.06792325113589218	false	1.0
fisch	neg 1.0	neg 1.0	neg 0.7710307008234142 off 0.19622614053393062 __DUMMY__ 0.03274315864265513	false	1.0
schmuggel	neg 1.0		neg 0.567749278228981 off 0.3640090969769687 __DUMMY__ 0.06824162479405031	false	1.0
auffallen	neg 1.0		neg 0.5611274391406265 off 0.37088430381763 __DUMMY__ 0.06798825704174355	false	1.0
konkurrenz	neg 1.0		neg 0.5685438452082002 off 0.36318907379674487 __DUMMY__ 0.06826708099505484	false	1.0
teufelskreis	neg 1.0	neg 1.0	neg 0.7722044508190934 off 0.1954142041798766 __DUMMY__ 0.03238134500102998	false	1.0
aufschreien	neg 1.0		neg 0.5630086961440451 off 0.3693630166298539 __DUMMY__ 0.06762828722610087	false	1.0
schuldner	neg 1.0		neg 0.5699120826826722 off 0.36253226177105013 __DUMMY__ 0.0675556555462776	false	1.0
missgeburt	off 1.0	off 1.0	off 0.6726083708855678 neg 0.29533049381702164 __DUMMY__ 0.032061135297410545	false	1.0
arbeitslos	neg 1.0		neg 0.567160090632177 off 0.36502665712543475 __DUMMY__ 0.06781325224238824	false	1.0
befallen	neg 1.0		neg 0.5710952104140944 off 0.3618990131754836 __DUMMY__ 0.06700577641042194	false	1.0
miesepetrig	off 1.0		neg 0.5565119967747459 off 0.37542759503692125 __DUMMY__ 0.06806040818833282	false	0.5
alarmieren	neg 1.0		neg 0.5610309676137099 off 0.3716774821369925 __DUMMY__ 0.06729155024929762	false	1.0
ungeduscht	off 1.0		neg 0.5594872389822839 off 0.37250525928751094 __DUMMY__ 0.06800750173020521	false	0.5
knappheit	neg 1.0		neg 0.5676406976615685 off 0.36472573256405294 __DUMMY__ 0.06763356977437872	false	1.0
schlange	neg 1.0		neg 0.55992413127408 off 0.37170980561754785 __DUMMY__ 0.0683660631083722	false	1.0
harsch	neg 1.0		neg 0.549894295551149 off 0.38224303166067175 __DUMMY__ 0.06786267278817938	false	1.0
lang	neg 1.0		neg 0.5620392353430521 off 0.37000716452339744 __DUMMY__ 0.06795360013355042	false	1.0
ziellos	neg 1.0		neg 0.565976063285883 off 0.3658582943604425 __DUMMY__ 0.06816564235367449	false	1.0
selbstverliebt	neg 1.0		neg 0.5498144635534592 off 0.3834136237940121 __DUMMY__ 0.06677191265252867	false	1.0
beseitigen	neg 1.0		neg 0.5607756320724258 off 0.3709724905296359 __DUMMY__ 0.0682518773979385	false	1.0
dumm	off 1.0		neg 0.553133649455738 off 0.37954382405928727 __DUMMY__ 0.06732252648497476	false	0.5
arbeitsloser	neg 1.0		neg 0.5676821121458839 off 0.36442151973099823 __DUMMY__ 0.06789636812311795	false	1.0
blitzen	neg 1.0		neg 0.5607240662677709 off 0.371635779424145 __DUMMY__ 0.0676401543080841	false	1.0
hilflos	neg 1.0		neg 0.5654605735197795 off 0.36648054177101375 __DUMMY__ 0.06805888470920692	false	1.0
eklig	off 1.0		neg 0.5525634979685996 off 0.3802301861203459 __DUMMY__ 0.06720631591105447	false	0.5
begriff			neg 0.5660828389646666 off 0.3660729017515229 __DUMMY__ 0.0678442592838105	false	0.0
hungersnot	neg 1.0		neg 0.5688927222404441 off 0.3641428343862159 __DUMMY__ 0.06696444337333997	false	1.0
ungesetzlich	neg 1.0		neg 0.5656002568394521 off 0.36744306750965916 __DUMMY__ 0.0669566756508888	false	1.0
verschwendung	neg 1.0		neg 0.5689177614849935 off 0.3630821140732564 __DUMMY__ 0.06800012444175012	false	1.0
schmerzvoll	neg 1.0		neg 0.5613464258337374 off 0.37058937660079605 __DUMMY__ 0.06806419756546654	false	1.0
vorzeitig	neg 1.0		neg 0.5579416062684535 off 0.3742989026064438 __DUMMY__ 0.06775949112510275	false	1.0
unvollkommenheit	neg 1.0		neg 0.5637025918288766 off 0.368417277664942 __DUMMY__ 0.06788013050618139	false	1.0
intervenieren	neg 1.0		neg 0.5711976887567356 off 0.361412349425557 __DUMMY__ 0.06738996181770739	false	1.0
banause	off 1.0		neg 0.5508006976799316 off 0.3820140143315176 __DUMMY__ 0.06718528798855093	false	0.5
rebell	neg 1.0		neg 0.568792535897223 off 0.3630281911347091 __DUMMY__ 0.06817927296806778	false	1.0
unlogisch	neg 1.0		neg 0.5563320907817557 off 0.3761519314884332 __DUMMY__ 0.06751597772981108	false	1.0
leiden	neg 1.0	neg 1.0	neg 0.7711380507709368 off 0.19578769013191633 __DUMMY__ 0.03307425909714689	false	1.0
abschaffung	neg 1.0		neg 0.5650567818876354 off 0.36752891595024706 __DUMMY__ 0.06741430216211759	false	1.0
sturz	neg 1.0		neg 0.5651103807463496 off 0.36760849126735573 __DUMMY__ 0.06728112798629475	false	1.0
verkleinerung	neg 1.0		neg 0.5621490788009291 off 0.37061821831614744 __DUMMY__ 0.0672327028829235	false	1.0
schmarotzer	off 1.0		neg 0.5688396192146077 off 0.36357003354092776 __DUMMY__ 0.06759034724446457	false	0.5
bestrafung	neg 1.0		neg 0.5630891991754865 off 0.36911107318854774 __DUMMY__ 0.06779972763596574	false	1.0
achtlos	neg 1.0		neg 0.5624109527824337 off 0.3692566724681016 __DUMMY__ 0.06833237474946466	false	1.0
ungeheuer	neg 1.0		neg 0.5612889173828037 off 0.3708377614342992 __DUMMY__ 0.06787332118289705	false	1.0
unaufrichtig	neg 1.0		neg 0.5637412733965194 off 0.3690606956988239 __DUMMY__ 0.06719803090465676	false	1.0
groggy	neg 1.0		neg 0.5605381588099748 off 0.37175479832790553 __DUMMY__ 0.06770704286211966	false	1.0
verletzlich	neg 1.0		neg 0.5572866884683249 off 0.37493402861882963 __DUMMY__ 0.06777928291284543	false	1.0
ablehnen	neg 1.0		neg 0.5681909258826686 off 0.3641859321489039 __DUMMY__ 0.06762314196842767	false	1.0
