unsolidarisch	neg 1.0		neg 0.5684930779731908 off 0.3646512233303701 __DUMMY__ 0.0668556986964391	false	1.0
nachteilig	neg 1.0		neg 0.5671232557959662 off 0.3649824382627345 __DUMMY__ 0.06789430594129925	false	1.0
skeptisch	neg 1.0		neg 0.5692307921983268 off 0.3626299809483014 __DUMMY__ 0.06813922685337175	false	1.0
schrecklich	neg 1.0		neg 0.5543200813307937 off 0.3779419260072515 __DUMMY__ 0.06773799266195471	false	1.0
schlapp	neg 1.0		neg 0.5569282970725539 off 0.3748235105588231 __DUMMY__ 0.06824819236862296	false	1.0
abfall	neg 1.0		neg 0.5709828939719342 off 0.36082303778143693 __DUMMY__ 0.06819406824662887	false	1.0
widerspenstig	neg 1.0		neg 0.5622263902866192 off 0.36944311420773857 __DUMMY__ 0.06833049550564226	false	1.0
abrupt	neg 1.0		neg 0.5632553639307445 off 0.36828322646906686 __DUMMY__ 0.06846140960018868	false	1.0
unwirksam	neg 1.0		neg 0.5657278840925896 off 0.3669778927716722 __DUMMY__ 0.06729422313573813	false	1.0
angreifen	neg 1.0		neg 0.5689678325669645 off 0.3631565410012451 __DUMMY__ 0.06787562643179042	false	1.0
inkonsistent	neg 1.0		neg 0.5628266116375039 off 0.36959989184834957 __DUMMY__ 0.06757349651414643	false	1.0
abrutschen	neg 1.0		neg 0.5699475215923909 off 0.36168961221807966 __DUMMY__ 0.06836286618952943	false	1.0
unsicher	neg 1.0		neg 0.5631250318397952 off 0.3687522717128448 __DUMMY__ 0.06812269644735987	false	1.0
bauernkind	off 1.0		neg 0.5529108724825121 off 0.3799415670461755 __DUMMY__ 0.06714756047131233	false	0.5
angreifer	neg 1.0		neg 0.5625730576770139 off 0.37003989388809544 __DUMMY__ 0.06738704843489057	false	1.0
trennen	neg 1.0		neg 0.5651482232233023 off 0.36609585712513104 __DUMMY__ 0.06875591965156669	false	1.0
schmutz	neg 1.0		neg 0.5542207838887016 off 0.3772141940639462 __DUMMY__ 0.06856502204735222	false	1.0
inkonsistenz	neg 1.0	neg 1.0	neg 0.7699245218188996 off 0.19782125855327262 __DUMMY__ 0.03225421962782776	false	1.0
erschreckend	neg 1.0		neg 0.565664832126866 off 0.36643898081679427 __DUMMY__ 0.06789618705633982	false	1.0
ertrinken	neg 1.0		neg 0.5659408200419327 off 0.3657190619748284 __DUMMY__ 0.06834011798323888	false	1.0
pickelface	off 1.0		neg 0.5642393605176224 off 0.3681553493021978 __DUMMY__ 0.06760529018017995	false	0.5
seiner			neg 0.5676578769666537 off 0.36418547101741044 __DUMMY__ 0.06815665201593582	false	0.0
lauch	neg 1.0		neg 0.5696545950232708 off 0.36223871952863224 __DUMMY__ 0.06810668544809687	false	1.0
unwichtig	neg 1.0		neg 0.5594291236251108 off 0.3728078783275019 __DUMMY__ 0.06776299804738731	false	1.0
steuerhinterziehung	neg 1.0		neg 0.567866540608383 off 0.3648691401644965 __DUMMY__ 0.06726431922712053	false	1.0
schock	neg 1.0		neg 0.5633918783573668 off 0.36815729424583343 __DUMMY__ 0.06845082739679971	false	1.0
beule	neg 1.0		neg 0.5556821456865669 off 0.37615211259908277 __DUMMY__ 0.06816574171435029	false	1.0
vergelten	neg 1.0		neg 0.5544030012558044 off 0.37825324321661136 __DUMMY__ 0.0673437555275844	false	1.0
verdorbenheit	neg 1.0	neg 1.0	neg 0.7689607937486211 off 0.19836704701905616 __DUMMY__ 0.03267215923232261	false	1.0
trauma	neg 1.0		neg 0.5618680886720301 off 0.3702451170250865 __DUMMY__ 0.06788679430288348	false	1.0
sinnlos	neg 1.0		neg 0.5613572872578259 off 0.3707023696216425 __DUMMY__ 0.06794034312053157	false	1.0
fettsack	off 1.0	off 1.0	off 0.6723026508425416 neg 0.2955866246386606 __DUMMY__ 0.03211072451879777	false	1.0
feige	off 1.0		neg 0.5610032374206362 off 0.3714658846138901 __DUMMY__ 0.06753087796547369	false	0.5
abdanken	neg 1.0		neg 0.5686170522195183 off 0.3643141387550295 __DUMMY__ 0.06706880902545209	false	1.0
wichtigtuer	off 1.0	off 1.0	off 0.666875714527564 neg 0.30087233354269505 __DUMMY__ 0.03225195192974101	false	1.0
misslingen	neg 1.0		neg 0.5593809885022099 off 0.3723023749020588 __DUMMY__ 0.06831663659573128	false	1.0
untreu	off 1.0		neg 0.558158812221672 off 0.37402190550960285 __DUMMY__ 0.06781928226872512	false	0.5
missmutig	neg 1.0		neg 0.5580370032885088 off 0.373782137178327 __DUMMY__ 0.06818085953316412	false	1.0
hurenbock	off 1.0		neg 0.5594817005623105 off 0.37211675108470105 __DUMMY__ 0.06840154835298842	false	0.5
betrunken	neg 1.0		neg 0.5548638158591844 off 0.37704254829982387 __DUMMY__ 0.06809363584099182	false	1.0
korrupt	off 1.0		neg 0.5703703726023761 off 0.3625026261193978 __DUMMY__ 0.06712700127822596	false	0.5
unmut	neg 1.0		neg 0.5707445973931096 off 0.36121086908107103 __DUMMY__ 0.06804453352581945	false	1.0
hackfresse	off 1.0		neg 0.5514215036476736 off 0.3810799444171661 __DUMMY__ 0.06749855193516024	false	0.5
aufblasen	neg 1.0		neg 0.560223837169941 off 0.37143139756751603 __DUMMY__ 0.06834476526254295	false	1.0
gewaltsam	neg 1.0		neg 0.5654229448776279 off 0.3672551972589963 __DUMMY__ 0.06732185786337581	false	1.0
unbeliebtheit	neg 1.0		neg 0.5628091046271966 off 0.37066863519303117 __DUMMY__ 0.06652226017977216	false	1.0
sturheit	neg 1.0		neg 0.5673697020240422 off 0.3650992440063401 __DUMMY__ 0.06753105396961782	false	1.0
kuh	neg 1.0		neg 0.5625409028264985 off 0.3697430475123119 __DUMMY__ 0.06771604966118967	false	1.0
erschrecken	neg 1.0		neg 0.5587065115099692 off 0.37317387443135563 __DUMMY__ 0.06811961405867525	false	1.0
opfer	neg 1.0	neg 1.0	neg 0.7732948375849228 off 0.19425537277477606 __DUMMY__ 0.03244978964030122	false	1.0
sinken	neg 1.0		neg 0.5696097869012641 off 0.3623075760001542 __DUMMY__ 0.06808263709858164	false	1.0
stinktier	neg 1.0		neg 0.5554624091186765 off 0.3771537549596703 __DUMMY__ 0.06738383592165316	false	1.0
tucke	off 1.0		neg 0.5506850726107146 off 0.3818011810372334 __DUMMY__ 0.06751374635205186	false	0.5
ein			neg 0.5596448205240717 off 0.3717282612973047 __DUMMY__ 0.06862691817862358	false	0.0
abstieg	neg 1.0		neg 0.5669805858567291 off 0.36534158439846337 __DUMMY__ 0.06767782974480759	false	1.0
missverstehen	neg 1.0		neg 0.5632252178568357 off 0.36917968150342456 __DUMMY__ 0.06759510063973974	false	1.0
ergebnislos	neg 1.0		neg 0.5669991691277269 off 0.36520375697906177 __DUMMY__ 0.06779707389321137	false	1.0
unter			neg 0.570703760391625 off 0.36023378226473174 __DUMMY__ 0.06906245734364333	false	0.0
manipulieren	neg 1.0		neg 0.5696744644412577 off 0.36252592336426726 __DUMMY__ 0.06779961219447503	false	1.0
unbewiesen	neg 1.0		neg 0.5694364323858134 off 0.3638282114967736 __DUMMY__ 0.06673535611741303	false	1.0
verschleppen	neg 1.0		neg 0.5682045856061991 off 0.36417236775599815 __DUMMY__ 0.06762304663780266	false	1.0
weib	off 1.0		neg 0.5501941845876664 off 0.3823972522209427 __DUMMY__ 0.06740856319139087	false	0.5
opposition	neg 1.0		neg 0.564921558291151 off 0.36786117306646055 __DUMMY__ 0.0672172686423884	false	1.0
verkehrswidrig	neg 1.0		neg 0.551705144510859 off 0.3804305986089259 __DUMMY__ 0.06786425688021502	false	1.0
inkorrekt	neg 1.0		neg 0.561808640917503 off 0.37118811607978874 __DUMMY__ 0.06700324300270832	false	1.0
vermeiden	neg 1.0		neg 0.5700512078630827 off 0.3613221081272967 __DUMMY__ 0.06862668400962062	false	1.0
abweichung	neg 1.0		neg 0.5704195546876396 off 0.3624269328263061 __DUMMY__ 0.06715351248605436	false	1.0
alkoholisiert	neg 1.0		neg 0.564697985840365 off 0.3670540928580352 __DUMMY__ 0.06824792130159983	false	1.0
scheiss	off 1.0	off 1.0	off 0.6705658177226455 neg 0.2970181906103601 __DUMMY__ 0.032415991666994416	false	1.0
herausforderung	neg 1.0		neg 0.5627228245562516 off 0.3685511952157331 __DUMMY__ 0.06872598022801528	false	1.0
pervers	off 1.0		neg 0.5474504150067825 off 0.38524155672847726 __DUMMY__ 0.06730802826474018	false	0.5
wackelig	neg 1.0		neg 0.5622148643169687 off 0.36897299751361745 __DUMMY__ 0.06881213816941396	false	1.0
verwickeln	neg 1.0		neg 0.5628773788045238 off 0.3693847592263924 __DUMMY__ 0.06773786196908378	false	1.0
vorwand	neg 1.0		neg 0.5705807864011433 off 0.3615333264622234 __DUMMY__ 0.06788588713663335	false	1.0
muschi	off 1.0		neg 0.564477129927119 off 0.3678652591504089 __DUMMY__ 0.06765761092247218	false	0.5
entmutigung	neg 1.0		neg 0.5677562112045593 off 0.36574387995794494 __DUMMY__ 0.06649990883749571	false	1.0
unangemessen	neg 1.0		neg 0.5685142355915362 off 0.3639308318868521 __DUMMY__ 0.06755493252161157	false	1.0
unstetig	neg 1.0		neg 0.5611854277146351 off 0.37128204018665806 __DUMMY__ 0.06753253209870697	false	1.0
entmutigen	neg 1.0		neg 0.562211375005272 off 0.36976072750399985 __DUMMY__ 0.06802789749072803	false	1.0
schwanz	neg 1.0		neg 0.5660470066424862 off 0.3660664424848454 __DUMMY__ 0.06788655087266847	false	1.0
verbot	neg 1.0		neg 0.5690903863246808 off 0.3636669972438076 __DUMMY__ 0.06724261643151157	false	1.0
leid	neg 1.0		neg 0.5533833321135512 off 0.3790582402075205 __DUMMY__ 0.06755842767892828	false	1.0
archaisch	neg 1.0		neg 0.5672234213381417 off 0.365095305346084 __DUMMY__ 0.06768127331577421	false	1.0
gegen			neg 0.5699260800233887 off 0.36218892130656755 __DUMMY__ 0.06788499867004379	false	0.0
scheidung	neg 1.0	neg 1.0	neg 0.7574933762200616 off 0.2103968261534912 __DUMMY__ 0.0321097976264473	false	1.0
einschlag	neg 1.0		neg 0.5538612292163488 off 0.37856885048481503 __DUMMY__ 0.0675699202988362	false	1.0
m			neg 0.563561274276122 off 0.3681740776156103 __DUMMY__ 0.06826464810826774	false	0.0
abgestanden	neg 1.0		neg 0.5622480880087491 off 0.3695445166879163 __DUMMY__ 0.06820739530333463	false	1.0
schmierig	off 1.0		neg 0.5538766031565984 off 0.378394781638191 __DUMMY__ 0.06772861520521059	false	0.5
unpraktisch	neg 1.0		neg 0.5600010275017892 off 0.3716016217374115 __DUMMY__ 0.06839735076079931	false	1.0
wixxer	off 1.0		neg 0.5483861976064083 off 0.3845316738072126 __DUMMY__ 0.06708212858637899	false	0.5
bezeichnet			neg 0.5661479358346236 off 0.36620592814154407 __DUMMY__ 0.06764613602383235	false	0.0
jammerlappen	off 1.0		neg 0.558784611856615 off 0.3733314126400826 __DUMMY__ 0.06788397550330227	false	0.5
farce	neg 1.0		neg 0.5706161407846865 off 0.3625483562111882 __DUMMY__ 0.06683550300412536	false	1.0
zwecklos	neg 1.0		neg 0.5680888975764964 off 0.3641898879188653 __DUMMY__ 0.06772121450463826	false	1.0
turbulent	neg 1.0		neg 0.5566614259508236 off 0.37596816665987043 __DUMMY__ 0.06737040738930601	false	1.0
invasion	neg 1.0		neg 0.5588591389193012 off 0.37300816847220647 __DUMMY__ 0.06813269260849232	false	1.0
schuld	neg 1.0		neg 0.5635569223479601 off 0.3686221178697882 __DUMMY__ 0.0678209597822517	false	1.0
risiko	neg 1.0		neg 0.5581553224563276 off 0.3736038534822555 __DUMMY__ 0.06824082406141696	false	1.0
finster	neg 1.0		neg 0.5605037240968428 off 0.37102521460256954 __DUMMY__ 0.06847106130058773	false	1.0
geisteskrank	off 1.0		neg 0.5598396897749863 off 0.3728733612495141 __DUMMY__ 0.06728694897549953	false	0.5
zusammenbrechen	neg 1.0		neg 0.5645061502309836 off 0.3673149048744769 __DUMMY__ 0.06817894489453954	false	1.0
ausbeute	neg 1.0		neg 0.5635878633015863 off 0.3678456946145463 __DUMMY__ 0.06856644208386738	false	1.0
hinterhalt	neg 1.0		neg 0.5627645112962966 off 0.36939032338505906 __DUMMY__ 0.0678451653186443	false	1.0
kritik	neg 1.0		neg 0.5696975462056002 off 0.3632802027948006 __DUMMY__ 0.06702225099959902	false	1.0
einschrumpfen	neg 1.0		neg 0.5631508164066377 off 0.3697507377845363 __DUMMY__ 0.06709844580882596	false	1.0
riskant	neg 1.0		neg 0.5678225452673922 off 0.36411945878509694 __DUMMY__ 0.06805799594751077	false	1.0
frustrieren	neg 1.0		neg 0.568299658007726 off 0.36372972368549267 __DUMMY__ 0.06797061830678137	false	1.0
groll	neg 1.0		neg 0.5676758995309171 off 0.3645688080233074 __DUMMY__ 0.06775529244577544	false	1.0
gibt			neg 0.5656137828271113 off 0.36634073545351703 __DUMMY__ 0.06804548171937176	false	0.0
qualvoll	neg 1.0		neg 0.5597596077755275 off 0.3720590058585921 __DUMMY__ 0.06818138636588028	false	1.0
wackeln	neg 1.0		neg 0.5599220527332919 off 0.3715335918920531 __DUMMY__ 0.068544355374655	false	1.0
klagen	neg 1.0		neg 0.5715422139631802 off 0.3607314285108774 __DUMMY__ 0.06772635752594233	false	1.0
bankrott	neg 1.0		neg 0.5569650757590903 off 0.3749167475834792 __DUMMY__ 0.0681181766574304	false	1.0
trauern	neg 1.0		neg 0.5674966101965379 off 0.36444954816984815 __DUMMY__ 0.06805384163361403	false	1.0
ablehnung	neg 1.0	neg 1.0	neg 0.7738647287974614 off 0.19409180743648002 __DUMMY__ 0.03204346376605863	false	1.0
stur	neg 1.0		neg 0.5629048224226559 off 0.3692360934084088 __DUMMY__ 0.06785908416893516	false	1.0
aufruhr	neg 1.0		neg 0.5662067783582236 off 0.36651073289624136 __DUMMY__ 0.06728248874553493	false	1.0
melancholie	neg 1.0		neg 0.5629046760033644 off 0.3684561061410979 __DUMMY__ 0.06863921785553762	false	1.0
ist			neg 0.5621200880054106 off 0.36993672455142596 __DUMMY__ 0.06794318744316337	false	0.0
torheit	neg 1.0		neg 0.5665534482188489 off 0.3663609933103877 __DUMMY__ 0.0670855584707636	false	1.0
dreckskind	off 1.0		neg 0.5552767482992568 off 0.37776791658512626 __DUMMY__ 0.06695533511561695	false	0.5
umtauschen	neg 1.0		neg 0.5617913889872591 off 0.3698030766719208 __DUMMY__ 0.06840553434082002	false	1.0
zum			neg 0.5663218706232276 off 0.36447204543682393 __DUMMY__ 0.06920608393994841	false	0.0
zersetzen	neg 1.0		neg 0.5702943329519548 off 0.3619091976879482 __DUMMY__ 0.06779646936009712	false	1.0
zur			neg 0.5708239839513857 off 0.3608012086797406 __DUMMY__ 0.0683748073688739	false	0.0
frust	neg 1.0		neg 0.5647395776297479 off 0.36708234250863786 __DUMMY__ 0.06817807986161417	false	1.0
unerbittlichkeit	neg 1.0		neg 0.5694314247257662 off 0.3628144243547682 __DUMMY__ 0.06775415091946574	false	1.0
zwei			neg 0.5658575121091001 off 0.36523025117526986 __DUMMY__ 0.06891223671563015	false	0.0
unkorrekt	neg 1.0		neg 0.5598171896909517 off 0.3729846635540692 __DUMMY__ 0.06719814675497905	false	1.0
hexe	off 1.0		neg 0.5579732286565984 off 0.37417533975826 __DUMMY__ 0.06785143158514165	false	0.5
lasch	neg 1.0		neg 0.5619605585433324 off 0.37047782895936743 __DUMMY__ 0.06756161249730017	false	1.0
rivale	neg 1.0		neg 0.5551067632543149 off 0.37742267780302535 __DUMMY__ 0.06747055894265988	false	1.0
mutlos	off 1.0	off 1.0	off 0.6636574848154739 neg 0.30410700269900126 __DUMMY__ 0.03223551248552485	false	1.0
wirr	off 1.0		neg 0.5579346560326736 off 0.37486850441244335 __DUMMY__ 0.0671968395548831	false	0.5
jahr			neg 0.5641261534543409 off 0.3671499534517478 __DUMMY__ 0.06872389309391146	false	0.0
wird			neg 0.5667017595758154 off 0.3651789694890555 __DUMMY__ 0.06811927093512923	false	0.0
strafbar	neg 1.0		neg 0.5702616544771469 off 0.3622253155315133 __DUMMY__ 0.06751302999133978	false	1.0
erosion	neg 1.0		neg 0.5600331996526777 off 0.371691819944797 __DUMMY__ 0.06827498040252536	false	1.0
eingehen	neg 1.0		neg 0.5678651928938665 off 0.3642948865465949 __DUMMY__ 0.06783992055953851	false	1.0
faul	off 1.0		neg 0.5570609482899602 off 0.3746680132746496 __DUMMY__ 0.0682710384353901	false	0.5
provisorium	neg 1.0		neg 0.5724880316960669 off 0.3586823560115844 __DUMMY__ 0.06882961229234871	false	1.0
schmerzen	neg 1.0		neg 0.5631420475573338 off 0.3685367324931853 __DUMMY__ 0.06832121994948087	false	1.0
schrumpfen	neg 1.0		neg 0.5717494490585308 off 0.3599405838417349 __DUMMY__ 0.06830996709973437	false	1.0
geistlos	off 1.0		neg 0.5662023476001887 off 0.366965831324615 __DUMMY__ 0.06683182107519639	false	0.5
fehlkauf	neg 1.0		neg 0.561729002293912 off 0.37063557502760286 __DUMMY__ 0.06763542267848535	false	1.0
frustrierend	neg 1.0	neg 1.0	neg 0.7687900276865208 off 0.19873593061568723 __DUMMY__ 0.032474041697791924	false	1.0
unzufrieden	neg 1.0		neg 0.5670330595841776 off 0.3650522386026605 __DUMMY__ 0.06791470181316205	false	1.0
verzweifeln	neg 1.0		neg 0.5636407580782615 off 0.368203520008328 __DUMMY__ 0.06815572191341039	false	1.0
verzweifelt	neg 1.0		neg 0.5623928840502205 off 0.36964059491518914 __DUMMY__ 0.06796652103459042	false	1.0
misstrauensantrag	neg 1.0		neg 0.5621328572942211 off 0.37032154095106024 __DUMMY__ 0.06754560175471845	false	1.0
abfallen	neg 1.0		neg 0.5593815317203595 off 0.3720030547740316 __DUMMY__ 0.06861541350560882	false	1.0
fucker	off 1.0		neg 0.5562429821073436 off 0.3762064061341134 __DUMMY__ 0.06755061175854303	false	0.5
ungezogen	neg 1.0		neg 0.5490436841090318 off 0.3833770811299729 __DUMMY__ 0.06757923476099534	false	1.0
irrsinnig	neg 1.0	neg 1.0	neg 0.7709590630933003 off 0.19665809914160773 __DUMMY__ 0.03238283776509195	false	1.0
unfassbar	neg 1.0		neg 0.5584452962617463 off 0.3737203862078971 __DUMMY__ 0.06783431753035665	false	1.0
hart	neg 1.0		neg 0.559714102391306 off 0.3727814462112359 __DUMMY__ 0.06750445139745812	false	1.0
widerlich	off 1.0		neg 0.5589307326436799 off 0.37352596152906686 __DUMMY__ 0.06754330582725311	false	0.5
fatal	neg 1.0		neg 0.5613774801607828 off 0.37089346894018815 __DUMMY__ 0.067729050899029	false	1.0
bruch	neg 1.0		neg 0.5723817502227689 off 0.35996308264788 __DUMMY__ 0.06765516712935118	false	1.0
aushungern	neg 1.0		neg 0.5673754211868014 off 0.3654559945465303 __DUMMY__ 0.0671685842666682	false	1.0
anspannung	neg 1.0		neg 0.5688546706618223 off 0.36259730900642917 __DUMMY__ 0.0685480203317487	false	1.0
von			neg 0.5651806871084124 off 0.3660887735232219 __DUMMY__ 0.06873053936836564	false	0.0
kraftlos	neg 1.0		neg 0.563715212225324 off 0.36767176678829533 __DUMMY__ 0.06861302098638088	false	1.0
vom			neg 0.5696145299639278 off 0.3612896820008822 __DUMMY__ 0.06909578803519006	false	0.0
grenzdebil	off 1.0		neg 0.5567064730365401 off 0.37537835218293114 __DUMMY__ 0.06791517478052884	false	0.5
vor			neg 0.5679838898900932 off 0.36354704551220735 __DUMMY__ 0.0684690645976995	false	0.0
unterwerfen	neg 1.0		neg 0.5687114905210291 off 0.36352986757928984 __DUMMY__ 0.06775864189968103	false	1.0
versenkung	neg 1.0		neg 0.5682370536358043 off 0.36379453127002986 __DUMMY__ 0.06796841509416576	false	1.0
entziehen	neg 1.0		neg 0.5707967579242463 off 0.3612361970146804 __DUMMY__ 0.06796704506107318	false	1.0
finanzkrise	neg 1.0		neg 0.5678407955378564 off 0.3650217404026664 __DUMMY__ 0.06713746405947726	false	1.0
schimpfend	neg 1.0		neg 0.5575025397586224 off 0.3737186319359026 __DUMMY__ 0.06877882830547498	false	1.0
profan	neg 1.0		neg 0.5609092816342769 off 0.37107400734287543 __DUMMY__ 0.06801671102284758	false	1.0
korruption	neg 1.0		neg 0.56982317695026 off 0.362979751085082 __DUMMY__ 0.06719707196465793	false	1.0
â			neg 0.5650113363219219 off 0.3667954245493544 __DUMMY__ 0.0681932391287238	false	0.0
schmutzig	neg 1.0		neg 0.5554432499642523 off 0.3762849414195308 __DUMMY__ 0.06827180861621696	false	1.0
sexy	neg 1.0		neg 0.5585511258987208 off 0.3734974589831168 __DUMMY__ 0.0679514151181622	false	1.0
abraten	neg 1.0		neg 0.5612407981092548 off 0.3705980672866832 __DUMMY__ 0.06816113460406202	false	1.0
schwarz	neg 1.0		neg 0.5619166287751682 off 0.37026432579417606 __DUMMY__ 0.0678190454306558	false	1.0
fotze	off 1.0		neg 0.5665139082931331 off 0.3657928584640445 __DUMMY__ 0.06769323324282246	false	0.5
verwirren	neg 1.0		neg 0.560175657674861 off 0.3718474005264263 __DUMMY__ 0.0679769417987126	false	1.0
zahnlos	off 1.0		neg 0.567639294625217 off 0.36463882429526295 __DUMMY__ 0.06772188107952	false	0.5
verheeren	neg 1.0		neg 0.5504883982890516 off 0.3826712249640183 __DUMMY__ 0.06684037674692998	false	1.0
hippie	neg 1.0		neg 0.5592233885602719 off 0.37290060878605247 __DUMMY__ 0.06787600265367583	false	1.0
rammen	neg 1.0		neg 0.5596456405032337 off 0.3723162900616726 __DUMMY__ 0.06803806943509363	false	1.0
unlauter	neg 1.0	neg 1.0	neg 0.7706396368193749 off 0.19715620136282447 __DUMMY__ 0.03220416181780065	false	1.0
unheilvoll	neg 1.0		neg 0.5605301325020374 off 0.37135358317374556 __DUMMY__ 0.06811628432421707	false	1.0
niedrig	neg 1.0		neg 0.5668158157128105 off 0.3652652608317114 __DUMMY__ 0.0679189234554781	false	1.0
explosion	neg 1.0		neg 0.559041599969275 off 0.3729255657785655 __DUMMY__ 0.06803283425215943	false	1.0
weichei	off 1.0		neg 0.5526557884007535 off 0.3798183681804367 __DUMMY__ 0.06752584341880971	false	0.5
minusmensch	off 1.0		neg 0.5511950088132732 off 0.3820698138267967 __DUMMY__ 0.06673517735992998	false	0.5
farblos	neg 1.0		neg 0.5637252852435395 off 0.3685933290655759 __DUMMY__ 0.0676813856908845	false	1.0
unwissend	neg 1.0	neg 1.0	neg 0.768636601268264 off 0.19906106851942468 __DUMMY__ 0.03230233021231128	false	1.0
traurig	neg 1.0		neg 0.5546532165297677 off 0.37743334218330926 __DUMMY__ 0.06791344128692298	false	1.0
senkung	neg 1.0		neg 0.5610632694575234 off 0.37127022966644885 __DUMMY__ 0.06766650087602798	false	1.0
ungleich	neg 1.0	neg 1.0	neg 0.7740339238085556 off 0.19364563450092231 __DUMMY__ 0.03232044169052204	false	1.0
heikel	neg 1.0		neg 0.5694994639414598 off 0.36255179481274813 __DUMMY__ 0.06794874124579205	false	1.0
drosselung	neg 1.0		neg 0.5539568475020451 off 0.3780964116686019 __DUMMY__ 0.06794674082935298	false	1.0
falsch	neg 1.0		neg 0.5598051814008734 off 0.3723670138836223 __DUMMY__ 0.06782780471550441	false	1.0
unzufriedenheit	neg 1.0		neg 0.5701554588576028 off 0.3619823587790045 __DUMMY__ 0.0678621823633928	false	1.0
kurz	neg 1.0		neg 0.5626460683590349 off 0.3688014676804089 __DUMMY__ 0.06855246396055642	false	1.0
unsinnig	neg 1.0		neg 0.5666775737404259 off 0.36545734754915415 __DUMMY__ 0.06786507871041993	false	1.0
penner	off 1.0	off 1.0	off 0.6740189571485616 neg 0.29370856157875636 __DUMMY__ 0.03227248127268202	false	1.0
seicht	neg 1.0		neg 0.5523297175139058 off 0.38063299738379697 __DUMMY__ 0.06703728510229723	false	1.0
dummheit	off 1.0	off 1.0	off 0.6673162930955399 neg 0.3004360777331531 __DUMMY__ 0.03224762917130699	false	1.0
unerfreulich	neg 1.0		neg 0.5691689389388738 off 0.3626884828749206 __DUMMY__ 0.06814257818620567	false	1.0
motherfucker	off 1.0	off 1.0	off 0.6707642246245993 neg 0.2970064167344466 __DUMMY__ 0.03222935864095412	false	1.0
pikiert	neg 1.0		neg 0.560039597548084 off 0.37234584570757007 __DUMMY__ 0.06761455674434588	false	1.0
wrack	neg 1.0		neg 0.5649619341386142 off 0.3668863609282005 __DUMMY__ 0.0681517049331855	false	1.0
gangster	neg 1.0		neg 0.5602674820463076 off 0.37187111752106444 __DUMMY__ 0.0678614004326279	false	1.0
krank	neg 1.0		neg 0.5550885154530248 off 0.3766779478876082 __DUMMY__ 0.06823353665936682	false	1.0
reich	neg 1.0		neg 0.5624680155638252 off 0.37070415412004243 __DUMMY__ 0.06682783031613228	false	1.0
gnadenlos	neg 1.0		neg 0.5625661276819843 off 0.36946528343095986 __DUMMY__ 0.06796858888705587	false	1.0
niedergeschlagen	neg 1.0		neg 0.5644365548363935 off 0.36739708964477263 __DUMMY__ 0.06816635551883363	false	1.0
terrorisieren	off 1.0	off 1.0	off 0.6643210244043378 neg 0.3032197074990399 __DUMMY__ 0.032459268096622244	false	1.0
sinnlosigkeit	neg 1.0		neg 0.5672747419747914 off 0.3649440369420396 __DUMMY__ 0.06778122108316886	false	1.0
behindern	neg 1.0		neg 0.5623330038120085 off 0.36943332541209783 __DUMMY__ 0.06823367077589373	false	1.0
undemokratisch	neg 1.0		neg 0.5665685738297429 off 0.366392550924456 __DUMMY__ 0.06703887524580089	false	1.0
wirtschaftskrise	neg 1.0		neg 0.56854192894752 off 0.36401100256443786 __DUMMY__ 0.06744706848804233	false	1.0
neid	neg 1.0		neg 0.5580767908297435 off 0.3736766491686099 __DUMMY__ 0.06824656000164665	false	1.0
rutschen	neg 1.0		neg 0.5660318202438313 off 0.3647371467295849 __DUMMY__ 0.06923103302658389	false	1.0
rezession	neg 1.0		neg 0.5572746546219488 off 0.3757948172373115 __DUMMY__ 0.06693052814073967	false	1.0
fehlgeburt	neg 1.0		neg 0.5628932109371642 off 0.36918553395444603 __DUMMY__ 0.06792125510838976	false	1.0
charakterschwach	off 1.0		neg 0.5589008461079564 off 0.37351296565581 __DUMMY__ 0.06758618823623362	false	0.5
isolation	neg 1.0		neg 0.5571127375113937 off 0.3748938238076216 __DUMMY__ 0.06799343868098486	false	1.0
ablenkung	neg 1.0		neg 0.5617824457580147 off 0.36993886415873156 __DUMMY__ 0.06827869008325357	false	1.0
pech	neg 1.0		neg 0.559270332827655 off 0.3726421208792581 __DUMMY__ 0.06808754629308694	false	1.0
vermeidung	neg 1.0		neg 0.5547341888771579 off 0.3771889881566601 __DUMMY__ 0.0680768229661821	false	1.0
dominieren	neg 1.0		neg 0.5649074974886176 off 0.3671245656845601 __DUMMY__ 0.06796793682682227	false	1.0
schwindlig	neg 1.0		neg 0.5579040239803746 off 0.3736615152170099 __DUMMY__ 0.06843446080261531	false	1.0
lutscher	neg 1.0		neg 0.550564008997652 off 0.38227375223931637 __DUMMY__ 0.06716223876303161	false	1.0
pflicht	neg 1.0		neg 0.5697085434535277 off 0.36234948844477877 __DUMMY__ 0.06794196810169342	false	1.0
faschist	off 1.0		neg 0.5651381735604368 off 0.36778681126564344 __DUMMY__ 0.06707501517391964	false	0.5
verschleudern	neg 1.0		neg 0.5687942205392985 off 0.36367001297324875 __DUMMY__ 0.06753576648745281	false	1.0
wenn			neg 0.5592562814269704 off 0.3728135477495068 __DUMMY__ 0.06793017082352269	false	0.0
ehebruch	neg 1.0		neg 0.5694167017848465 off 0.3630434437881561 __DUMMY__ 0.06753985442699734	false	1.0
spott	off 1.0		neg 0.5695630187471299 off 0.36279070527436075 __DUMMY__ 0.06764627597850947	false	0.5
trostlosigkeit	neg 1.0		neg 0.5722959578047592 off 0.36031574492635293 __DUMMY__ 0.067388297268888	false	1.0
lutschen	neg 1.0		neg 0.5606123511214451 off 0.37194980761740304 __DUMMY__ 0.06743784126115188	false	1.0
undiszipliniert	neg 1.0		neg 0.5563344953014457 off 0.3759286719820805 __DUMMY__ 0.06773683271647354	false	1.0
kopfschmerz	neg 1.0		neg 0.5630699207402458 off 0.3687478846314645 __DUMMY__ 0.06818219462828977	false	1.0
unvorhergesehen	neg 1.0		neg 0.5621223855962807 off 0.36918079334493725 __DUMMY__ 0.06869682105878203	false	1.0
desinteressiert	neg 1.0		neg 0.5572660853168785 off 0.3751199934769824 __DUMMY__ 0.0676139212061391	false	1.0
armselig	off 1.0		neg 0.5572645318938458 off 0.375336531858818 __DUMMY__ 0.06739893624733632	false	0.5
desaster	neg 1.0		neg 0.5730279468570959 off 0.35935551187219356 __DUMMY__ 0.06761654127071054	false	1.0
tod	neg 1.0		neg 0.5713190163066445 off 0.36145910813211724 __DUMMY__ 0.06722187556123839	false	1.0
herzlos	neg 1.0		neg 0.5545978215187765 off 0.37762885867324764 __DUMMY__ 0.06777331980797577	false	1.0
unwissenheit	neg 1.0		neg 0.5683946740240297 off 0.3640244212881211 __DUMMY__ 0.06758090468784923	false	1.0
widersinnig	neg 1.0		neg 0.5690786141128636 off 0.3637687094879108 __DUMMY__ 0.06715267639922558	false	1.0
bedenklich	neg 1.0		neg 0.5685614197141103 off 0.36354358295285943 __DUMMY__ 0.06789499733303031	false	1.0
beanstanden	neg 1.0		neg 0.5699699722485589 off 0.3620570531615576 __DUMMY__ 0.0679729745898833	false	1.0
panisch	neg 1.0	neg 1.0	neg 0.7677702971842131 off 0.19937891442073138 __DUMMY__ 0.03285078839505557	false	1.0
debil	off 1.0		neg 0.5722182445013626 off 0.3596373251161019 __DUMMY__ 0.06814443038253555	false	0.5
abstrich	neg 1.0		neg 0.5607314581647049 off 0.3708347025946369 __DUMMY__ 0.06843383924065824	false	1.0
primitiv	neg 1.0		neg 0.5583168468545341 off 0.3741538448122918 __DUMMY__ 0.06752930833317419	false	1.0
abschaum	off 1.0	off 1.0	off 0.6685559666984541 neg 0.2992698554088372 __DUMMY__ 0.03217417789270879	false	1.0
provozieren	neg 1.0		neg 0.5648823315910415 off 0.3674582319293415 __DUMMY__ 0.06765943647961702	false	1.0
tot	neg 1.0		neg 0.5648499745884812 off 0.36727645841727874 __DUMMY__ 0.0678735669942401	false	1.0
instabil	neg 1.0		neg 0.5565447982610822 off 0.3762180999691732 __DUMMY__ 0.06723710176974448	false	1.0
schwuchtel	off 1.0		neg 0.5467200872437593 off 0.3865872588052641 __DUMMY__ 0.06669265395097666	false	0.5
zerren	neg 1.0		neg 0.5644115902126451 off 0.36739015609047865 __DUMMY__ 0.06819825369687631	false	1.0
kinderficker	off 1.0		neg 0.5556835784368945 off 0.37714271551292233 __DUMMY__ 0.06717370605018315	false	0.5
gefahr	neg 1.0		neg 0.5685997080345739 off 0.36366022323671987 __DUMMY__ 0.06774006872870608	false	1.0
rabiat	neg 1.0		neg 0.5636780398386669 off 0.3683612790978679 __DUMMY__ 0.0679606810634653	false	1.0
verlangsamung	neg 1.0		neg 0.553816175412578 off 0.379336117097111 __DUMMY__ 0.0668477074903109	false	1.0
ausgestorben	neg 1.0		neg 0.5644892920021769 off 0.3673570582265789 __DUMMY__ 0.0681536497712443	false	1.0
anklagen	neg 1.0		neg 0.5664711087241903 off 0.3660274599378831 __DUMMY__ 0.06750143133792652	false	1.0
trott	neg 1.0		neg 0.5627169903933598 off 0.36915922780149846 __DUMMY__ 0.0681237818051417	false	1.0
verminderung	neg 1.0		neg 0.5556909841840567 off 0.37659614384463463 __DUMMY__ 0.06771287197130872	false	1.0
nach			neg 0.5682913124328501 off 0.36285981639597675 __DUMMY__ 0.06884887117117328	false	0.0
rost	neg 1.0		neg 0.5519009731884607 off 0.38095278048715936 __DUMMY__ 0.06714624632437996	false	1.0
destruktiv	neg 1.0	neg 1.0	neg 0.7727890447938417 off 0.19499204445595947 __DUMMY__ 0.03221891075019893	false	1.0
unzumutbarkeit	neg 1.0		neg 0.5559811408917651 off 0.37617726985746147 __DUMMY__ 0.06784158925077338	false	1.0
labil	off 1.0	off 1.0	off 0.6695040284555045 neg 0.29825814210468876 __DUMMY__ 0.032237829439806784	false	1.0
ziemlich	neg 1.0		neg 0.5572499041863097 off 0.3748286517597431 __DUMMY__ 0.06792144405394718	false	1.0
lachnummer	off 1.0		neg 0.5667758320485707 off 0.3656632862910892 __DUMMY__ 0.06756088166034016	false	0.5
oder			neg 0.5619077533282623 off 0.36976042779946044 __DUMMY__ 0.06833181887227734	false	0.0
verfall	neg 1.0		neg 0.5726474697139642 off 0.35922855959263966 __DUMMY__ 0.06812397069339625	false	1.0
ausgrenzung	neg 1.0		neg 0.5652490861962891 off 0.3676295136727842 __DUMMY__ 0.06712140013092673	false	1.0
unordnung	neg 1.0		neg 0.5547488952455464 off 0.37784093067402913 __DUMMY__ 0.06741017408042448	false	1.0
fehlverhalten	neg 1.0		neg 0.5697298406047702 off 0.36259259946258854 __DUMMY__ 0.06767755993264134	false	1.0
eine			neg 0.567843111085736 off 0.36374169215457464 __DUMMY__ 0.06841519675968931	false	0.0
nille	neg 1.0		neg 0.5654612239270205 off 0.3670098824514359 __DUMMY__ 0.06752889362154366	false	1.0
qual	neg 1.0		neg 0.5631228682504215 off 0.3688116171925407 __DUMMY__ 0.0680655145570379	false	1.0
verschwenden	neg 1.0		neg 0.5673487129826901 off 0.3645635231642247 __DUMMY__ 0.06808776385308521	false	1.0
riesig	neg 1.0		neg 0.564650806703861 off 0.3673892658010461 __DUMMY__ 0.06795992749509304	false	1.0
verurteilen	neg 1.0		neg 0.5688404179638492 off 0.36370477635607973 __DUMMY__ 0.0674548056800711	false	1.0
klischee	neg 1.0	neg 1.0	neg 0.7699983630804428 off 0.19776669192200494 __DUMMY__ 0.03223494499755237	false	1.0
diktatorisch	neg 1.0		neg 0.5677556940590457 off 0.36541455655830685 __DUMMY__ 0.06682974938264742	false	1.0
vorhersehbar	neg 1.0		neg 0.5636608738330185 off 0.36885026993877196 __DUMMY__ 0.06748885622820941	false	1.0
sowie			neg 0.5541369156003666 off 0.3787584222615935 __DUMMY__ 0.06710466213803994	false	0.0
stornieren	neg 1.0		neg 0.5583780365223052 off 0.3732968107739603 __DUMMY__ 0.06832515270373452	false	1.0
besteuerung	neg 1.0		neg 0.5630592442973312 off 0.3692451402620565 __DUMMY__ 0.06769561544061217	false	1.0
ungeschminkt	neg 1.0		neg 0.557498268916122 off 0.3747944322998663 __DUMMY__ 0.06770729878401177	false	1.0
kritisch	neg 1.0		neg 0.5694563760421018 off 0.3628852501441386 __DUMMY__ 0.06765837381375966	false	1.0
schlamperei	off 1.0		neg 0.5694589408924214 off 0.3630265098638444 __DUMMY__ 0.06751454924373404	false	0.5
sucht	neg 1.0	neg 1.0	neg 0.7675527839203514 off 0.1996774088405296 __DUMMY__ 0.03276980723911903	false	1.0
egoistisch	off 1.0		neg 0.5532880448531559 off 0.3792455558457578 __DUMMY__ 0.0674663993010862	false	0.5
ausbeuter	off 1.0		neg 0.5711052463456648 off 0.3613935178336493 __DUMMY__ 0.06750123582068582	false	0.5
arschgeburt	off 1.0		neg 0.5469089841793707 off 0.38640033644805366 __DUMMY__ 0.06669067937257568	false	0.5
schubs	neg 1.0	neg 1.0	neg 0.7707589090664317 off 0.19644496965211486 __DUMMY__ 0.03279612128145353	false	1.0
unsolide	neg 1.0		neg 0.5653392281044897 off 0.3681448390184478 __DUMMY__ 0.0665159328770626	false	1.0
beschwerde	neg 1.0		neg 0.5677042539724587 off 0.3646440949926104 __DUMMY__ 0.06765165103493075	false	1.0
stocken	neg 1.0		neg 0.5667228508008668 off 0.3653125023467126 __DUMMY__ 0.06796464685242067	false	1.0
isolieren	neg 1.0		neg 0.5630244470919774 off 0.3687430744169594 __DUMMY__ 0.06823247849106305	false	1.0
unheilbar	neg 1.0		neg 0.5643082908398259 off 0.3679779855175502 __DUMMY__ 0.06771372364262385	false	1.0
pisser	off 1.0		neg 0.5563488410612419 off 0.37636283398253395 __DUMMY__ 0.06728832495622421	false	0.5
löschen	neg 1.0		neg 0.5626570068340249 off 0.3694956057499522 __DUMMY__ 0.0678473874160229	false	1.0
durchfallen	neg 1.0		neg 0.5678524427133527 off 0.3642391328867717 __DUMMY__ 0.06790842439987564	false	1.0
wichser	off 1.0		neg 0.5484104713991566 off 0.38427667312219627 __DUMMY__ 0.06731285547864713	false	0.5
terror	neg 1.0		neg 0.557608236398683 off 0.3741814669374353 __DUMMY__ 0.0682102966638819	false	1.0
krass	neg 1.0		neg 0.5542520993367219 off 0.3780356053169643 __DUMMY__ 0.06771229534631373	false	1.0
revolte	neg 1.0	neg 1.0	neg 0.7718441727927257 off 0.19631185738659568 __DUMMY__ 0.03184396982067869	false	1.0
besorgt	neg 1.0		neg 0.5622397351184666 off 0.36914217594170307 __DUMMY__ 0.06861808893983037	false	1.0
nachlassen	neg 1.0		neg 0.5652691815813741 off 0.36660025257951445 __DUMMY__ 0.06813056583911149	false	1.0
alt	neg 1.0		neg 0.5656613829440822 off 0.36589821113690346 __DUMMY__ 0.06844040591901429	false	1.0
hundesohn	off 1.0		neg 0.5513471062537559 off 0.38173851478529947 __DUMMY__ 0.06691437896094461	false	0.5
als			neg 0.5649105626438503 off 0.3668122741105448 __DUMMY__ 0.06827716324560498	false	0.0
abschreckung	neg 1.0		neg 0.5713393469853305 off 0.36098470122276605 __DUMMY__ 0.06767595179190354	false	1.0
unqualifiziert	neg 1.0	neg 1.0	neg 0.770518344314452 off 0.19722870504572962 __DUMMY__ 0.03225295063981841	false	1.0
abgewichst	off 1.0		neg 0.5653553550161866 off 0.36685478896040574 __DUMMY__ 0.06778985602340763	false	0.5
schwer	neg 1.0		neg 0.56347192002525 off 0.36838747384238546 __DUMMY__ 0.06814060613236445	false	1.0
bedeutungslosigkeit	neg 1.0		neg 0.570173199169891 off 0.36209296783305706 __DUMMY__ 0.06773383299705206	false	1.0
kapitulation	neg 1.0		neg 0.5711561080035518 off 0.361781132698092 __DUMMY__ 0.0670627592983562	false	1.0
unscharf	neg 1.0		neg 0.5598533849193522 off 0.37218443717072297 __DUMMY__ 0.06796217790992493	false	1.0
schwinden	neg 1.0		neg 0.5690605131976929 off 0.36305294340546307 __DUMMY__ 0.06788654339684413	false	1.0
versklavung	neg 1.0	neg 1.0	neg 0.772517459937097 off 0.1954893026656813 __DUMMY__ 0.03199323739722175	false	1.0
schlecht	neg 1.0		neg 0.5567092897608767 off 0.3753312831046001 __DUMMY__ 0.0679594271345232	false	1.0
verhasst	neg 1.0		neg 0.5654049608055776 off 0.36704830140474215 __DUMMY__ 0.06754673778968033	false	1.0
beschweren	neg 1.0		neg 0.5615479073598967 off 0.370422025364327 __DUMMY__ 0.06803006727577617	false	1.0
scheiden	neg 1.0		neg 0.5630286917900255 off 0.3687895667540535 __DUMMY__ 0.06818174145592099	false	1.0
frustriert	neg 1.0		neg 0.5650682431975985 off 0.36688409113595055 __DUMMY__ 0.06804766566645092	false	1.0
schimmelig	neg 1.0		neg 0.5672982861861287 off 0.36477846267797903 __DUMMY__ 0.06792325113589232	false	1.0
fisch	neg 1.0	neg 1.0	neg 0.771030700823414 off 0.1962261405339309 __DUMMY__ 0.03274315864265513	false	1.0
schmuggel	neg 1.0		neg 0.5677492782289809 off 0.3640090969769688 __DUMMY__ 0.06824162479405022	false	1.0
auffallen	neg 1.0		neg 0.561127439140626 off 0.3708843038176305 __DUMMY__ 0.0679882570417437	false	1.0
konkurrenz	neg 1.0		neg 0.5685438452082007 off 0.36318907379674453 __DUMMY__ 0.06826708099505488	false	1.0
teufelskreis	neg 1.0	neg 1.0	neg 0.7722044508190931 off 0.19541420417987698 __DUMMY__ 0.03238134500102996	false	1.0
aufschreien	neg 1.0		neg 0.5630086961440457 off 0.3693630166298533 __DUMMY__ 0.06762828722610097	false	1.0
schuldner	neg 1.0		neg 0.5699120826826723 off 0.3625322617710502 __DUMMY__ 0.0675556555462776	false	1.0
missgeburt	off 1.0	off 1.0	off 0.6726083708855675 neg 0.295330493817022 __DUMMY__ 0.032061135297410524	false	1.0
arbeitslos	neg 1.0		neg 0.5671600906321773 off 0.36502665712543453 __DUMMY__ 0.06781325224238821	false	1.0
befallen	neg 1.0		neg 0.5710952104140943 off 0.3618990131754839 __DUMMY__ 0.06700577641042195	false	1.0
miesepetrig	off 1.0		neg 0.5565119967747454 off 0.37542759503692175 __DUMMY__ 0.06806040818833284	false	0.5
alarmieren	neg 1.0		neg 0.56103096761371 off 0.3716774821369923 __DUMMY__ 0.06729155024929764	false	1.0
ungeduscht	off 1.0		neg 0.559487238982283 off 0.37250525928751177 __DUMMY__ 0.06800750173020512	false	0.5
knappheit	neg 1.0		neg 0.5676406976615683 off 0.3647257325640528 __DUMMY__ 0.06763356977437872	false	1.0
schlange	neg 1.0		neg 0.5599241312740806 off 0.37170980561754735 __DUMMY__ 0.06836606310837222	false	1.0
harsch	neg 1.0		neg 0.549894295551149 off 0.3822430316606715 __DUMMY__ 0.06786267278817934	false	1.0
lang	neg 1.0		neg 0.5620392353430528 off 0.370007164523397 __DUMMY__ 0.06795360013355027	false	1.0
ziellos	neg 1.0		neg 0.5659760632858823 off 0.36585829436044287 __DUMMY__ 0.06816564235367466	false	1.0
selbstverliebt	neg 1.0		neg 0.5498144635534596 off 0.38341362379401167 __DUMMY__ 0.06677191265252863	false	1.0
beseitigen	neg 1.0		neg 0.560775632072426 off 0.3709724905296356 __DUMMY__ 0.06825187739793845	false	1.0
dumm	off 1.0		neg 0.553133649455738 off 0.37954382405928716 __DUMMY__ 0.06732252648497483	false	0.5
arbeitsloser	neg 1.0		neg 0.5676821121458842 off 0.36442151973099784 __DUMMY__ 0.06789636812311792	false	1.0
blitzen	neg 1.0		neg 0.5607240662677715 off 0.37163577942414444 __DUMMY__ 0.067640154308084	false	1.0
hilflos	neg 1.0		neg 0.5654605735197806 off 0.3664805417710126 __DUMMY__ 0.06805888470920672	false	1.0
eklig	off 1.0		neg 0.5525634979685996 off 0.38023018612034587 __DUMMY__ 0.0672063159110545	false	0.5
begriff			neg 0.5660828389646667 off 0.3660729017515229 __DUMMY__ 0.0678442592838104	false	0.0
hungersnot	neg 1.0		neg 0.568892722240444 off 0.36414283438621603 __DUMMY__ 0.06696444337334	false	1.0
ungesetzlich	neg 1.0		neg 0.5656002568394519 off 0.3674430675096593 __DUMMY__ 0.06695667565088871	false	1.0
verschwendung	neg 1.0		neg 0.5689177614849931 off 0.3630821140732568 __DUMMY__ 0.06800012444175017	false	1.0
schmerzvoll	neg 1.0		neg 0.5613464258337367 off 0.37058937660079666 __DUMMY__ 0.06806419756546658	false	1.0
vorzeitig	neg 1.0		neg 0.5579416062684536 off 0.37429890260644366 __DUMMY__ 0.06775949112510274	false	1.0
unvollkommenheit	neg 1.0		neg 0.5637025918288769 off 0.3684172776649416 __DUMMY__ 0.06788013050618139	false	1.0
intervenieren	neg 1.0		neg 0.5711976887567355 off 0.361412349425557 __DUMMY__ 0.0673899618177075	false	1.0
banause	off 1.0		neg 0.5508006976799313 off 0.38201401433151766 __DUMMY__ 0.06718528798855095	false	0.5
rebell	neg 1.0		neg 0.5687925358972228 off 0.36302819113470935 __DUMMY__ 0.06817927296806779	false	1.0
unlogisch	neg 1.0		neg 0.5563320907817558 off 0.376151931488433 __DUMMY__ 0.06751597772981116	false	1.0
leiden	neg 1.0	neg 1.0	neg 0.7711380507709368 off 0.19578769013191633 __DUMMY__ 0.03307425909714689	false	1.0
abschaffung	neg 1.0		neg 0.5650567818876356 off 0.36752891595024667 __DUMMY__ 0.0674143021621176	false	1.0
sturz	neg 1.0		neg 0.5651103807463499 off 0.36760849126735545 __DUMMY__ 0.06728112798629468	false	1.0
verkleinerung	neg 1.0		neg 0.5621490788009296 off 0.370618218316147 __DUMMY__ 0.06723270288292335	false	1.0
schmarotzer	off 1.0		neg 0.5688396192146077 off 0.36357003354092754 __DUMMY__ 0.06759034724446476	false	0.5
bestrafung	neg 1.0		neg 0.5630891991754868 off 0.36911107318854725 __DUMMY__ 0.06779972763596588	false	1.0
achtlos	neg 1.0		neg 0.5624109527824338 off 0.36925667246810157 __DUMMY__ 0.06833237474946467	false	1.0
ungeheuer	neg 1.0		neg 0.5612889173828032 off 0.3708377614342996 __DUMMY__ 0.06787332118289718	false	1.0
unaufrichtig	neg 1.0		neg 0.5637412733965194 off 0.3690606956988239 __DUMMY__ 0.06719803090465679	false	1.0
groggy	neg 1.0		neg 0.5605381588099747 off 0.3717547983279057 __DUMMY__ 0.0677070428621196	false	1.0
verletzlich	neg 1.0		neg 0.5572866884683252 off 0.37493402861882935 __DUMMY__ 0.06777928291284548	false	1.0
ablehnen	neg 1.0		neg 0.5681909258826684 off 0.36418593214890377 __DUMMY__ 0.0676231419684277	false	1.0
