unsolidarisch	neg 1.0		__DUMMY__ 0.919165323231498 neg 0.050851621117848037 off 0.029983055650653977	false	1.0
nachteilig	neg 1.0		__DUMMY__ 0.9270446822337537 neg 0.04578552838349265 off 0.027169789382753613	false	1.0
skeptisch	neg 1.0		__DUMMY__ 0.9287490291470426 neg 0.04601173735947417 off 0.02523923349348327	false	1.0
schrecklich	neg 1.0		__DUMMY__ 0.9254788619474086 neg 0.04023073516595622 off 0.03429040288663517	false	1.0
schlapp	neg 1.0		__DUMMY__ 0.9294875645766913 neg 0.03958179195681319 off 0.030930643466495513	false	1.0
abfall	neg 1.0		__DUMMY__ 0.9289863706084684 neg 0.04687670074824348 off 0.024136928643287987	false	1.0
widerspenstig	neg 1.0		__DUMMY__ 0.9301345804811705 neg 0.041859234510406 off 0.02800618500842357	false	1.0
abrupt	neg 1.0		__DUMMY__ 0.931226561016364 neg 0.04158069490686988 off 0.027192744076766136	false	1.0
unwirksam	neg 1.0		__DUMMY__ 0.9225093048400397 neg 0.048000887766814444 off 0.02948980739314593	false	1.0
angreifen	neg 1.0		__DUMMY__ 0.9265085825875677 neg 0.04706148493355268 off 0.0264299324788796	false	1.0
inkonsistent	neg 1.0		__DUMMY__ 0.9247762109126866 neg 0.045189569423602305 off 0.0300342196637111	false	1.0
abrutschen	neg 1.0		__DUMMY__ 0.9302013045750811 neg 0.04563766579509867 off 0.024161029629820294	false	1.0
unsicher	neg 1.0		__DUMMY__ 0.9281746204521487 neg 0.0432448942332332 off 0.028580485314618063	false	1.0
bauernkind	off 1.0		__DUMMY__ 0.9217149015412321 neg 0.0417744174600452 off 0.03651068099872273	false	0.5
angreifer	neg 1.0		__DUMMY__ 0.9232673540397864 neg 0.04557389949261076 off 0.031158746467602774	false	1.0
trennen	neg 1.0		__DUMMY__ 0.9330624060158083 neg 0.04158163662316059 off 0.025355957361031113	false	1.0
schmutz	neg 1.0		__DUMMY__ 0.9326013897146913 neg 0.03576192329728764 off 0.03163668698802104	false	1.0
inkonsistenz	neg 1.0	neg 1.0	neg 0.5104224117915612 __DUMMY__ 0.46134188776912766 off 0.02823570043931113	false	1.0
erschreckend	neg 1.0		__DUMMY__ 0.9267053784553737 neg 0.0452877704013164 off 0.028006851143309894	false	1.0
ertrinken	neg 1.0		__DUMMY__ 0.9299996079693791 neg 0.04364851854085572 off 0.026351873489765195	false	1.0
pickelface	off 1.0		__DUMMY__ 0.9251328431976669 neg 0.04540549263971363 off 0.029461664162619586	false	0.5
seiner			__DUMMY__ 0.928683470214526 neg 0.045244206063884435 off 0.02607232372158945	false	0.0
lauch	neg 1.0		__DUMMY__ 0.9289548980407653 neg 0.04629165896264781 off 0.024753442996586855	false	1.0
unwichtig	neg 1.0		__DUMMY__ 0.9257660067281177 neg 0.04259036912791763 off 0.031643624143964655	false	1.0
steuerhinterziehung	neg 1.0		__DUMMY__ 0.9225583754071958 neg 0.04864804472827609 off 0.028793579864528053	false	1.0
schock	neg 1.0		__DUMMY__ 0.9308375674824703 neg 0.04198279045668205 off 0.027179642060847723	false	1.0
beule	neg 1.0		__DUMMY__ 0.9291865659196075 neg 0.03908980099305726 off 0.03172363308733525	false	1.0
vergelten	neg 1.0		__DUMMY__ 0.923182218334389 neg 0.04110299509258506 off 0.03571478657302599	false	1.0
verdorbenheit	neg 1.0	neg 1.0	neg 0.5069357961474571 __DUMMY__ 0.4667121452556474 off 0.02635205859689548	false	1.0
trauma	neg 1.0		__DUMMY__ 0.9267539402392 neg 0.043383303880528225 off 0.029862755880271732	false	1.0
sinnlos	neg 1.0		__DUMMY__ 0.9269326271302804 neg 0.042981386649846846 off 0.030085986219872764	false	1.0
fettsack	off 1.0	off 1.0	off 0.5025207260458373 __DUMMY__ 0.45949640791647955 neg 0.03798286603768317	false	1.0
feige	off 1.0		__DUMMY__ 0.924143325870051 neg 0.04431057481338089 off 0.031546099316568016	false	0.5
abdanken	neg 1.0		__DUMMY__ 0.9209541072724263 neg 0.049813549200706325 off 0.029232343526867398	false	1.0
wichtigtuer	off 1.0	off 1.0	off 0.4974148235014229 __DUMMY__ 0.46099558583746186 neg 0.04158959066111523	false	1.0
misslingen	neg 1.0		__DUMMY__ 0.9305901147897857 neg 0.039797318331576625 off 0.029612566878637687	false	1.0
untreu	off 1.0		__DUMMY__ 0.9260239238287926 neg 0.041886807823182 off 0.03208926834802536	false	0.5
missmutig	neg 1.0		__DUMMY__ 0.9288831288791022 neg 0.040245505670213226 off 0.030871365450684595	false	1.0
hurenbock	off 1.0		__DUMMY__ 0.9314738125316465 neg 0.03961783001376321 off 0.02890835745459023	false	0.5
betrunken	neg 1.0		__DUMMY__ 0.9282672549870726 neg 0.03909275952561205 off 0.032639985487315414	false	1.0
korrupt	off 1.0		__DUMMY__ 0.9213654848663823 neg 0.050585859095582435 off 0.02804865603803538	false	0.5
unmut	neg 1.0		__DUMMY__ 0.9282263371398367 neg 0.04692769691371947 off 0.024845965946443768	false	1.0
hackfresse	off 1.0		__DUMMY__ 0.923854253683551 neg 0.03963574826904705 off 0.03650999804740183	false	0.5
aufblasen	neg 1.0		__DUMMY__ 0.9299578917203977 neg 0.040853030251013084 off 0.029189078028589287	false	1.0
gewaltsam	neg 1.0		__DUMMY__ 0.9228485126983997 neg 0.04735443542080192 off 0.029797051880798377	false	1.0
unbeliebtheit	neg 1.0		__DUMMY__ 0.9166908826012294 neg 0.04943163179665612 off 0.03387748560211434	false	1.0
sturheit	neg 1.0		__DUMMY__ 0.9241829924854776 neg 0.04744064619784516 off 0.02837636131667716	false	1.0
kuh	neg 1.0		__DUMMY__ 0.9263058281973741 neg 0.04441699489832976 off 0.029277176904296185	false	1.0
erschrecken	neg 1.0		__DUMMY__ 0.9282570101630554 neg 0.040971674220027225 off 0.030771315616917375	false	1.0
opfer	neg 1.0	neg 1.0	neg 0.5120904614703147 __DUMMY__ 0.4637419793260399 off 0.02416755920364545	false	1.0
sinken	neg 1.0		__DUMMY__ 0.9284693019814588 neg 0.04645330076894476 off 0.02507739724959641	false	1.0
stinktier	neg 1.0		__DUMMY__ 0.9233735790693425 neg 0.042138933343201374 off 0.03448748758745612	false	1.0
tucke	off 1.0		__DUMMY__ 0.9245688849901238 neg 0.038980613013396406 off 0.03645050199647982	false	0.5
ein			__DUMMY__ 0.9322663768082898 neg 0.039269015319788506 off 0.02846460787192172	false	0.0
abstieg	neg 1.0		__DUMMY__ 0.9254186066584619 neg 0.04660287938655909 off 0.02797851395497898	false	1.0
missverstehen	neg 1.0		__DUMMY__ 0.924526398257713 neg 0.0452755465985596 off 0.030198055143727365	false	1.0
ergebnislos	neg 1.0		__DUMMY__ 0.9264881741634302 neg 0.04594165408405468 off 0.027570171752515134	false	1.0
unter			__DUMMY__ 0.9355999314297296 neg 0.04305442977588789 off 0.021345638794382532	false	0.0
manipulieren	neg 1.0		__DUMMY__ 0.9262131422594765 neg 0.04752719618202918 off 0.026259661558494296	false	1.0
unbewiesen	neg 1.0		__DUMMY__ 0.9182334474134324 neg 0.05189526665130551 off 0.02987128593526216	false	1.0
verschleppen	neg 1.0		__DUMMY__ 0.9253225326945832 neg 0.04721642263098986 off 0.027461044674426994	false	1.0
weib	off 1.0		__DUMMY__ 0.9235229867748795 neg 0.03910965789036021 off 0.03736735533476025	false	0.5
opposition	neg 1.0		__DUMMY__ 0.9217594919298269 neg 0.04813064737975359 off 0.030109860690419578	false	1.0
verkehrswidrig	neg 1.0		__DUMMY__ 0.9271941531880364 neg 0.0379060506188458 off 0.03489979619311772	false	1.0
inkorrekt	neg 1.0		__DUMMY__ 0.9203766664519344 neg 0.046803125485007764 off 0.032820208063057923	false	1.0
vermeiden	neg 1.0		__DUMMY__ 0.9326103783824203 neg 0.044388735520036096 off 0.02300088609754367	false	1.0
abweichung	neg 1.0		__DUMMY__ 0.9213639747244707 neg 0.050882153892365084 off 0.027753871383164232	false	1.0
alkoholisiert	neg 1.0		__DUMMY__ 0.9300168719637287 neg 0.04337192142091456 off 0.026611206615356753	false	1.0
scheiss	off 1.0	off 1.0	off 0.49930343575469494 __DUMMY__ 0.46342166939860074 neg 0.03727489484670436	false	1.0
herausforderung	neg 1.0		__DUMMY__ 0.9334483733752043 neg 0.03973332740532767 off 0.026818299219468086	false	1.0
pervers	off 1.0		__DUMMY__ 0.9226935154180917 off 0.03923218563662552 neg 0.038074298945282775	false	1.0
wackelig	neg 1.0		__DUMMY__ 0.933607079266043 neg 0.03990286814877747 off 0.026490052585179447	false	1.0
verwickeln	neg 1.0		__DUMMY__ 0.9255120056917768 neg 0.04449784196064675 off 0.02999015234757644	false	1.0
vorwand	neg 1.0		__DUMMY__ 0.9268814163353347 neg 0.047728798827662414 off 0.025389784837002882	false	1.0
muschi	off 1.0		__DUMMY__ 0.925369950972604 neg 0.045401429215940405 off 0.029228619811455636	false	0.5
entmutigung	neg 1.0		__DUMMY__ 0.9165804312210857 neg 0.05196276639002552 off 0.03145680238888885	false	1.0
unangemessen	neg 1.0		__DUMMY__ 0.9243707751626811 neg 0.04804997170944641 off 0.02757925312787255	false	1.0
unstetig	neg 1.0		__DUMMY__ 0.9244894262042891 neg 0.04442745386354551 off 0.031083119932165473	false	1.0
entmutigen	neg 1.0		__DUMMY__ 0.9278301160178478 neg 0.042861503213657615 off 0.02930838076849457	false	1.0
schwanz	neg 1.0		__DUMMY__ 0.9273770862992549 neg 0.04525297407658138 off 0.0273699396241637	false	1.0
verbot	neg 1.0		__DUMMY__ 0.922329578907088 neg 0.04933120401945651 off 0.028339217073455512	false	1.0
leid	neg 1.0		__DUMMY__ 0.9242831361855939 neg 0.04045760872732557 off 0.035259255087080506	false	1.0
archaisch	neg 1.0		__DUMMY__ 0.9252384298712647 neg 0.046977080815788774 off 0.02778448931294642	false	1.0
gegen			__DUMMY__ 0.9269186774246406 neg 0.04716593645842739 off 0.02591538611693197	false	0.0
scheidung	neg 1.0	neg 1.0	neg 0.49986170406368263 __DUMMY__ 0.4595293700652484 off 0.0406089258710689	false	1.0
einschlag	neg 1.0		__DUMMY__ 0.924790000142433 neg 0.040157348991163 off 0.03505265086640414	false	1.0
m			__DUMMY__ 0.9296046596618543 neg 0.04275898278749993 off 0.027636357550645724	false	0.0
abgestanden	neg 1.0		__DUMMY__ 0.9296828545663761 neg 0.04253430220201418 off 0.02778284323160969	false	1.0
schmierig	off 1.0		__DUMMY__ 0.9255320615456686 neg 0.040004984388194414 off 0.034462954066136975	false	0.5
unpraktisch	neg 1.0		__DUMMY__ 0.9305927256940171 neg 0.04045882762338134 off 0.028948446682601558	false	1.0
wixxer	off 1.0		__DUMMY__ 0.9209517188529779 neg 0.03961007555369974 off 0.039438205593322416	false	0.5
bezeichnet			__DUMMY__ 0.9250235042670868 neg 0.04647185756078819 off 0.028504638172124997	false	0.0
jammerlappen	off 1.0		__DUMMY__ 0.9265890591130772 neg 0.041819613268851995 off 0.031591327618070694	false	0.5
farce	neg 1.0		__DUMMY__ 0.9191731666705126 neg 0.05205284905684361 off 0.02877398427264374	false	1.0
zwecklos	neg 1.0		__DUMMY__ 0.9253784486911605 neg 0.047350727847424945 off 0.027270823461414597	false	1.0
turbulent	neg 1.0		__DUMMY__ 0.9235669669819561 neg 0.0423882247006999 off 0.03404480831734404	false	1.0
invasion	neg 1.0		__DUMMY__ 0.9286559819328635 neg 0.04067494937210546 off 0.03066906869503112	false	1.0
schuld	neg 1.0		__DUMMY__ 0.9261444502535657 neg 0.04451645174935834 off 0.029339097997075864	false	1.0
risiko	neg 1.0		__DUMMY__ 0.9300745018559253 neg 0.03921229059228673 off 0.030713207551788	false	1.0
finster	neg 1.0		__DUMMY__ 0.9312241758767912 neg 0.040658698275594624 off 0.028117125847614312	false	1.0
geisteskrank	off 1.0		__DUMMY__ 0.9222448709953565 neg 0.04476181478352621 off 0.03299331422111724	false	0.5
zusammenbrechen	neg 1.0		__DUMMY__ 0.9286232387785274 neg 0.04366680525975643 off 0.027709955961716146	false	1.0
ausbeute	neg 1.0		__DUMMY__ 0.9322859454347554 neg 0.04138246051919137 off 0.02633159404605325	false	1.0
hinterhalt	neg 1.0		__DUMMY__ 0.9270586760815603 neg 0.04364296081525734 off 0.02929836310318234	false	1.0
kritik	neg 1.0		__DUMMY__ 0.9206195610751646 neg 0.05067322652793791 off 0.028707212396897486	false	1.0
einschrumpfen	neg 1.0		__DUMMY__ 0.9211368520004964 neg 0.04726497962783961 off 0.03159816837166385	false	1.0
riskant	neg 1.0		__DUMMY__ 0.927902430850058 neg 0.04577510762052126 off 0.026322461529420714	false	1.0
frustrieren	neg 1.0		__DUMMY__ 0.9272489243262485 neg 0.046420382002040066 off 0.026330693671711338	false	1.0
groll	neg 1.0		__DUMMY__ 0.9259332784729675 neg 0.04667377522306822 off 0.027392946303964282	false	1.0
gibt			__DUMMY__ 0.9275730744067534 neg 0.04482205770653172 off 0.027604867886714825	false	0.0
qualvoll	neg 1.0		__DUMMY__ 0.9288034316345746 neg 0.041281462667637936 off 0.02991510569778753	false	1.0
wackeln	neg 1.0		__DUMMY__ 0.9314226836506277 neg 0.03980691409884676 off 0.028770402250525465	false	1.0
klagen	neg 1.0		__DUMMY__ 0.925910402496179 neg 0.04870199825360656 off 0.025387599250214582	false	1.0
bankrott	neg 1.0		__DUMMY__ 0.928478489538838 neg 0.04000078207902941 off 0.03152072838213255	false	1.0
trauern	neg 1.0		__DUMMY__ 0.9283267873490695 neg 0.045259918227910256 off 0.026413294423020272	false	1.0
ablehnung	neg 1.0	neg 1.0	neg 0.5153391314537115 __DUMMY__ 0.45865792024814345 off 0.026002948298145128	false	1.0
stur	neg 1.0		__DUMMY__ 0.926412726488325 neg 0.04402887955257508 off 0.02955839395909997	false	1.0
aufruhr	neg 1.0		__DUMMY__ 0.9225371568474316 neg 0.04789131695633551 off 0.02957152619623296	false	1.0
melancholie	neg 1.0		__DUMMY__ 0.9325584101754438 neg 0.04087653842466067 off 0.026565051399895588	false	1.0
ist			__DUMMY__ 0.9268035241054824 neg 0.04356822526925817 off 0.029628250625259523	false	0.0
torheit	neg 1.0		__DUMMY__ 0.9209718294807961 neg 0.04884636045406578 off 0.03018181006513815	false	1.0
dreckskind	off 1.0		__DUMMY__ 0.919998868655716 neg 0.04391205243667035 off 0.03608907890761364	false	0.5
umtauschen	neg 1.0		__DUMMY__ 0.9306441694199912 neg 0.04157213078951857 off 0.027783699790490207	false	1.0
zum			__DUMMY__ 0.9366588177131568 neg 0.04018969340272477 off 0.02315148888411835	false	0.0
zersetzen	neg 1.0		__DUMMY__ 0.9261610985246205 neg 0.048007914055849456 off 0.025830987419530032	false	1.0
zur			__DUMMY__ 0.9305645293394633 neg 0.045800930395458066 off 0.02363454026507854	false	0.0
frust	neg 1.0		__DUMMY__ 0.9285762271559502 neg 0.043775858107161635 off 0.027647914736888206	false	1.0
unerbittlichkeit	neg 1.0		__DUMMY__ 0.9259688786907 neg 0.04755220545360276 off 0.026478915855697234	false	1.0
zwei			__DUMMY__ 0.934227075530962 neg 0.041402169936996316 off 0.024370754532041756	false	0.0
unkorrekt	neg 1.0		__DUMMY__ 0.9220171278517223 neg 0.04490234481753916 off 0.033080527330738574	false	1.0
hexe	off 1.0		__DUMMY__ 0.926801227328445 neg 0.041658367647168106 off 0.031540405024386854	false	0.5
lasch	neg 1.0		__DUMMY__ 0.924369143750171 neg 0.044621467956736015 off 0.031009388293093017	false	1.0
rivale	neg 1.0		__DUMMY__ 0.9239466015724555 neg 0.04143778838326425 off 0.034615610044280314	false	1.0
mutlos	off 1.0	off 1.0	off 0.49473118502760255 __DUMMY__ 0.46098024390688663 neg 0.044288571065510866	false	1.0
wirr	off 1.0		__DUMMY__ 0.9218597940779909 neg 0.04418409698005538 off 0.033956108941953715	false	0.5
jahr			__DUMMY__ 0.9330058025110496 neg 0.04114420184632498 off 0.025849995642625332	false	0.0
wird			__DUMMY__ 0.9282157857746424 neg 0.04517476667875349 off 0.026609447546604187	false	0.0
strafbar	neg 1.0		__DUMMY__ 0.9241774190609744 neg 0.048996437764978924 off 0.026826143174046777	false	1.0
erosion	neg 1.0		__DUMMY__ 0.9296922541479041 neg 0.04078812599185064 off 0.02951961986024516	false	1.0
eingehen	neg 1.0		__DUMMY__ 0.9261628300778816 neg 0.04675540417297498 off 0.027081765749143463	false	1.0
faul	off 1.0		__DUMMY__ 0.929708339475648 neg 0.03942974021780028 off 0.03086192030655173	false	0.5
provisorium	neg 1.0		__DUMMY__ 0.9337970517811688 neg 0.04522454531298611 off 0.020978402905845066	false	1.0
schmerzen	neg 1.0		__DUMMY__ 0.9300107762440479 neg 0.04269764950845664 off 0.027291574247495502	false	1.0
schrumpfen	neg 1.0		__DUMMY__ 0.9301940347368955 neg 0.04647969058469467 off 0.023326274678409694	false	1.0
geistlos	off 1.0		__DUMMY__ 0.9189231213701743 neg 0.04983370421325339 off 0.031243174416572313	false	0.5
fehlkauf	neg 1.0		__DUMMY__ 0.9251153004767007 neg 0.044172954110763926 off 0.03071174541253539	false	1.0
frustrierend	neg 1.0	neg 1.0	neg 0.5083580107777156 __DUMMY__ 0.46357000210718885 off 0.02807198711509551	false	1.0
unzufrieden	neg 1.0		__DUMMY__ 0.9267525321155665 neg 0.04599669390045324 off 0.02725077398398019	false	1.0
verzweifeln	neg 1.0		__DUMMY__ 0.9284869866778478 neg 0.04327356245193766 off 0.0282394508702146	false	1.0
verzweifelt	neg 1.0		__DUMMY__ 0.9270059396736003 neg 0.043542652718159235 off 0.029451407608240488	false	1.0
misstrauensantrag	neg 1.0		__DUMMY__ 0.9241865961836365 neg 0.04523185079261831 off 0.030581553023745187	false	1.0
abfallen	neg 1.0		__DUMMY__ 0.9321397626945201 neg 0.03927159288173692 off 0.028588644423742923	false	1.0
fucker	off 1.0		__DUMMY__ 0.9240723479666699 neg 0.041852341348160904 off 0.03407531068516921	false	0.5
ungezogen	neg 1.0		__DUMMY__ 0.9247092659772799 neg 0.037865931404258264 off 0.03742480261846181	false	1.0
irrsinnig	neg 1.0	neg 1.0	neg 0.5109804996960744 __DUMMY__ 0.46239487855470013 off 0.026624621749225457	false	1.0
unfassbar	neg 1.0		__DUMMY__ 0.9261335625052661 neg 0.042001593885450654 off 0.03186484360928312	false	1.0
hart	neg 1.0		__DUMMY__ 0.9246568535752289 neg 0.043591035651572095 off 0.031752110773199005	false	1.0
widerlich	off 1.0		__DUMMY__ 0.9241351240295869 neg 0.043313993169526666 off 0.03255088280088647	false	0.5
fatal	neg 1.0		__DUMMY__ 0.9255633686071725 neg 0.043762444584448425 off 0.03067418680837915	false	1.0
bruch	neg 1.0		__DUMMY__ 0.9251859226166432 neg 0.04959944279133073 off 0.025214634592026008	false	1.0
aushungern	neg 1.0		__DUMMY__ 0.9217390130707904 neg 0.04858414713682204 off 0.029676839792387423	false	1.0
anspannung	neg 1.0		__DUMMY__ 0.9316302701811775 neg 0.04426734151052658 off 0.02410238830829592	false	1.0
von			__DUMMY__ 0.9332939012500604 neg 0.04143302092743485 off 0.025273077822504732	false	0.0
kraftlos	neg 1.0		__DUMMY__ 0.9321249466098672 neg 0.04136314261703037 off 0.026511910773102366	false	1.0
vom			__DUMMY__ 0.9358080761854366 neg 0.042577311261732136 off 0.021614612552831276	false	0.0
grenzdebil	off 1.0		__DUMMY__ 0.9268457829696081 neg 0.040662463342644 off 0.032491753687747864	false	0.5
vor			__DUMMY__ 0.9309647667846598 neg 0.044183888997571134 off 0.024851344217768995	false	0.0
unterwerfen	neg 1.0		__DUMMY__ 0.9260724585843222 neg 0.047112032131865635 off 0.026815509283812173	false	1.0
versenkung	neg 1.0		__DUMMY__ 0.9271614221923804 neg 0.04632841341963148 off 0.026510164387988148	false	1.0
entziehen	neg 1.0		__DUMMY__ 0.9274689570300461 neg 0.04749475127466106 off 0.02503629169529292	false	1.0
finanzkrise	neg 1.0		__DUMMY__ 0.9214802266282424 neg 0.049494979385333183 off 0.02902479398642436	false	1.0
schimpfend	neg 1.0		__DUMMY__ 0.9337064164765613 neg 0.037400905073203775 off 0.02889267845023491	false	1.0
profan	neg 1.0		__DUMMY__ 0.9275266124675742 neg 0.042521501955400616 off 0.029951885577025227	false	1.0
korruption	neg 1.0		__DUMMY__ 0.9220139972805608 neg 0.049992788107355315 off 0.027993214612083882	false	1.0
â			__DUMMY__ 0.9291347107909996 neg 0.04382479923252027 off 0.02704048997648006	false	0.0
schmutzig	neg 1.0		__DUMMY__ 0.9295608088258176 neg 0.03846374567762169 off 0.03197544549656075	false	1.0
sexy	neg 1.0		__DUMMY__ 0.927188780875444 neg 0.041390859109542086 off 0.03142036001501394	false	1.0
abraten	neg 1.0		__DUMMY__ 0.9286717030241518 neg 0.042097510243004364 off 0.029230786732843798	false	1.0
schwarz	neg 1.0		__DUMMY__ 0.9262826788764107 neg 0.043685416362046724 off 0.030031904761542518	false	1.0
fotze	off 1.0		__DUMMY__ 0.9256558497539897 neg 0.046406875068506596 off 0.02793727517750362	false	0.5
verwirren	neg 1.0		__DUMMY__ 0.9271968827198476 neg 0.04223321764974535 off 0.030569899630407106	false	1.0
zahnlos	off 1.0		__DUMMY__ 0.9254544360263768 neg 0.046988081716901886 off 0.02755748225672126	false	0.5
verheeren	neg 1.0		__DUMMY__ 0.9189811364513804 neg 0.04170688409840721 off 0.03931197945021247	false	1.0
hippie	neg 1.0		__DUMMY__ 0.9266391311474769 neg 0.0419993508044478 off 0.03136151804807526	false	1.0
rammen	neg 1.0		__DUMMY__ 0.9282107787601976 neg 0.04169258274199238 off 0.030096638497810003	false	1.0
unlauter	neg 1.0	neg 1.0	neg 0.5114057696207673 __DUMMY__ 0.46074869877972374 off 0.02784553159950892	false	1.0
unheilvoll	neg 1.0		__DUMMY__ 0.9286752443068279 neg 0.04182120666902203 off 0.029503549024150057	false	1.0
niedrig	neg 1.0		__DUMMY__ 0.9273848804049122 neg 0.04573732123647133 off 0.026877798358616502	false	1.0
explosion	neg 1.0		__DUMMY__ 0.9279661137695747 neg 0.04119682442237563 off 0.03083706180804976	false	1.0
weichei	off 1.0		__DUMMY__ 0.9239903974896588 neg 0.04031190004598051 off 0.03569770246436067	false	0.5
minusmensch	off 1.0		__DUMMY__ 0.9184301206473184 neg 0.04216345140493457 off 0.039406427947747034	false	0.5
farblos	neg 1.0		__DUMMY__ 0.9261170221010551 neg 0.04498964289771562 off 0.028893335001229238	false	1.0
unwissend	neg 1.0	neg 1.0	neg 0.5094136045731228 __DUMMY__ 0.4615089705916661 off 0.029077424835210974	false	1.0
traurig	neg 1.0		__DUMMY__ 0.9268878770941436 neg 0.03955020154868393 off 0.0335619213571725	false	1.0
senkung	neg 1.0		__DUMMY__ 0.925382747051205 neg 0.043896374638744406 off 0.030720878310050544	false	1.0
ungleich	neg 1.0	neg 1.0	neg 0.5137340730027113 __DUMMY__ 0.4620067952869407 off 0.024259131710348023	false	1.0
heikel	neg 1.0		__DUMMY__ 0.9272654129982141 neg 0.047017530717736726 off 0.025717056284049196	false	1.0
drosselung	neg 1.0		__DUMMY__ 0.927672197518587 neg 0.038723040316329546 off 0.03360476216508354	false	1.0
falsch	neg 1.0		__DUMMY__ 0.9262202982001209 neg 0.04261992920372958 off 0.031159772596149635	false	1.0
unzufriedenheit	neg 1.0		__DUMMY__ 0.9267098013870156 neg 0.047539829571586506 off 0.02575036904139786	false	1.0
kurz	neg 1.0		__DUMMY__ 0.9314699299027351 neg 0.04133850163517066 off 0.02719156846209422	false	1.0
unsinnig	neg 1.0		__DUMMY__ 0.9266067624077847 neg 0.04588166333949813 off 0.027511574252717136	false	1.0
penner	off 1.0	off 1.0	off 0.5036580717659572 __DUMMY__ 0.46112243901249067 neg 0.03521948922155214	false	1.0
seicht	neg 1.0		__DUMMY__ 0.9204215478657639 neg 0.04181284672077708 off 0.037765605413459004	false	1.0
dummheit	off 1.0	off 1.0	off 0.4978440472989579 __DUMMY__ 0.4609136836747394 neg 0.041242269026302666	false	1.0
unerfreulich	neg 1.0		__DUMMY__ 0.9285905111996087 neg 0.04620842188720698 off 0.025201066913184255	false	1.0
motherfucker	off 1.0	off 1.0	off 0.5011037736797105 __DUMMY__ 0.4606489311036797 neg 0.038247295216609904	false	1.0
pikiert	neg 1.0		__DUMMY__ 0.9247699880067337 neg 0.043537312955874256 off 0.03169269903739203	false	1.0
wrack	neg 1.0		__DUMMY__ 0.9294636677687819 neg 0.043605331202010815 off 0.026931001029207324	false	1.0
gangster	neg 1.0		__DUMMY__ 0.9265539198012449 neg 0.04269965155662758 off 0.03074642864212749	false	1.0
krank	neg 1.0		__DUMMY__ 0.9293583542782956 neg 0.03851864412807876 off 0.032123001593625695	false	1.0
reich	neg 1.0		__DUMMY__ 0.9190395614195975 neg 0.0482620851668163 off 0.0326983534135861	false	1.0
gnadenlos	neg 1.0		__DUMMY__ 0.9271168382074865 neg 0.04344867628830945 off 0.029434485504204026	false	1.0
niedergeschlagen	neg 1.0		__DUMMY__ 0.928750590068042 neg 0.04368218249277477 off 0.027567227439183276	false	1.0
terrorisieren	off 1.0	off 1.0	off 0.49429802706868803 __DUMMY__ 0.4637830205307299 neg 0.04191895240058218	false	1.0
sinnlosigkeit	neg 1.0		__DUMMY__ 0.9258252151587223 neg 0.04666840869278784 off 0.0275063761484898	false	1.0
behindern	neg 1.0		__DUMMY__ 0.9294964442996615 neg 0.042145311317426895 off 0.028358244382911617	false	1.0
undemokratisch	neg 1.0		__DUMMY__ 0.9207617476709532 neg 0.0488735746033468 off 0.030364677725700027	false	1.0
wirtschaftskrise	neg 1.0		__DUMMY__ 0.9239250978897571 neg 0.04829091382406845 off 0.02778398828617448	false	1.0
neid	neg 1.0		__DUMMY__ 0.9295495870331897 neg 0.03993849168640374 off 0.03051192128040664	false	1.0
rutschen	neg 1.0		__DUMMY__ 0.9367487790761468 neg 0.04012029772145677 off 0.02313092320239634	false	1.0
rezession	neg 1.0		__DUMMY__ 0.9195709150858997 neg 0.04506587362236991 off 0.035363211291730416	false	1.0
fehlgeburt	neg 1.0		__DUMMY__ 0.9277642372935866 neg 0.043482422741812535 off 0.028753339964600905	false	1.0
charakterschwach	off 1.0		__DUMMY__ 0.9246505097750836 neg 0.042822232915534615 off 0.03252725730938183	false	0.5
isolation	neg 1.0		__DUMMY__ 0.927552330765552 neg 0.040461946881017376 off 0.03198572235343066	false	1.0
ablenkung	neg 1.0		__DUMMY__ 0.9294156567140978 neg 0.04185004709576332 off 0.028734296190138956	false	1.0
pech	neg 1.0		__DUMMY__ 0.9283775970794907 neg 0.04153247615849192 off 0.030089926762017324	false	1.0
vermeidung	neg 1.0		__DUMMY__ 0.928363468273923 neg 0.03884042633440591 off 0.03279610539167108	false	1.0
dominieren	neg 1.0		__DUMMY__ 0.9275886694763189 neg 0.04442133392636735 off 0.02798999659731378	false	1.0
schwindlig	neg 1.0		__DUMMY__ 0.9309591501942609 neg 0.03926710312459915 off 0.02977374668113998	false	1.0
lutscher	neg 1.0		__DUMMY__ 0.9216006706421418 neg 0.04046310162853508 off 0.03793622772932307	false	1.0
pflicht	neg 1.0		__DUMMY__ 0.9270786350096384 neg 0.047115233039196694 off 0.025806131951164928	false	1.0
faschist	off 1.0		__DUMMY__ 0.9211715587669713 neg 0.0478539434808213 off 0.030974497752207335	false	0.5
verschleudern	neg 1.0		__DUMMY__ 0.9243924626900171 neg 0.04824760953922852 off 0.027359927770754362	false	1.0
wenn			__DUMMY__ 0.9267922822206413 neg 0.04205443485455611 off 0.031153282924802614	false	0.0
ehebruch	neg 1.0		__DUMMY__ 0.9245005716233382 neg 0.04832558016049796 off 0.027173848216163865	false	1.0
spott	off 1.0		__DUMMY__ 0.9252931375139766 neg 0.047949725851773116 off 0.026757136634250216	false	0.5
trostlosigkeit	neg 1.0		__DUMMY__ 0.9229926730691228 neg 0.05096943320428569 off 0.026037893726591474	false	1.0
lutschen	neg 1.0		__DUMMY__ 0.9238944656251515 neg 0.044272878333789206 off 0.03183265604105927	false	1.0
undiszipliniert	neg 1.0		__DUMMY__ 0.925649181338396 neg 0.04120512880827135 off 0.03314568985333253	false	1.0
kopfschmerz	neg 1.0		__DUMMY__ 0.9288949974713641 neg 0.04322483970138226 off 0.027880162827253734	false	1.0
unvorhergesehen	neg 1.0		__DUMMY__ 0.9328234532731386 neg 0.04031250970552053 off 0.02686403702134083	false	1.0
desinteressiert	neg 1.0		__DUMMY__ 0.9246391993686737 neg 0.04219291349540517 off 0.033167887135921136	false	1.0
armselig	off 1.0		__DUMMY__ 0.9230448423689576 neg 0.04296883467443711 off 0.03398632295660533	false	0.5
desaster	neg 1.0		__DUMMY__ 0.9248855065813485 neg 0.05011131582274855 off 0.02500317759590294	false	1.0
tod	neg 1.0		__DUMMY__ 0.9220566274431297 neg 0.05136910189398327 off 0.026574270662887086	false	1.0
herzlos	neg 1.0		__DUMMY__ 0.925858302886251 neg 0.04003454216158264 off 0.03410715495216634	false	1.0
unwissenheit	neg 1.0		__DUMMY__ 0.9246430890826153 neg 0.04779689264784651 off 0.02756001826953816	false	1.0
widersinnig	neg 1.0		__DUMMY__ 0.9215155893134641 neg 0.04981722547788861 off 0.028667185208647233	false	1.0
bedenklich	neg 1.0		__DUMMY__ 0.9268418829227278 neg 0.0467521503461061 off 0.026405966731166044	false	1.0
beanstanden	neg 1.0		__DUMMY__ 0.927571451605397 neg 0.046963284842623965 off 0.02546526355197898	false	1.0
panisch	neg 1.0	neg 1.0	neg 0.5047424963501904 __DUMMY__ 0.4685891776009001 off 0.02666832604890961	false	1.0
debil	off 1.0		__DUMMY__ 0.9291295665315535 neg 0.04764677127693071 off 0.02322366219151571	false	0.5
abstrich	neg 1.0		__DUMMY__ 0.9320323163126423 neg 0.040312099895159346 off 0.027655583792198363	false	1.0
primitiv	neg 1.0		__DUMMY__ 0.9241092080304737 neg 0.04292559708758873 off 0.03296519488193759	false	1.0
abschaum	off 1.0	off 1.0	off 0.4993782991535083 __DUMMY__ 0.4601101232304138 neg 0.040511577616077904	false	1.0
provozieren	neg 1.0		__DUMMY__ 0.9249419473201737 neg 0.04592117909426699 off 0.02913687358555929	false	1.0
tot	neg 1.0		__DUMMY__ 0.9273884073548095 neg 0.04486378788589556 off 0.02774780475929488	false	1.0
instabil	neg 1.0		__DUMMY__ 0.9220830772109042 neg 0.0431938127311844 off 0.03472311005791139	false	1.0
schwuchtel	off 1.0		__DUMMY__ 0.9179365668905372 off 0.04186004284812746 neg 0.040203390261335445	false	1.0
zerren	neg 1.0		__DUMMY__ 0.9288733398713506 neg 0.04349702016805572 off 0.027629639960593668	false	1.0
kinderficker	off 1.0		__DUMMY__ 0.9218733622181557 neg 0.04260639302899327 off 0.03552024475285107	false	0.5
gefahr	neg 1.0		__DUMMY__ 0.9259717511737207 neg 0.04701684903102779 off 0.027011399795251547	false	1.0
rabiat	neg 1.0		__DUMMY__ 0.9271024667537063 neg 0.044079709028246754 off 0.02881782421804694	false	1.0
verlangsamung	neg 1.0		__DUMMY__ 0.9191193908889443 neg 0.043384330025492156 off 0.03749627908556348	false	1.0
ausgestorben	neg 1.0		__DUMMY__ 0.9285688572510518 neg 0.043754638855134406 off 0.027676503893813872	false	1.0
anklagen	neg 1.0		__DUMMY__ 0.9244381725405546 neg 0.04677013218145136 off 0.028791695277994085	false	1.0
trott	neg 1.0		__DUMMY__ 0.928529192817909 neg 0.042927633470224935 off 0.028543173711866068	false	1.0
verminderung	neg 1.0		__DUMMY__ 0.9254363854464622 neg 0.04106818113327549 off 0.03349543342026223	false	1.0
nach			__DUMMY__ 0.9338794802100207 neg 0.04283774759266826 off 0.023282772197311064	false	0.0
rost	neg 1.0		__DUMMY__ 0.9218641211490161 neg 0.04073259986035847 off 0.03740327899062543	false	1.0
destruktiv	neg 1.0	neg 1.0	neg 0.5134217160999698 __DUMMY__ 0.4606847008085896 off 0.025893583091440554	false	1.0
unzumutbarkeit	neg 1.0		__DUMMY__ 0.926820199839275 neg 0.04021663811248522 off 0.032963162048239854	false	1.0
labil	off 1.0	off 1.0	off 0.4999671799007766 __DUMMY__ 0.46076055374801067 neg 0.03927226635121271	false	1.0
ziemlich	neg 1.0		__DUMMY__ 0.9267661139434062 neg 0.041029323087037134 off 0.0322045629695566	false	1.0
lachnummer	off 1.0		__DUMMY__ 0.9242903350712998 neg 0.04713715833311901 off 0.02857250659558122	false	0.5
oder			__DUMMY__ 0.9298144247359064 neg 0.041889957270395274 off 0.028295617993698372	false	0.0
verfall	neg 1.0		__DUMMY__ 0.9289217668485066 neg 0.04766094082593435 off 0.023417292325559044	false	1.0
ausgrenzung	neg 1.0		__DUMMY__ 0.9214790813424583 neg 0.04774929607880176 off 0.030771622578739898	false	1.0
unordnung	neg 1.0		__DUMMY__ 0.9239724273139124 neg 0.04114328671191853 off 0.03488428597416903	false	1.0
fehlverhalten	neg 1.0		__DUMMY__ 0.9254067502297256 neg 0.0479509172956312 off 0.02664233247464313	false	1.0
eine			__DUMMY__ 0.9304630703041342 neg 0.04450222675253076 off 0.025034702943334992	false	0.0
nille	neg 1.0		__DUMMY__ 0.9242237084539778 neg 0.0465777111757055 off 0.02919858037031657	false	1.0
qual	neg 1.0		__DUMMY__ 0.9281062693008646 neg 0.04334182197493933 off 0.028551908724196145	false	1.0
verschwenden	neg 1.0		__DUMMY__ 0.9280330618861958 neg 0.04561749986367509 off 0.026349438250129052	false	1.0
riesig	neg 1.0		__DUMMY__ 0.9279501105080047 neg 0.04416165010029588 off 0.027888239391699456	false	1.0
verurteilen	neg 1.0		__DUMMY__ 0.9238348683715837 neg 0.04836243492760111 off 0.02780269670081518	false	1.0
klischee	neg 1.0	neg 1.0	neg 0.5111460420548524 __DUMMY__ 0.4605297122711145 off 0.0283242456740331	false	1.0
diktatorisch	neg 1.0		__DUMMY__ 0.919214451665549 neg 0.05034641156074786 off 0.030439136773703118	false	1.0
vorhersehbar	neg 1.0		__DUMMY__ 0.9235905577238633 neg 0.04607238418685255 off 0.030337058089284084	false	1.0
sowie			__DUMMY__ 0.9209724821818124 neg 0.04253612848670214 off 0.036491389331485505	false	0.0
stornieren	neg 1.0		__DUMMY__ 0.9304144419776589 neg 0.03944256135610973 off 0.0301429966662313	false	1.0
besteuerung	neg 1.0		__DUMMY__ 0.9256854678731045 neg 0.044775469001588276 off 0.029539063125307265	false	1.0
ungeschminkt	neg 1.0		__DUMMY__ 0.9258309694311446 neg 0.04196117512389826 off 0.03220785544495702	false	1.0
kritisch	neg 1.0		__DUMMY__ 0.9251260825573292 neg 0.04808594111784202 off 0.026787976324828832	false	1.0
schlamperei	off 1.0		__DUMMY__ 0.9244403475272241 neg 0.048365226771393766 off 0.02719442570138214	false	0.5
sucht	neg 1.0	neg 1.0	neg 0.5044013704110053 __DUMMY__ 0.4684854348066123 off 0.027113194782382333	false	1.0
egoistisch	off 1.0		__DUMMY__ 0.923687321517008 neg 0.04053874651586626 off 0.0357739319671256	false	0.5
ausbeuter	off 1.0		__DUMMY__ 0.924129980506131 neg 0.04943572777214296 off 0.026434291721726018	false	0.5
arschgeburt	off 1.0		__DUMMY__ 0.9180101316998073 off 0.041857289002463376 neg 0.04013257929772929	false	1.0
schubs	neg 1.0	neg 1.0	neg 0.5078059072019248 __DUMMY__ 0.4682994829501171 off 0.02389460984795824	false	1.0
unsolide	neg 1.0		__DUMMY__ 0.916593207299523 neg 0.0506562576526359 off 0.032750535047841124	false	1.0
beschwerde	neg 1.0		__DUMMY__ 0.925447787119215 neg 0.046905348458885214 off 0.027646864421899724	false	1.0
stocken	neg 1.0		__DUMMY__ 0.9276458489391405 neg 0.045266752828221964 off 0.02708739823263746	false	1.0
isolieren	neg 1.0		__DUMMY__ 0.9299378173563122 neg 0.041774845685625714 off 0.02828733695806206	false	1.0
unheilbar	neg 1.0		__DUMMY__ 0.9254432329665339 neg 0.04519231517855217 off 0.029364451854913865	false	1.0
pisser	off 1.0		__DUMMY__ 0.9227938592168817 neg 0.04262237169699293 off 0.034583769086125385	false	0.5
löschen	neg 1.0		__DUMMY__ 0.9264879550062238 neg 0.04393485701472144 off 0.02957718797905483	false	1.0
durchfallen	neg 1.0		__DUMMY__ 0.9268325585874256 neg 0.04643672482132311 off 0.026730716591251247	false	1.0
wichser	off 1.0		__DUMMY__ 0.9223621309275715 off 0.03886924867798268 neg 0.038768620394445875	false	1.0
terror	neg 1.0		__DUMMY__ 0.9291798906610474 neg 0.039913261378852 off 0.030906847960100584	false	1.0
krass	neg 1.0		__DUMMY__ 0.9257374725069638 neg 0.040238054250324715 off 0.034024473242711524	false	1.0
revolte	neg 1.0	neg 1.0	neg 0.51510844585249 __DUMMY__ 0.4560138029155731 off 0.028877751231936824	false	1.0
besorgt	neg 1.0		__DUMMY__ 0.9322470979762765 neg 0.04036663621606546 off 0.027386265807658027	false	1.0
nachlassen	neg 1.0		__DUMMY__ 0.9286911476430917 neg 0.0441141910213179 off 0.027194661335590477	false	1.0
alt	neg 1.0		__DUMMY__ 0.9318525339694375 neg 0.04291695222633013 off 0.02523051380423248	false	1.0
hundesohn	off 1.0		__DUMMY__ 0.9198249551409267 neg 0.04140776041619092 off 0.03876728444288239	false	0.5
als			__DUMMY__ 0.9295128514124068 neg 0.04339928351597828 off 0.027087865071614974	false	0.0
abschreckung	neg 1.0		__DUMMY__ 0.925577467315139 neg 0.048695568740927814 off 0.02572696394393322	false	1.0
unqualifiziert	neg 1.0	neg 1.0	neg 0.5110110949814607 __DUMMY__ 0.4611816200931111 off 0.02780728492542825	false	1.0
abgewichst	off 1.0		__DUMMY__ 0.9262481209046167 neg 0.04549886634198007 off 0.02825301275340313	false	0.5
schwer	neg 1.0		__DUMMY__ 0.9283210756348059 neg 0.04336495761248676 off 0.028313966752707375	false	1.0
bedeutungslosigkeit	neg 1.0		__DUMMY__ 0.9257806232429273 neg 0.04803062902588933 off 0.026188747731183442	false	1.0
kapitulation	neg 1.0		__DUMMY__ 0.9209196325643455 neg 0.0512649287444379 off 0.027815438691216544	false	1.0
unscharf	neg 1.0		__DUMMY__ 0.9277386512084769 neg 0.042211512380604124 off 0.030049836410919007	false	1.0
schwinden	neg 1.0		__DUMMY__ 0.9269641891011067 neg 0.04689057520599082 off 0.02614523569290244	false	1.0
versklavung	neg 1.0	neg 1.0	neg 0.514570786600386 __DUMMY__ 0.4579999698844132 off 0.027429243515200746	false	1.0
schlecht	neg 1.0		__DUMMY__ 0.927038628912388 neg 0.04048845268257534 off 0.03247291840503659	false	1.0
verhasst	neg 1.0		__DUMMY__ 0.9241836664803907 neg 0.046612796453934506 off 0.029203537065674693	false	1.0
beschweren	neg 1.0		__DUMMY__ 0.9275533971378744 neg 0.04274527754388377 off 0.029701325318241878	false	1.0
scheiden	neg 1.0		__DUMMY__ 0.9292962880982506 neg 0.04283465529677156 off 0.027869056604977835	false	1.0
frustriert	neg 1.0		__DUMMY__ 0.9276880172561721 neg 0.0445057956592244 off 0.02780618708460347	false	1.0
schimmelig	neg 1.0		__DUMMY__ 0.9277454339705887 neg 0.046299273405972396 off 0.025955292623438896	false	1.0
fisch	neg 1.0	neg 1.0	neg 0.5080478490278484 __DUMMY__ 0.46809892094763705 off 0.023853230024514598	false	1.0
schmuggel	neg 1.0		__DUMMY__ 0.9299238692648452 neg 0.04449366645307384 off 0.02558246428208109	false	1.0
auffallen	neg 1.0		__DUMMY__ 0.9272298929144573 neg 0.04276916185134511 off 0.030000945234197527	false	1.0
konkurrenz	neg 1.0		__DUMMY__ 0.9296826497501351 neg 0.04497455524947453 off 0.025342795000390363	false	1.0
teufelskreis	neg 1.0	neg 1.0	neg 0.5119994084013495 __DUMMY__ 0.4624293416656832 off 0.025571249932967135	false	1.0
aufschreien	neg 1.0		__DUMMY__ 0.9246537595246119 neg 0.04519391012567553 off 0.030152330349712504	false	1.0
schuldner	neg 1.0		__DUMMY__ 0.9247142070086299 neg 0.04854759140965897 off 0.026738201581711037	false	1.0
missgeburt	off 1.0	off 1.0	off 0.503165606408352 __DUMMY__ 0.459104734693303 neg 0.037729658898344974	false	1.0
arbeitslos	neg 1.0		__DUMMY__ 0.9260163940904199 neg 0.04644423026463331 off 0.027539375644946754	false	1.0
befallen	neg 1.0		__DUMMY__ 0.920222635069149 neg 0.052046705067945814 off 0.027730659862905106	false	1.0
miesepetrig	off 1.0		__DUMMY__ 0.9280836586061149 neg 0.04008669551184365 off 0.0318296458820415	false	0.5
alarmieren	neg 1.0		__DUMMY__ 0.9226332548014382 neg 0.0450030142414001 off 0.03236373095716175	false	1.0
ungeduscht	off 1.0		__DUMMY__ 0.9279635274189613 neg 0.04200626805230787 off 0.03003020452873078	false	0.5
knappheit	neg 1.0		__DUMMY__ 0.9252238897946325 neg 0.04716980023791651 off 0.0276063099674509	false	1.0
schlange	neg 1.0		__DUMMY__ 0.9300607489650168 neg 0.040647492795397734 off 0.029291758239585547	false	1.0
harsch	neg 1.0		__DUMMY__ 0.9265476213472918 neg 0.03718032029994507 off 0.03627205835276303	false	1.0
lang	neg 1.0		__DUMMY__ 0.9272468128497715 neg 0.04320075580004999 off 0.029552431350178477	false	1.0
ziellos	neg 1.0		__DUMMY__ 0.9284303451602239 neg 0.04468076733345372 off 0.02688888750632241	false	1.0
selbstverliebt	neg 1.0		__DUMMY__ 0.9183268903766328 neg 0.04175188885581979 off 0.03992122076754728	false	1.0
beseitigen	neg 1.0		__DUMMY__ 0.9299784134315054 neg 0.040775692405138744 off 0.029245894163355754	false	1.0
dumm	off 1.0		__DUMMY__ 0.9224263398428163 neg 0.041297883626565175 off 0.03627577653061851	false	0.5
arbeitsloser	neg 1.0		__DUMMY__ 0.9269864641381068 neg 0.04599847874913874 off 0.02701505711275443	false	1.0
blitzen	neg 1.0		__DUMMY__ 0.9251017716753879 neg 0.04362458960806706 off 0.03127363871654513	false	1.0
hilflos	neg 1.0		__DUMMY__ 0.9279331667315427 neg 0.04461377853140573 off 0.0274530547370516	false	1.0
eklig	off 1.0		__DUMMY__ 0.9215940166827635 neg 0.041603095456600916 off 0.03680288786063557	false	0.5
begriff			__DUMMY__ 0.9266092025267312 neg 0.045522192602223205 off 0.027868604871045612	false	0.0
hungersnot	neg 1.0		__DUMMY__ 0.9201282619708507 neg 0.0506765642426082 off 0.029195173786541025	false	1.0
ungesetzlich	neg 1.0		__DUMMY__ 0.9200400475386423 neg 0.04857371432649995 off 0.03138623813485768	false	1.0
verschwendung	neg 1.0		__DUMMY__ 0.9275646167810853 neg 0.04658664612055201 off 0.025848737098362638	false	1.0
schmerzvoll	neg 1.0		__DUMMY__ 0.9278305014227415 neg 0.04253629704838348 off 0.02963320152887514	false	1.0
vorzeitig	neg 1.0		__DUMMY__ 0.9261984891354559 neg 0.041508754837927084 off 0.03229275602661701	false	1.0
unvollkommenheit	neg 1.0		__DUMMY__ 0.9271762551961635 neg 0.044014818847686765 off 0.028808925956149617	false	1.0
intervenieren	neg 1.0		__DUMMY__ 0.9233593739520418 neg 0.049916100806512556 off 0.02672452524144567	false	1.0
banause	off 1.0		__DUMMY__ 0.9215741740699361 neg 0.0406510276900903 off 0.037774798239973595	false	0.5
rebell	neg 1.0		__DUMMY__ 0.9297308937338677 neg 0.045489036490329295 off 0.024780069775802983	false	1.0
unlogisch	neg 1.0		__DUMMY__ 0.92385986208961 neg 0.04215138921333144 off 0.033988748697058604	false	1.0
leiden	neg 1.0	neg 1.0	neg 0.5058374128068315 __DUMMY__ 0.47184170526016733 off 0.02232088193300114	false	1.0
abschaffung	neg 1.0		__DUMMY__ 0.9236276190863469 neg 0.04668849570651837 off 0.029683885207134678	false	1.0
sturz	neg 1.0		__DUMMY__ 0.9223893099205107 neg 0.047583575223672916 off 0.030027114855816456	false	1.0
verkleinerung	neg 1.0		__DUMMY__ 0.922178875695902 neg 0.046034568784419944 off 0.03178655551967807	false	1.0
schmarotzer	off 1.0		__DUMMY__ 0.9246130044119489 neg 0.04807796224005536 off 0.027309033347995695	false	0.5
bestrafung	neg 1.0		__DUMMY__ 0.9261495171178049 neg 0.04415932452850707 off 0.02969115835368799	false	1.0
achtlos	neg 1.0		__DUMMY__ 0.9298592924322826 neg 0.041927306548751965 off 0.028213401018965467	false	1.0
