unsolidarisch	neg 1.0		neg 0.5842371898567116 off 0.37489564920677726 __DUMMY__ 0.04086716093651116	false	1.0
nachteilig	neg 1.0		neg 0.5831063196456306 off 0.3753896832352116 __DUMMY__ 0.04150399711915778	false	1.0
skeptisch	neg 1.0		neg 0.5852783548861491 off 0.37306721924217895 __DUMMY__ 0.041654425871671896	false	1.0
schrecklich	neg 1.0		neg 0.5702146784185135 off 0.3883769089541291 __DUMMY__ 0.04140841262735739	false	1.0
schlapp	neg 1.0		neg 0.5729496978236903 off 0.3853291780119489 __DUMMY__ 0.041721124164360815	false	1.0
abfall	neg 1.0		neg 0.5870488289986409 off 0.37126325824160455 __DUMMY__ 0.04168791275975461	false	1.0
widerspenstig	neg 1.0		neg 0.5782889696140324 off 0.3799394987958424 __DUMMY__ 0.04177153159012514	false	1.0
abrupt	neg 1.0		neg 0.5793555036709971 off 0.3787931543946723 __DUMMY__ 0.04185134193433066	false	1.0
unwirksam	neg 1.0		neg 0.581558529778964 off 0.37730554567919805 __DUMMY__ 0.041135924541837995	false	1.0
angreifen	neg 1.0		neg 0.5849531890570465 off 0.3735539610772902 __DUMMY__ 0.041492849865663234	false	1.0
inkonsistent	neg 1.0		neg 0.5787127068769853 off 0.37998029781694115 __DUMMY__ 0.04130699530607348	false	1.0
abrutschen	neg 1.0		neg 0.5860495880066785 off 0.372158807653969 __DUMMY__ 0.0417916043393526	false	1.0
unsicher	neg 1.0		neg 0.5791444001989742 off 0.37921117614484134 __DUMMY__ 0.04164442365618452	false	1.0
bauernkind	off 1.0		neg 0.5686588660266504 off 0.3902953837214967 __DUMMY__ 0.04104575025185279	false	0.5
angreifer	neg 1.0		neg 0.5784187540036659 off 0.38038859563586586 __DUMMY__ 0.04119265036046821	false	1.0
trennen	neg 1.0		neg 0.5813243371478104 off 0.3766431039261205 __DUMMY__ 0.04203255892606913	false	1.0
schmutz	neg 1.0		neg 0.5703161508438401 off 0.3877692987318923 __DUMMY__ 0.041914550424267484	false	1.0
inkonsistenz	neg 1.0	neg 1.0	neg 0.7775234679958531 off 0.20277961674913403 __DUMMY__ 0.019696915255012843	false	1.0
erschreckend	neg 1.0		neg 0.5816417894023507 off 0.37685270329282555 __DUMMY__ 0.041505507304823885	false	1.0
ertrinken	neg 1.0		neg 0.5820226263111731 off 0.3761998309248789 __DUMMY__ 0.04177754276394792	false	1.0
pickelface	off 1.0		neg 0.5801427797346115 off 0.37853055546726144 __DUMMY__ 0.04132666479812708	false	0.5
seiner			neg 0.5837034920231686 off 0.3746313625927427 __DUMMY__ 0.04166514538408865	false	0.0
lauch	neg 1.0		neg 0.585693740022533 off 0.3726721606283008 __DUMMY__ 0.041634099349166155	false	1.0
unwichtig	neg 1.0		neg 0.5753508856548745 off 0.38322534739504355 __DUMMY__ 0.04142376695008195	false	1.0
steuerhinterziehung	neg 1.0		neg 0.5837042187139326 off 0.3751783013559835 __DUMMY__ 0.04111747993008385	false	1.0
schock	neg 1.0		neg 0.5794884798405929 off 0.3786661397946978 __DUMMY__ 0.04184538036470945	false	1.0
beule	neg 1.0		neg 0.571679613474352 off 0.38665003274563187 __DUMMY__ 0.04167035378001595	false	1.0
vergelten	neg 1.0		neg 0.5702113625571694 off 0.3886227880379038 __DUMMY__ 0.041165849404926874	false	1.0
verdorbenheit	neg 1.0	neg 1.0	neg 0.7766540119941303 off 0.20339356404731704 __DUMMY__ 0.01995242395855265	false	1.0
trauma	neg 1.0		neg 0.5778270557426058 off 0.3806731522965166 __DUMMY__ 0.041499791960877504	false	1.0
sinnlos	neg 1.0		neg 0.5773274663178604 off 0.3811399229284537 __DUMMY__ 0.04153261075368591	false	1.0
fettsack	off 1.0	off 1.0	off 0.6772460331596449 neg 0.3031448266998512 __DUMMY__ 0.019609140140503755	false	1.0
feige	off 1.0		neg 0.5768763664669377 off 0.3818422528959402 __DUMMY__ 0.04128138063712213	false	0.5
abdanken	neg 1.0		neg 0.584413303317005 off 0.3745890742337095 __DUMMY__ 0.04099762244928547	false	1.0
wichtigtuer	off 1.0	off 1.0	off 0.6718338118705182 neg 0.3084705450072079 __DUMMY__ 0.01969564312227396	false	1.0
misslingen	neg 1.0		neg 0.5754341844291763 off 0.38280327522293245 __DUMMY__ 0.041762540347891244	false	1.0
untreu	off 1.0		neg 0.5740876334500569 off 0.3844540492288857 __DUMMY__ 0.04145831732105749	false	0.5
missmutig	neg 1.0		neg 0.5740503358884759 off 0.38426983992058084 __DUMMY__ 0.04167982419094337	false	1.0
hurenbock	off 1.0		neg 0.5755515275153751 off 0.3826341147567822 __DUMMY__ 0.0418143577278426	false	0.5
betrunken	neg 1.0		neg 0.5708423835435723 off 0.3875312191086602 __DUMMY__ 0.04162639734776749	false	1.0
korrupt	off 1.0		neg 0.5861856647111195 off 0.3727808481607731 __DUMMY__ 0.041033487128107296	false	0.5
unmut	neg 1.0		neg 0.5867778114366424 off 0.37162596855894675 __DUMMY__ 0.04159622000441089	false	1.0
hackfresse	off 1.0		neg 0.5672487710223262 off 0.3914897556935319 __DUMMY__ 0.041261473284141925	false	0.5
aufblasen	neg 1.0		neg 0.5762829476991196 off 0.38193657637510625 __DUMMY__ 0.04178047592577421	false	1.0
gewaltsam	neg 1.0		neg 0.5812631670606406 off 0.37758415683170665 __DUMMY__ 0.04115267610765278	false	1.0
unbeliebtheit	neg 1.0		neg 0.5784510380002911 off 0.38088663107524334 __DUMMY__ 0.04066233092446549	false	1.0
sturheit	neg 1.0		neg 0.5832691494255323 off 0.3754494406281295 __DUMMY__ 0.04128140994633808	false	1.0
kuh	neg 1.0		neg 0.5784564497838875 off 0.3801494150359032 __DUMMY__ 0.04139413518020924	false	1.0
erschrecken	neg 1.0		neg 0.5747074014280716 off 0.38365009925992144 __DUMMY__ 0.04164249931200683	false	1.0
opfer	neg 1.0	neg 1.0	neg 0.7809426543598642 off 0.19924081006607472 __DUMMY__ 0.019816535574061035	false	1.0
sinken	neg 1.0		neg 0.5856442773433039 off 0.37273644505615167 __DUMMY__ 0.0416192776005444	false	1.0
stinktier	neg 1.0		neg 0.5712760789593784 off 0.38753311711110117 __DUMMY__ 0.041190803929520535	false	1.0
tucke	off 1.0		neg 0.5665116098402831 off 0.3922181540407971 __DUMMY__ 0.04127023611891973	false	0.5
ein			neg 0.5757683460037761 off 0.3822784876212447 __DUMMY__ 0.04195316637497916	false	0.0
abstieg	neg 1.0		neg 0.5829124060951294 off 0.3757166419549229 __DUMMY__ 0.04137095194994761	false	1.0
missverstehen	neg 1.0		neg 0.5791215163541177 off 0.37955769209765067 __DUMMY__ 0.04132079154823164	false	1.0
ergebnislos	neg 1.0		neg 0.5829600301455581 off 0.3755957802339863 __DUMMY__ 0.04144418962045542	false	1.0
unter			neg 0.5869731233549466 off 0.37080646673766177 __DUMMY__ 0.04222040990739178	false	0.0
manipulieren	neg 1.0		neg 0.5856455410213423 off 0.37290845507261594 __DUMMY__ 0.04144600390604192	false	1.0
unbewiesen	neg 1.0		neg 0.5851552900722177 off 0.37405141056538393 __DUMMY__ 0.040793299362398436	false	1.0
verschleppen	neg 1.0		neg 0.5841290106405576 off 0.3745336154891561 __DUMMY__ 0.04133737387028632	false	1.0
weib	off 1.0		neg 0.5659966747210167 off 0.39279730827050396 __DUMMY__ 0.04120601700847933	false	0.5
opposition	neg 1.0		neg 0.580729134938082 off 0.3781819826401065 __DUMMY__ 0.04108888242181145	false	1.0
verkehrswidrig	neg 1.0		neg 0.5676198455963299 off 0.3908950488620032 __DUMMY__ 0.04148510554166675	false	1.0
inkorrekt	neg 1.0		neg 0.577560948975569 off 0.3814815324468512 __DUMMY__ 0.04095751857757981	false	1.0
vermeiden	neg 1.0		neg 0.5862153347347934 off 0.37183162461133396 __DUMMY__ 0.0419530406538727	false	1.0
abweichung	neg 1.0		neg 0.5862375579003001 off 0.3727128153037653 __DUMMY__ 0.04104962679593454	false	1.0
alkoholisiert	neg 1.0		neg 0.580748395525018 off 0.37753143770030206 __DUMMY__ 0.041720166774679907	false	1.0
scheiss	off 1.0	off 1.0	off 0.675556477953659 neg 0.30464770874984776 __DUMMY__ 0.01979581329649324	false	1.0
herausforderung	neg 1.0		neg 0.5788879120047665 off 0.3790984076184031 __DUMMY__ 0.042013680376830266	false	1.0
pervers	off 1.0		neg 0.5632198478998794 off 0.39563572409871084 __DUMMY__ 0.041144428001409786	false	0.5
wackelig	neg 1.0		neg 0.5783908728387416 off 0.37954214895243316 __DUMMY__ 0.042066978208825385	false	1.0
verwickeln	neg 1.0		neg 0.5788067042585908 off 0.37978494818050024 __DUMMY__ 0.041408347560909005	false	1.0
vorwand	neg 1.0		neg 0.5865741379950542 off 0.3719268348571587 __DUMMY__ 0.04149902714778716	false	1.0
muschi	off 1.0		neg 0.5803936611537247 off 0.37824748174703565 __DUMMY__ 0.041358857099239615	false	0.5
entmutigung	neg 1.0		neg 0.5834129629465052 off 0.37593826777857914 __DUMMY__ 0.0406487692749156	false	1.0
unangemessen	neg 1.0		neg 0.5844219092333676 off 0.37428199446837734 __DUMMY__ 0.04129609629825521	false	1.0
unstetig	neg 1.0		neg 0.5770566968915233 off 0.3816616799749962 __DUMMY__ 0.041281623133480515	false	1.0
entmutigen	neg 1.0		neg 0.578206455138869 off 0.38020750007737275 __DUMMY__ 0.041586044783758255	false	1.0
schwanz	neg 1.0		neg 0.582021293870179 off 0.3764796654379535 __DUMMY__ 0.0414990406918676	false	1.0
verbot	neg 1.0		neg 0.5849287314257263 off 0.3739670009089089 __DUMMY__ 0.04110426766536483	false	1.0
leid	neg 1.0		neg 0.5692315757859597 off 0.3894702418570642 __DUMMY__ 0.0412981823569761	false	1.0
archaisch	neg 1.0		neg 0.5831548198890008 off 0.3754716782230139 __DUMMY__ 0.04137350188798535	false	1.0
gegen			neg 0.5859195650576408 off 0.37258216918831993 __DUMMY__ 0.041498265754039206	false	0.0
scheidung	neg 1.0	neg 1.0	neg 0.7650513337727549 off 0.21534022196449704 __DUMMY__ 0.019608444262748177	false	1.0
einschlag	neg 1.0		neg 0.5697176475528732 off 0.3889774611490148 __DUMMY__ 0.04130489129811181	false	1.0
m			neg 0.5796144692635196 off 0.37865403578025425 __DUMMY__ 0.04173149495622621	false	0.0
abgestanden	neg 1.0		neg 0.5782760140049444 off 0.3800283578460051 __DUMMY__ 0.04169562814905036	false	1.0
schmierig	off 1.0		neg 0.5697668305002681 off 0.3888305980323209 __DUMMY__ 0.04140257146741114	false	0.5
unpraktisch	neg 1.0		neg 0.576070556276366 off 0.38211682113906265 __DUMMY__ 0.041812622584571336	false	1.0
wixxer	off 1.0		neg 0.5641049005041234 off 0.3948891924350119 __DUMMY__ 0.041005907060864634	false	0.5
bezeichnet			neg 0.5820679915665118 off 0.37657995323434224 __DUMMY__ 0.04135205519914589	false	0.0
jammerlappen	off 1.0		neg 0.574732085157525 off 0.3837699224344943 __DUMMY__ 0.0414979924079807	false	0.5
farce	neg 1.0		neg 0.5863620043171459 off 0.3727833403372679 __DUMMY__ 0.040854655345586036	false	1.0
zwecklos	neg 1.0		neg 0.5840329931187341 off 0.37456882737 __DUMMY__ 0.04139817951126581	false	1.0
turbulent	neg 1.0		neg 0.5724803187607898 off 0.3863376886445309 __DUMMY__ 0.0411819925946792	false	1.0
invasion	neg 1.0		neg 0.5748658910765186 off 0.38348362030318195 __DUMMY__ 0.0416504886202995	false	1.0
schuld	neg 1.0		neg 0.5795080277726435 off 0.3790325862892334 __DUMMY__ 0.04145938593812298	false	1.0
risiko	neg 1.0		neg 0.5741891387811642 off 0.3840948375667403 __DUMMY__ 0.04171602365209558	false	1.0
finster	neg 1.0		neg 0.5765886046767335 off 0.3815537842125549 __DUMMY__ 0.041857611110711616	false	1.0
geisteskrank	off 1.0		neg 0.5756510309644998 off 0.38321715607735574 __DUMMY__ 0.04113181295814436	false	0.5
zusammenbrechen	neg 1.0		neg 0.5805445851425272 off 0.37777647542914566 __DUMMY__ 0.04167893942832711	false	1.0
ausbeute	neg 1.0		neg 0.5797110083619164 off 0.3783732288269556 __DUMMY__ 0.04191576281112797	false	1.0
hinterhalt	neg 1.0		neg 0.57871758744192 off 0.37980916710306584 __DUMMY__ 0.041473245455014046	false	1.0
kritik	neg 1.0		neg 0.5854852566473601 off 0.37354557038299474 __DUMMY__ 0.040969172969645036	false	1.0
einschrumpfen	neg 1.0		neg 0.5789278763664123 off 0.3800561552066318 __DUMMY__ 0.04101596842695608	false	1.0
riskant	neg 1.0		neg 0.5838453133270898 off 0.3745499659456976 __DUMMY__ 0.04160472072721252	false	1.0
frustrieren	neg 1.0		neg 0.5843032056598888 off 0.3741456763352759 __DUMMY__ 0.04155111800483538	false	1.0
groll	neg 1.0		neg 0.5836286195181529 off 0.37495249019352433 __DUMMY__ 0.041418890288322574	false	1.0
gibt			neg 0.581625076775035 off 0.3767778143776006 __DUMMY__ 0.04159710884736437	false	0.0
qualvoll	neg 1.0		neg 0.5757781558444208 off 0.3825416793890645 __DUMMY__ 0.041680164766514746	false	1.0
wackeln	neg 1.0		neg 0.5760280816588561 off 0.38206906900760046 __DUMMY__ 0.04190284933354334	false	1.0
klagen	neg 1.0		neg 0.587502520133498 off 0.3710964812943465 __DUMMY__ 0.04140099857215545	false	1.0
bankrott	neg 1.0		neg 0.5729583226215866 off 0.38540019558944794 __DUMMY__ 0.04164148178896547	false	1.0
trauern	neg 1.0		neg 0.5835187503097139 off 0.3748795409967804 __DUMMY__ 0.0416017086935058	false	1.0
ablehnung	neg 1.0	neg 1.0	neg 0.7814182984154673 off 0.19901367139822532 __DUMMY__ 0.01956803018630737	false	1.0
stur	neg 1.0		neg 0.5788624553646442 off 0.3796548063967939 __DUMMY__ 0.04148273823856187	false	1.0
aufruhr	neg 1.0		neg 0.5820411813680885 off 0.37683019241599386 __DUMMY__ 0.04112862621591759	false	1.0
melancholie	neg 1.0		neg 0.579042209599396 off 0.3789970726211717 __DUMMY__ 0.04196071777943238	false	1.0
ist			neg 0.5780921834295112 off 0.38037342718027134 __DUMMY__ 0.04153438939021736	false	0.0
torheit	neg 1.0		neg 0.5823443538696609 off 0.37664768352597666 __DUMMY__ 0.0410079626043625	false	1.0
dreckskind	off 1.0		neg 0.5709890548757828 off 0.3880827825387657 __DUMMY__ 0.040928162585451455	false	0.5
umtauschen	neg 1.0		neg 0.5778667796187823 off 0.38031568964698637 __DUMMY__ 0.04181753073423126	false	1.0
zum			neg 0.5826084606225699 off 0.37508319109666777 __DUMMY__ 0.042308348280762194	false	0.0
zersetzen	neg 1.0		neg 0.5862652021794836 off 0.37229060563314464 __DUMMY__ 0.04144419218737172	false	1.0
zur			neg 0.5869335031266968 off 0.37126784401248486 __DUMMY__ 0.041798652860818325	false	0.0
frust	neg 1.0		neg 0.5807792393794313 off 0.37754236287628923 __DUMMY__ 0.041678397744279456	false	1.0
unerbittlichkeit	neg 1.0		neg 0.585390696054065 off 0.3731911413367504 __DUMMY__ 0.04141816260918451	false	1.0
zwei			neg 0.5820717207430802 off 0.37579997133789617 __DUMMY__ 0.04212830791902366	false	0.0
unkorrekt	neg 1.0		neg 0.5756072794633268 off 0.3833158501157985 __DUMMY__ 0.041076870420874746	false	1.0
hexe	off 1.0		neg 0.5739047668180585 off 0.38461779020910547 __DUMMY__ 0.04147744297283596	false	0.5
lasch	neg 1.0		neg 0.5778454060448435 off 0.38085446867412676 __DUMMY__ 0.0413001252810298	false	1.0
rivale	neg 1.0		neg 0.5709421732070332 off 0.3878138688021702 __DUMMY__ 0.04124395799079651	false	1.0
mutlos	off 1.0	off 1.0	off 0.6686087305161166 neg 0.31170574866185735 __DUMMY__ 0.019685520822026098	false	1.0
wirr	off 1.0		neg 0.5737149615200021 off 0.38520903566210823 __DUMMY__ 0.041076002817889604	false	0.5
jahr			neg 0.5802900280303693 off 0.37769742101952375 __DUMMY__ 0.042012550950107	false	0.0
wird			neg 0.5827325020988744 off 0.37562514368945726 __DUMMY__ 0.041642354211668405	false	0.0
strafbar	neg 1.0		neg 0.5861670258282118 off 0.372562701890092 __DUMMY__ 0.04127027228169631	false	1.0
erosion	neg 1.0		neg 0.5760767897680193 off 0.3821854967641758 __DUMMY__ 0.0417377134678047	false	1.0
eingehen	neg 1.0		neg 0.5838369442105407 off 0.3746920508913362 __DUMMY__ 0.04147100489812327	false	1.0
faul	off 1.0		neg 0.5730895468553858 off 0.385175305411047 __DUMMY__ 0.04173514773356717	false	0.5
provisorium	neg 1.0		neg 0.5887059186314019 off 0.36921644285813 __DUMMY__ 0.04207763851046818	false	1.0
schmerzen	neg 1.0		neg 0.5792017409855356 off 0.3790324208034773 __DUMMY__ 0.04176583821098726	false	1.0
schrumpfen	neg 1.0		neg 0.5878472560873114 off 0.3703939189281361 __DUMMY__ 0.04175882498455269	false	1.0
geistlos	off 1.0		neg 0.5819317652147774 off 0.3772157426877042 __DUMMY__ 0.04085249209751834	false	0.5
fehlkauf	neg 1.0		neg 0.577629028570905 off 0.3810255666105343 __DUMMY__ 0.04134540481856059	false	1.0
frustrierend	neg 1.0	neg 1.0	neg 0.7764379689430401 off 0.20373053350369558 __DUMMY__ 0.019831497553264396	false	1.0
unzufrieden	neg 1.0		neg 0.5830192556667608 off 0.37546388057284485 __DUMMY__ 0.04151686376039432	false	1.0
verzweifeln	neg 1.0		neg 0.5796707370273111 off 0.3786645619032156 __DUMMY__ 0.04166470106947331	false	1.0
verzweifelt	neg 1.0		neg 0.5783723088488077 off 0.3800789845912279 __DUMMY__ 0.041548706559964274	false	1.0
misstrauensantrag	neg 1.0		neg 0.5780086064012508 off 0.380701121858775 __DUMMY__ 0.04129027173997416	false	1.0
abfallen	neg 1.0		neg 0.575500167583122 off 0.38255342898110184 __DUMMY__ 0.041946403435776276	false	1.0
fucker	off 1.0		neg 0.5721029430466184 off 0.38660342207442766 __DUMMY__ 0.04129363487895393	false	0.5
ungezogen	neg 1.0		neg 0.5648817754905127 off 0.3938074798550674 __DUMMY__ 0.04131074465441984	false	1.0
irrsinnig	neg 1.0	neg 1.0	neg 0.778587240853633 off 0.20163702385368165 __DUMMY__ 0.019775735292685368	false	1.0
unfassbar	neg 1.0		neg 0.5743784104045995 off 0.3841540766536849 __DUMMY__ 0.0414675129417155	false	1.0
hart	neg 1.0		neg 0.5755729766201756 off 0.3831626178354322 __DUMMY__ 0.04126440554439226	false	1.0
widerlich	off 1.0		neg 0.5747978752359554 off 0.38391309671827545 __DUMMY__ 0.04128902804576911	false	0.5
fatal	neg 1.0		neg 0.5772978504082653 off 0.3812990877649842 __DUMMY__ 0.04140306182675055	false	1.0
bruch	neg 1.0		neg 0.5883277816854888 off 0.37031500872510165 __DUMMY__ 0.04135720958940955	false	1.0
aushungern	neg 1.0		neg 0.5831924642251093 off 0.37574870510529307 __DUMMY__ 0.041058830669597625	false	1.0
anspannung	neg 1.0		neg 0.5849963257544444 off 0.37309883104945424 __DUMMY__ 0.0419048431961013	false	1.0
von			neg 0.5813515243216848 off 0.3766320839058166 __DUMMY__ 0.04201639177249856	false	0.0
kraftlos	neg 1.0		neg 0.5798520716301486 off 0.37820300951736524 __DUMMY__ 0.041944918852486024	false	1.0
vom			neg 0.5858848116046369 off 0.37187448436113374 __DUMMY__ 0.042240704034229325	false	0.0
grenzdebil	off 1.0		neg 0.5726524752715257 off 0.3858304317107445 __DUMMY__ 0.041517093017729656	false	0.5
vor			neg 0.584103657697209 off 0.37403958227520967 __DUMMY__ 0.04185676002758132	false	0.0
unterwerfen	neg 1.0		neg 0.5846692013145743 off 0.3739099251030945 __DUMMY__ 0.041420873582331194	false	1.0
versenkung	neg 1.0		neg 0.5842413667501897 off 0.37420892144659457 __DUMMY__ 0.04154971180321583	false	1.0
entziehen	neg 1.0		neg 0.5868103254126766 off 0.37164085168858135 __DUMMY__ 0.04154882289874207	false	1.0
finanzkrise	neg 1.0		neg 0.5836448827537829 off 0.3753153664846283 __DUMMY__ 0.04103975076158876	false	1.0
schimpfend	neg 1.0		neg 0.573653034141462 off 0.38430080331242883 __DUMMY__ 0.04204616254610924	false	1.0
profan	neg 1.0		neg 0.5768943363758166 off 0.3815263217923028 __DUMMY__ 0.04157934183188072	false	1.0
korruption	neg 1.0		neg 0.5856520730359319 off 0.37327156550960666 __DUMMY__ 0.04107636145446162	false	1.0
â			neg 0.5810524695848884 off 0.37725986282361246 __DUMMY__ 0.04168766759149912	false	0.0
schmutzig	neg 1.0		neg 0.5714688042908129 off 0.38679547013511034 __DUMMY__ 0.04173572557407673	false	1.0
sexy	neg 1.0		neg 0.5745131460201922 off 0.3839474344672021 __DUMMY__ 0.04153941951260586	false	1.0
abraten	neg 1.0		neg 0.5772605767374217 off 0.3810715771120391 __DUMMY__ 0.041667846150539166	false	1.0
schwarz	neg 1.0		neg 0.5778596781978529 off 0.38068213424110897 __DUMMY__ 0.041458187561038085	false	1.0
fotze	off 1.0		neg 0.5824450630110014 off 0.3761742639860442 __DUMMY__ 0.04138067300295436	false	0.5
verwirren	neg 1.0		neg 0.5761498210000833 off 0.38229512987918407 __DUMMY__ 0.04155504912073261	false	1.0
zahnlos	off 1.0		neg 0.583583003973043 off 0.37501842584926365 __DUMMY__ 0.0413985701776934	false	0.5
verheeren	neg 1.0		neg 0.5661592726581255 off 0.39298323007290675 __DUMMY__ 0.04085749726896775	false	1.0
hippie	neg 1.0		neg 0.5751708180279868 off 0.38333599861940415 __DUMMY__ 0.04149318335260912	false	1.0
rammen	neg 1.0		neg 0.575628117932091 off 0.38278010320948724 __DUMMY__ 0.04159177885842178	false	1.0
unlauter	neg 1.0	neg 1.0	neg 0.7782272240149563 off 0.20210653652929364 __DUMMY__ 0.019666239455750075	false	1.0
unheilvoll	neg 1.0		neg 0.5765354105969038 off 0.3818245615877635 __DUMMY__ 0.04164002781533267	false	1.0
niedrig	neg 1.0		neg 0.5827993710367193 off 0.37568194774408703 __DUMMY__ 0.041518681219193776	false	1.0
explosion	neg 1.0		neg 0.5750249198595477 off 0.38338588908316357 __DUMMY__ 0.041589191057288644	false	1.0
weichei	off 1.0		neg 0.568492533804014 off 0.39022924424237554 __DUMMY__ 0.04127822195361031	false	0.5
minusmensch	off 1.0		neg 0.5668470005214736 off 0.3923600468496321 __DUMMY__ 0.04079295262889438	false	0.5
farblos	neg 1.0		neg 0.5796391313656597 off 0.37898814811339265 __DUMMY__ 0.041372720520947814	false	1.0
unwissend	neg 1.0	neg 1.0	neg 0.7762437928872606 off 0.20402973162272758 __DUMMY__ 0.01972647549001179	false	1.0
traurig	neg 1.0		neg 0.570591382978318 off 0.3878926393209008 __DUMMY__ 0.041515977700781324	false	1.0
senkung	neg 1.0		neg 0.5769649900141547 off 0.3816707932277162 __DUMMY__ 0.04136421675812915	false	1.0
ungleich	neg 1.0	neg 1.0	neg 0.7816518410657154 off 0.19861069176549137 __DUMMY__ 0.019737467168793304	false	1.0
heikel	neg 1.0		neg 0.5855026242105285 off 0.37295974708082663 __DUMMY__ 0.04153762870864496	false	1.0
drosselung	neg 1.0		neg 0.5699006003326502 off 0.38856350994715705 __DUMMY__ 0.04153588972019287	false	1.0
falsch	neg 1.0		neg 0.575742382035871 off 0.3827940914841706 __DUMMY__ 0.04146352647995845	false	1.0
unzufriedenheit	neg 1.0		neg 0.5861425299357654 off 0.37237300427049513 __DUMMY__ 0.04148446579373935	false	1.0
kurz	neg 1.0		neg 0.5787623348803277 off 0.37932977192750406 __DUMMY__ 0.0419078931921682	false	1.0
unsinnig	neg 1.0		neg 0.5826508843629025 off 0.37586278483203234 __DUMMY__ 0.041486330805065114	false	1.0
penner	off 1.0	off 1.0	off 0.6789872611680915 neg 0.30130454458483036 __DUMMY__ 0.019708194247078096	false	1.0
seicht	neg 1.0		neg 0.5680547262591369 off 0.39096675260874214 __DUMMY__ 0.040978521132121054	false	1.0
dummheit	off 1.0	off 1.0	off 0.6722740863279779 neg 0.3080329107561795 __DUMMY__ 0.019693002915842688	false	1.0
unerfreulich	neg 1.0		neg 0.5852150812096599 off 0.3731284556910988 __DUMMY__ 0.041656463099241196	false	1.0
motherfucker	off 1.0	off 1.0	off 0.6757215930238184 neg 0.304596578075015 __DUMMY__ 0.019681828901166612	false	1.0
pikiert	neg 1.0		neg 0.5759277463941893 off 0.3827396087577409 __DUMMY__ 0.041332644848069984	false	1.0
wrack	neg 1.0		neg 0.5809934387880974 off 0.37734536852930844 __DUMMY__ 0.04166119268259399	false	1.0
gangster	neg 1.0		neg 0.5762139089095609 off 0.3823018760843717 __DUMMY__ 0.041484215006067304	false	1.0
krank	neg 1.0		neg 0.5711020105819026 off 0.3871858187357245 __DUMMY__ 0.04171217068237304	false	1.0
reich	neg 1.0		neg 0.578176389014101 off 0.38097426456699857 __DUMMY__ 0.04084934641890045	false	1.0
gnadenlos	neg 1.0		neg 0.5785483833734295 off 0.3799016597649609 __DUMMY__ 0.041549956861609595	false	1.0
niedergeschlagen	neg 1.0		neg 0.5804702201949778 off 0.3778588401678822 __DUMMY__ 0.04167093963714009	false	1.0
terrorisieren	off 1.0	off 1.0	off 0.6693072986825465 neg 0.3108703403397053 __DUMMY__ 0.019822360977748206	false	1.0
sinnlosigkeit	neg 1.0		neg 0.5832299729794789 off 0.3753350632114359 __DUMMY__ 0.04143496380908536	false	1.0
behindern	neg 1.0		neg 0.5783747774033314 off 0.3799128322294755 __DUMMY__ 0.041712390367193146	false	1.0
undemokratisch	neg 1.0		neg 0.5823497192378103 off 0.37667094389715516 __DUMMY__ 0.0409793368650344	false	1.0
wirtschaftskrise	neg 1.0		neg 0.584424486168441 off 0.374345945839377 __DUMMY__ 0.041229567992182005	false	1.0
neid	neg 1.0		neg 0.5741051409072223 off 0.38417476987203875 __DUMMY__ 0.04172008922073902	false	1.0
rutschen	neg 1.0		neg 0.5823211994002718 off 0.3753549927646322 __DUMMY__ 0.04232380783509604	false	1.0
rezession	neg 1.0		neg 0.5729901226479744 off 0.38609694236079384 __DUMMY__ 0.04091293499123183	false	1.0
fehlgeburt	neg 1.0		neg 0.5788626241732413 off 0.37961765781958745 __DUMMY__ 0.04151971800717129	false	1.0
charakterschwach	off 1.0		neg 0.5747806550430237 off 0.38390420969583383 __DUMMY__ 0.041315135261142534	false	0.5
isolation	neg 1.0		neg 0.5730789973714508 off 0.38535597349283635 __DUMMY__ 0.0415650291357128	false	1.0
ablenkung	neg 1.0		neg 0.5778335142830275 off 0.38042641255336423 __DUMMY__ 0.04174007316360815	false	1.0
pech	neg 1.0		neg 0.575261329481573 off 0.3831162684587582 __DUMMY__ 0.041622402059668676	false	1.0
vermeidung	neg 1.0		neg 0.5707101590318044 off 0.38767396018125755 __DUMMY__ 0.04161588078693794	false	1.0
dominieren	neg 1.0		neg 0.5808983288379117 off 0.3775527998630046 __DUMMY__ 0.0415488712990836	false	1.0
schwindlig	neg 1.0		neg 0.5739729909685293 off 0.3841916760921533 __DUMMY__ 0.041835332939317314	false	1.0
lutscher	neg 1.0		neg 0.5663086447932619 off 0.3926363486027175 __DUMMY__ 0.04105500660402065	false	1.0
pflicht	neg 1.0		neg 0.5857125482878056 off 0.37275396066270033 __DUMMY__ 0.04153349104949406	false	1.0
faschist	off 1.0		neg 0.5809232386791431 off 0.3780753613700995 __DUMMY__ 0.04100139995075745	false	0.5
verschleudern	neg 1.0		neg 0.5846975816937309 off 0.3740184768429151 __DUMMY__ 0.04128394146335395	false	1.0
wenn			neg 0.5752149493051564 off 0.38325867475999614 __DUMMY__ 0.04152637593484737	false	0.0
ehebruch	neg 1.0		neg 0.5853259625877036 off 0.3733874452731695 __DUMMY__ 0.041286592139126714	false	1.0
spott	off 1.0		neg 0.5854980273414391 off 0.3731500381283449 __DUMMY__ 0.04135193453021607	false	0.5
trostlosigkeit	neg 1.0		neg 0.5881760564125547 off 0.3706302051679829 __DUMMY__ 0.04119373841946236	false	1.0
lutschen	neg 1.0		neg 0.5764617638647854 off 0.3823143519545464 __DUMMY__ 0.0412238841806682	false	1.0
undiszipliniert	neg 1.0		neg 0.5722361588300605 off 0.38635628646195286 __DUMMY__ 0.04140755470798678	false	1.0
kopfschmerz	neg 1.0		neg 0.5790972844237555 off 0.37922226747462107 __DUMMY__ 0.041680448101623344	false	1.0
unvorhergesehen	neg 1.0		neg 0.5782706551853977 off 0.3797333324388125 __DUMMY__ 0.04199601237578969	false	1.0
desinteressiert	neg 1.0		neg 0.5731431818276523 off 0.3855244836702251 __DUMMY__ 0.04133233450212255	false	1.0
armselig	off 1.0		neg 0.5730926394077452 off 0.3857068630511599 __DUMMY__ 0.04120049754109489	false	0.5
desaster	neg 1.0		neg 0.5889670612646253 off 0.36969919966045994 __DUMMY__ 0.04133373907491476	false	1.0
tod	neg 1.0		neg 0.5871509332482696 off 0.3717579106542845 __DUMMY__ 0.041091156097445805	false	1.0
herzlos	neg 1.0		neg 0.5705036559298104 off 0.3880662828258634 __DUMMY__ 0.04143006124432606	false	1.0
unwissenheit	neg 1.0		neg 0.5843085885734968 off 0.3743794579037688 __DUMMY__ 0.04131195352273451	false	1.0
widersinnig	neg 1.0		neg 0.5848952808795125 off 0.37405550715371644 __DUMMY__ 0.04104921196677093	false	1.0
bedenklich	neg 1.0		neg 0.584548577107299 off 0.3739467169087129 __DUMMY__ 0.04150470598398809	false	1.0
beanstanden	neg 1.0		neg 0.5859824417906659 off 0.3724652068783432 __DUMMY__ 0.04155235133099092	false	1.0
panisch	neg 1.0	neg 1.0	neg 0.7755050864983931 off 0.20443311093105293 __DUMMY__ 0.020061802570553997	false	1.0
debil	off 1.0		neg 0.5882743249716026 off 0.37006848611656884 __DUMMY__ 0.04165718891182858	false	0.5
abstrich	neg 1.0		neg 0.5768088139632547 off 0.38135735997772924 __DUMMY__ 0.04183382605901625	false	1.0
primitiv	neg 1.0		neg 0.5741795617776411 off 0.3845400193350565 __DUMMY__ 0.04128041888730251	false	1.0
abschaum	off 1.0	off 1.0	off 0.6735023780746077 neg 0.30684956869833185 __DUMMY__ 0.0196480532270605	false	1.0
provozieren	neg 1.0		neg 0.5807998474014489 off 0.37783983599708687 __DUMMY__ 0.0413603166014642	false	1.0
tot	neg 1.0		neg 0.5808133960424398 off 0.3776960416115835 __DUMMY__ 0.0414905623459769	false	1.0
instabil	neg 1.0		neg 0.5723312448480684 off 0.386568186381398 __DUMMY__ 0.041100568770533606	false	1.0
schwuchtel	off 1.0		neg 0.5623438506975407 off 0.3968890532648522 __DUMMY__ 0.040767096037607156	false	0.5
zerren	neg 1.0		neg 0.5804539805764394 off 0.3778552894715384 __DUMMY__ 0.041690729952022144	false	1.0
kinderficker	off 1.0		neg 0.5714555093034552 off 0.387482538409345 __DUMMY__ 0.041061952287199825	false	0.5
gefahr	neg 1.0		neg 0.5845538849228898 off 0.3740368058868744 __DUMMY__ 0.04140930919023576	false	1.0
rabiat	neg 1.0		neg 0.5796621187169901 off 0.3787929346102208 __DUMMY__ 0.04154494667278912	false	1.0
verlangsamung	neg 1.0		neg 0.5695010160966888 off 0.3896370639078756 __DUMMY__ 0.04086191999543562	false	1.0
ausgestorben	neg 1.0		neg 0.5805207850196455 off 0.37781588372578834 __DUMMY__ 0.041663331254566074	false	1.0
anklagen	neg 1.0		neg 0.582360822100682 off 0.3763763372757846 __DUMMY__ 0.04126284062353322	false	1.0
trott	neg 1.0		neg 0.578733693913135 off 0.37962118016442764 __DUMMY__ 0.04164512592243727	false	1.0
verminderung	neg 1.0		neg 0.5715834607986858 off 0.3870237354467029 __DUMMY__ 0.04139280375461139	false	1.0
nach			neg 0.5845001490652242 off 0.37341038232345697 __DUMMY__ 0.04208946861131882	false	0.0
rost	neg 1.0		neg 0.5676507476326239 off 0.3913045137337704 __DUMMY__ 0.041044738633605665	false	1.0
destruktiv	neg 1.0	neg 1.0	neg 0.7803815672099476 off 0.19994303242228426 __DUMMY__ 0.019675400367768242	false	1.0
unzumutbarkeit	neg 1.0		neg 0.5719082450808058 off 0.3866203586223034 __DUMMY__ 0.04147139629689082	false	1.0
labil	off 1.0	off 1.0	off 0.6744613619630905 neg 0.3058516235201702 __DUMMY__ 0.0196870145167393	false	1.0
ziemlich	neg 1.0		neg 0.5731988154849436 off 0.385280232546644 __DUMMY__ 0.04152095196841245	false	1.0
lachnummer	off 1.0		neg 0.5826791125039095 off 0.37602110745285344 __DUMMY__ 0.041299780043237075	false	0.5
oder			neg 0.5779690429167641 off 0.38025834511925666 __DUMMY__ 0.04177261196397919	false	0.0
verfall	neg 1.0		neg 0.5887047477393099 off 0.36965038554235674 __DUMMY__ 0.04164486671833353	false	1.0
ausgrenzung	neg 1.0		neg 0.5810451620960613 off 0.37792492934638605 __DUMMY__ 0.041029908557552786	false	1.0
unordnung	neg 1.0		neg 0.5705701631858078 off 0.38822345537589265 __DUMMY__ 0.04120638143829957	false	1.0
fehlverhalten	neg 1.0		neg 0.5856730981196823 off 0.37295568846257093 __DUMMY__ 0.04137121341774684	false	1.0
eine			neg 0.5839481572108997 off 0.3742281071812465 __DUMMY__ 0.0418237356078538	false	0.0
nille	neg 1.0		neg 0.5813507927288654 off 0.3773691711882059 __DUMMY__ 0.041280036082928614	false	1.0
qual	neg 1.0		neg 0.5791278424731835 off 0.3792627674046276 __DUMMY__ 0.04160939012218891	false	1.0
verschwenden	neg 1.0		neg 0.5833744674766173 off 0.37500259671461 __DUMMY__ 0.0416229358087728	false	1.0
riesig	neg 1.0		neg 0.5806376488007862 off 0.3778184227409765 __DUMMY__ 0.04154392845823745	false	1.0
verurteilen	neg 1.0		neg 0.5847278897161547 off 0.3740375831821499 __DUMMY__ 0.04123452710169526	false	1.0
klischee	neg 1.0	neg 1.0	neg 0.7775911423809595 off 0.20272356065978517 __DUMMY__ 0.01968529695925533	false	1.0
diktatorisch	neg 1.0		neg 0.5834921630152804 off 0.37565677756186355 __DUMMY__ 0.040851059422856016	false	1.0
vorhersehbar	neg 1.0		neg 0.5795330751221888 off 0.3792112836987493 __DUMMY__ 0.041255641179061844	false	1.0
sowie			neg 0.5698831778768274 off 0.389096983434382 __DUMMY__ 0.041019838688790784	false	0.0
stornieren	neg 1.0		neg 0.5744284176918653 off 0.38380376857887427 __DUMMY__ 0.041767813729260486	false	1.0
besteuerung	neg 1.0		neg 0.5789752340421936 off 0.3796427210997729 __DUMMY__ 0.04138204485803335	false	1.0
ungeschminkt	neg 1.0		neg 0.5733939612731029 off 0.38521681802353686 __DUMMY__ 0.04138922070336043	false	1.0
kritisch	neg 1.0		neg 0.58539239980214 off 0.3732480696216968 __DUMMY__ 0.04135953057616311	false	1.0
schlamperei	off 1.0		neg 0.5853625207862692 off 0.37336652690815286 __DUMMY__ 0.04127095230557804	false	0.5
sucht	neg 1.0	neg 1.0	neg 0.7752700355116963 off 0.20471801828241867 __DUMMY__ 0.02001194620588493	false	1.0
egoistisch	off 1.0		neg 0.5691170240821795 off 0.38964126188670517 __DUMMY__ 0.04124171403111544	false	0.5
ausbeuter	off 1.0		neg 0.5870113219514391 off 0.37172563581061374 __DUMMY__ 0.04126304223794703	false	0.5
arschgeburt	off 1.0		neg 0.5625347981353745 off 0.3966994263989035 __DUMMY__ 0.04076577546572191	false	0.5
schubs	neg 1.0	neg 1.0	neg 0.7784815891650745 off 0.20149018524506823 __DUMMY__ 0.020028225589857212	false	1.0
unsolide	neg 1.0		neg 0.5809912847262302 off 0.3783501790503223 __DUMMY__ 0.04065853622344744	false	1.0
beschwerde	neg 1.0		neg 0.5836332791633256 off 0.37501172067652583 __DUMMY__ 0.04135500016014867	false	1.0
stocken	neg 1.0		neg 0.5827206026287555 off 0.3757323995409517 __DUMMY__ 0.041546997830292844	false	1.0
isolieren	neg 1.0		neg 0.5790754207415388 off 0.3792135278447826 __DUMMY__ 0.04171105141367859	false	1.0
unheilbar	neg 1.0		neg 0.5802385235088544 off 0.37836817866695477 __DUMMY__ 0.04139329782419096	false	1.0
pisser	off 1.0		neg 0.5721476237243914 off 0.3867202247411854 __DUMMY__ 0.0411321515344232	false	0.5
löschen	neg 1.0		neg 0.5786098055211917 off 0.3799146572221174 __DUMMY__ 0.04147553725669084	false	1.0
durchfallen	neg 1.0		neg 0.5838394530106079 off 0.374647644965836 __DUMMY__ 0.04151290202355615	false	1.0
wichser	off 1.0		neg 0.5641845063042658 off 0.39466788894641447 __DUMMY__ 0.04114760474931973	false	0.5
terror	neg 1.0		neg 0.5736260188130755 off 0.38467601449906064 __DUMMY__ 0.04169796668786398	false	1.0
krass	neg 1.0		neg 0.5701379297921976 off 0.3884697246121878 __DUMMY__ 0.041392345595614735	false	1.0
revolte	neg 1.0	neg 1.0	neg 0.779348281178369 off 0.20120569510368017 __DUMMY__ 0.01944602371795088	false	1.0
besorgt	neg 1.0		neg 0.5783746233346615 off 0.3796775073663775 __DUMMY__ 0.041947869298961014	false	1.0
nachlassen	neg 1.0		neg 0.5812980704754829 off 0.37705317760744816 __DUMMY__ 0.04164875191706888	false	1.0
alt	neg 1.0		neg 0.5817597123151707 off 0.37640195100213014 __DUMMY__ 0.04183833668269935	false	1.0
hundesohn	off 1.0		neg 0.5670426413830624 off 0.39205445099989494 __DUMMY__ 0.04090290761704254	false	0.5
als			neg 0.580973498799347 off 0.3772875019670829 __DUMMY__ 0.04173899923357025	false	0.0
abschreckung	neg 1.0		neg 0.5872882274276566 off 0.37134168694890507 __DUMMY__ 0.04137008562343825	false	1.0
unqualifiziert	neg 1.0	neg 1.0	neg 0.7781177436541643 off 0.20218606504438838 __DUMMY__ 0.019696191301447293	false	1.0
abgewichst	off 1.0		neg 0.5813044903648412 off 0.3772554121878834 __DUMMY__ 0.04144009744727542	false	0.5
schwer	neg 1.0		neg 0.5794965163279973 off 0.378848060973361 __DUMMY__ 0.04165542269864173	false	1.0
bedeutungslosigkeit	neg 1.0		neg 0.5861305739461764 off 0.37246366886463794 __DUMMY__ 0.04140575718918546	false	1.0
kapitulation	neg 1.0		neg 0.5869588596166629 off 0.37204711068475055 __DUMMY__ 0.04099402969858662	false	1.0
unscharf	neg 1.0		neg 0.5758167606798129 off 0.3826378565006944 __DUMMY__ 0.041545382819492646	false	1.0
schwinden	neg 1.0		neg 0.5850483318406825 off 0.3734525225435447 __DUMMY__ 0.04149914561577268	false	1.0
versklavung	neg 1.0	neg 1.0	neg 0.7800574947669647 off 0.20040521070186282 __DUMMY__ 0.01953729453117241	false	1.0
schlecht	neg 1.0		neg 0.5726666074692844 off 0.385789121658015 __DUMMY__ 0.04154427087270066	false	1.0
verhasst	neg 1.0		neg 0.581297922621396 off 0.3774109473138781 __DUMMY__ 0.04129113006472592	false	1.0
beschweren	neg 1.0		neg 0.5775398477842238 off 0.38087252148753276 __DUMMY__ 0.04158763072824338	false	1.0
scheiden	neg 1.0		neg 0.5790581311814971 off 0.37926204405236924 __DUMMY__ 0.04167982476613373	false	1.0
frustriert	neg 1.0		neg 0.5810775553073975 off 0.37732399826861435 __DUMMY__ 0.041598446423988175	false	1.0
schimmelig	neg 1.0		neg 0.5832775886794785 off 0.37520108664785634 __DUMMY__ 0.0415213246726651	false	1.0
fisch	neg 1.0	neg 1.0	neg 0.7787420522714743 off 0.2012622924066844 __DUMMY__ 0.019995655321841253	false	1.0
schmuggel	neg 1.0		neg 0.5838168022003772 off 0.3744667627217994 __DUMMY__ 0.04171643507782355	false	1.0
auffallen	neg 1.0		neg 0.577107034657526 off 0.3813309904410838 __DUMMY__ 0.041561974901390235	false	1.0
konkurrenz	neg 1.0		neg 0.5846212125915282 off 0.37364627188701766 __DUMMY__ 0.041732515521454204	false	1.0
teufelskreis	neg 1.0	neg 1.0	neg 0.7798339787406419 off 0.2003912169417423 __DUMMY__ 0.019774804317615864	false	1.0
aufschreien	neg 1.0		neg 0.578910557817416 off 0.3797482150655859 __DUMMY__ 0.0413412271169982	false	1.0
schuldner	neg 1.0		neg 0.5858257002922116 off 0.3728781208149911 __DUMMY__ 0.041296178892797256	false	1.0
missgeburt	off 1.0	off 1.0	off 0.6775424173971109 neg 0.3028788641862782 __DUMMY__ 0.019578718416610925	false	1.0
arbeitslos	neg 1.0		neg 0.5831232843844968 off 0.3754220872265552 __DUMMY__ 0.04145462838894813	false	1.0
befallen	neg 1.0		neg 0.5868786093902199 off 0.3721625495436034 __DUMMY__ 0.04095884106617668	false	1.0
miesepetrig	off 1.0		neg 0.57248853736948 off 0.3859055195906585 __DUMMY__ 0.04160594303986161	false	0.5
alarmieren	neg 1.0		neg 0.5768500219958174 off 0.38201583159936153 __DUMMY__ 0.041134146404821215	false	1.0
ungeduscht	off 1.0		neg 0.5754582880779417 off 0.3829683415112735 __DUMMY__ 0.041573370410784564	false	0.5
knappheit	neg 1.0		neg 0.5835628480744813 off 0.37509324509287734 __DUMMY__ 0.041343906832641365	false	1.0
schlange	neg 1.0		neg 0.5759870544949816 off 0.38221940832144113 __DUMMY__ 0.04179353718357723	false	1.0
harsch	neg 1.0		neg 0.5658037226191464 off 0.3927117852316859 __DUMMY__ 0.041484492149167794	false	1.0
lang	neg 1.0		neg 0.578014574994877 off 0.380444696692502 __DUMMY__ 0.04154072831262091	false	1.0
ziellos	neg 1.0		neg 0.5820149382239963 off 0.37631433654747 __DUMMY__ 0.04167072522853373	false	1.0
selbstverliebt	neg 1.0		neg 0.5654663529013177 off 0.39371778590957285 __DUMMY__ 0.040815861189109376	false	1.0
beseitigen	neg 1.0		neg 0.5768200175663802 off 0.3814571000339059 __DUMMY__ 0.04172288239971378	false	1.0
dumm	off 1.0		neg 0.5689262315506703 off 0.3899201614637262 __DUMMY__ 0.041153606985603414	false	0.5
arbeitsloser	neg 1.0		neg 0.5836693643286964 off 0.37482536474821365 __DUMMY__ 0.04150527092308987	false	1.0
blitzen	neg 1.0		neg 0.5766219068499173 off 0.3820297447766741 __DUMMY__ 0.041348348373408526	false	1.0
hilflos	neg 1.0		neg 0.5814734440547243 off 0.3769212875692501 __DUMMY__ 0.041605268376025684	false	1.0
eklig	off 1.0		neg 0.5683245808288223 off 0.39059316480641537 __DUMMY__ 0.0410822543647624	false	0.5
begriff			neg 0.5820497205151112 off 0.3764768051349045 __DUMMY__ 0.041473474349984316	false	0.0
hungersnot	neg 1.0		neg 0.5846617271935164 off 0.37440472085439613 __DUMMY__ 0.04093355195208754	false	1.0
ungesetzlich	neg 1.0		neg 0.5813612259352285 off 0.37770986983242893 __DUMMY__ 0.0409289042323425	false	1.0
verschwendung	neg 1.0		neg 0.5849302938025657 off 0.373500499058314 __DUMMY__ 0.04156920713912034	false	1.0
schmerzvoll	neg 1.0		neg 0.5773448841290546 off 0.3810465668545989 __DUMMY__ 0.041608549016346426	false	1.0
vorzeitig	neg 1.0		neg 0.5738578849502284 off 0.38472111732048253 __DUMMY__ 0.04142099772928904	false	1.0
unvollkommenheit	neg 1.0		neg 0.5796683216537362 off 0.3788367305418523 __DUMMY__ 0.04149494780441154	false	1.0
intervenieren	neg 1.0		neg 0.5870778612180516 off 0.37172740027606205 __DUMMY__ 0.04119473850588648	false	1.0
banause	off 1.0		neg 0.5665509011359192 off 0.39237989446371224 __DUMMY__ 0.04106920440036841	false	0.5
rebell	neg 1.0		neg 0.5848444615783881 off 0.37347720468461465 __DUMMY__ 0.04167833373699725	false	1.0
unlogisch	neg 1.0		neg 0.5721824002382916 off 0.3865453514560586 __DUMMY__ 0.04127224830564981	false	1.0
leiden	neg 1.0	neg 1.0	neg 0.7789291320687627 off 0.20087253080915127 __DUMMY__ 0.02019833712208604	false	1.0
abschaffung	neg 1.0		neg 0.5809178081751453 off 0.37787264573579543 __DUMMY__ 0.04120954608905927	false	1.0
sturz	neg 1.0		neg 0.5809379621935914 off 0.37793433085094646 __DUMMY__ 0.04112770695546219	false	1.0
verkleinerung	neg 1.0		neg 0.5779557738510486 off 0.38094619981610495 __DUMMY__ 0.04109802633284652	false	1.0
schmarotzer	off 1.0		neg 0.5847569616499861 off 0.373925236983892 __DUMMY__ 0.04131780136612162	false	0.5
bestrafung	neg 1.0		neg 0.5790352077263746 off 0.3795186383933846 __DUMMY__ 0.04144615388024076	false	1.0
achtlos	neg 1.0		neg 0.5784770916237021 off 0.37974998483049327 __DUMMY__ 0.04177292354580461	false	1.0
ungeheuer	neg 1.0		neg 0.5772400419321754 off 0.3812688726129776 __DUMMY__ 0.041491085454847046	false	1.0
unaufrichtig	neg 1.0		neg 0.579548087063928 off 0.37937506703933666 __DUMMY__ 0.04107684589673536	false	1.0
groggy	neg 1.0		neg 0.5764535394269135 off 0.38215705131494665 __DUMMY__ 0.04138940925813995	false	1.0
verletzlich	neg 1.0		neg 0.5732018469278198 off 0.38536459769655984 __DUMMY__ 0.041433555375620386	false	1.0
