unsolidarisch	neg 1.0		neg 0.41352237799877556 __DUMMY__ 0.3226279751491092 off 0.26384964685211515	false	1.0
nachteilig	neg 1.0		neg 0.4099110507248897 __DUMMY__ 0.32745160054201744 off 0.26263734873309286	false	1.0
skeptisch	neg 1.0		neg 0.41140368707379604 __DUMMY__ 0.3285679871045706 off 0.26002832582163343	false	1.0
schrecklich	neg 1.0		neg 0.39807981007801885 __DUMMY__ 0.32670209690269547 off 0.27521809301928574	false	1.0
schlapp	neg 1.0		neg 0.39946780373724955 __DUMMY__ 0.3290824679104308 off 0.2714497283523198	false	1.0
abfall	neg 1.0		neg 0.4129633239978569 __DUMMY__ 0.3288325348483048 off 0.2582041411538381	false	1.0
widerspenstig	neg 1.0		neg 0.4043224467675683 __DUMMY__ 0.32946949930146324 off 0.2662080539309686	false	1.0
abrupt	neg 1.0		neg 0.4049621832569385 __DUMMY__ 0.3301148602511947 off 0.26492295649186676	false	1.0
unwirksam	neg 1.0		neg 0.4099731792972609 __DUMMY__ 0.3246746174642895 off 0.26535220323844966	false	1.0
angreifen	neg 1.0		neg 0.4117316512178857 __DUMMY__ 0.327337736285101 off 0.2609306124970133	false	1.0
inkonsistent	neg 1.0		neg 0.4065666951834935 __DUMMY__ 0.32598604502912004 off 0.2674472597873865	false	1.0
abrutschen	neg 1.0		neg 0.4116041099844103 __DUMMY__ 0.32960088293334705 off 0.25879500708224257	false	1.0
unsicher	neg 1.0		neg 0.40563005210886754 __DUMMY__ 0.32847740470162695 off 0.26589254318950545	false	1.0
bauernkind	off 1.0		neg 0.39804297680824857 __DUMMY__ 0.32401509202834566 off 0.2779419311634057	false	0.5
angreifer	neg 1.0		neg 0.40668727594136983 __DUMMY__ 0.32512128442103305 off 0.26819143963759723	false	1.0
trennen	neg 1.0		neg 0.406149487204342 __DUMMY__ 0.331429537603065 off 0.26242097519259305	false	1.0
schmutz	neg 1.0		neg 0.39603080788629846 __DUMMY__ 0.3306259032709376 off 0.2733432888427639	false	1.0
inkonsistenz	neg 1.0	neg 1.0	neg 0.6942518657427803 __DUMMY__ 0.1573154855513378 off 0.14843264870588196	false	1.0
erschreckend	neg 1.0		neg 0.4085419005485215 __DUMMY__ 0.3274294932748923 off 0.26402860617658624	false	1.0
ertrinken	neg 1.0		neg 0.407820560519596 __DUMMY__ 0.3295039742948279 off 0.26267546518557605	false	1.0
pickelface	off 1.0		neg 0.40780092251227484 __DUMMY__ 0.3261207291837343 off 0.2660783483039909	false	0.5
seiner			neg 0.4098661580770304 __DUMMY__ 0.32864473101228947 off 0.2614891109106801	false	0.0
lauch	neg 1.0		neg 0.4118905045590975 __DUMMY__ 0.32844973959972795 off 0.2596597558411745	false	1.0
unwichtig	neg 1.0		neg 0.4028820018973977 __DUMMY__ 0.32681720945938186 off 0.2703007886432205	false	1.0
steuerhinterziehung	neg 1.0		neg 0.4120082725998718 __DUMMY__ 0.3245463235223984 off 0.26344540387772963	false	1.0
schock	neg 1.0		neg 0.40515703415366666 __DUMMY__ 0.3300217027295923 off 0.2648212631167411	false	1.0
beule	neg 1.0		neg 0.3984485550569744 __DUMMY__ 0.32871890529798686 off 0.27283253964503873	false	1.0
vergelten	neg 1.0		neg 0.39892619782683947 __DUMMY__ 0.3249421874068557 off 0.27613161476630466	false	1.0
verdorbenheit	neg 1.0	neg 1.0	neg 0.6923709248846447 __DUMMY__ 0.15932767158884725 off 0.14830140352650795	false	1.0
trauma	neg 1.0		neg 0.40495414479647174 __DUMMY__ 0.3273832807055389 off 0.2676625744979892	false	1.0
sinnlos	neg 1.0		neg 0.4043414362611678 __DUMMY__ 0.3276315111933368 off 0.2680270525454953	false	1.0
fettsack	off 1.0	off 1.0	off 0.6230453459887924 neg 0.22032604185538218 __DUMMY__ 0.1566286121558254	false	1.0
feige	off 1.0		neg 0.40489748529938857 __DUMMY__ 0.32574481012117656 off 0.2693577045794349	false	0.5
abdanken	neg 1.0		neg 0.4131408373462061 __DUMMY__ 0.3236356292281226 off 0.2632235334256711	false	1.0
wichtigtuer	off 1.0	off 1.0	off 0.6174932941073641 neg 0.22521299934389905 __DUMMY__ 0.15729370654873698	false	1.0
misslingen	neg 1.0		neg 0.40156022412620956 __DUMMY__ 0.32944831621631854 off 0.26899145965747195	false	1.0
untreu	off 1.0		neg 0.401561786075057 __DUMMY__ 0.32707433432452754 off 0.27136387960041547	false	0.5
missmutig	neg 1.0		neg 0.4006351902522885 __DUMMY__ 0.3287702141725725 off 0.270594595575139	false	1.0
hurenbock	off 1.0		neg 0.40149909789038346 __DUMMY__ 0.32986403378779233 off 0.2686368683218242	false	0.5
betrunken	neg 1.0		neg 0.3978258952387937 __DUMMY__ 0.32836102595336786 off 0.27381307880783845	false	1.0
korrupt	off 1.0		neg 0.4147085191415198 __DUMMY__ 0.3238911149183039 off 0.2614003659401763	false	0.5
unmut	neg 1.0		neg 0.41302780101370384 __DUMMY__ 0.32814098459617297 off 0.2588312143901231	false	1.0
hackfresse	off 1.0		neg 0.3958377307467339 __DUMMY__ 0.32560116416142937 off 0.27856110509183674	false	0.5
aufblasen	neg 1.0		neg 0.4023786654704451 __DUMMY__ 0.3295183276169475 off 0.2681030069126073	false	1.0
gewaltsam	neg 1.0		neg 0.40956391476862325 __DUMMY__ 0.32481918866681536 off 0.2656168965645614	false	1.0
unbeliebtheit	neg 1.0		neg 0.4088435358106089 __DUMMY__ 0.32110983775442586 off 0.2700466264349653	false	1.0
sturheit	neg 1.0		neg 0.4109489169963828 __DUMMY__ 0.32575220795912857 off 0.2632988750444888	false	1.0
kuh	neg 1.0		neg 0.40599899333693273 __DUMMY__ 0.3266725919705575 off 0.2673284146925098	false	1.0
erschrecken	neg 1.0		neg 0.40142697577692293 __DUMMY__ 0.32846651984000047 off 0.27010650438307676	false	1.0
opfer	neg 1.0	neg 1.0	neg 0.6971393935834379 __DUMMY__ 0.15825178107523047 off 0.1446088253413316	false	1.0
sinken	neg 1.0		neg 0.4118856054942603 __DUMMY__ 0.32834194795195537 off 0.2597724465537843	false	1.0
stinktier	neg 1.0		neg 0.3999580935736048 __DUMMY__ 0.32509736633329067 off 0.27494454009310465	false	1.0
tucke	off 1.0		neg 0.395092974803264 __DUMMY__ 0.32571994319614733 off 0.27918708200058867	false	0.5
ein			neg 0.40118323866760475 __DUMMY__ 0.3308549081594411 off 0.26796185317295407	false	0.0
abstieg	neg 1.0		neg 0.41023982569906114 __DUMMY__ 0.326470972113178 off 0.26328920218776086	false	1.0
missverstehen	neg 1.0		neg 0.4068826185444583 __DUMMY__ 0.3260398310138163 off 0.2670775504417253	false	1.0
ergebnislos	neg 1.0		neg 0.40998673646134065 __DUMMY__ 0.32701630324712266 off 0.26299696029153674	false	1.0
unter			neg 0.410768306935163 __DUMMY__ 0.3328632133115416 off 0.2563684797532955	false	0.0
manipulieren	neg 1.0		neg 0.4125537874723908 __DUMMY__ 0.3270055029600291 off 0.26044070956758	false	1.0
unbewiesen	neg 1.0		neg 0.41469334576572264 __DUMMY__ 0.3220746513374616 off 0.26323200289681586	false	1.0
verschleppen	neg 1.0		neg 0.4115197775349992 __DUMMY__ 0.32621779067278717 off 0.2622624317922136	false	1.0
weib	off 1.0		neg 0.39484065757759734 __DUMMY__ 0.3252078672167163 off 0.2799514752056864	false	0.5
opposition	neg 1.0		neg 0.40940229040658715 __DUMMY__ 0.32430460087729773 off 0.26629310871611495	false	1.0
verkehrswidrig	neg 1.0		neg 0.3952658194397782 __DUMMY__ 0.32735173183864524 off 0.2773824487215766	false	1.0
inkorrekt	neg 1.0		neg 0.40682014169386677 __DUMMY__ 0.32332258021180443 off 0.26985727809432886	false	1.0
vermeiden	neg 1.0		neg 0.41110703688625394 __DUMMY__ 0.3308549870118252 off 0.2580379761019209	false	1.0
abweichung	neg 1.0		neg 0.41473489549809933 __DUMMY__ 0.32402203045168804 off 0.26124307405021274	false	1.0
alkoholisiert	neg 1.0		neg 0.4068578464877498 __DUMMY__ 0.3291478664313068 off 0.26399428708094336	false	1.0
scheiss	off 1.0	off 1.0	off 0.6208449104575533 neg 0.2210606327601296 __DUMMY__ 0.15809445678231712	false	1.0
herausforderung	neg 1.0		neg 0.403816435835891 __DUMMY__ 0.33133617919249103 off 0.2648473849716181	false	1.0
pervers	off 1.0		neg 0.39243484947053975 __DUMMY__ 0.3247360568909578 off 0.2828290936385025	false	0.5
wackelig	neg 1.0		neg 0.40324593792996466 __DUMMY__ 0.33169555652281874 off 0.2650585055472166	false	1.0
verwickeln	neg 1.0		neg 0.40622611503373185 __DUMMY__ 0.32670059366924303 off 0.26707329129702523	false	1.0
vorwand	neg 1.0		neg 0.413249435703011 __DUMMY__ 0.3273965371765361 off 0.2593540271204529	false	1.0
muschi	off 1.0		neg 0.4079181108219657 __DUMMY__ 0.32635379403024106 off 0.2657280951477934	false	0.5
entmutigung	neg 1.0		neg 0.41360808346212236 __DUMMY__ 0.3209950289660269 off 0.2653968875718509	false	1.0
unangemessen	neg 1.0		neg 0.4120104094136595 __DUMMY__ 0.32585958654068214 off 0.26213000404565834	false	1.0
unstetig	neg 1.0		neg 0.40506794284256875 __DUMMY__ 0.3258161693266296 off 0.2691158878308016	false	1.0
entmutigen	neg 1.0		neg 0.40493940597848643 __DUMMY__ 0.328059722650012 off 0.26700087137150164	false	1.0
schwanz	neg 1.0		neg 0.4089235037450331 __DUMMY__ 0.3274343816691387 off 0.2636421145858281	false	1.0
verbot	neg 1.0		neg 0.4132164791015462 __DUMMY__ 0.32443751109060176 off 0.2623460098078519	false	1.0
leid	neg 1.0		neg 0.3975844599358108 __DUMMY__ 0.32587940879426197 off 0.2765361312699273	false	1.0
archaisch	neg 1.0		neg 0.4105076283353337 __DUMMY__ 0.3264505923939929 off 0.2630417792706733	false	1.0
gegen			neg 0.41258475277662066 __DUMMY__ 0.3274099741621717 off 0.2600052730612078	false	0.0
scheidung	neg 1.0	neg 1.0	neg 0.682229306077492 off 0.16113546782720212 __DUMMY__ 0.15663522609530586	false	1.0
einschlag	neg 1.0		neg 0.3979578555719419 __DUMMY__ 0.32596272945916627 off 0.27607941496889166	false	1.0
m			neg 0.40574542171933553 __DUMMY__ 0.32913674502104234 off 0.26511783325962224	false	0.0
abgestanden	neg 1.0		neg 0.40466290947826533 __DUMMY__ 0.32893476059063803 off 0.26640232993109664	false	1.0
schmierig	off 1.0		neg 0.3976783753235912 __DUMMY__ 0.32666665560526087 off 0.275654969071148	false	0.5
unpraktisch	neg 1.0		neg 0.40205685251879236 __DUMMY__ 0.32977189002853646 off 0.26817125745267106	false	1.0
wixxer	off 1.0		neg 0.3938426713794452 __DUMMY__ 0.3236872911344382 off 0.2824700374861167	false	0.5
bezeichnet			neg 0.4095511607660692 __DUMMY__ 0.3262799922939193 off 0.2641688469400115	false	0.0
jammerlappen	off 1.0		neg 0.4020037156192696 __DUMMY__ 0.3273747245765984 off 0.27062155980413183	false	0.5
farce	neg 1.0		neg 0.4156064623573456 __DUMMY__ 0.32254506949582423 off 0.2618484681468302	false	1.0
zwecklos	neg 1.0		neg 0.4112536524308123 __DUMMY__ 0.3266201252921913 off 0.26212622227699645	false	1.0
turbulent	neg 1.0		neg 0.40106408439039937 __DUMMY__ 0.3250830277404782 off 0.2738528878691225	false	1.0
invasion	neg 1.0		neg 0.4015162214965748 __DUMMY__ 0.3285318575498463 off 0.2699519209535789	false	1.0
schuld	neg 1.0		neg 0.4066979779433491 __DUMMY__ 0.3270797546581198 off 0.266222267398531	false	1.0
risiko	neg 1.0		neg 0.4005209361975158 __DUMMY__ 0.3290992024423368 off 0.2703798613601474	false	1.0
finster	neg 1.0		neg 0.4024089049101515 __DUMMY__ 0.3301312497786944 off 0.26745984531115413	false	1.0
geisteskrank	off 1.0		neg 0.40432795317294196 __DUMMY__ 0.32461151659744863 off 0.27106053022960935	false	0.5
zusammenbrechen	neg 1.0		neg 0.40681824916197884 __DUMMY__ 0.3287367195416708 off 0.2644450312963505	false	1.0
ausbeute	neg 1.0		neg 0.40508029580880234 __DUMMY__ 0.33060302973246714 off 0.26431667445873047	false	1.0
hinterhalt	neg 1.0		neg 0.4058520297248537 __DUMMY__ 0.32727536643636684 off 0.2668726038387794	false	1.0
kritik	neg 1.0		neg 0.41429912510020067 __DUMMY__ 0.3234117606195807 off 0.2622891142802186	false	1.0
einschrumpfen	neg 1.0		neg 0.4079245103358222 __DUMMY__ 0.32375915993420173 off 0.2683163297299761	false	1.0
riskant	neg 1.0		neg 0.41024822278192163 __DUMMY__ 0.32818095179751194 off 0.26157082542056637	false	1.0
frustrieren	neg 1.0		neg 0.4109021121281939 __DUMMY__ 0.3277772440485053 off 0.2613206438233008	false	1.0
groll	neg 1.0		neg 0.41075010148537694 __DUMMY__ 0.32679513210946853 off 0.2624547664051547	false	1.0
gibt			neg 0.4081719115736677 __DUMMY__ 0.32811628268602216 off 0.26371180574031006	false	0.0
qualvoll	neg 1.0		neg 0.4022963750074459 __DUMMY__ 0.32877069620611893 off 0.26893292878643515	false	1.0
wackeln	neg 1.0		neg 0.401634664220024 __DUMMY__ 0.3304455963469658 off 0.26791973943301006	false	1.0
klagen	neg 1.0		neg 0.414502355927865 __DUMMY__ 0.32667411420242737 off 0.2588235298697075	false	1.0
bankrott	neg 1.0		neg 0.3997687464608793 __DUMMY__ 0.3284723362643175 off 0.27175891727480317	false	1.0
trauern	neg 1.0		neg 0.40990716463707044 __DUMMY__ 0.3282017525380092 off 0.26189108282492024	false	1.0
ablehnung	neg 1.0	neg 1.0	neg 0.6986270973368721 __DUMMY__ 0.15630411036387581 off 0.145068792299252	false	1.0
stur	neg 1.0		neg 0.4059893752726867 __DUMMY__ 0.3272585729096938 off 0.2667520518176195	false	1.0
aufruhr	neg 1.0		neg 0.4103981198600047 __DUMMY__ 0.32462913214334294 off 0.2649727479966524	false	1.0
melancholie	neg 1.0		neg 0.40428264913431866 __DUMMY__ 0.3309127135621392 off 0.2648046373035422	false	1.0
ist			neg 0.405084310465611 __DUMMY__ 0.3276409136711376 off 0.2672747758632513	false	0.0
torheit	neg 1.0		neg 0.411153146619539 __DUMMY__ 0.32370706018525436 off 0.26513979319520664	false	1.0
dreckskind	off 1.0		neg 0.4007349919074059 __DUMMY__ 0.323098470037314 off 0.2761665380552801	false	0.5
umtauschen	neg 1.0		neg 0.4037764876582842 __DUMMY__ 0.3298185215317357 off 0.26640499080998004	false	1.0
zum			neg 0.40625920760109496 __DUMMY__ 0.3335401725731175 off 0.2602006198257876	false	0.0
zersetzen	neg 1.0		neg 0.41317835683865395 __DUMMY__ 0.32698153875681685 off 0.25984010440452937	false	1.0
zur			neg 0.41238720648156446 __DUMMY__ 0.329679985928057 off 0.25793280759037857	false	0.0
frust	neg 1.0		neg 0.40703654302277387 __DUMMY__ 0.328733315326762 off 0.26423014165046405	false	1.0
unerbittlichkeit	neg 1.0		neg 0.41242586368782563 __DUMMY__ 0.3267923630095413 off 0.2607817733026329	false	1.0
zwei			neg 0.40649139316164906 __DUMMY__ 0.33216323235274775 off 0.2613453744856032	false	0.0
unkorrekt	neg 1.0		neg 0.4044846878785565 __DUMMY__ 0.32424132206441014 off 0.27127399005703334	false	1.0
hexe	off 1.0		neg 0.40133407829696355 __DUMMY__ 0.3272740256560939 off 0.2713918960469425	false	0.5
lasch	neg 1.0		neg 0.40572950353990717 __DUMMY__ 0.3258954861446204 off 0.2683750103154725	false	1.0
rivale	neg 1.0		neg 0.3993946232674259 __DUMMY__ 0.3255012924509107 off 0.27510408428166344	false	1.0
mutlos	off 1.0	off 1.0	off 0.614348733699859 neg 0.228429856516297 __DUMMY__ 0.157221409783844	false	1.0
wirr	off 1.0		neg 0.4027143324883074 __DUMMY__ 0.32423948761493426 off 0.2730461798967583	false	0.5
jahr			neg 0.4052379338232736 __DUMMY__ 0.3313114991608973 off 0.26345056701582925	false	0.0
wird			neg 0.4090700057505722 __DUMMY__ 0.32845953626294744 off 0.26247045798648044	false	0.0
strafbar	neg 1.0		neg 0.41375557854481526 __DUMMY__ 0.32567627503526175 off 0.2605681464199231	false	1.0
erosion	neg 1.0		neg 0.40233325086488864 __DUMMY__ 0.3291940191296073 off 0.26847273000550403	false	1.0
eingehen	neg 1.0		neg 0.41077193478463453 __DUMMY__ 0.3271675260463291 off 0.2620605391690362	false	1.0
faul	off 1.0		neg 0.39952911797857815 __DUMMY__ 0.3291877111823002 off 0.27128317083912157	false	0.5
provisorium	neg 1.0		neg 0.41302864960933394 __DUMMY__ 0.3317814749384305 off 0.2551898754522355	false	1.0
schmerzen	neg 1.0		neg 0.40526492932671165 __DUMMY__ 0.3294265104956875 off 0.2653085601776008	false	1.0
schrumpfen	neg 1.0		neg 0.41341110631980776 __DUMMY__ 0.32938527386883953 off 0.2572036198113527	false	1.0
geistlos	off 1.0		neg 0.41139150892881743 __DUMMY__ 0.32251882574782015 off 0.2660896653233623	false	0.5
fehlkauf	neg 1.0		neg 0.40535953519036955 __DUMMY__ 0.3262379711002905 off 0.26840249370933983	false	1.0
frustrierend	neg 1.0	neg 1.0	neg 0.6926515613778397 __DUMMY__ 0.15835527115698808 off 0.14899316746517213	false	1.0
unzufrieden	neg 1.0		neg 0.4098113867935603 __DUMMY__ 0.32751453402816755 off 0.2626740791782722	false	1.0
verzweifeln	neg 1.0		neg 0.4060400260812488 __DUMMY__ 0.32862905469355524 off 0.265330919225196	false	1.0
verzweifelt	neg 1.0		neg 0.40528418564712126 __DUMMY__ 0.32774870092431774 off 0.266967113428561	false	1.0
misstrauensantrag	neg 1.0		neg 0.40599634319088856 __DUMMY__ 0.325823677101533 off 0.2681799797075784	false	1.0
abfallen	neg 1.0		neg 0.40098291492154464 __DUMMY__ 0.3307781184698941 off 0.2682389666085612	false	1.0
fucker	off 1.0		neg 0.40031218835463295 __DUMMY__ 0.3258227519659437 off 0.27386505967942326	false	0.5
ungezogen	neg 1.0		neg 0.39336892151263375 __DUMMY__ 0.3259935170941681 off 0.2806375613931981	false	1.0
irrsinnig	neg 1.0	neg 1.0	neg 0.6950110048922219 __DUMMY__ 0.15791649882992614 off 0.147072496277852	false	1.0
unfassbar	neg 1.0		neg 0.4018048511985896 __DUMMY__ 0.32714596837618504 off 0.2710491804252254	false	1.0
hart	neg 1.0		neg 0.40372636969097314 __DUMMY__ 0.32568842931974895 off 0.27058520098927785	false	1.0
widerlich	off 1.0		neg 0.40290424970583144 __DUMMY__ 0.3257996406801029 off 0.27129610961406564	false	0.5
fatal	neg 1.0		neg 0.4048311922078567 __DUMMY__ 0.32665131726870944 off 0.26851749052343404	false	1.0
bruch	neg 1.0		neg 0.4154652317600324 __DUMMY__ 0.32635308224117776 off 0.2581816859987898	false	1.0
aushungern	neg 1.0		neg 0.41171160905276405 __DUMMY__ 0.32409690079547815 off 0.26419149015175764	false	1.0
anspannung	neg 1.0		neg 0.4101353221837569 __DUMMY__ 0.330484048102545 off 0.2593806297136982	false	1.0
von			neg 0.40620364983421114 __DUMMY__ 0.33136262910974335 off 0.2624337210560455	false	0.0
kraftlos	neg 1.0		neg 0.4050990869992677 __DUMMY__ 0.33076846107839386 off 0.26413245192233853	false	1.0
vom			neg 0.4096802675712765 __DUMMY__ 0.3330290067044894 off 0.25729072572423395	false	0.0
grenzdebil	off 1.0		neg 0.39995923224931174 __DUMMY__ 0.32752209214421485 off 0.27251867560647325	false	0.5
vor			neg 0.40949312267673965 __DUMMY__ 0.33009073472227984 off 0.2604161426009804	false	0.0
unterwerfen	neg 1.0		neg 0.4117250712958874 __DUMMY__ 0.326817098422097 off 0.2614578302820155	false	1.0
versenkung	neg 1.0		neg 0.4108278231680582 __DUMMY__ 0.3277709002830373 off 0.26140127654890444	false	1.0
entziehen	neg 1.0		neg 0.4132735296618578 __DUMMY__ 0.3277706975354039 off 0.25895577280273835	false	1.0
finanzkrise	neg 1.0		neg 0.41230956605613384 __DUMMY__ 0.3239520629431989 off 0.2637383710006673	false	1.0
schimpfend	neg 1.0		neg 0.3988003275440748 __DUMMY__ 0.33157433288172034 off 0.2696253395742048	false	1.0
profan	neg 1.0		neg 0.40375600374573045 __DUMMY__ 0.32799379491476804 off 0.2682502013395014	false	1.0
korruption	neg 1.0		neg 0.41403531107663794 __DUMMY__ 0.3242245987843413 off 0.2617400901390208	false	1.0
â			neg 0.40729530749565784 __DUMMY__ 0.32880892925360183 off 0.26389576325074043	false	0.0
schmutzig	neg 1.0		neg 0.39795435881382996 __DUMMY__ 0.3291818627987251 off 0.2728637783874449	false	1.0
sexy	neg 1.0		neg 0.40163869946464303 __DUMMY__ 0.3276826576883041 off 0.2706786428470528	false	1.0
abraten	neg 1.0		neg 0.40375554952730425 __DUMMY__ 0.32866893614184334 off 0.2675755143308524	false	1.0
schwarz	neg 1.0		neg 0.40515001537758066 __DUMMY__ 0.32707394756036334 off 0.2677760370620559	false	1.0
fotze	off 1.0		neg 0.4097997795799538 __DUMMY__ 0.32652145075624317 off 0.2636787696638031	false	0.5
verwirren	neg 1.0		neg 0.4031334233231719 __DUMMY__ 0.3278015900569652 off 0.2690649866198628	false	1.0
zahnlos	off 1.0		neg 0.4108085172944141 __DUMMY__ 0.3266251537191769 off 0.262566328986409	false	0.5
verheeren	neg 1.0		neg 0.39636744442752986 __DUMMY__ 0.3225776799434067 off 0.2810548756290635	false	1.0
hippie	neg 1.0		neg 0.4024412636877494 __DUMMY__ 0.32733226195357107 off 0.2702264743586795	false	1.0
rammen	neg 1.0		neg 0.40250463344911835 __DUMMY__ 0.32814901722956363 off 0.2693463493213181	false	1.0
unlauter	neg 1.0	neg 1.0	neg 0.6950742013913879 __DUMMY__ 0.15708078753960433 off 0.14784501106900783	false	1.0
unheilvoll	neg 1.0		neg 0.40317635513587435 __DUMMY__ 0.32848828214443526 off 0.2683353627196903	false	1.0
niedrig	neg 1.0		neg 0.4095923263572071 __DUMMY__ 0.32759962753615685 off 0.262808046106636	false	1.0
explosion	neg 1.0		neg 0.40191624807412757 __DUMMY__ 0.32807394380688526 off 0.2700098081189873	false	1.0
weichei	off 1.0		neg 0.396975110797727 __DUMMY__ 0.3257262562632623 off 0.27729863293901075	false	0.5
minusmensch	off 1.0		neg 0.3972370349673753 __DUMMY__ 0.3220940037535576 off 0.280668961279067	false	0.5
farblos	neg 1.0		neg 0.40717751858695744 __DUMMY__ 0.3265248640091301 off 0.2662976174039125	false	1.0
unwissend	neg 1.0	neg 1.0	neg 0.6928966523947696 __DUMMY__ 0.15753291903070724 off 0.14957042857452318	false	1.0
traurig	neg 1.0		neg 0.39799591302300963 __DUMMY__ 0.3275185746941798 off 0.2744855122828107	false	1.0
senkung	neg 1.0		neg 0.4046797075065847 __DUMMY__ 0.32640191825458925 off 0.26891837423882614	false	1.0
ungleich	neg 1.0	neg 1.0	neg 0.6981713968444212 __DUMMY__ 0.1576280076093847 off 0.14420059554619413	false	1.0
heikel	neg 1.0		neg 0.41209022693428815 __DUMMY__ 0.32768289930763295 off 0.26022687375807907	false	1.0
drosselung	neg 1.0		neg 0.39722942651553467 __DUMMY__ 0.32771726949034397 off 0.2750533039941213	false	1.0
falsch	neg 1.0		neg 0.4031123670892407 __DUMMY__ 0.3271161506769855 off 0.2697714822337738	false	1.0
unzufriedenheit	neg 1.0		neg 0.4128844098419858 __DUMMY__ 0.3272886149327727 off 0.25982697522524156	false	1.0
kurz	neg 1.0		neg 0.4042438142927104 __DUMMY__ 0.33047744735618856 off 0.26527873835110094	false	1.0
unsinnig	neg 1.0		neg 0.4095752647417786 __DUMMY__ 0.32729408699329554 off 0.263130648264926	false	1.0
penner	off 1.0	off 1.0	off 0.6245223417912081 neg 0.21808572733716441 __DUMMY__ 0.15739193087162742	false	1.0
seicht	neg 1.0		neg 0.39769164093327886 __DUMMY__ 0.32346888210826497 off 0.278839476958456	false	1.0
dummheit	off 1.0	off 1.0	off 0.6179362668776817 neg 0.22479116705945276 __DUMMY__ 0.15727256606286563	false	1.0
unerfreulich	neg 1.0		neg 0.4113596112196993 __DUMMY__ 0.32858363302196325 off 0.2600567557583374	false	1.0
motherfucker	off 1.0	off 1.0	off 0.6213835349035077 neg 0.2214316700177589 __DUMMY__ 0.15718479507873337	false	1.0
pikiert	neg 1.0		neg 0.4038012568369031 __DUMMY__ 0.3261369197893596 off 0.2700618233737373	false	1.0
wrack	neg 1.0		neg 0.40729244729647873 __DUMMY__ 0.3287004854993616 off 0.2640070672041596	false	1.0
gangster	neg 1.0		neg 0.40348746120689266 __DUMMY__ 0.32726578746467355 off 0.2692467513284338	false	1.0
krank	neg 1.0		neg 0.3977161675929747 __DUMMY__ 0.32901166912358254 off 0.2732721632834428	false	1.0
reich	neg 1.0		neg 0.40787240488921106 __DUMMY__ 0.32255689876869187 off 0.2695706963420972	false	1.0
gnadenlos	neg 1.0		neg 0.4054246919940981 __DUMMY__ 0.327760386169308 off 0.26681492183659383	false	1.0
niedergeschlagen	neg 1.0		neg 0.4067850266696196 __DUMMY__ 0.328702058592558 off 0.2645129147378224	false	1.0
terrorisieren	off 1.0	off 1.0	off 0.6146685321636904 neg 0.22703692216324242 __DUMMY__ 0.15829454567306714	false	1.0
sinnlosigkeit	neg 1.0		neg 0.41034134746100176 __DUMMY__ 0.3268995014315823 off 0.2627591511074161	false	1.0
behindern	neg 1.0		neg 0.4046302687222035 __DUMMY__ 0.32900249039828716 off 0.26636724087950936	false	1.0
undemokratisch	neg 1.0		neg 0.4112571456062744 __DUMMY__ 0.3234914187891086 off 0.26525143560461706	false	1.0
wirtschaftskrise	neg 1.0		neg 0.4122567571486931 __DUMMY__ 0.32539228871170967 off 0.26235095413959714	false	1.0
neid	neg 1.0		neg 0.4005326467264415 __DUMMY__ 0.32907812246879803 off 0.27038923080476046	false	1.0
rutschen	neg 1.0		neg 0.405956365023072 __DUMMY__ 0.3336425206207679 off 0.26040111435616003	false	1.0
rezession	neg 1.0		neg 0.40268155382734105 __DUMMY__ 0.3229830098192551 off 0.274335436353404	false	1.0
fehlgeburt	neg 1.0		neg 0.4058215957000832 __DUMMY__ 0.32764415829435806 off 0.2665342460055587	false	1.0
charakterschwach	off 1.0		neg 0.4027414093601795 __DUMMY__ 0.326014948211206 off 0.27124364242861465	false	0.5
isolation	neg 1.0		neg 0.4001673837255227 __DUMMY__ 0.3278906308126284 off 0.2719419854618489	false	1.0
ablenkung	neg 1.0		neg 0.40400039036877505 __DUMMY__ 0.32920229588217176 off 0.2667973137490532	false	1.0
pech	neg 1.0		neg 0.40206854965087546 __DUMMY__ 0.3283545786519425 off 0.269576871697182	false	1.0
vermeidung	neg 1.0		neg 0.3977088523886827 __DUMMY__ 0.32830108911193934 off 0.2739900584993779	false	1.0
dominieren	neg 1.0		neg 0.4076335205472838 __DUMMY__ 0.32781519169841905 off 0.26455128775429726	false	1.0
schwindlig	neg 1.0		neg 0.3999851607182115 __DUMMY__ 0.32994833395308265 off 0.27006650532870596	false	1.0
lutscher	neg 1.0		neg 0.3957568488660474 __DUMMY__ 0.32406132487148054 off 0.28018182626247196	false	1.0
pflicht	neg 1.0		neg 0.41228731675313945 __DUMMY__ 0.32764928406608473 off 0.2600633991807758	false	1.0
faschist	off 1.0		neg 0.4097970458675177 __DUMMY__ 0.32366782715509507 off 0.2665351269773872	false	0.5
verschleudern	neg 1.0		neg 0.4123127701206328 __DUMMY__ 0.32580382372021965 off 0.2618834061591475	false	1.0
wenn			neg 0.40237117992544313 __DUMMY__ 0.32758361070406256 off 0.2700452093704943	false	0.0
ehebruch	neg 1.0		neg 0.4128745141494493 __DUMMY__ 0.3258118435548645 off 0.26131364229568627	false	1.0
spott	off 1.0		neg 0.412779958639536 __DUMMY__ 0.3262989651681133 off 0.2609210761923508	false	0.5
trostlosigkeit	neg 1.0		neg 0.4160152833959936 __DUMMY__ 0.3250994381824877 off 0.25888527842151865	false	1.0
lutschen	neg 1.0		neg 0.4047142655760496 __DUMMY__ 0.3253517592757483 off 0.26993397514820194	false	1.0
undiszipliniert	neg 1.0		neg 0.40000271909664104 __DUMMY__ 0.3267096221095583 off 0.2732876587938006	false	1.0
kopfschmerz	neg 1.0		neg 0.4054912748819882 __DUMMY__ 0.3287919247139755 off 0.2657168004040363	false	1.0
unvorhergesehen	neg 1.0		neg 0.4034055458882085 __DUMMY__ 0.33118106097202693 off 0.26541339313976453	false	1.0
desinteressiert	neg 1.0		neg 0.40116221352819054 __DUMMY__ 0.3261267533517651 off 0.27271103312004435	false	1.0
armselig	off 1.0		neg 0.40161906672584263 __DUMMY__ 0.32512982410142555 off 0.2732511091727318	false	0.5
desaster	neg 1.0		neg 0.4161800415307362 __DUMMY__ 0.32615669548274523 off 0.2576632629865187	false	1.0
tod	neg 1.0		neg 0.4154889222655081 __DUMMY__ 0.3243716357046774 off 0.2601394420298145	false	1.0
herzlos	neg 1.0		neg 0.39824439367642495 __DUMMY__ 0.326867974215589 off 0.2748876321079861	false	1.0
unwissenheit	neg 1.0		neg 0.4118288512834601 __DUMMY__ 0.3259861291554015 off 0.2621850195611383	false	1.0
widersinnig	neg 1.0		neg 0.41341471833251503 __DUMMY__ 0.3240115293574967 off 0.26257375230998825	false	1.0
bedenklich	neg 1.0		neg 0.411312851762698 __DUMMY__ 0.3274307192481904 off 0.26125642898911156	false	1.0
beanstanden	neg 1.0		neg 0.41245883114110665 __DUMMY__ 0.3278071689902873 off 0.2597339998686062	false	1.0
panisch	neg 1.0	neg 1.0	neg 0.6907816719296936 __DUMMY__ 0.16017160356998617 off 0.1490467245003202	false	1.0
debil	off 1.0		neg 0.41427199867779174 __DUMMY__ 0.32862857877807405 off 0.25709942254413404	false	0.5
abstrich	neg 1.0		neg 0.4026609580893192 __DUMMY__ 0.330042419085491 off 0.26729662282518984	false	1.0
primitiv	neg 1.0		neg 0.4023341252493141 __DUMMY__ 0.325737288119086 off 0.27192858663159997	false	1.0
abschaum	off 1.0	off 1.0	off 0.6192863081180665 neg 0.22379044173770996 __DUMMY__ 0.1569232501442236	false	1.0
provozieren	neg 1.0		neg 0.40832802575421717 __DUMMY__ 0.3263320533388629 off 0.2653399209069198	false	1.0
tot	neg 1.0		neg 0.40782463532074126 __DUMMY__ 0.3274158749384145 off 0.26475948974084407	false	1.0
instabil	neg 1.0		neg 0.4012707154723472 __DUMMY__ 0.3244355750678782 off 0.27429370945977466	false	1.0
schwuchtel	off 1.0		neg 0.39308214087568755 __DUMMY__ 0.3218779845443465 off 0.285039874579966	false	0.5
zerren	neg 1.0		neg 0.40668530631080413 __DUMMY__ 0.3288310209765852 off 0.2644836727126108	false	1.0
kinderficker	off 1.0		neg 0.4005570840946431 __DUMMY__ 0.32412269453559045 off 0.2753202213697664	false	0.5
gefahr	neg 1.0		neg 0.41163761266604465 __DUMMY__ 0.3267451781380774 off 0.2616172091958779	false	1.0
rabiat	neg 1.0		neg 0.4065033527895712 __DUMMY__ 0.3277367786122063 off 0.26575986859822254	false	1.0
verlangsamung	neg 1.0		neg 0.39952999737161415 __DUMMY__ 0.3226180679981624 off 0.2778519346302234	false	1.0
ausgestorben	neg 1.0		neg 0.4068643104077301 __DUMMY__ 0.3286279672066194 off 0.26450772238565046	false	1.0
anklagen	neg 1.0		neg 0.41013032146560263 __DUMMY__ 0.32565032426028434 off 0.26421935427411297	false	1.0
trott	neg 1.0		neg 0.4052538198802061 __DUMMY__ 0.3284820444706485 off 0.2662641356491453	false	1.0
verminderung	neg 1.0		neg 0.39945164281486273 __DUMMY__ 0.3266028910823708 off 0.2739454661027665	false	1.0
nach			neg 0.40895283369377283 __DUMMY__ 0.33186878151387317 off 0.2591783847923539	false	0.0
rost	neg 1.0		neg 0.39700465673508234 __DUMMY__ 0.32402650943303074 off 0.27896883383188675	false	1.0
destruktiv	neg 1.0	neg 1.0	neg 0.6971791625912535 __DUMMY__ 0.157138694867777 off 0.14568214254096956	false	1.0
unzumutbarkeit	neg 1.0		neg 0.3993906388567104 __DUMMY__ 0.32722998572254763 off 0.273379375420742	false	1.0
labil	off 1.0	off 1.0	off 0.6201265899724966 neg 0.2226483988538013 __DUMMY__ 0.1572250111737021	false	1.0
ziemlich	neg 1.0		neg 0.4004724130013845 __DUMMY__ 0.32754912678751785 off 0.2719784602110978	false	1.0
lachnummer	off 1.0		neg 0.41032998487702554 __DUMMY__ 0.32588347092976344 off 0.26378654419321096	false	0.5
oder			neg 0.40403194230631395 __DUMMY__ 0.32945199805772096 off 0.26651605963596514	false	0.0
verfall	neg 1.0		neg 0.41468670177577555 __DUMMY__ 0.3285154257977789 off 0.25679787242644564	false	1.0
ausgrenzung	neg 1.0		neg 0.4098063782932025 __DUMMY__ 0.3238776891256318 off 0.26631593258116554	false	1.0
unordnung	neg 1.0		neg 0.39914610345664875 __DUMMY__ 0.32526800569865694 off 0.2755858908446944	false	1.0
fehlverhalten	neg 1.0		neg 0.4128712953571069 __DUMMY__ 0.3264357353095826 off 0.26069296933331054	false	1.0
eine			neg 0.4094961679368317 __DUMMY__ 0.32983945217827254 off 0.2606643798848957	false	0.0
nille	neg 1.0		neg 0.4091532252462612 __DUMMY__ 0.32574654486375576 off 0.26510022988998316	false	1.0
qual	neg 1.0		neg 0.4057653252598667 __DUMMY__ 0.3282122366806741 off 0.26602243805945924	false	1.0
verschwenden	neg 1.0		neg 0.40975379365142683 __DUMMY__ 0.3283214748607776 off 0.2619247314877955	false	1.0
riesig	neg 1.0		neg 0.40741615930332564 __DUMMY__ 0.3277834969537249 off 0.26480034374294953	false	1.0
verurteilen	neg 1.0		neg 0.4125118769308536 __DUMMY__ 0.3254100527645634 off 0.26207807030458297	false	1.0
klischee	neg 1.0	neg 1.0	neg 0.694397960771387 __DUMMY__ 0.1572065464740578 off 0.14839549275455508	false	1.0
diktatorisch	neg 1.0		neg 0.41285257200217373 __DUMMY__ 0.3225243340378921 off 0.2646230939599341	false	1.0
vorhersehbar	neg 1.0		neg 0.4075432999128709 __DUMMY__ 0.325545872650279 off 0.26691082743685	false	1.0
sowie			neg 0.39928419918158964 __DUMMY__ 0.3237818309380821 off 0.2769339698803283	false	0.0
stornieren	neg 1.0		neg 0.40059806013690186 __DUMMY__ 0.3294820842312312 off 0.2699198556318669	false	1.0
besteuerung	neg 1.0		neg 0.40652153935730323 __DUMMY__ 0.32653961853962055 off 0.2669388421030762	false	1.0
ungeschminkt	neg 1.0		neg 0.4012080583502746 __DUMMY__ 0.32659321447486916 off 0.2721987271748561	false	1.0
kritisch	neg 1.0		neg 0.4126758298523249 __DUMMY__ 0.32633918894112657 off 0.26098498120654845	false	1.0
schlamperei	off 1.0		neg 0.4129639608944337 __DUMMY__ 0.3257051454090201 off 0.26133089369654616	false	0.5
sucht	neg 1.0	neg 1.0	neg 0.6907160338687098 __DUMMY__ 0.15981459212386825 off 0.14946937400742186	false	1.0
egoistisch	off 1.0		neg 0.39766433972937454 __DUMMY__ 0.3254559076599313 off 0.2768797526106941	false	0.5
ausbeuter	off 1.0		neg 0.4145839989170395 __DUMMY__ 0.3256216663044205 off 0.25979433477854	false	0.5
arschgeburt	off 1.0		neg 0.39324149329905134 __DUMMY__ 0.32187819348276 off 0.28488031321818863	false	0.5
schubs	neg 1.0	neg 1.0	neg 0.6938799416790972 __DUMMY__ 0.15992311330606368 off 0.14619694501483912	false	1.0
unsolide	neg 1.0		neg 0.4112544720214335 __DUMMY__ 0.32107330722641436 off 0.26767222075215213	false	1.0
beschwerde	neg 1.0		neg 0.41098511342312094 __DUMMY__ 0.3263430874770443 off 0.26267179909983474	false	1.0
stocken	neg 1.0		neg 0.4093707267424352 __DUMMY__ 0.3277891198941489 off 0.2628401533634159	false	1.0
isolieren	neg 1.0		neg 0.4051881099238708 __DUMMY__ 0.32904842740161994 off 0.26576346267450934	false	1.0
unheilbar	neg 1.0		neg 0.4076220534743708 __DUMMY__ 0.3266090838028991 off 0.26576886272273026	false	1.0
pisser	off 1.0		neg 0.4009642885711191 __DUMMY__ 0.3246618828169393 off 0.27437382861194154	false	0.5
löschen	neg 1.0		neg 0.4057898077550908 __DUMMY__ 0.327207798512652 off 0.26700239373225715	false	1.0
durchfallen	neg 1.0		neg 0.41061195380124343 __DUMMY__ 0.327495219800332 off 0.2618928263984246	false	1.0
wichser	off 1.0		neg 0.39335328222066496 __DUMMY__ 0.32473863218355165 off 0.28190808559578356	false	0.5
terror	neg 1.0		neg 0.4001735656084805 __DUMMY__ 0.3289001851522348 off 0.2709262492392847	false	1.0
krass	neg 1.0		neg 0.3980856119227728 __DUMMY__ 0.3266105753541326 off 0.2753038127230945	false	1.0
revolte	neg 1.0	neg 1.0	neg 0.6970953457336115 __DUMMY__ 0.1553470496690281 off 0.1475576045973603	false	1.0
besorgt	neg 1.0		neg 0.40364441169597626 __DUMMY__ 0.33080507434463585 off 0.26555051395938783	false	1.0
nachlassen	neg 1.0		neg 0.407643174643254 __DUMMY__ 0.3285566372416972 off 0.26380018811504874	false	1.0
alt	neg 1.0		neg 0.4073667857746393 __DUMMY__ 0.33003291641957955 off 0.26260029780578126	false	1.0
hundesohn	off 1.0		neg 0.3969782573272375 __DUMMY__ 0.3229205479639476 off 0.28010119470881484	false	0.5
als			neg 0.40698074950482777 __DUMMY__ 0.32920689431851974 off 0.2638123561766524	false	0.0
abschreckung	neg 1.0		neg 0.4144064047068693 __DUMMY__ 0.3264408150675884 off 0.25915278022554233	false	1.0
unqualifiziert	neg 1.0	neg 1.0	neg 0.6948422696372808 __DUMMY__ 0.15730445880979993 off 0.14785327155291922	false	1.0
abgewichst	off 1.0		neg 0.4084909463028652 __DUMMY__ 0.326954977239007 off 0.2645540764581277	false	0.5
schwer	neg 1.0		neg 0.4059256768116809 __DUMMY__ 0.32855926729432483 off 0.2655150558939943	false	1.0
bedeutungslosigkeit	neg 1.0		neg 0.41318074097473845 __DUMMY__ 0.32669358318302916 off 0.2601256758422324	false	1.0
kapitulation	neg 1.0		neg 0.4156030741617188 __DUMMY__ 0.3235983618901066 off 0.2607985639481746	false	1.0
unscharf	neg 1.0		neg 0.4029001451878802 __DUMMY__ 0.3277863108775588 off 0.269313543934561	false	1.0
schwinden	neg 1.0		neg 0.4117832003342223 __DUMMY__ 0.32742272325091576 off 0.2607940764148619	false	1.0
versklavung	neg 1.0	neg 1.0	neg 0.6974148856163249 __DUMMY__ 0.15606471790316184 off 0.1465203964805133	false	1.0
schlecht	neg 1.0		neg 0.3998557636323536 __DUMMY__ 0.3277231246159277 off 0.27242111175171885	false	1.0
verhasst	neg 1.0		neg 0.409073676678458 __DUMMY__ 0.32581595580459627 off 0.2651103675169456	false	1.0
beschweren	neg 1.0		neg 0.40432554904638673 __DUMMY__ 0.3280474534982482 off 0.26762699745536506	false	1.0
scheiden	neg 1.0		neg 0.4054107159943924 __DUMMY__ 0.3288200863338862 off 0.26576919767172136	false	1.0
frustriert	neg 1.0		neg 0.4076505687327369 __DUMMY__ 0.32812723606117783 off 0.2642221952060852	false	1.0
schimmelig	neg 1.0		neg 0.4101229082107281 __DUMMY__ 0.3276227894118574 off 0.2622543023774145	false	1.0
fisch	neg 1.0	neg 1.0	neg 0.6942511844136489 __DUMMY__ 0.1596860896206588 off 0.14606272596569247	false	1.0
schmuggel	neg 1.0		neg 0.4097109024743866 __DUMMY__ 0.3291081004074232 off 0.2611809971181901	false	1.0
auffallen	neg 1.0		neg 0.4040264474831174 __DUMMY__ 0.32785474011155896 off 0.26811881240532365	false	1.0
konkurrenz	neg 1.0		neg 0.41042470736294556 __DUMMY__ 0.3291858361317052 off 0.2603894565053493	false	1.0
teufelskreis	neg 1.0	neg 1.0	neg 0.6962387695760778 __DUMMY__ 0.15791108076607227 off 0.14585014965784993	false	1.0
aufschreien	neg 1.0		neg 0.4066224671528905 __DUMMY__ 0.3261861938884113 off 0.26719133895869823	false	1.0
schuldner	neg 1.0		neg 0.41332191880392993 __DUMMY__ 0.3258940717364441 off 0.260784009459626	false	1.0
missgeburt	off 1.0	off 1.0	off 0.6234427215876728 neg 0.22015763916192183 __DUMMY__ 0.15639963925040543	false	1.0
arbeitslos	neg 1.0		neg 0.4101521522356888 __DUMMY__ 0.3270460065894042 off 0.26280184117490707	false	1.0
befallen	neg 1.0		neg 0.41572738525287894 __DUMMY__ 0.32335159217689746 off 0.26092102257022354	false	1.0
miesepetrig	off 1.0		neg 0.3994752846612232 __DUMMY__ 0.32821354636449457 off 0.2723111689742822	false	0.5
alarmieren	neg 1.0		neg 0.40540939426177053 __DUMMY__ 0.32467427027654483 off 0.26991633546168464	false	1.0
ungeduscht	off 1.0		neg 0.4024767095622316 __DUMMY__ 0.3279803506421957 off 0.26954293979557276	false	0.5
knappheit	neg 1.0		neg 0.4109917862691588 __DUMMY__ 0.32625899248623236 off 0.2627492212446089	false	1.0
schlange	neg 1.0		neg 0.4020462124230892 __DUMMY__ 0.3296166700788649 off 0.268337117498046	false	1.0
harsch	neg 1.0		neg 0.39353477109153134 __DUMMY__ 0.3273114862852039 off 0.27915374262326464	false	1.0
lang	neg 1.0		neg 0.4049681836994384 __DUMMY__ 0.3276955604448056 off 0.2673362558557561	false	1.0
ziellos	neg 1.0		neg 0.40827225448002996 __DUMMY__ 0.328678837603844 off 0.263048907916126	false	1.0
selbstverliebt	neg 1.0		neg 0.395894540727907 __DUMMY__ 0.3222313508688191 off 0.281874108403274	false	1.0
beseitigen	neg 1.0		neg 0.40302525511777393 __DUMMY__ 0.3291427922702296 off 0.2678319526119964	false	1.0
dumm	off 1.0		neg 0.3978638710916347 __DUMMY__ 0.3247777306630945 off 0.2773583982452708	false	0.5
arbeitsloser	neg 1.0		neg 0.4104227907667067 __DUMMY__ 0.32745991529881574 off 0.2621172939344777	false	1.0
blitzen	neg 1.0		neg 0.4043855109608004 __DUMMY__ 0.32625623930556535 off 0.2693582497336342	false	1.0
hilflos	neg 1.0		neg 0.4080038478335796 __DUMMY__ 0.32818501041961184 off 0.26381114174680836	false	1.0
eklig	off 1.0		neg 0.3975958739173892 __DUMMY__ 0.3242460477244882 off 0.27815807835812256	false	0.5
begriff			neg 0.40904097812584944 __DUMMY__ 0.32720570983572544 off 0.263753312038425	false	0.0
hungersnot	neg 1.0		neg 0.4136751720448067 __DUMMY__ 0.3231568550319401 off 0.2631679729232531	false	1.0
ungesetzlich	neg 1.0		neg 0.4104817256370577 __DUMMY__ 0.3231114424614285 off 0.26640683190151393	false	1.0
verschwendung	neg 1.0		neg 0.4114298292912749 __DUMMY__ 0.32791517673806836 off 0.26065499397065683	false	1.0
schmerzvoll	neg 1.0		neg 0.4040654075435938 __DUMMY__ 0.32820681018367087 off 0.26772778227273547	false	1.0
vorzeitig	neg 1.0		neg 0.40143059642228046 __DUMMY__ 0.32685338267581804 off 0.2717160209019016	false	1.0
unvollkommenheit	neg 1.0		neg 0.40667199171459817 __DUMMY__ 0.3274158297020422 off 0.2659121785833597	false	1.0
intervenieren	neg 1.0		neg 0.4149167533101927 __DUMMY__ 0.3251113299295414 off 0.2599719167602659	false	1.0
banause	off 1.0		neg 0.3959436676655085 __DUMMY__ 0.32416177186235534 off 0.27989456047213607	false	0.5
rebell	neg 1.0		neg 0.41090567799026484 __DUMMY__ 0.3288101736638242 off 0.26028414834591096	false	1.0
unlogisch	neg 1.0		neg 0.4004888272716133 __DUMMY__ 0.3256740467843974 off 0.2738371259439893	false	1.0
leiden	neg 1.0	neg 1.0	neg 0.6935848022090136 __DUMMY__ 0.16125626799761955 off 0.14515892979336686	false	1.0
abschaffung	neg 1.0		neg 0.4090113176637764 __DUMMY__ 0.32523428271174326 off 0.26575439962448044	false	1.0
sturz	neg 1.0		neg 0.40937798860025787 __DUMMY__ 0.32462855453954736 off 0.26599345686019477	false	1.0
verkleinerung	neg 1.0		neg 0.40663767417580804 __DUMMY__ 0.32440386417374584 off 0.2689584616504463	false	1.0
schmarotzer	off 1.0		neg 0.41224103150893104 __DUMMY__ 0.3260246667235833 off 0.2617343017674856	false	0.5
bestrafung	neg 1.0		neg 0.40627004018633245 __DUMMY__ 0.32699921840623747 off 0.26673074140743025	false	1.0
achtlos	neg 1.0		neg 0.4044778446968863 __DUMMY__ 0.32945720930284234 off 0.26606494600027136	false	1.0
ungeheuer	neg 1.0		neg 0.40444127622517334 __DUMMY__ 0.32735509457648226 off 0.26820362919834423	false	1.0
unaufrichtig	neg 1.0		neg 0.40821284294520266 __DUMMY__ 0.32423675041650535 off 0.2675504066382921	false	1.0
groggy	neg 1.0		neg 0.4040333746338276 __DUMMY__ 0.32656214162570624 off 0.26940448374046627	false	1.0
verletzlich	neg 1.0		neg 0.4008178604596118 __DUMMY__ 0.3269090582192525 off 0.2722730813211357	false	1.0
ablehnen	neg 1.0		neg 0.41152298649229935 __DUMMY__ 0.3261827414603344 off 0.26229427204736644	false	1.0
