unsolidarisch	neg 1.0		neg 0.5842371898567118 off 0.3748956492067769 __DUMMY__ 0.04086716093651118	false	1.0
nachteilig	neg 1.0		neg 0.5831063196456309 off 0.37538968323521127 __DUMMY__ 0.041503997119157726	false	1.0
skeptisch	neg 1.0		neg 0.5852783548861485 off 0.3730672192421795 __DUMMY__ 0.04165442587167188	false	1.0
schrecklich	neg 1.0		neg 0.5702146784185137 off 0.3883769089541289 __DUMMY__ 0.04140841262735733	false	1.0
schlapp	neg 1.0		neg 0.5729496978236897 off 0.3853291780119495 __DUMMY__ 0.041721124164360794	false	1.0
abfall	neg 1.0		neg 0.5870488289986411 off 0.3712632582416042 __DUMMY__ 0.04168791275975462	false	1.0
widerspenstig	neg 1.0		neg 0.5782889696140325 off 0.3799394987958424 __DUMMY__ 0.041771531590125165	false	1.0
abrupt	neg 1.0		neg 0.5793555036709976 off 0.3787931543946717 __DUMMY__ 0.04185134193433065	false	1.0
unwirksam	neg 1.0		neg 0.5815585297789645 off 0.37730554567919755 __DUMMY__ 0.04113592454183798	false	1.0
angreifen	neg 1.0		neg 0.5849531890570461 off 0.3735539610772905 __DUMMY__ 0.0414928498656633	false	1.0
inkonsistent	neg 1.0		neg 0.5787127068769853 off 0.37998029781694115 __DUMMY__ 0.04130699530607341	false	1.0
abrutschen	neg 1.0		neg 0.5860495880066781 off 0.3721588076539696 __DUMMY__ 0.04179160433935256	false	1.0
unsicher	neg 1.0		neg 0.5791444001989738 off 0.3792111761448416 __DUMMY__ 0.04164442365618456	false	1.0
bauernkind	off 1.0		neg 0.5686588660266504 off 0.39029538372149686 __DUMMY__ 0.0410457502518528	false	0.5
angreifer	neg 1.0		neg 0.5784187540036656 off 0.38038859563586624 __DUMMY__ 0.041192650360468194	false	1.0
trennen	neg 1.0		neg 0.5813243371478106 off 0.3766431039261203 __DUMMY__ 0.042032558926069045	false	1.0
schmutz	neg 1.0		neg 0.5703161508438398 off 0.3877692987318927 __DUMMY__ 0.04191455042426752	false	1.0
inkonsistenz	neg 1.0	neg 1.0	neg 0.777523467995853 off 0.20277961674913406 __DUMMY__ 0.019696915255012836	false	1.0
erschreckend	neg 1.0		neg 0.5816417894023505 off 0.37685270329282583 __DUMMY__ 0.04150550730482386	false	1.0
ertrinken	neg 1.0		neg 0.5820226263111732 off 0.37619983092487885 __DUMMY__ 0.041777542763947836	false	1.0
pickelface	off 1.0		neg 0.5801427797346111 off 0.3785305554672617 __DUMMY__ 0.041326664798127	false	0.5
seiner			neg 0.5837034920231674 off 0.374631362592744 __DUMMY__ 0.041665145384088685	false	0.0
lauch	neg 1.0		neg 0.5856937400225326 off 0.3726721606283013 __DUMMY__ 0.041634099349166134	false	1.0
unwichtig	neg 1.0		neg 0.5753508856548742 off 0.3832253473950436 __DUMMY__ 0.04142376695008201	false	1.0
steuerhinterziehung	neg 1.0		neg 0.5837042187139327 off 0.37517830135598346 __DUMMY__ 0.04111747993008388	false	1.0
schock	neg 1.0		neg 0.5794884798405932 off 0.3786661397946974 __DUMMY__ 0.04184538036470937	false	1.0
beule	neg 1.0		neg 0.571679613474352 off 0.386650032745632 __DUMMY__ 0.041670353780016	false	1.0
vergelten	neg 1.0		neg 0.570211362557169 off 0.3886227880379041 __DUMMY__ 0.041165849404926895	false	1.0
verdorbenheit	neg 1.0	neg 1.0	neg 0.7766540119941306 off 0.2033935640473168 __DUMMY__ 0.01995242395855264	false	1.0
trauma	neg 1.0		neg 0.5778270557426056 off 0.3806731522965166 __DUMMY__ 0.04149979196087759	false	1.0
sinnlos	neg 1.0		neg 0.5773274663178607 off 0.3811399229284536 __DUMMY__ 0.04153261075368584	false	1.0
fettsack	off 1.0	off 1.0	off 0.6772460331596452 neg 0.30314482669985104 __DUMMY__ 0.019609140140503793	false	1.0
feige	off 1.0		neg 0.5768763664669371 off 0.38184225289594087 __DUMMY__ 0.04128138063712209	false	0.5
abdanken	neg 1.0		neg 0.5844133033170056 off 0.3745890742337089 __DUMMY__ 0.04099762244928547	false	1.0
wichtigtuer	off 1.0	off 1.0	off 0.6718338118705183 neg 0.30847054500720766 __DUMMY__ 0.019695643122273964	false	1.0
misslingen	neg 1.0		neg 0.575434184429176 off 0.3828032752229326 __DUMMY__ 0.04176254034789122	false	1.0
untreu	off 1.0		neg 0.5740876334500571 off 0.3844540492288856 __DUMMY__ 0.041458317321057404	false	0.5
missmutig	neg 1.0		neg 0.5740503358884759 off 0.38426983992058084 __DUMMY__ 0.041679824190943356	false	1.0
hurenbock	off 1.0		neg 0.5755515275153754 off 0.3826341147567821 __DUMMY__ 0.041814357727842554	false	0.5
betrunken	neg 1.0		neg 0.5708423835435725 off 0.3875312191086599 __DUMMY__ 0.04162639734776759	false	1.0
korrupt	off 1.0		neg 0.5861856647111195 off 0.3727808481607733 __DUMMY__ 0.04103348712810725	false	0.5
unmut	neg 1.0		neg 0.5867778114366424 off 0.3716259685589467 __DUMMY__ 0.041596220004410864	false	1.0
hackfresse	off 1.0		neg 0.5672487710223263 off 0.3914897556935318 __DUMMY__ 0.04126147328414191	false	0.5
aufblasen	neg 1.0		neg 0.5762829476991196 off 0.38193657637510614 __DUMMY__ 0.0417804759257742	false	1.0
gewaltsam	neg 1.0		neg 0.5812631670606403 off 0.3775841568317069 __DUMMY__ 0.041152676107652775	false	1.0
unbeliebtheit	neg 1.0		neg 0.5784510380002912 off 0.3808866310752433 __DUMMY__ 0.040662330924465515	false	1.0
sturheit	neg 1.0		neg 0.5832691494255323 off 0.3754494406281295 __DUMMY__ 0.04128140994633812	false	1.0
kuh	neg 1.0		neg 0.578456449783887 off 0.38014941503590366 __DUMMY__ 0.04139413518020931	false	1.0
erschrecken	neg 1.0		neg 0.5747074014280718 off 0.38365009925992133 __DUMMY__ 0.041642499312006816	false	1.0
opfer	neg 1.0	neg 1.0	neg 0.780942654359864 off 0.19924081006607494 __DUMMY__ 0.019816535574060996	false	1.0
sinken	neg 1.0		neg 0.5856442773433046 off 0.3727364450561511 __DUMMY__ 0.041619277600544353	false	1.0
stinktier	neg 1.0		neg 0.5712760789593779 off 0.3875331171111015 __DUMMY__ 0.04119080392952051	false	1.0
tucke	off 1.0		neg 0.5665116098402835 off 0.39221815404079674 __DUMMY__ 0.041270236118919786	false	0.5
ein			neg 0.5757683460037761 off 0.3822784876212447 __DUMMY__ 0.04195316637497915	false	0.0
abstieg	neg 1.0		neg 0.5829124060951292 off 0.37571664195492327 __DUMMY__ 0.0413709519499476	false	1.0
missverstehen	neg 1.0		neg 0.5791215163541177 off 0.37955769209765056 __DUMMY__ 0.041320791548231706	false	1.0
ergebnislos	neg 1.0		neg 0.5829600301455582 off 0.3755957802339864 __DUMMY__ 0.041444189620455416	false	1.0
unter			neg 0.5869731233549468 off 0.3708064667376617 __DUMMY__ 0.042220409907391725	false	0.0
manipulieren	neg 1.0		neg 0.5856455410213419 off 0.37290845507261616 __DUMMY__ 0.04144600390604191	false	1.0
unbewiesen	neg 1.0		neg 0.5851552900722177 off 0.3740514105653839 __DUMMY__ 0.040793299362398484	false	1.0
verschleppen	neg 1.0		neg 0.5841290106405577 off 0.374533615489156 __DUMMY__ 0.0413373738702863	false	1.0
weib	off 1.0		neg 0.5659966747210167 off 0.39279730827050413 __DUMMY__ 0.04120601700847929	false	0.5
opposition	neg 1.0		neg 0.5807291349380822 off 0.37818198264010633 __DUMMY__ 0.04108888242181139	false	1.0
verkehrswidrig	neg 1.0		neg 0.5676198455963297 off 0.3908950488620035 __DUMMY__ 0.04148510554166672	false	1.0
inkorrekt	neg 1.0		neg 0.5775609489755685 off 0.38148153244685157 __DUMMY__ 0.04095751857757987	false	1.0
vermeiden	neg 1.0		neg 0.5862153347347939 off 0.37183162461133346 __DUMMY__ 0.04195304065387261	false	1.0
abweichung	neg 1.0		neg 0.5862375579002997 off 0.3727128153037657 __DUMMY__ 0.04104962679593453	false	1.0
alkoholisiert	neg 1.0		neg 0.580748395525018 off 0.37753143770030206 __DUMMY__ 0.04172016677467989	false	1.0
scheiss	off 1.0	off 1.0	off 0.6755564779536589 neg 0.3046477087498479 __DUMMY__ 0.019795813296493197	false	1.0
herausforderung	neg 1.0		neg 0.5788879120047666 off 0.37909840761840313 __DUMMY__ 0.042013680376830266	false	1.0
pervers	off 1.0		neg 0.5632198478998796 off 0.39563572409871073 __DUMMY__ 0.04114442800140976	false	0.5
wackelig	neg 1.0		neg 0.5783908728387412 off 0.3795421489524334 __DUMMY__ 0.04206697820882537	false	1.0
verwickeln	neg 1.0		neg 0.5788067042585913 off 0.3797849481804997 __DUMMY__ 0.04140834756090896	false	1.0
vorwand	neg 1.0		neg 0.5865741379950551 off 0.37192683485715783 __DUMMY__ 0.04149902714778719	false	1.0
muschi	off 1.0		neg 0.5803936611537249 off 0.3782474817470356 __DUMMY__ 0.04135885709923953	false	0.5
entmutigung	neg 1.0		neg 0.583412962946505 off 0.3759382677785793 __DUMMY__ 0.040648769274915536	false	1.0
unangemessen	neg 1.0		neg 0.5844219092333679 off 0.3742819944683769 __DUMMY__ 0.04129609629825517	false	1.0
unstetig	neg 1.0		neg 0.5770566968915234 off 0.3816616799749961 __DUMMY__ 0.04128162313348054	false	1.0
entmutigen	neg 1.0		neg 0.5782064551388687 off 0.38020750007737314 __DUMMY__ 0.04158604478375821	false	1.0
schwanz	neg 1.0		neg 0.582021293870179 off 0.37647966543795336 __DUMMY__ 0.04149904069186761	false	1.0
verbot	neg 1.0		neg 0.5849287314257267 off 0.3739670009089086 __DUMMY__ 0.041104267665364805	false	1.0
leid	neg 1.0		neg 0.5692315757859602 off 0.38947024185706386 __DUMMY__ 0.0412981823569761	false	1.0
archaisch	neg 1.0		neg 0.5831548198890009 off 0.3754716782230138 __DUMMY__ 0.0413735018879853	false	1.0
gegen			neg 0.5859195650576404 off 0.3725821691883204 __DUMMY__ 0.04149826575403922	false	0.0
scheidung	neg 1.0	neg 1.0	neg 0.7650513337727547 off 0.21534022196449715 __DUMMY__ 0.01960844426274816	false	1.0
einschlag	neg 1.0		neg 0.5697176475528731 off 0.388977461149015 __DUMMY__ 0.04130489129811184	false	1.0
m			neg 0.57961446926352 off 0.37865403578025386 __DUMMY__ 0.041731494956226065	false	0.0
abgestanden	neg 1.0		neg 0.5782760140049442 off 0.38002835784600547 __DUMMY__ 0.04169562814905032	false	1.0
schmierig	off 1.0		neg 0.5697668305002677 off 0.3888305980323211 __DUMMY__ 0.04140257146741105	false	0.5
unpraktisch	neg 1.0		neg 0.5760705562763659 off 0.3821168211390628 __DUMMY__ 0.041812622584571364	false	1.0
wixxer	off 1.0		neg 0.5641049005041234 off 0.39488919243501197 __DUMMY__ 0.04100590706086467	false	0.5
bezeichnet			neg 0.5820679915665115 off 0.3765799532343425 __DUMMY__ 0.041352055199145976	false	0.0
jammerlappen	off 1.0		neg 0.5747320851575253 off 0.38376992243449415 __DUMMY__ 0.04149799240798072	false	0.5
farce	neg 1.0		neg 0.5863620043171455 off 0.3727833403372684 __DUMMY__ 0.040854655345585945	false	1.0
zwecklos	neg 1.0		neg 0.5840329931187345 off 0.37456882736999986 __DUMMY__ 0.041398179511265704	false	1.0
turbulent	neg 1.0		neg 0.5724803187607901 off 0.3863376886445306 __DUMMY__ 0.041181992594679216	false	1.0
invasion	neg 1.0		neg 0.5748658910765185 off 0.38348362030318195 __DUMMY__ 0.04165048862029951	false	1.0
schuld	neg 1.0		neg 0.5795080277726442 off 0.37903258628923264 __DUMMY__ 0.041459385938123046	false	1.0
risiko	neg 1.0		neg 0.5741891387811644 off 0.38409483756674007 __DUMMY__ 0.04171602365209564	false	1.0
finster	neg 1.0		neg 0.5765886046767333 off 0.3815537842125549 __DUMMY__ 0.0418576111107116	false	1.0
geisteskrank	off 1.0		neg 0.5756510309644999 off 0.38321715607735585 __DUMMY__ 0.04113181295814431	false	0.5
zusammenbrechen	neg 1.0		neg 0.5805445851425276 off 0.3777764754291452 __DUMMY__ 0.04167893942832708	false	1.0
ausbeute	neg 1.0		neg 0.5797110083619164 off 0.3783732288269558 __DUMMY__ 0.04191576281112798	false	1.0
hinterhalt	neg 1.0		neg 0.5787175874419203 off 0.37980916710306567 __DUMMY__ 0.04147324545501406	false	1.0
kritik	neg 1.0		neg 0.5854852566473605 off 0.3735455703829944 __DUMMY__ 0.040969172969645085	false	1.0
einschrumpfen	neg 1.0		neg 0.5789278763664123 off 0.3800561552066318 __DUMMY__ 0.041015968426956054	false	1.0
riskant	neg 1.0		neg 0.5838453133270897 off 0.37454996594569767 __DUMMY__ 0.04160472072721249	false	1.0
frustrieren	neg 1.0		neg 0.5843032056598889 off 0.3741456763352757 __DUMMY__ 0.04155111800483532	false	1.0
groll	neg 1.0		neg 0.5836286195181526 off 0.37495249019352467 __DUMMY__ 0.04141889028832256	false	1.0
gibt			neg 0.5816250767750348 off 0.37677781437760066 __DUMMY__ 0.04159710884736437	false	0.0
qualvoll	neg 1.0		neg 0.5757781558444212 off 0.3825416793890641 __DUMMY__ 0.04168016476651477	false	1.0
wackeln	neg 1.0		neg 0.5760280816588563 off 0.38206906900760035 __DUMMY__ 0.04190284933354326	false	1.0
klagen	neg 1.0		neg 0.5875025201334989 off 0.3710964812943457 __DUMMY__ 0.041400998572155394	false	1.0
bankrott	neg 1.0		neg 0.5729583226215866 off 0.3854001955894479 __DUMMY__ 0.041641481788965415	false	1.0
trauern	neg 1.0		neg 0.5835187503097135 off 0.3748795409967806 __DUMMY__ 0.04160170869350582	false	1.0
ablehnung	neg 1.0	neg 1.0	neg 0.7814182984154671 off 0.19901367139822554 __DUMMY__ 0.019568030186307393	false	1.0
stur	neg 1.0		neg 0.5788624553646441 off 0.37965480639679394 __DUMMY__ 0.04148273823856192	false	1.0
aufruhr	neg 1.0		neg 0.5820411813680891 off 0.3768301924159933 __DUMMY__ 0.0411286262159175	false	1.0
melancholie	neg 1.0		neg 0.5790422095993959 off 0.3789970726211719 __DUMMY__ 0.041960717779432305	false	1.0
ist			neg 0.5780921834295117 off 0.38037342718027095 __DUMMY__ 0.04153438939021732	false	0.0
torheit	neg 1.0		neg 0.5823443538696611 off 0.3766476835259764 __DUMMY__ 0.04100796260436242	false	1.0
dreckskind	off 1.0		neg 0.5709890548757829 off 0.38808278253876566 __DUMMY__ 0.04092816258545146	false	0.5
umtauschen	neg 1.0		neg 0.5778667796187827 off 0.380315689646986 __DUMMY__ 0.0418175307342313	false	1.0
zum			neg 0.5826084606225697 off 0.3750831910966682 __DUMMY__ 0.04230834828076215	false	0.0
zersetzen	neg 1.0		neg 0.586265202179484 off 0.3722906056331443 __DUMMY__ 0.041444192187371706	false	1.0
zur			neg 0.5869335031266967 off 0.3712678440124851 __DUMMY__ 0.04179865286081834	false	0.0
frust	neg 1.0		neg 0.5807792393794311 off 0.3775423628762894 __DUMMY__ 0.04167839774427949	false	1.0
unerbittlichkeit	neg 1.0		neg 0.5853906960540651 off 0.37319114133675035 __DUMMY__ 0.04141816260918454	false	1.0
zwei			neg 0.5820717207430804 off 0.375799971337896 __DUMMY__ 0.04212830791902363	false	0.0
unkorrekt	neg 1.0		neg 0.5756072794633268 off 0.38331585011579855 __DUMMY__ 0.041076870420874816	false	1.0
hexe	off 1.0		neg 0.5739047668180588 off 0.38461779020910525 __DUMMY__ 0.04147744297283594	false	0.5
lasch	neg 1.0		neg 0.5778454060448432 off 0.3808544686741271 __DUMMY__ 0.041300125281029734	false	1.0
rivale	neg 1.0		neg 0.5709421732070333 off 0.38781386880217017 __DUMMY__ 0.04124395799079647	false	1.0
mutlos	off 1.0	off 1.0	off 0.668608730516117 neg 0.3117057486618569 __DUMMY__ 0.01968552082202605	false	1.0
wirr	off 1.0		neg 0.5737149615200021 off 0.38520903566210835 __DUMMY__ 0.04107600281788967	false	0.5
jahr			neg 0.5802900280303692 off 0.37769742101952375 __DUMMY__ 0.04201255095010695	false	0.0
wird			neg 0.5827325020988738 off 0.3756251436894576 __DUMMY__ 0.04164235421166848	false	0.0
strafbar	neg 1.0		neg 0.5861670258282119 off 0.37256270189009183 __DUMMY__ 0.04127027228169623	false	1.0
erosion	neg 1.0		neg 0.5760767897680189 off 0.3821854967641762 __DUMMY__ 0.041737713467804756	false	1.0
eingehen	neg 1.0		neg 0.58383694421054 off 0.37469205089133684 __DUMMY__ 0.04147100489812334	false	1.0
faul	off 1.0		neg 0.5730895468553854 off 0.38517530541104733 __DUMMY__ 0.041735147733567145	false	0.5
provisorium	neg 1.0		neg 0.5887059186314019 off 0.36921644285812993 __DUMMY__ 0.04207763851046808	false	1.0
schmerzen	neg 1.0		neg 0.5792017409855358 off 0.3790324208034771 __DUMMY__ 0.04176583821098725	false	1.0
schrumpfen	neg 1.0		neg 0.5878472560873107 off 0.3703939189281367 __DUMMY__ 0.0417588249845526	false	1.0
geistlos	off 1.0		neg 0.5819317652147774 off 0.3772157426877041 __DUMMY__ 0.04085249209751831	false	0.5
fehlkauf	neg 1.0		neg 0.5776290285709046 off 0.38102556661053477 __DUMMY__ 0.041345404818560666	false	1.0
frustrierend	neg 1.0	neg 1.0	neg 0.7764379689430401 off 0.20373053350369555 __DUMMY__ 0.01983149755326439	false	1.0
unzufrieden	neg 1.0		neg 0.5830192556667603 off 0.3754638805728454 __DUMMY__ 0.041516863760394235	false	1.0
verzweifeln	neg 1.0		neg 0.5796707370273114 off 0.3786645619032151 __DUMMY__ 0.041664701069473425	false	1.0
verzweifelt	neg 1.0		neg 0.5783723088488079 off 0.38007898459122785 __DUMMY__ 0.041548706559964295	false	1.0
misstrauensantrag	neg 1.0		neg 0.5780086064012502 off 0.38070112185877564 __DUMMY__ 0.041290271739974155	false	1.0
abfallen	neg 1.0		neg 0.5755001675831218 off 0.3825534289811019 __DUMMY__ 0.04194640343577633	false	1.0
fucker	off 1.0		neg 0.5721029430466185 off 0.3866034220744277 __DUMMY__ 0.04129363487895386	false	0.5
ungezogen	neg 1.0		neg 0.5648817754905127 off 0.3938074798550675 __DUMMY__ 0.0413107446544198	false	1.0
irrsinnig	neg 1.0	neg 1.0	neg 0.7785872408536332 off 0.20163702385368143 __DUMMY__ 0.01977573529268539	false	1.0
unfassbar	neg 1.0		neg 0.5743784104045988 off 0.38415407665368567 __DUMMY__ 0.04146751294171545	false	1.0
hart	neg 1.0		neg 0.5755729766201755 off 0.3831626178354324 __DUMMY__ 0.04126440554439224	false	1.0
widerlich	off 1.0		neg 0.5747978752359558 off 0.3839130967182751 __DUMMY__ 0.041289028045769005	false	0.5
fatal	neg 1.0		neg 0.5772978504082669 off 0.38129908776498256 __DUMMY__ 0.04140306182675057	false	1.0
bruch	neg 1.0		neg 0.5883277816854882 off 0.3703150087251022 __DUMMY__ 0.04135720958940959	false	1.0
aushungern	neg 1.0		neg 0.5831924642251091 off 0.37574870510529323 __DUMMY__ 0.04105883066959763	false	1.0
anspannung	neg 1.0		neg 0.5849963257544443 off 0.3730988310494544 __DUMMY__ 0.04190484319610126	false	1.0
von			neg 0.5813515243216844 off 0.3766320839058171 __DUMMY__ 0.042016391772498524	false	0.0
kraftlos	neg 1.0		neg 0.5798520716301491 off 0.3782030095173649 __DUMMY__ 0.041944918852486	false	1.0
vom			neg 0.5858848116046368 off 0.3718744843611339 __DUMMY__ 0.042240704034229304	false	0.0
grenzdebil	off 1.0		neg 0.5726524752715262 off 0.3858304317107443 __DUMMY__ 0.04151709301772961	false	0.5
vor			neg 0.5841036576972088 off 0.3740395822752097 __DUMMY__ 0.04185676002758131	false	0.0
unterwerfen	neg 1.0		neg 0.5846692013145744 off 0.37390992510309434 __DUMMY__ 0.041420873582331194	false	1.0
versenkung	neg 1.0		neg 0.5842413667501896 off 0.37420892144659457 __DUMMY__ 0.04154971180321592	false	1.0
entziehen	neg 1.0		neg 0.5868103254126763 off 0.37164085168858163 __DUMMY__ 0.041548822898742	false	1.0
finanzkrise	neg 1.0		neg 0.5836448827537831 off 0.3753153664846282 __DUMMY__ 0.04103975076158871	false	1.0
schimpfend	neg 1.0		neg 0.5736530341414615 off 0.3843008033124294 __DUMMY__ 0.04204616254610922	false	1.0
profan	neg 1.0		neg 0.5768943363758162 off 0.38152632179230306 __DUMMY__ 0.04157934183188068	false	1.0
korruption	neg 1.0		neg 0.5856520730359315 off 0.373271565509607 __DUMMY__ 0.041076361454461606	false	1.0
â			neg 0.5810524695848885 off 0.37725986282361224 __DUMMY__ 0.041687667591499215	false	0.0
schmutzig	neg 1.0		neg 0.5714688042908128 off 0.38679547013511045 __DUMMY__ 0.0417357255740767	false	1.0
sexy	neg 1.0		neg 0.5745131460201912 off 0.38394743446720286 __DUMMY__ 0.04153941951260592	false	1.0
abraten	neg 1.0		neg 0.5772605767374217 off 0.38107157711203915 __DUMMY__ 0.041667846150539166	false	1.0
schwarz	neg 1.0		neg 0.5778596781978521 off 0.38068213424110997 __DUMMY__ 0.04145818756103802	false	1.0
fotze	off 1.0		neg 0.5824450630110015 off 0.376174263986044 __DUMMY__ 0.04138067300295438	false	0.5
verwirren	neg 1.0		neg 0.5761498210000832 off 0.38229512987918424 __DUMMY__ 0.04155504912073262	false	1.0
zahnlos	off 1.0		neg 0.5835830039730435 off 0.37501842584926326 __DUMMY__ 0.041398570177693376	false	0.5
verheeren	neg 1.0		neg 0.5661592726581249 off 0.39298323007290736 __DUMMY__ 0.04085749726896777	false	1.0
hippie	neg 1.0		neg 0.5751708180279873 off 0.38333599861940365 __DUMMY__ 0.04149318335260914	false	1.0
rammen	neg 1.0		neg 0.575628117932091 off 0.3827801032094873 __DUMMY__ 0.04159177885842173	false	1.0
unlauter	neg 1.0	neg 1.0	neg 0.7782272240149559 off 0.20210653652929397 __DUMMY__ 0.019666239455750124	false	1.0
unheilvoll	neg 1.0		neg 0.5765354105969043 off 0.38182456158776323 __DUMMY__ 0.04164002781533261	false	1.0
niedrig	neg 1.0		neg 0.5827993710367193 off 0.37568194774408686 __DUMMY__ 0.041518681219193755	false	1.0
explosion	neg 1.0		neg 0.5750249198595476 off 0.38338588908316373 __DUMMY__ 0.04158919105728873	false	1.0
weichei	off 1.0		neg 0.568492533804013 off 0.39022924424237654 __DUMMY__ 0.04127822195361036	false	0.5
minusmensch	off 1.0		neg 0.5668470005214735 off 0.39236004684963216 __DUMMY__ 0.04079295262889433	false	0.5
farblos	neg 1.0		neg 0.5796391313656599 off 0.37898814811339226 __DUMMY__ 0.041372720520947794	false	1.0
unwissend	neg 1.0	neg 1.0	neg 0.7762437928872608 off 0.20402973162272744 __DUMMY__ 0.019726475490011754	false	1.0
traurig	neg 1.0		neg 0.5705913829783184 off 0.3878926393209003 __DUMMY__ 0.04151597770078129	false	1.0
senkung	neg 1.0		neg 0.576964990014155 off 0.3816707932277159 __DUMMY__ 0.04136421675812907	false	1.0
ungleich	neg 1.0	neg 1.0	neg 0.7816518410657151 off 0.19861069176549154 __DUMMY__ 0.01973746716879332	false	1.0
heikel	neg 1.0		neg 0.5855026242105281 off 0.3729597470808268 __DUMMY__ 0.04153762870864497	false	1.0
drosselung	neg 1.0		neg 0.5699006003326503 off 0.38856350994715666 __DUMMY__ 0.04153588972019288	false	1.0
falsch	neg 1.0		neg 0.5757423820358715 off 0.38279409148417004 __DUMMY__ 0.04146352647995847	false	1.0
unzufriedenheit	neg 1.0		neg 0.5861425299357651 off 0.3723730042704954 __DUMMY__ 0.04148446579373941	false	1.0
kurz	neg 1.0		neg 0.578762334880328 off 0.3793297719275037 __DUMMY__ 0.04190789319216815	false	1.0
unsinnig	neg 1.0		neg 0.5826508843629024 off 0.3758627848320326 __DUMMY__ 0.041486330805065	false	1.0
penner	off 1.0	off 1.0	off 0.6789872611680917 neg 0.3013045445848302 __DUMMY__ 0.019708194247078106	false	1.0
seicht	neg 1.0		neg 0.5680547262591363 off 0.3909667526087426 __DUMMY__ 0.04097852113212109	false	1.0
dummheit	off 1.0	off 1.0	off 0.6722740863279779 neg 0.3080329107561795 __DUMMY__ 0.019693002915842653	false	1.0
unerfreulich	neg 1.0		neg 0.58521508120966 off 0.37312845569109876 __DUMMY__ 0.04165646309924123	false	1.0
motherfucker	off 1.0	off 1.0	off 0.6757215930238184 neg 0.30459657807501506 __DUMMY__ 0.019681828901166647	false	1.0
pikiert	neg 1.0		neg 0.575927746394189 off 0.38273960875774093 __DUMMY__ 0.04133264484806994	false	1.0
wrack	neg 1.0		neg 0.580993438788097 off 0.3773453685293089 __DUMMY__ 0.041661192682594064	false	1.0
gangster	neg 1.0		neg 0.5762139089095598 off 0.3823018760843728 __DUMMY__ 0.041484215006067256	false	1.0
krank	neg 1.0		neg 0.5711020105819025 off 0.3871858187357246 __DUMMY__ 0.04171217068237306	false	1.0
reich	neg 1.0		neg 0.5781763890141015 off 0.38097426456699796 __DUMMY__ 0.040849346418900485	false	1.0
gnadenlos	neg 1.0		neg 0.5785483833734292 off 0.3799016597649612 __DUMMY__ 0.04154995686160964	false	1.0
niedergeschlagen	neg 1.0		neg 0.5804702201949767 off 0.3778588401678832 __DUMMY__ 0.04167093963714015	false	1.0
terrorisieren	off 1.0	off 1.0	off 0.6693072986825463 neg 0.3108703403397054 __DUMMY__ 0.019822360977748203	false	1.0
sinnlosigkeit	neg 1.0		neg 0.5832299729794784 off 0.37533506321143634 __DUMMY__ 0.04143496380908531	false	1.0
behindern	neg 1.0		neg 0.5783747774033307 off 0.3799128322294762 __DUMMY__ 0.041712390367193194	false	1.0
undemokratisch	neg 1.0		neg 0.5823497192378108 off 0.37667094389715466 __DUMMY__ 0.040979336865034445	false	1.0
wirtschaftskrise	neg 1.0		neg 0.5844244861684408 off 0.37434594583937714 __DUMMY__ 0.04122956799218208	false	1.0
neid	neg 1.0		neg 0.5741051409072216 off 0.38417476987203925 __DUMMY__ 0.041720089220739	false	1.0
rutschen	neg 1.0		neg 0.5823211994002713 off 0.3753549927646328 __DUMMY__ 0.04232380783509604	false	1.0
rezession	neg 1.0		neg 0.5729901226479741 off 0.38609694236079406 __DUMMY__ 0.04091293499123181	false	1.0
fehlgeburt	neg 1.0		neg 0.5788626241732415 off 0.3796176578195872 __DUMMY__ 0.0415197180071713	false	1.0
charakterschwach	off 1.0		neg 0.5747806550430236 off 0.38390420969583394 __DUMMY__ 0.04131513526114253	false	0.5
isolation	neg 1.0		neg 0.573078997371451 off 0.3853559734928363 __DUMMY__ 0.04156502913571274	false	1.0
ablenkung	neg 1.0		neg 0.5778335142830274 off 0.38042641255336446 __DUMMY__ 0.041740073163608137	false	1.0
pech	neg 1.0		neg 0.5752613294815726 off 0.38311626845875874 __DUMMY__ 0.041622402059668634	false	1.0
vermeidung	neg 1.0		neg 0.5707101590318047 off 0.3876739601812574 __DUMMY__ 0.04161588078693787	false	1.0
dominieren	neg 1.0		neg 0.5808983288379116 off 0.3775527998630047 __DUMMY__ 0.04154887129908359	false	1.0
schwindlig	neg 1.0		neg 0.5739729909685295 off 0.3841916760921531 __DUMMY__ 0.04183533293931732	false	1.0
lutscher	neg 1.0		neg 0.566308644793262 off 0.3926363486027173 __DUMMY__ 0.04105500660402066	false	1.0
pflicht	neg 1.0		neg 0.5857125482878055 off 0.3727539606627004 __DUMMY__ 0.0415334910494941	false	1.0
faschist	off 1.0		neg 0.5809232386791437 off 0.37807536137009895 __DUMMY__ 0.04100139995075747	false	0.5
verschleudern	neg 1.0		neg 0.5846975816937309 off 0.3740184768429151 __DUMMY__ 0.041283941463353964	false	1.0
wenn			neg 0.5752149493051562 off 0.38325867475999637 __DUMMY__ 0.04152637593484736	false	0.0
ehebruch	neg 1.0		neg 0.5853259625877029 off 0.3733874452731703 __DUMMY__ 0.04128659213912679	false	1.0
spott	off 1.0		neg 0.585498027341439 off 0.3731500381283451 __DUMMY__ 0.04135193453021606	false	0.5
trostlosigkeit	neg 1.0		neg 0.5881760564125548 off 0.37063020516798295 __DUMMY__ 0.04119373841946234	false	1.0
lutschen	neg 1.0		neg 0.5764617638647855 off 0.3823143519545463 __DUMMY__ 0.04122388418066818	false	1.0
undiszipliniert	neg 1.0		neg 0.572236158830061 off 0.38635628646195236 __DUMMY__ 0.04140755470798677	false	1.0
kopfschmerz	neg 1.0		neg 0.5790972844237557 off 0.37922226747462096 __DUMMY__ 0.041680448101623274	false	1.0
unvorhergesehen	neg 1.0		neg 0.5782706551853977 off 0.3797333324388127 __DUMMY__ 0.04199601237578968	false	1.0
desinteressiert	neg 1.0		neg 0.5731431818276523 off 0.3855244836702251 __DUMMY__ 0.04133233450212248	false	1.0
armselig	off 1.0		neg 0.5730926394077456 off 0.38570686305115953 __DUMMY__ 0.04120049754109497	false	0.5
desaster	neg 1.0		neg 0.5889670612646253 off 0.36969919966045983 __DUMMY__ 0.0413337390749148	false	1.0
tod	neg 1.0		neg 0.5871509332482698 off 0.37175791065428426 __DUMMY__ 0.04109115609744581	false	1.0
herzlos	neg 1.0		neg 0.5705036559298103 off 0.3880662828258634 __DUMMY__ 0.041430061244326154	false	1.0
unwissenheit	neg 1.0		neg 0.5843085885734967 off 0.37437945790376903 __DUMMY__ 0.04131195352273442	false	1.0
widersinnig	neg 1.0		neg 0.584895280879513 off 0.37405550715371605 __DUMMY__ 0.04104921196677081	false	1.0
bedenklich	neg 1.0		neg 0.584548577107299 off 0.3739467169087128 __DUMMY__ 0.041504705983988026	false	1.0
beanstanden	neg 1.0		neg 0.5859824417906666 off 0.37246520687834256 __DUMMY__ 0.04155235133099094	false	1.0
panisch	neg 1.0	neg 1.0	neg 0.775505086498393 off 0.20443311093105296 __DUMMY__ 0.020061802570553972	false	1.0
debil	off 1.0		neg 0.5882743249716029 off 0.37006848611656845 __DUMMY__ 0.04165718891182857	false	0.5
abstrich	neg 1.0		neg 0.5768088139632546 off 0.38135735997772924 __DUMMY__ 0.04183382605901623	false	1.0
primitiv	neg 1.0		neg 0.5741795617776413 off 0.3845400193350562 __DUMMY__ 0.04128041888730251	false	1.0
abschaum	off 1.0	off 1.0	off 0.6735023780746077 neg 0.3068495686983319 __DUMMY__ 0.019648053227060536	false	1.0
provozieren	neg 1.0		neg 0.5807998474014489 off 0.37783983599708676 __DUMMY__ 0.04136031660146429	false	1.0
tot	neg 1.0		neg 0.5808133960424396 off 0.3776960416115834 __DUMMY__ 0.041490562345976874	false	1.0
instabil	neg 1.0		neg 0.5723312448480686 off 0.3865681863813976 __DUMMY__ 0.04110056877053357	false	1.0
schwuchtel	off 1.0		neg 0.5623438506975407 off 0.39688905326485213 __DUMMY__ 0.040767096037607226	false	0.5
zerren	neg 1.0		neg 0.5804539805764395 off 0.37785528947153857 __DUMMY__ 0.04169072995202206	false	1.0
kinderficker	off 1.0		neg 0.5714555093034549 off 0.38748253840934527 __DUMMY__ 0.04106195228719978	false	0.5
gefahr	neg 1.0		neg 0.5845538849228903 off 0.3740368058868741 __DUMMY__ 0.04140930919023576	false	1.0
rabiat	neg 1.0		neg 0.5796621187169907 off 0.37879293461022023 __DUMMY__ 0.04154494667278916	false	1.0
verlangsamung	neg 1.0		neg 0.5695010160966891 off 0.38963706390787534 __DUMMY__ 0.04086191999543561	false	1.0
ausgestorben	neg 1.0		neg 0.5805207850196458 off 0.3778158837257883 __DUMMY__ 0.041663331254566026	false	1.0
anklagen	neg 1.0		neg 0.5823608221006822 off 0.37637633727578457 __DUMMY__ 0.04126284062353323	false	1.0
trott	neg 1.0		neg 0.5787336939131345 off 0.37962118016442836 __DUMMY__ 0.04164512592243729	false	1.0
verminderung	neg 1.0		neg 0.5715834607986862 off 0.3870237354467026 __DUMMY__ 0.04139280375461131	false	1.0
nach			neg 0.584500149065224 off 0.3734103823234572 __DUMMY__ 0.042089468611318875	false	0.0
rost	neg 1.0		neg 0.5676507476326236 off 0.3913045137337706 __DUMMY__ 0.0410447386336056	false	1.0
destruktiv	neg 1.0	neg 1.0	neg 0.7803815672099472 off 0.19994303242228462 __DUMMY__ 0.019675400367768235	false	1.0
unzumutbarkeit	neg 1.0		neg 0.5719082450808061 off 0.38662035862230315 __DUMMY__ 0.04147139629689084	false	1.0
labil	off 1.0	off 1.0	off 0.6744613619630911 neg 0.3058516235201695 __DUMMY__ 0.0196870145167393	false	1.0
ziemlich	neg 1.0		neg 0.5731988154849427 off 0.38528023254664495 __DUMMY__ 0.04152095196841238	false	1.0
lachnummer	off 1.0		neg 0.5826791125039096 off 0.3760211074528533 __DUMMY__ 0.04129978004323709	false	0.5
oder			neg 0.5779690429167641 off 0.3802583451192567 __DUMMY__ 0.041772611963979286	false	0.0
verfall	neg 1.0		neg 0.5887047477393089 off 0.3696503855423577 __DUMMY__ 0.04164486671833355	false	1.0
ausgrenzung	neg 1.0		neg 0.5810451620960612 off 0.37792492934638616 __DUMMY__ 0.04102990855755278	false	1.0
unordnung	neg 1.0		neg 0.5705701631858084 off 0.3882234553758921 __DUMMY__ 0.041206381438299564	false	1.0
fehlverhalten	neg 1.0		neg 0.5856730981196828 off 0.37295568846257043 __DUMMY__ 0.04137121341774678	false	1.0
eine			neg 0.5839481572108991 off 0.3742281071812471 __DUMMY__ 0.041823735607853865	false	0.0
nille	neg 1.0		neg 0.5813507927288663 off 0.3773691711882052 __DUMMY__ 0.04128003608292859	false	1.0
qual	neg 1.0		neg 0.5791278424731845 off 0.37926276740462667 __DUMMY__ 0.0416093901221889	false	1.0
verschwenden	neg 1.0		neg 0.5833744674766173 off 0.3750025967146099 __DUMMY__ 0.04162293580877283	false	1.0
riesig	neg 1.0		neg 0.5806376488007863 off 0.3778184227409764 __DUMMY__ 0.04154392845823745	false	1.0
verurteilen	neg 1.0		neg 0.5847278897161551 off 0.37403758318214964 __DUMMY__ 0.041234527101695145	false	1.0
klischee	neg 1.0	neg 1.0	neg 0.7775911423809593 off 0.2027235606597854 __DUMMY__ 0.019685296959255357	false	1.0
diktatorisch	neg 1.0		neg 0.5834921630152804 off 0.3756567775618634 __DUMMY__ 0.04085105942285604	false	1.0
vorhersehbar	neg 1.0		neg 0.5795330751221881 off 0.37921128369875007 __DUMMY__ 0.041255641179061844	false	1.0
sowie			neg 0.5698831778768273 off 0.3890969834343819 __DUMMY__ 0.04101983868879086	false	0.0
stornieren	neg 1.0		neg 0.5744284176918651 off 0.3838037685788745 __DUMMY__ 0.04176781372926048	false	1.0
besteuerung	neg 1.0		neg 0.5789752340421942 off 0.3796427210997725 __DUMMY__ 0.041382044858033346	false	1.0
ungeschminkt	neg 1.0		neg 0.5733939612731025 off 0.3852168180235371 __DUMMY__ 0.04138922070336039	false	1.0
kritisch	neg 1.0		neg 0.5853923998021399 off 0.37324806962169715 __DUMMY__ 0.041359530576163143	false	1.0
schlamperei	off 1.0		neg 0.5853625207862696 off 0.3733665269081525 __DUMMY__ 0.041270952305578035	false	0.5
sucht	neg 1.0	neg 1.0	neg 0.7752700355116962 off 0.20471801828241898 __DUMMY__ 0.0200119462058849	false	1.0
egoistisch	off 1.0		neg 0.5691170240821787 off 0.389641261886706 __DUMMY__ 0.04124171403111538	false	0.5
ausbeuter	off 1.0		neg 0.5870113219514395 off 0.3717256358106135 __DUMMY__ 0.041263042237947016	false	0.5
arschgeburt	off 1.0		neg 0.5625347981353743 off 0.39669942639890365 __DUMMY__ 0.04076577546572195	false	0.5
schubs	neg 1.0	neg 1.0	neg 0.7784815891650746 off 0.20149018524506818 __DUMMY__ 0.020028225589857205	false	1.0
unsolide	neg 1.0		neg 0.5809912847262303 off 0.3783501790503222 __DUMMY__ 0.04065853622344749	false	1.0
beschwerde	neg 1.0		neg 0.5836332791633257 off 0.37501172067652566 __DUMMY__ 0.04135500016014856	false	1.0
stocken	neg 1.0		neg 0.5827206026287559 off 0.37573239954095133 __DUMMY__ 0.04154699783029283	false	1.0
isolieren	neg 1.0		neg 0.5790754207415388 off 0.3792135278447826 __DUMMY__ 0.04171105141367863	false	1.0
unheilbar	neg 1.0		neg 0.5802385235088542 off 0.3783681786669548 __DUMMY__ 0.04139329782419097	false	1.0
pisser	off 1.0		neg 0.5721476237243913 off 0.3867202247411854 __DUMMY__ 0.04113215153442323	false	0.5
löschen	neg 1.0		neg 0.5786098055211922 off 0.37991465722211687 __DUMMY__ 0.041475537256690974	false	1.0
durchfallen	neg 1.0		neg 0.5838394530106085 off 0.3746476449658353 __DUMMY__ 0.04151290202355608	false	1.0
wichser	off 1.0		neg 0.5641845063042658 off 0.39466788894641447 __DUMMY__ 0.04114760474931973	false	0.5
terror	neg 1.0		neg 0.5736260188130757 off 0.38467601449906025 __DUMMY__ 0.04169796668786403	false	1.0
krass	neg 1.0		neg 0.5701379297921974 off 0.38846972461218787 __DUMMY__ 0.041392345595614805	false	1.0
revolte	neg 1.0	neg 1.0	neg 0.7793482811783692 off 0.20120569510367997 __DUMMY__ 0.01944602371795085	false	1.0
besorgt	neg 1.0		neg 0.5783746233346615 off 0.37967750736637745 __DUMMY__ 0.04194786929896102	false	1.0
nachlassen	neg 1.0		neg 0.581298070475483 off 0.3770531776074481 __DUMMY__ 0.04164875191706885	false	1.0
alt	neg 1.0		neg 0.5817597123151707 off 0.37640195100213 __DUMMY__ 0.041838336682699304	false	1.0
hundesohn	off 1.0		neg 0.5670426413830624 off 0.3920544509998949 __DUMMY__ 0.04090290761704253	false	0.5
als			neg 0.5809734987993467 off 0.377287501967083 __DUMMY__ 0.041738999233570266	false	0.0
abschreckung	neg 1.0		neg 0.5872882274276569 off 0.3713416869489049 __DUMMY__ 0.04137008562343825	false	1.0
unqualifiziert	neg 1.0	neg 1.0	neg 0.7781177436541643 off 0.20218606504438846 __DUMMY__ 0.019696191301447306	false	1.0
abgewichst	off 1.0		neg 0.5813044903648416 off 0.3772554121878831 __DUMMY__ 0.04144009744727537	false	0.5
schwer	neg 1.0		neg 0.5794965163279976 off 0.37884806097336093 __DUMMY__ 0.041655422698641684	false	1.0
bedeutungslosigkeit	neg 1.0		neg 0.5861305739461771 off 0.37246366886463744 __DUMMY__ 0.041405757189185426	false	1.0
kapitulation	neg 1.0		neg 0.5869588596166633 off 0.37204711068474994 __DUMMY__ 0.04099402969858662	false	1.0
unscharf	neg 1.0		neg 0.575816760679813 off 0.3826378565006943 __DUMMY__ 0.041545382819492646	false	1.0
schwinden	neg 1.0		neg 0.5850483318406831 off 0.37345252254354433 __DUMMY__ 0.04149914561577264	false	1.0
versklavung	neg 1.0	neg 1.0	neg 0.7800574947669648 off 0.2004052107018627 __DUMMY__ 0.019537294531172405	false	1.0
schlecht	neg 1.0		neg 0.5726666074692834 off 0.3857891216580158 __DUMMY__ 0.04154427087270069	false	1.0
verhasst	neg 1.0		neg 0.581297922621396 off 0.37741094731387825 __DUMMY__ 0.04129113006472589	false	1.0
beschweren	neg 1.0		neg 0.5775398477842243 off 0.3808725214875323 __DUMMY__ 0.04158763072824336	false	1.0
scheiden	neg 1.0		neg 0.5790581311814971 off 0.3792620440523692 __DUMMY__ 0.041679824766133695	false	1.0
frustriert	neg 1.0		neg 0.5810775553073979 off 0.37732399826861396 __DUMMY__ 0.04159844642398818	false	1.0
schimmelig	neg 1.0		neg 0.583277588679478 off 0.37520108664785695 __DUMMY__ 0.04152132467266512	false	1.0
fisch	neg 1.0	neg 1.0	neg 0.7787420522714744 off 0.2012622924066843 __DUMMY__ 0.019995655321841294	false	1.0
schmuggel	neg 1.0		neg 0.5838168022003766 off 0.37446676272179985 __DUMMY__ 0.04171643507782356	false	1.0
auffallen	neg 1.0		neg 0.5771070346575254 off 0.3813309904410842 __DUMMY__ 0.04156197490139027	false	1.0
konkurrenz	neg 1.0		neg 0.5846212125915285 off 0.3736462718870174 __DUMMY__ 0.04173251552145424	false	1.0
teufelskreis	neg 1.0	neg 1.0	neg 0.7798339787406418 off 0.20039121694174228 __DUMMY__ 0.019774804317615868	false	1.0
aufschreien	neg 1.0		neg 0.5789105578174163 off 0.37974821506558565 __DUMMY__ 0.04134122711699807	false	1.0
schuldner	neg 1.0		neg 0.585825700292212 off 0.3728781208149907 __DUMMY__ 0.041296178892797276	false	1.0
missgeburt	off 1.0	off 1.0	off 0.6775424173971112 neg 0.302878864186278 __DUMMY__ 0.019578718416610918	false	1.0
arbeitslos	neg 1.0		neg 0.5831232843844967 off 0.3754220872265552 __DUMMY__ 0.041454628388948006	false	1.0
befallen	neg 1.0		neg 0.5868786093902202 off 0.37216254954360317 __DUMMY__ 0.040958841066176706	false	1.0
miesepetrig	off 1.0		neg 0.5724885373694804 off 0.3859055195906581 __DUMMY__ 0.04160594303986166	false	0.5
alarmieren	neg 1.0		neg 0.5768500219958174 off 0.3820158315993615 __DUMMY__ 0.04113414640482125	false	1.0
ungeduscht	off 1.0		neg 0.5754582880779424 off 0.3829683415112731 __DUMMY__ 0.04157337041078452	false	0.5
knappheit	neg 1.0		neg 0.5835628480744809 off 0.3750932450928779 __DUMMY__ 0.04134390683264133	false	1.0
schlange	neg 1.0		neg 0.5759870544949814 off 0.38221940832144136 __DUMMY__ 0.041793537183577215	false	1.0
harsch	neg 1.0		neg 0.5658037226191464 off 0.392711785231686 __DUMMY__ 0.041484492149167745	false	1.0
lang	neg 1.0		neg 0.5780145749948764 off 0.3804446966925027 __DUMMY__ 0.041540728312620914	false	1.0
ziellos	neg 1.0		neg 0.5820149382239961 off 0.3763143365474701 __DUMMY__ 0.04167072522853378	false	1.0
selbstverliebt	neg 1.0		neg 0.5654663529013179 off 0.39371778590957274 __DUMMY__ 0.04081586118910936	false	1.0
beseitigen	neg 1.0		neg 0.5768200175663801 off 0.381457100033906 __DUMMY__ 0.04172288239971376	false	1.0
dumm	off 1.0		neg 0.5689262315506699 off 0.38992016146372666 __DUMMY__ 0.04115360698560341	false	0.5
arbeitsloser	neg 1.0		neg 0.5836693643286965 off 0.37482536474821365 __DUMMY__ 0.04150527092308983	false	1.0
blitzen	neg 1.0		neg 0.5766219068499171 off 0.38202974477667423 __DUMMY__ 0.041348348373408506	false	1.0
hilflos	neg 1.0		neg 0.5814734440547239 off 0.3769212875692504 __DUMMY__ 0.0416052683760257	false	1.0
eklig	off 1.0		neg 0.5683245808288221 off 0.3905931648064155 __DUMMY__ 0.04108225436476243	false	0.5
begriff			neg 0.5820497205151111 off 0.3764768051349046 __DUMMY__ 0.0414734743499843	false	0.0
hungersnot	neg 1.0		neg 0.5846617271935162 off 0.37440472085439636 __DUMMY__ 0.040933551952087505	false	1.0
ungesetzlich	neg 1.0		neg 0.5813612259352284 off 0.377709869832429 __DUMMY__ 0.04092890423234256	false	1.0
verschwendung	neg 1.0		neg 0.5849302938025659 off 0.3735004990583138 __DUMMY__ 0.04156920713912033	false	1.0
schmerzvoll	neg 1.0		neg 0.5773448841290548 off 0.38104656685459876 __DUMMY__ 0.04160854901634644	false	1.0
vorzeitig	neg 1.0		neg 0.5738578849502289 off 0.38472111732048203 __DUMMY__ 0.04142099772928896	false	1.0
unvollkommenheit	neg 1.0		neg 0.5796683216537362 off 0.3788367305418523 __DUMMY__ 0.04149494780441151	false	1.0
intervenieren	neg 1.0		neg 0.5870778612180525 off 0.371727400276061 __DUMMY__ 0.0411947385058865	false	1.0
banause	off 1.0		neg 0.5665509011359193 off 0.39237989446371224 __DUMMY__ 0.041069204400368466	false	0.5
rebell	neg 1.0		neg 0.5848444615783887 off 0.37347720468461404 __DUMMY__ 0.041678333736997294	false	1.0
unlogisch	neg 1.0		neg 0.5721824002382914 off 0.38654535145605884 __DUMMY__ 0.04127224830564983	false	1.0
leiden	neg 1.0	neg 1.0	neg 0.7789291320687629 off 0.2008725308091511 __DUMMY__ 0.020198337122086043	false	1.0
abschaffung	neg 1.0		neg 0.580917808175145 off 0.3778726457357956 __DUMMY__ 0.04120954608905936	false	1.0
sturz	neg 1.0		neg 0.5809379621935915 off 0.37793433085094624 __DUMMY__ 0.041127706955462175	false	1.0
verkleinerung	neg 1.0		neg 0.5779557738510483 off 0.3809461998161052 __DUMMY__ 0.041098026332846566	false	1.0
schmarotzer	off 1.0		neg 0.584756961649986 off 0.37392523698389235 __DUMMY__ 0.04131780136612161	false	0.5
bestrafung	neg 1.0		neg 0.5790352077263753 off 0.379518638393384 __DUMMY__ 0.04144615388024075	false	1.0
achtlos	neg 1.0		neg 0.5784770916237025 off 0.37974998483049305 __DUMMY__ 0.04177292354580449	false	1.0
ungeheuer	neg 1.0		neg 0.5772400419321755 off 0.3812688726129774 __DUMMY__ 0.041491085454847025	false	1.0
unaufrichtig	neg 1.0		neg 0.579548087063928 off 0.37937506703933666 __DUMMY__ 0.04107684589673532	false	1.0
groggy	neg 1.0		neg 0.5764535394269141 off 0.382157051314946 __DUMMY__ 0.04138940925813991	false	1.0
verletzlich	neg 1.0		neg 0.5732018469278198 off 0.3853645976965598 __DUMMY__ 0.041433555375620365	false	1.0
