unsolidarisch	neg 1.0		__DUMMY__ 0.919165323231498 neg 0.05085162111784795 off 0.02998305565065397	false	1.0
nachteilig	neg 1.0		__DUMMY__ 0.9270446822337537 neg 0.04578552838349262 off 0.0271697893827536	false	1.0
skeptisch	neg 1.0		__DUMMY__ 0.9287490291470426 neg 0.04601173735947416 off 0.02523923349348329	false	1.0
schrecklich	neg 1.0		__DUMMY__ 0.9254788619474087 neg 0.04023073516595614 off 0.0342904028866352	false	1.0
schlapp	neg 1.0		__DUMMY__ 0.9294875645766911 neg 0.03958179195681319 off 0.0309306434664956	false	1.0
abfall	neg 1.0		__DUMMY__ 0.9289863706084684 neg 0.046876700748243495 off 0.024136928643287984	false	1.0
widerspenstig	neg 1.0		__DUMMY__ 0.9301345804811703 neg 0.041859234510406046 off 0.0280061850084236	false	1.0
abrupt	neg 1.0		__DUMMY__ 0.9312265610163641 neg 0.041580694906869796 off 0.027192744076766143	false	1.0
unwirksam	neg 1.0		__DUMMY__ 0.9225093048400397 neg 0.04800088776681442 off 0.029489807393145915	false	1.0
angreifen	neg 1.0		__DUMMY__ 0.9265085825875677 neg 0.047061484933552666 off 0.026429932478879592	false	1.0
inkonsistent	neg 1.0		__DUMMY__ 0.9247762109126866 neg 0.04518956942360228 off 0.030034219663711104	false	1.0
abrutschen	neg 1.0		__DUMMY__ 0.930201304575081 neg 0.045637665795098745 off 0.024161029629820332	false	1.0
unsicher	neg 1.0		__DUMMY__ 0.9281746204521487 neg 0.04324489423323317 off 0.02858048531461806	false	1.0
bauernkind	off 1.0		__DUMMY__ 0.9217149015412321 neg 0.04177441746004512 off 0.03651068099872271	false	0.5
angreifer	neg 1.0		__DUMMY__ 0.9232673540397865 neg 0.04557389949261078 off 0.03115874646760271	false	1.0
trennen	neg 1.0		__DUMMY__ 0.9330624060158083 neg 0.04158163662316061 off 0.025355957361031106	false	1.0
schmutz	neg 1.0		__DUMMY__ 0.9326013897146913 neg 0.03576192329728766 off 0.031636686988021065	false	1.0
inkonsistenz	neg 1.0	neg 1.0	neg 0.5104224117915612 __DUMMY__ 0.46134188776912766 off 0.028235700439311163	false	1.0
erschreckend	neg 1.0		__DUMMY__ 0.9267053784553737 neg 0.04528777040131638 off 0.02800685114330986	false	1.0
ertrinken	neg 1.0		__DUMMY__ 0.9299996079693792 neg 0.04364851854085569 off 0.026351873489765174	false	1.0
pickelface	off 1.0		__DUMMY__ 0.9251328431976666 neg 0.04540549263971371 off 0.029461664162619604	false	0.5
seiner			__DUMMY__ 0.928683470214526 neg 0.04524420606388445 off 0.026072323721589505	false	0.0
lauch	neg 1.0		__DUMMY__ 0.9289548980407653 neg 0.046291658962647864 off 0.024753442996586817	false	1.0
unwichtig	neg 1.0		__DUMMY__ 0.9257660067281177 neg 0.04259036912791767 off 0.03164362414396459	false	1.0
steuerhinterziehung	neg 1.0		__DUMMY__ 0.9225583754071959 neg 0.048648044728276094 off 0.02879357986452802	false	1.0
schock	neg 1.0		__DUMMY__ 0.9308375674824703 neg 0.0419827904566821 off 0.027179642060847685	false	1.0
beule	neg 1.0		__DUMMY__ 0.9291865659196075 neg 0.03908980099305734 off 0.03172363308733525	false	1.0
vergelten	neg 1.0		__DUMMY__ 0.923182218334389 neg 0.04110299509258503 off 0.035714786573025945	false	1.0
verdorbenheit	neg 1.0	neg 1.0	neg 0.5069357961474572 __DUMMY__ 0.4667121452556473 off 0.026352058596895454	false	1.0
trauma	neg 1.0		__DUMMY__ 0.9267539402392001 neg 0.04338330388052822 off 0.02986275588027168	false	1.0
sinnlos	neg 1.0		__DUMMY__ 0.9269326271302806 neg 0.042981386649846735 off 0.030085986219872622	false	1.0
fettsack	off 1.0	off 1.0	off 0.5025207260458373 __DUMMY__ 0.45949640791647955 neg 0.03798286603768319	false	1.0
feige	off 1.0		__DUMMY__ 0.924143325870051 neg 0.044310574813380896 off 0.03154609931656805	false	0.5
abdanken	neg 1.0		__DUMMY__ 0.9209541072724261 neg 0.04981354920070639 off 0.029232343526867495	false	1.0
wichtigtuer	off 1.0	off 1.0	off 0.4974148235014229 __DUMMY__ 0.4609955858374618 neg 0.041589590661115325	false	1.0
misslingen	neg 1.0		__DUMMY__ 0.9305901147897857 neg 0.03979731833157664 off 0.02961256687863764	false	1.0
untreu	off 1.0		__DUMMY__ 0.9260239238287925 neg 0.04188680782318202 off 0.03208926834802541	false	0.5
missmutig	neg 1.0		__DUMMY__ 0.9288831288791022 neg 0.04024550567021319 off 0.03087136545068456	false	1.0
hurenbock	off 1.0		__DUMMY__ 0.9314738125316466 neg 0.039617830013763226 off 0.028908357454590236	false	0.5
betrunken	neg 1.0		__DUMMY__ 0.9282672549870726 neg 0.03909275952561205 off 0.03263998548731539	false	1.0
korrupt	off 1.0		__DUMMY__ 0.9213654848663823 neg 0.05058585909558243 off 0.02804865603803535	false	0.5
unmut	neg 1.0		__DUMMY__ 0.9282263371398368 neg 0.04692769691371947 off 0.024845965946443754	false	1.0
hackfresse	off 1.0		__DUMMY__ 0.9238542536835513 neg 0.03963574826904698 off 0.036509998047401786	false	0.5
aufblasen	neg 1.0		__DUMMY__ 0.9299578917203976 neg 0.04085303025101315 off 0.029189078028589364	false	1.0
gewaltsam	neg 1.0		__DUMMY__ 0.9228485126983998 neg 0.04735443542080186 off 0.02979705188079832	false	1.0
unbeliebtheit	neg 1.0		__DUMMY__ 0.9166908826012296 neg 0.04943163179665612 off 0.03387748560211436	false	1.0
sturheit	neg 1.0		__DUMMY__ 0.9241829924854778 neg 0.04744064619784517 off 0.0283763613166771	false	1.0
kuh	neg 1.0		__DUMMY__ 0.9263058281973741 neg 0.044416994898329724 off 0.029277176904296168	false	1.0
erschrecken	neg 1.0		__DUMMY__ 0.9282570101630552 neg 0.04097167422002735 off 0.03077131561691748	false	1.0
opfer	neg 1.0	neg 1.0	neg 0.5120904614703147 __DUMMY__ 0.46374197932603983 off 0.024167559203645498	false	1.0
sinken	neg 1.0		__DUMMY__ 0.9284693019814588 neg 0.04645330076894475 off 0.025077397249596397	false	1.0
stinktier	neg 1.0		__DUMMY__ 0.9233735790693424 neg 0.04213893334320144 off 0.034487487587456137	false	1.0
tucke	off 1.0		__DUMMY__ 0.9245688849901237 neg 0.03898061301339645 off 0.03645050199647987	false	0.5
ein			__DUMMY__ 0.9322663768082897 neg 0.0392690153197886 off 0.028464607871921788	false	0.0
abstieg	neg 1.0		__DUMMY__ 0.925418606658462 neg 0.04660287938655912 off 0.02797851395497893	false	1.0
missverstehen	neg 1.0		__DUMMY__ 0.924526398257713 neg 0.04527554659855968 off 0.030198055143727375	false	1.0
ergebnislos	neg 1.0		__DUMMY__ 0.9264881741634301 neg 0.045941654084054664 off 0.02757017175251518	false	1.0
unter			__DUMMY__ 0.9355999314297296 neg 0.043054429775887866 off 0.021345638794382536	false	0.0
manipulieren	neg 1.0		__DUMMY__ 0.9262131422594766 neg 0.04752719618202919 off 0.026259661558494265	false	1.0
unbewiesen	neg 1.0		__DUMMY__ 0.9182334474134325 neg 0.051895266651305394 off 0.029871285935262108	false	1.0
verschleppen	neg 1.0		__DUMMY__ 0.9253225326945831 neg 0.04721642263098988 off 0.027461044674427053	false	1.0
weib	off 1.0		__DUMMY__ 0.9235229867748795 neg 0.03910965789036023 off 0.037367355334760204	false	0.5
opposition	neg 1.0		__DUMMY__ 0.9217594919298266 neg 0.04813064737975378 off 0.030109860690419595	false	1.0
verkehrswidrig	neg 1.0		__DUMMY__ 0.9271941531880367 neg 0.03790605061884576 off 0.03489979619311764	false	1.0
inkorrekt	neg 1.0		__DUMMY__ 0.9203766664519345 neg 0.04680312548500772 off 0.03282020806305787	false	1.0
vermeiden	neg 1.0		__DUMMY__ 0.9326103783824203 neg 0.04438873552003608 off 0.02300088609754364	false	1.0
abweichung	neg 1.0		__DUMMY__ 0.9213639747244705 neg 0.05088215389236514 off 0.027753871383164246	false	1.0
alkoholisiert	neg 1.0		__DUMMY__ 0.9300168719637287 neg 0.043371921420914505 off 0.02661120661535676	false	1.0
scheiss	off 1.0	off 1.0	off 0.499303435754695 __DUMMY__ 0.4634216693986007 neg 0.03727489484670439	false	1.0
herausforderung	neg 1.0		__DUMMY__ 0.9334483733752043 neg 0.039733327405327694 off 0.02681829921946811	false	1.0
pervers	off 1.0		__DUMMY__ 0.9226935154180916 off 0.03923218563662555 neg 0.03807429894528283	false	1.0
wackelig	neg 1.0		__DUMMY__ 0.9336070792660431 neg 0.03990286814877746 off 0.026490052585179422	false	1.0
verwickeln	neg 1.0		__DUMMY__ 0.9255120056917769 neg 0.04449784196064673 off 0.029990152347576356	false	1.0
vorwand	neg 1.0		__DUMMY__ 0.9268814163353347 neg 0.04772879882766243 off 0.025389784837002872	false	1.0
muschi	off 1.0		__DUMMY__ 0.925369950972604 neg 0.04540142921594034 off 0.029228619811455612	false	0.5
entmutigung	neg 1.0		__DUMMY__ 0.9165804312210856 neg 0.05196276639002557 off 0.0314568023888888	false	1.0
unangemessen	neg 1.0		__DUMMY__ 0.924370775162681 neg 0.048049971709446505 off 0.027579253127872568	false	1.0
unstetig	neg 1.0		__DUMMY__ 0.9244894262042891 neg 0.04442745386354546 off 0.031083119932165473	false	1.0
entmutigen	neg 1.0		__DUMMY__ 0.9278301160178478 neg 0.04286150321365763 off 0.029308380768494548	false	1.0
schwanz	neg 1.0		__DUMMY__ 0.9273770862992549 neg 0.045252974076581395 off 0.02736993962416368	false	1.0
verbot	neg 1.0		__DUMMY__ 0.922329578907088 neg 0.049331204019456516 off 0.028339217073455495	false	1.0
leid	neg 1.0		__DUMMY__ 0.924283136185594 neg 0.04045760872732551 off 0.03525925508708048	false	1.0
archaisch	neg 1.0		__DUMMY__ 0.9252384298712649 neg 0.046977080815788705 off 0.027784489312946383	false	1.0
gegen			__DUMMY__ 0.9269186774246407 neg 0.0471659364584273 off 0.025915386116931935	false	0.0
scheidung	neg 1.0	neg 1.0	neg 0.49986170406368263 __DUMMY__ 0.45952937006524835 off 0.040608925871068936	false	1.0
einschlag	neg 1.0		__DUMMY__ 0.924790000142433 neg 0.04015734899116297 off 0.03505265086640416	false	1.0
m			__DUMMY__ 0.9296046596618542 neg 0.04275898278749994 off 0.02763635755064575	false	0.0
abgestanden	neg 1.0		__DUMMY__ 0.9296828545663761 neg 0.04253430220201425 off 0.027782843231609722	false	1.0
schmierig	off 1.0		__DUMMY__ 0.9255320615456685 neg 0.04000498438819448 off 0.03446295406613698	false	0.5
unpraktisch	neg 1.0		__DUMMY__ 0.9305927256940171 neg 0.04045882762338135 off 0.02894844668260155	false	1.0
wixxer	off 1.0		__DUMMY__ 0.9209517188529779 neg 0.03961007555369976 off 0.03943820559332238	false	0.5
bezeichnet			__DUMMY__ 0.9250235042670868 neg 0.04647185756078827 off 0.02850463817212501	false	0.0
jammerlappen	off 1.0		__DUMMY__ 0.9265890591130772 neg 0.04181961326885201 off 0.03159132761807078	false	0.5
farce	neg 1.0		__DUMMY__ 0.9191731666705126 neg 0.052052849056843625 off 0.028773984272643747	false	1.0
zwecklos	neg 1.0		__DUMMY__ 0.9253784486911603 neg 0.047350727847425035 off 0.02727082346141461	false	1.0
turbulent	neg 1.0		__DUMMY__ 0.9235669669819561 neg 0.04238822470069988 off 0.03404480831734407	false	1.0
invasion	neg 1.0		__DUMMY__ 0.9286559819328636 neg 0.04067494937210534 off 0.030669068695031117	false	1.0
schuld	neg 1.0		__DUMMY__ 0.926144450253566 neg 0.04451645174935828 off 0.029339097997075833	false	1.0
risiko	neg 1.0		__DUMMY__ 0.9300745018559253 neg 0.039212290592286696 off 0.030713207551787938	false	1.0
finster	neg 1.0		__DUMMY__ 0.9312241758767912 neg 0.04065869827559456 off 0.02811712584761427	false	1.0
geisteskrank	off 1.0		__DUMMY__ 0.9222448709953563 neg 0.044761814783526296 off 0.032993314221117336	false	0.5
zusammenbrechen	neg 1.0		__DUMMY__ 0.9286232387785275 neg 0.04366680525975634 off 0.02770995596171616	false	1.0
ausbeute	neg 1.0		__DUMMY__ 0.9322859454347553 neg 0.041382460519191464 off 0.026331594046053276	false	1.0
hinterhalt	neg 1.0		__DUMMY__ 0.9270586760815605 neg 0.043642960815257245 off 0.029298363103182297	false	1.0
kritik	neg 1.0		__DUMMY__ 0.9206195610751646 neg 0.050673226527937876 off 0.028707212396897473	false	1.0
einschrumpfen	neg 1.0		__DUMMY__ 0.9211368520004968 neg 0.04726497962783945 off 0.03159816837166378	false	1.0
riskant	neg 1.0		__DUMMY__ 0.9279024308500582 neg 0.0457751076205212 off 0.026322461529420638	false	1.0
frustrieren	neg 1.0		__DUMMY__ 0.9272489243262486 neg 0.04642038200204001 off 0.026330693671711324	false	1.0
groll	neg 1.0		__DUMMY__ 0.9259332784729677 neg 0.04667377522306811 off 0.027392946303964195	false	1.0
gibt			__DUMMY__ 0.9275730744067535 neg 0.04482205770653169 off 0.0276048678867148	false	0.0
qualvoll	neg 1.0		__DUMMY__ 0.9288034316345744 neg 0.041281462667638005 off 0.029915105697787568	false	1.0
wackeln	neg 1.0		__DUMMY__ 0.9314226836506279 neg 0.03980691409884675 off 0.028770402250525427	false	1.0
klagen	neg 1.0		__DUMMY__ 0.9259104024961791 neg 0.0487019982536065 off 0.025387599250214533	false	1.0
bankrott	neg 1.0		__DUMMY__ 0.9284784895388379 neg 0.04000078207902946 off 0.03152072838213256	false	1.0
trauern	neg 1.0		__DUMMY__ 0.9283267873490695 neg 0.04525991822791024 off 0.026413294423020275	false	1.0
ablehnung	neg 1.0	neg 1.0	neg 0.5153391314537115 __DUMMY__ 0.45865792024814334 off 0.02600294829814514	false	1.0
stur	neg 1.0		__DUMMY__ 0.926412726488325 neg 0.04402887955257509 off 0.029558393959099993	false	1.0
aufruhr	neg 1.0		__DUMMY__ 0.9225371568474316 neg 0.047891316956335424 off 0.029571526196232944	false	1.0
melancholie	neg 1.0		__DUMMY__ 0.9325584101754438 neg 0.0408765384246606 off 0.026565051399895585	false	1.0
ist			__DUMMY__ 0.9268035241054823 neg 0.04356822526925819 off 0.029628250625259516	false	0.0
torheit	neg 1.0		__DUMMY__ 0.9209718294807958 neg 0.048846360454065936 off 0.030181810065138197	false	1.0
dreckskind	off 1.0		__DUMMY__ 0.919998868655716 neg 0.04391205243667031 off 0.03608907890761363	false	0.5
umtauschen	neg 1.0		__DUMMY__ 0.9306441694199913 neg 0.04157213078951855 off 0.027783699790490224	false	1.0
zum			__DUMMY__ 0.9366588177131568 neg 0.04018969340272478 off 0.02315148888411839	false	0.0
zersetzen	neg 1.0		__DUMMY__ 0.9261610985246206 neg 0.048007914055849414 off 0.025830987419529997	false	1.0
zur			__DUMMY__ 0.9305645293394634 neg 0.045800930395458024 off 0.02363454026507851	false	0.0
frust	neg 1.0		__DUMMY__ 0.9285762271559502 neg 0.04377585810716166 off 0.027647914736888185	false	1.0
unerbittlichkeit	neg 1.0		__DUMMY__ 0.9259688786907 neg 0.04755220545360276 off 0.026478915855697286	false	1.0
zwei			__DUMMY__ 0.934227075530962 neg 0.04140216993699634 off 0.024370754532041728	false	0.0
unkorrekt	neg 1.0		__DUMMY__ 0.9220171278517224 neg 0.04490234481753901 off 0.033080527330738574	false	1.0
hexe	off 1.0		__DUMMY__ 0.9268012273284452 neg 0.0416583676471681 off 0.03154040502438685	false	0.5
lasch	neg 1.0		__DUMMY__ 0.9243691437501709 neg 0.044621467956736084 off 0.031009388293093007	false	1.0
rivale	neg 1.0		__DUMMY__ 0.9239466015724553 neg 0.0414377883832643 off 0.03461561004428038	false	1.0
mutlos	off 1.0	off 1.0	off 0.49473118502760255 __DUMMY__ 0.46098024390688663 neg 0.04428857106551092	false	1.0
wirr	off 1.0		__DUMMY__ 0.9218597940779909 neg 0.044184096980055376 off 0.0339561089419538	false	0.5
jahr			__DUMMY__ 0.9330058025110497 neg 0.041144201846324946 off 0.025849995642625363	false	0.0
wird			__DUMMY__ 0.9282157857746423 neg 0.04517476667875357 off 0.026609447546604166	false	0.0
strafbar	neg 1.0		__DUMMY__ 0.9241774190609745 neg 0.04899643776497881 off 0.026826143174046718	false	1.0
erosion	neg 1.0		__DUMMY__ 0.9296922541479045 neg 0.040788125991850555 off 0.029519619860245087	false	1.0
eingehen	neg 1.0		__DUMMY__ 0.9261628300778816 neg 0.04675540417297493 off 0.02708176574914344	false	1.0
faul	off 1.0		__DUMMY__ 0.929708339475648 neg 0.039429740217800345 off 0.030861920306551674	false	0.5
provisorium	neg 1.0		__DUMMY__ 0.9337970517811688 neg 0.045224545312986135 off 0.02097840290584509	false	1.0
schmerzen	neg 1.0		__DUMMY__ 0.9300107762440479 neg 0.04269764950845662 off 0.027291574247495485	false	1.0
schrumpfen	neg 1.0		__DUMMY__ 0.9301940347368954 neg 0.046479690584694706 off 0.023326274678409798	false	1.0
geistlos	off 1.0		__DUMMY__ 0.9189231213701742 neg 0.049833704213253435 off 0.031243174416572376	false	0.5
fehlkauf	neg 1.0		__DUMMY__ 0.9251153004767007 neg 0.044172954110764 off 0.030711745412535383	false	1.0
frustrierend	neg 1.0	neg 1.0	neg 0.5083580107777157 __DUMMY__ 0.4635700021071888 off 0.028071987115095547	false	1.0
unzufrieden	neg 1.0		__DUMMY__ 0.9267525321155667 neg 0.04599669390045315 off 0.02725077398398017	false	1.0
verzweifeln	neg 1.0		__DUMMY__ 0.9284869866778477 neg 0.04327356245193774 off 0.028239450870214625	false	1.0
verzweifelt	neg 1.0		__DUMMY__ 0.9270059396736 neg 0.043542652718159366 off 0.029451407608240512	false	1.0
misstrauensantrag	neg 1.0		__DUMMY__ 0.9241865961836364 neg 0.04523185079261832 off 0.03058155302374519	false	1.0
abfallen	neg 1.0		__DUMMY__ 0.9321397626945201 neg 0.03927159288173694 off 0.028588644423742968	false	1.0
fucker	off 1.0		__DUMMY__ 0.9240723479666699 neg 0.04185234134816084 off 0.03407531068516924	false	0.5
ungezogen	neg 1.0		__DUMMY__ 0.9247092659772799 neg 0.03786593140425833 off 0.03742480261846183	false	1.0
irrsinnig	neg 1.0	neg 1.0	neg 0.5109804996960744 __DUMMY__ 0.46239487855470013 off 0.026624621749225454	false	1.0
unfassbar	neg 1.0		__DUMMY__ 0.9261335625052661 neg 0.042001593885450654 off 0.03186484360928312	false	1.0
hart	neg 1.0		__DUMMY__ 0.924656853575229 neg 0.04359103565157204 off 0.031752110773199	false	1.0
widerlich	off 1.0		__DUMMY__ 0.924135124029587 neg 0.04331399316952659 off 0.03255088280088649	false	0.5
fatal	neg 1.0		__DUMMY__ 0.9255633686071726 neg 0.04376244458444832 off 0.030674186808379123	false	1.0
bruch	neg 1.0		__DUMMY__ 0.9251859226166432 neg 0.04959944279133071 off 0.025214634592026032	false	1.0
aushungern	neg 1.0		__DUMMY__ 0.9217390130707904 neg 0.04858414713682201 off 0.029676839792387447	false	1.0
anspannung	neg 1.0		__DUMMY__ 0.9316302701811776 neg 0.044267341510526526 off 0.024102388308295867	false	1.0
von			__DUMMY__ 0.9332939012500604 neg 0.04143302092743483 off 0.025273077822504732	false	0.0
kraftlos	neg 1.0		__DUMMY__ 0.9321249466098672 neg 0.04136314261703036 off 0.026511910773102394	false	1.0
vom			__DUMMY__ 0.9358080761854366 neg 0.0425773112617321 off 0.02161461255283127	false	0.0
grenzdebil	off 1.0		__DUMMY__ 0.9268457829696081 neg 0.04066246334264401 off 0.03249175368774785	false	0.5
vor			__DUMMY__ 0.9309647667846598 neg 0.04418388899757119 off 0.024851344217769033	false	0.0
unterwerfen	neg 1.0		__DUMMY__ 0.9260724585843222 neg 0.047112032131865635 off 0.02681550928381217	false	1.0
versenkung	neg 1.0		__DUMMY__ 0.9271614221923805 neg 0.04632841341963136 off 0.026510164387988085	false	1.0
entziehen	neg 1.0		__DUMMY__ 0.927468957030046 neg 0.0474947512746611 off 0.02503629169529292	false	1.0
finanzkrise	neg 1.0		__DUMMY__ 0.9214802266282424 neg 0.0494949793853332 off 0.029024793986424425	false	1.0
schimpfend	neg 1.0		__DUMMY__ 0.9337064164765613 neg 0.03740090507320373 off 0.028892678450234965	false	1.0
profan	neg 1.0		__DUMMY__ 0.9275266124675742 neg 0.04252150195540066 off 0.029951885577025234	false	1.0
korruption	neg 1.0		__DUMMY__ 0.9220139972805607 neg 0.04999278810735531 off 0.027993214612083914	false	1.0
â			__DUMMY__ 0.9291347107909996 neg 0.04382479923252024 off 0.02704048997648006	false	0.0
schmutzig	neg 1.0		__DUMMY__ 0.9295608088258176 neg 0.03846374567762165 off 0.03197544549656072	false	1.0
sexy	neg 1.0		__DUMMY__ 0.9271887808754443 neg 0.04139085910954189 off 0.031420360015013846	false	1.0
abraten	neg 1.0		__DUMMY__ 0.9286717030241518 neg 0.04209751024300446 off 0.029230786732843735	false	1.0
schwarz	neg 1.0		__DUMMY__ 0.9262826788764107 neg 0.04368541636204675 off 0.03003190476154256	false	1.0
fotze	off 1.0		__DUMMY__ 0.9256558497539898 neg 0.046406875068506534 off 0.027937275177503645	false	0.5
verwirren	neg 1.0		__DUMMY__ 0.9271968827198472 neg 0.04223321764974552 off 0.03056989963040722	false	1.0
zahnlos	off 1.0		__DUMMY__ 0.925454436026377 neg 0.04698808171690176 off 0.027557482256721236	false	0.5
verheeren	neg 1.0		__DUMMY__ 0.9189811364513804 neg 0.04170688409840727 off 0.0393119794502124	false	1.0
hippie	neg 1.0		__DUMMY__ 0.9266391311474771 neg 0.041999350804447756 off 0.031361518048075084	false	1.0
rammen	neg 1.0		__DUMMY__ 0.9282107787601976 neg 0.04169258274199238 off 0.03009663849780999	false	1.0
unlauter	neg 1.0	neg 1.0	neg 0.5114057696207673 __DUMMY__ 0.46074869877972385 off 0.027845531599508876	false	1.0
unheilvoll	neg 1.0		__DUMMY__ 0.928675244306828 neg 0.04182120666902196 off 0.029503549024150023	false	1.0
niedrig	neg 1.0		__DUMMY__ 0.9273848804049123 neg 0.04573732123647124 off 0.026877798358616437	false	1.0
explosion	neg 1.0		__DUMMY__ 0.9279661137695748 neg 0.04119682442237551 off 0.030837061808049734	false	1.0
weichei	off 1.0		__DUMMY__ 0.9239903974896587 neg 0.04031190004598059 off 0.03569770246436074	false	0.5
minusmensch	off 1.0		__DUMMY__ 0.9184301206473184 neg 0.0421634514049345 off 0.03940642794774705	false	0.5
farblos	neg 1.0		__DUMMY__ 0.9261170221010551 neg 0.044989642897715634 off 0.028893335001229245	false	1.0
unwissend	neg 1.0	neg 1.0	neg 0.5094136045731231 __DUMMY__ 0.46150897059166596 off 0.02907742483521105	false	1.0
traurig	neg 1.0		__DUMMY__ 0.9268878770941434 neg 0.03955020154868397 off 0.03356192135717258	false	1.0
senkung	neg 1.0		__DUMMY__ 0.9253827470512052 neg 0.043896374638744316 off 0.030720878310050534	false	1.0
ungleich	neg 1.0	neg 1.0	neg 0.5137340730027112 __DUMMY__ 0.4620067952869408 off 0.024259131710348034	false	1.0
heikel	neg 1.0		__DUMMY__ 0.9272654129982141 neg 0.04701753071773673 off 0.025717056284049206	false	1.0
drosselung	neg 1.0		__DUMMY__ 0.9276721975185871 neg 0.03872304031632948 off 0.033604762165083485	false	1.0
falsch	neg 1.0		__DUMMY__ 0.9262202982001209 neg 0.04261992920372962 off 0.031159772596149576	false	1.0
unzufriedenheit	neg 1.0		__DUMMY__ 0.9267098013870156 neg 0.047539829571586464 off 0.02575036904139793	false	1.0
kurz	neg 1.0		__DUMMY__ 0.9314699299027351 neg 0.041338501635170666 off 0.027191568462094234	false	1.0
unsinnig	neg 1.0		__DUMMY__ 0.9266067624077845 neg 0.04588166333949823 off 0.02751157425271725	false	1.0
penner	off 1.0	off 1.0	off 0.5036580717659572 __DUMMY__ 0.46112243901249067 neg 0.0352194892215521	false	1.0
seicht	neg 1.0		__DUMMY__ 0.9204215478657638 neg 0.04181284672077712 off 0.03776560541345902	false	1.0
dummheit	off 1.0	off 1.0	off 0.497844047298958 __DUMMY__ 0.46091368367473934 neg 0.04124226902630267	false	1.0
unerfreulich	neg 1.0		__DUMMY__ 0.9285905111996087 neg 0.046208421887207016 off 0.02520106691318422	false	1.0
motherfucker	off 1.0	off 1.0	off 0.5011037736797104 __DUMMY__ 0.46064893110367977 neg 0.03824729521660982	false	1.0
pikiert	neg 1.0		__DUMMY__ 0.9247699880067336 neg 0.043537312955874326 off 0.03169269903739202	false	1.0
wrack	neg 1.0		__DUMMY__ 0.9294636677687819 neg 0.043605331202010836 off 0.026931001029207344	false	1.0
gangster	neg 1.0		__DUMMY__ 0.9265539198012449 neg 0.04269965155662762 off 0.03074642864212755	false	1.0
krank	neg 1.0		__DUMMY__ 0.9293583542782956 neg 0.038518644128078816 off 0.032123001593625626	false	1.0
reich	neg 1.0		__DUMMY__ 0.9190395614195975 neg 0.04826208516681635 off 0.03269835341358611	false	1.0
gnadenlos	neg 1.0		__DUMMY__ 0.9271168382074866 neg 0.04344867628830937 off 0.029434485504204043	false	1.0
niedergeschlagen	neg 1.0		__DUMMY__ 0.9287505900680418 neg 0.04368218249277485 off 0.027567227439183335	false	1.0
terrorisieren	off 1.0	off 1.0	off 0.494298027068688 __DUMMY__ 0.46378302053072995 neg 0.04191895240058208	false	1.0
sinnlosigkeit	neg 1.0		__DUMMY__ 0.9258252151587225 neg 0.04666840869278774 off 0.027506376148489744	false	1.0
behindern	neg 1.0		__DUMMY__ 0.9294964442996616 neg 0.0421453113174268 off 0.028358244382911558	false	1.0
undemokratisch	neg 1.0		__DUMMY__ 0.9207617476709531 neg 0.04887357460334684 off 0.030364677725700055	false	1.0
wirtschaftskrise	neg 1.0		__DUMMY__ 0.9239250978897572 neg 0.04829091382406847 off 0.027783988286174437	false	1.0
neid	neg 1.0		__DUMMY__ 0.9295495870331898 neg 0.03993849168640369 off 0.03051192128040654	false	1.0
rutschen	neg 1.0		__DUMMY__ 0.9367487790761468 neg 0.04012029772145673 off 0.023130923202396386	false	1.0
rezession	neg 1.0		__DUMMY__ 0.9195709150858997 neg 0.04506587362236991 off 0.03536321129173034	false	1.0
fehlgeburt	neg 1.0		__DUMMY__ 0.9277642372935867 neg 0.04348242274181248 off 0.02875333996460085	false	1.0
charakterschwach	off 1.0		__DUMMY__ 0.9246505097750836 neg 0.04282223291553466 off 0.032527257309381864	false	0.5
isolation	neg 1.0		__DUMMY__ 0.927552330765552 neg 0.0404619468810174 off 0.03198572235343067	false	1.0
ablenkung	neg 1.0		__DUMMY__ 0.9294156567140978 neg 0.041850047095763336 off 0.028734296190138967	false	1.0
pech	neg 1.0		__DUMMY__ 0.9283775970794909 neg 0.04153247615849195 off 0.03008992676201729	false	1.0
vermeidung	neg 1.0		__DUMMY__ 0.9283634682739229 neg 0.0388404263344059 off 0.03279610539167117	false	1.0
dominieren	neg 1.0		__DUMMY__ 0.9275886694763189 neg 0.04442133392636731 off 0.027989996597313757	false	1.0
schwindlig	neg 1.0		__DUMMY__ 0.9309591501942609 neg 0.039267103124599176 off 0.029773746681140006	false	1.0
lutscher	neg 1.0		__DUMMY__ 0.9216006706421417 neg 0.04046310162853522 off 0.03793622772932307	false	1.0
pflicht	neg 1.0		__DUMMY__ 0.9270786350096385 neg 0.04711523303919661 off 0.025806131951164865	false	1.0
faschist	off 1.0		__DUMMY__ 0.9211715587669715 neg 0.04785394348082111 off 0.030974497752207404	false	0.5
verschleudern	neg 1.0		__DUMMY__ 0.9243924626900173 neg 0.04824760953922843 off 0.027359927770754328	false	1.0
wenn			__DUMMY__ 0.9267922822206413 neg 0.042054434854556164 off 0.03115328292480266	false	0.0
ehebruch	neg 1.0		__DUMMY__ 0.9245005716233381 neg 0.048325580160497976 off 0.0271738482161639	false	1.0
spott	off 1.0		__DUMMY__ 0.9252931375139768 neg 0.04794972585177309 off 0.026757136634250174	false	0.5
trostlosigkeit	neg 1.0		__DUMMY__ 0.9229926730691228 neg 0.05096943320428573 off 0.026037893726591498	false	1.0
lutschen	neg 1.0		__DUMMY__ 0.9238944656251515 neg 0.04427287833378918 off 0.031832656041059205	false	1.0
undiszipliniert	neg 1.0		__DUMMY__ 0.925649181338396 neg 0.04120512880827135 off 0.03314568985333252	false	1.0
kopfschmerz	neg 1.0		__DUMMY__ 0.9288949974713641 neg 0.043224839701382245 off 0.027880162827253717	false	1.0
unvorhergesehen	neg 1.0		__DUMMY__ 0.9328234532731386 neg 0.04031250970552052 off 0.0268640370213408	false	1.0
desinteressiert	neg 1.0		__DUMMY__ 0.9246391993686738 neg 0.042192913495405174 off 0.033167887135921066	false	1.0
armselig	off 1.0		__DUMMY__ 0.9230448423689575 neg 0.0429688346744372 off 0.033986322956605385	false	0.5
desaster	neg 1.0		__DUMMY__ 0.9248855065813483 neg 0.050111315822748685 off 0.02500317759590303	false	1.0
tod	neg 1.0		__DUMMY__ 0.9220566274431296 neg 0.05136910189398324 off 0.02657427066288712	false	1.0
herzlos	neg 1.0		__DUMMY__ 0.9258583028862511 neg 0.0400345421615826 off 0.03410715495216625	false	1.0
unwissenheit	neg 1.0		__DUMMY__ 0.9246430890826154 neg 0.04779689264784643 off 0.027560018269538137	false	1.0
widersinnig	neg 1.0		__DUMMY__ 0.9215155893134641 neg 0.04981722547788866 off 0.02866718520864724	false	1.0
bedenklich	neg 1.0		__DUMMY__ 0.9268418829227278 neg 0.04675215034610613 off 0.026405966731166092	false	1.0
beanstanden	neg 1.0		__DUMMY__ 0.9275714516053971 neg 0.046963284842623895 off 0.02546526355197901	false	1.0
panisch	neg 1.0	neg 1.0	neg 0.5047424963501902 __DUMMY__ 0.4685891776009001 off 0.02666832604890956	false	1.0
debil	off 1.0		__DUMMY__ 0.9291295665315535 neg 0.04764677127693075 off 0.023223662191515726	false	0.5
abstrich	neg 1.0		__DUMMY__ 0.9320323163126424 neg 0.0403120998951593 off 0.02765558379219831	false	1.0
primitiv	neg 1.0		__DUMMY__ 0.9241092080304738 neg 0.04292559708758869 off 0.03296519488193751	false	1.0
abschaum	off 1.0	off 1.0	off 0.49937829915350823 __DUMMY__ 0.46011012323041395 neg 0.04051157761607783	false	1.0
provozieren	neg 1.0		__DUMMY__ 0.9249419473201737 neg 0.045921179094267 off 0.02913687358555931	false	1.0
tot	neg 1.0		__DUMMY__ 0.9273884073548095 neg 0.044863787885895505 off 0.027747804759294864	false	1.0
instabil	neg 1.0		__DUMMY__ 0.9220830772109041 neg 0.04319381273118446 off 0.03472311005791147	false	1.0
schwuchtel	off 1.0		__DUMMY__ 0.9179365668905372 off 0.041860042848127416 neg 0.0402033902613354	false	1.0
zerren	neg 1.0		__DUMMY__ 0.9288733398713505 neg 0.043497020168055796 off 0.027629639960593703	false	1.0
kinderficker	off 1.0		__DUMMY__ 0.9218733622181557 neg 0.04260639302899328 off 0.03552024475285106	false	0.5
gefahr	neg 1.0		__DUMMY__ 0.9259717511737205 neg 0.047016849031027874 off 0.027011399795251627	false	1.0
rabiat	neg 1.0		__DUMMY__ 0.9271024667537063 neg 0.04407970902824676 off 0.02881782421804692	false	1.0
verlangsamung	neg 1.0		__DUMMY__ 0.9191193908889445 neg 0.04338433002549212 off 0.03749627908556342	false	1.0
ausgestorben	neg 1.0		__DUMMY__ 0.9285688572510516 neg 0.043754638855134545 off 0.027676503893813875	false	1.0
anklagen	neg 1.0		__DUMMY__ 0.9244381725405545 neg 0.04677013218145141 off 0.028791695277994068	false	1.0
trott	neg 1.0		__DUMMY__ 0.9285291928179087 neg 0.042927633470225095 off 0.02854317371186614	false	1.0
verminderung	neg 1.0		__DUMMY__ 0.9254363854464625 neg 0.0410681811332754 off 0.03349543342026212	false	1.0
nach			__DUMMY__ 0.9338794802100207 neg 0.04283774759266829 off 0.023282772197311036	false	0.0
rost	neg 1.0		__DUMMY__ 0.9218641211490161 neg 0.04073259986035849 off 0.03740327899062535	false	1.0
destruktiv	neg 1.0	neg 1.0	neg 0.5134217160999698 __DUMMY__ 0.46068470080858964 off 0.025893583091440558	false	1.0
unzumutbarkeit	neg 1.0		__DUMMY__ 0.926820199839275 neg 0.040216638112485215 off 0.03296316204823975	false	1.0
labil	off 1.0	off 1.0	off 0.49996717990077677 __DUMMY__ 0.46076055374801056 neg 0.03927226635121276	false	1.0
ziemlich	neg 1.0		__DUMMY__ 0.9267661139434061 neg 0.04102932308703722 off 0.03220456296955668	false	1.0
lachnummer	off 1.0		__DUMMY__ 0.9242903350712999 neg 0.04713715833311895 off 0.02857250659558118	false	0.5
oder			__DUMMY__ 0.9298144247359064 neg 0.04188995727039522 off 0.028295617993698362	false	0.0
verfall	neg 1.0		__DUMMY__ 0.9289217668485066 neg 0.0476609408259344 off 0.02341729232555904	false	1.0
ausgrenzung	neg 1.0		__DUMMY__ 0.9214790813424582 neg 0.04774929607880189 off 0.030771622578739936	false	1.0
unordnung	neg 1.0		__DUMMY__ 0.9239724273139124 neg 0.041143286711918525 off 0.034884285974169024	false	1.0
fehlverhalten	neg 1.0		__DUMMY__ 0.9254067502297256 neg 0.047950917295631224 off 0.026642332474643166	false	1.0
eine			__DUMMY__ 0.9304630703041343 neg 0.044502226752530724 off 0.025034702943334965	false	0.0
nille	neg 1.0		__DUMMY__ 0.9242237084539782 neg 0.04657771117570547 off 0.029198580370316463	false	1.0
qual	neg 1.0		__DUMMY__ 0.9281062693008645 neg 0.0433418219749393 off 0.028551908724196183	false	1.0
verschwenden	neg 1.0		__DUMMY__ 0.9280330618861959 neg 0.045617499863675026 off 0.02634943825012898	false	1.0
riesig	neg 1.0		__DUMMY__ 0.9279501105080047 neg 0.04416165010029591 off 0.02788823939169946	false	1.0
verurteilen	neg 1.0		__DUMMY__ 0.9238348683715836 neg 0.04836243492760118 off 0.02780269670081517	false	1.0
klischee	neg 1.0	neg 1.0	neg 0.5111460420548524 __DUMMY__ 0.4605297122711147 off 0.028324245674033008	false	1.0
diktatorisch	neg 1.0		__DUMMY__ 0.9192144516655489 neg 0.05034641156074797 off 0.03043913677370316	false	1.0
vorhersehbar	neg 1.0		__DUMMY__ 0.9235905577238633 neg 0.04607238418685258 off 0.030337058089284087	false	1.0
sowie			__DUMMY__ 0.9209724821818123 neg 0.04253612848670216 off 0.036491389331485505	false	0.0
stornieren	neg 1.0		__DUMMY__ 0.930414441977659 neg 0.039442561356109684 off 0.03014299666623125	false	1.0
besteuerung	neg 1.0		__DUMMY__ 0.9256854678731046 neg 0.04477546900158821 off 0.029539063125307238	false	1.0
ungeschminkt	neg 1.0		__DUMMY__ 0.9258309694311447 neg 0.04196117512389823 off 0.032207855444956975	false	1.0
kritisch	neg 1.0		__DUMMY__ 0.9251260825573292 neg 0.048085941117841965 off 0.026787976324828815	false	1.0
schlamperei	off 1.0		__DUMMY__ 0.9244403475272241 neg 0.04836522677139381 off 0.027194425701382134	false	0.5
sucht	neg 1.0	neg 1.0	neg 0.5044013704110052 __DUMMY__ 0.4684854348066125 off 0.027113194782382284	false	1.0
egoistisch	off 1.0		__DUMMY__ 0.9236873215170084 neg 0.040538746515866086 off 0.03577393196712559	false	0.5
ausbeuter	off 1.0		__DUMMY__ 0.9241299805061309 neg 0.04943572777214298 off 0.02643429172172604	false	0.5
arschgeburt	off 1.0		__DUMMY__ 0.9180101316998073 off 0.04185728900246333 neg 0.040132579297729336	false	1.0
schubs	neg 1.0	neg 1.0	neg 0.5078059072019248 __DUMMY__ 0.4682994829501171 off 0.023894609847958215	false	1.0
unsolide	neg 1.0		__DUMMY__ 0.916593207299523 neg 0.05065625765263588 off 0.03275053504784108	false	1.0
beschwerde	neg 1.0		__DUMMY__ 0.925447787119215 neg 0.046905348458885256 off 0.027646864421899744	false	1.0
stocken	neg 1.0		__DUMMY__ 0.9276458489391405 neg 0.04526675282822195 off 0.027087398232637467	false	1.0
isolieren	neg 1.0		__DUMMY__ 0.9299378173563122 neg 0.04177484568562572 off 0.028287336958062057	false	1.0
unheilbar	neg 1.0		__DUMMY__ 0.925443232966534 neg 0.04519231517855213 off 0.029364451854913924	false	1.0
pisser	off 1.0		__DUMMY__ 0.9227938592168818 neg 0.04262237169699283 off 0.03458376908612531	false	0.5
löschen	neg 1.0		__DUMMY__ 0.9264879550062238 neg 0.04393485701472141 off 0.029577187979054786	false	1.0
durchfallen	neg 1.0		__DUMMY__ 0.9268325585874255 neg 0.04643672482132309 off 0.02673071659125129	false	1.0
wichser	off 1.0		__DUMMY__ 0.9223621309275714 off 0.03886924867798279 neg 0.038768620394445896	false	1.0
terror	neg 1.0		__DUMMY__ 0.9291798906610476 neg 0.039913261378851886 off 0.03090684796010059	false	1.0
krass	neg 1.0		__DUMMY__ 0.9257374725069637 neg 0.04023805425032478 off 0.034024473242711545	false	1.0
revolte	neg 1.0	neg 1.0	neg 0.5151084458524902 __DUMMY__ 0.45601380291557303 off 0.028877751231936817	false	1.0
besorgt	neg 1.0		__DUMMY__ 0.9322470979762766 neg 0.04036663621606545 off 0.02738626580765802	false	1.0
nachlassen	neg 1.0		__DUMMY__ 0.9286911476430917 neg 0.04411419102131786 off 0.027194661335590453	false	1.0
alt	neg 1.0		__DUMMY__ 0.9318525339694375 neg 0.042916952226330095 off 0.025230513804232496	false	1.0
hundesohn	off 1.0		__DUMMY__ 0.9198249551409269 neg 0.0414077604161908 off 0.03876728444288234	false	0.5
als			__DUMMY__ 0.9295128514124068 neg 0.043399283515978215 off 0.02708786507161493	false	0.0
abschreckung	neg 1.0		__DUMMY__ 0.925577467315139 neg 0.048695568740927814 off 0.0257269639439332	false	1.0
unqualifiziert	neg 1.0	neg 1.0	neg 0.5110110949814607 __DUMMY__ 0.46118162009311103 off 0.02780728492542829	false	1.0
abgewichst	off 1.0		__DUMMY__ 0.9262481209046167 neg 0.04549886634198013 off 0.028253012753403133	false	0.5
schwer	neg 1.0		__DUMMY__ 0.9283210756348059 neg 0.04336495761248678 off 0.028313966752707392	false	1.0
bedeutungslosigkeit	neg 1.0		__DUMMY__ 0.9257806232429273 neg 0.04803062902588936 off 0.026188747731183418	false	1.0
kapitulation	neg 1.0		__DUMMY__ 0.9209196325643455 neg 0.05126492874443782 off 0.02781543869121659	false	1.0
unscharf	neg 1.0		__DUMMY__ 0.9277386512084769 neg 0.04221151238060415 off 0.030049836410919035	false	1.0
schwinden	neg 1.0		__DUMMY__ 0.9269641891011069 neg 0.04689057520599074 off 0.026145235692902415	false	1.0
versklavung	neg 1.0	neg 1.0	neg 0.514570786600386 __DUMMY__ 0.4579999698844132 off 0.027429243515200735	false	1.0
schlecht	neg 1.0		__DUMMY__ 0.9270386289123881 neg 0.04048845268257532 off 0.03247291840503659	false	1.0
verhasst	neg 1.0		__DUMMY__ 0.924183666480391 neg 0.04661279645393442 off 0.029203537065674613	false	1.0
beschweren	neg 1.0		__DUMMY__ 0.9275533971378743 neg 0.04274527754388372 off 0.02970132531824194	false	1.0
scheiden	neg 1.0		__DUMMY__ 0.9292962880982506 neg 0.04283465529677158 off 0.02786905660497782	false	1.0
frustriert	neg 1.0		__DUMMY__ 0.9276880172561722 neg 0.044505795659224315 off 0.027806187084603428	false	1.0
schimmelig	neg 1.0		__DUMMY__ 0.9277454339705886 neg 0.04629927340597241 off 0.025955292623438934	false	1.0
fisch	neg 1.0	neg 1.0	neg 0.5080478490278484 __DUMMY__ 0.46809892094763705 off 0.023853230024514577	false	1.0
schmuggel	neg 1.0		__DUMMY__ 0.9299238692648452 neg 0.04449366645307378 off 0.025582464282081073	false	1.0
auffallen	neg 1.0		__DUMMY__ 0.9272298929144573 neg 0.04276916185134513 off 0.030000945234197517	false	1.0
konkurrenz	neg 1.0		__DUMMY__ 0.9296826497501349 neg 0.04497455524947464 off 0.025342795000390366	false	1.0
teufelskreis	neg 1.0	neg 1.0	neg 0.5119994084013496 __DUMMY__ 0.4624293416656832 off 0.0255712499329671	false	1.0
aufschreien	neg 1.0		__DUMMY__ 0.9246537595246119 neg 0.045193910125675425 off 0.03015233034971253	false	1.0
schuldner	neg 1.0		__DUMMY__ 0.92471420700863 neg 0.048547591409658995 off 0.026738201581711033	false	1.0
missgeburt	off 1.0	off 1.0	off 0.503165606408352 __DUMMY__ 0.45910473469330304 neg 0.03772965889834493	false	1.0
arbeitslos	neg 1.0		__DUMMY__ 0.92601639409042 neg 0.04644423026463328 off 0.02753937564494673	false	1.0
befallen	neg 1.0		__DUMMY__ 0.9202226350691489 neg 0.052046705067945835 off 0.02773065986290515	false	1.0
miesepetrig	off 1.0		__DUMMY__ 0.9280836586061149 neg 0.04008669551184367 off 0.031829645882041506	false	0.5
alarmieren	neg 1.0		__DUMMY__ 0.9226332548014382 neg 0.0450030142414001 off 0.032363730957161746	false	1.0
ungeduscht	off 1.0		__DUMMY__ 0.9279635274189613 neg 0.04200626805230791 off 0.030030204528730814	false	0.5
knappheit	neg 1.0		__DUMMY__ 0.9252238897946327 neg 0.04716980023791644 off 0.027606309967450896	false	1.0
schlange	neg 1.0		__DUMMY__ 0.9300607489650168 neg 0.040647492795397706 off 0.029291758239585488	false	1.0
harsch	neg 1.0		__DUMMY__ 0.926547621347292 neg 0.037180320299945016 off 0.03627205835276297	false	1.0
lang	neg 1.0		__DUMMY__ 0.9272468128497715 neg 0.04320075580004998 off 0.029552431350178477	false	1.0
ziellos	neg 1.0		__DUMMY__ 0.9284303451602236 neg 0.04468076733345384 off 0.026888887506322453	false	1.0
selbstverliebt	neg 1.0		__DUMMY__ 0.9183268903766331 neg 0.041751888855819694 off 0.03992122076754729	false	1.0
beseitigen	neg 1.0		__DUMMY__ 0.9299784134315054 neg 0.0407756924051388 off 0.029245894163355754	false	1.0
dumm	off 1.0		__DUMMY__ 0.9224263398428163 neg 0.04129788362656521 off 0.03627577653061854	false	0.5
arbeitsloser	neg 1.0		__DUMMY__ 0.9269864641381069 neg 0.04599847874913868 off 0.027015057112754454	false	1.0
blitzen	neg 1.0		__DUMMY__ 0.9251017716753879 neg 0.043624589608067026 off 0.03127363871654508	false	1.0
hilflos	neg 1.0		__DUMMY__ 0.9279331667315427 neg 0.04461377853140573 off 0.027453054737051574	false	1.0
eklig	off 1.0		__DUMMY__ 0.9215940166827634 neg 0.04160309545660094 off 0.036802887860635604	false	0.5
begriff			__DUMMY__ 0.9266092025267313 neg 0.04552219260222315 off 0.027868604871045546	false	0.0
hungersnot	neg 1.0		__DUMMY__ 0.9201282619708508 neg 0.050676564242608156 off 0.029195173786541	false	1.0
ungesetzlich	neg 1.0		__DUMMY__ 0.9200400475386422 neg 0.04857371432650009 off 0.03138623813485777	false	1.0
verschwendung	neg 1.0		__DUMMY__ 0.9275646167810851 neg 0.046586646120552154 off 0.02584873709836262	false	1.0
schmerzvoll	neg 1.0		__DUMMY__ 0.9278305014227415 neg 0.042536297048383485 off 0.029633201528875105	false	1.0
vorzeitig	neg 1.0		__DUMMY__ 0.9261984891354559 neg 0.04150875483792706 off 0.03229275602661699	false	1.0
unvollkommenheit	neg 1.0		__DUMMY__ 0.9271762551961635 neg 0.04401481884768677 off 0.028808925956149603	false	1.0
intervenieren	neg 1.0		__DUMMY__ 0.9233593739520415 neg 0.049916100806512737 off 0.02672452524144577	false	1.0
banause	off 1.0		__DUMMY__ 0.921574174069936 neg 0.04065102769009034 off 0.03777479823997363	false	0.5
rebell	neg 1.0		__DUMMY__ 0.9297308937338677 neg 0.045489036490329274 off 0.02478006977580298	false	1.0
unlogisch	neg 1.0		__DUMMY__ 0.9238598620896099 neg 0.0421513892133315 off 0.03398874869705861	false	1.0
leiden	neg 1.0	neg 1.0	neg 0.5058374128068315 __DUMMY__ 0.47184170526016744 off 0.02232088193300113	false	1.0
abschaffung	neg 1.0		__DUMMY__ 0.9236276190863472 neg 0.04668849570651829 off 0.02968388520713458	false	1.0
sturz	neg 1.0		__DUMMY__ 0.9223893099205107 neg 0.04758357522367286 off 0.030027114855816463	false	1.0
verkleinerung	neg 1.0		__DUMMY__ 0.922178875695902 neg 0.04603456878442002 off 0.031786555519678066	false	1.0
schmarotzer	off 1.0		__DUMMY__ 0.924613004411949 neg 0.04807796224005525 off 0.027309033347995646	false	0.5
bestrafung	neg 1.0		__DUMMY__ 0.9261495171178048 neg 0.04415932452850717 off 0.02969115835368806	false	1.0
achtlos	neg 1.0		__DUMMY__ 0.9298592924322825 neg 0.04192730654875199 off 0.02821340101896551	false	1.0
