unsolidarisch	neg 1.0		neg 0.4135223779987754 __DUMMY__ 0.32262797514910935 off 0.2638496468521151	false	1.0
nachteilig	neg 1.0		neg 0.40991105072489 __DUMMY__ 0.3274516005420172 off 0.2626373487330928	false	1.0
skeptisch	neg 1.0		neg 0.4114036870737959 __DUMMY__ 0.3285679871045705 off 0.26002832582163354	false	1.0
schrecklich	neg 1.0		neg 0.3980798100780189 __DUMMY__ 0.3267020969026953 off 0.2752180930192858	false	1.0
schlapp	neg 1.0		neg 0.3994678037372492 __DUMMY__ 0.3290824679104307 off 0.27144972835232	false	1.0
abfall	neg 1.0		neg 0.41296332399785657 __DUMMY__ 0.32883253484830505 off 0.25820414115383833	false	1.0
widerspenstig	neg 1.0		neg 0.40432244676756757 __DUMMY__ 0.3294694993014638 off 0.2662080539309687	false	1.0
abrupt	neg 1.0		neg 0.4049621832569387 __DUMMY__ 0.3301148602511947 off 0.2649229564918666	false	1.0
unwirksam	neg 1.0		neg 0.40997317929726124 __DUMMY__ 0.3246746174642893 off 0.26535220323844955	false	1.0
angreifen	neg 1.0		neg 0.41173165121788574 __DUMMY__ 0.32733773628510116 off 0.2609306124970131	false	1.0
inkonsistent	neg 1.0		neg 0.406566695183494 __DUMMY__ 0.3259860450291195 off 0.26744725978738654	false	1.0
abrutschen	neg 1.0		neg 0.41160410998441 __DUMMY__ 0.32960088293334744 off 0.25879500708224257	false	1.0
unsicher	neg 1.0		neg 0.4056300521088678 __DUMMY__ 0.32847740470162695 off 0.26589254318950517	false	1.0
bauernkind	off 1.0		neg 0.39804297680824857 __DUMMY__ 0.32401509202834555 off 0.27794193116340593	false	0.5
angreifer	neg 1.0		neg 0.40668727594136966 __DUMMY__ 0.32512128442103294 off 0.26819143963759734	false	1.0
trennen	neg 1.0		neg 0.40614948720434146 __DUMMY__ 0.3314295376030654 off 0.2624209751925932	false	1.0
schmutz	neg 1.0		neg 0.3960308078862985 __DUMMY__ 0.33062590327093727 off 0.27334328884276426	false	1.0
inkonsistenz	neg 1.0	neg 1.0	neg 0.6942518657427802 __DUMMY__ 0.1573154855513378 off 0.14843264870588196	false	1.0
erschreckend	neg 1.0		neg 0.40854190054852146 __DUMMY__ 0.3274294932748924 off 0.26402860617658624	false	1.0
ertrinken	neg 1.0		neg 0.4078205605195961 __DUMMY__ 0.3295039742948277 off 0.26267546518557616	false	1.0
pickelface	off 1.0		neg 0.40780092251227534 __DUMMY__ 0.3261207291837343 off 0.2660783483039903	false	0.5
seiner			neg 0.4098661580770305 __DUMMY__ 0.3286447310122893 off 0.2614891109106802	false	0.0
lauch	neg 1.0		neg 0.41189050455909737 __DUMMY__ 0.32844973959972834 off 0.25965975584117446	false	1.0
unwichtig	neg 1.0		neg 0.40288200189739737 __DUMMY__ 0.3268172094593823 off 0.2703007886432204	false	1.0
steuerhinterziehung	neg 1.0		neg 0.41200827259987133 __DUMMY__ 0.3245463235223987 off 0.26344540387772986	false	1.0
schock	neg 1.0		neg 0.4051570341536668 __DUMMY__ 0.3300217027295919 off 0.2648212631167411	false	1.0
beule	neg 1.0		neg 0.398448555056974 __DUMMY__ 0.32871890529798686 off 0.2728325396450391	false	1.0
vergelten	neg 1.0		neg 0.39892619782683936 __DUMMY__ 0.3249421874068557 off 0.276131614766305	false	1.0
verdorbenheit	neg 1.0	neg 1.0	neg 0.6923709248846447 __DUMMY__ 0.15932767158884736 off 0.14830140352650792	false	1.0
trauma	neg 1.0		neg 0.4049541447964719 __DUMMY__ 0.32738328070553874 off 0.26766257449798936	false	1.0
sinnlos	neg 1.0		neg 0.4043414362611676 __DUMMY__ 0.32763151119333694 off 0.2680270525454954	false	1.0
fettsack	off 1.0	off 1.0	off 0.6230453459887927 neg 0.2203260418553821 __DUMMY__ 0.15662861215582527	false	1.0
feige	off 1.0		neg 0.4048974852993879 __DUMMY__ 0.32574481012117656 off 0.26935770457943564	false	0.5
abdanken	neg 1.0		neg 0.4131408373462065 __DUMMY__ 0.32363562922812233 off 0.2632235334256711	false	1.0
wichtigtuer	off 1.0	off 1.0	off 0.6174932941073642 neg 0.22521299934389863 __DUMMY__ 0.15729370654873712	false	1.0
misslingen	neg 1.0		neg 0.40156022412620906 __DUMMY__ 0.32944831621631865 off 0.2689914596574722	false	1.0
untreu	off 1.0		neg 0.4015617860750566 __DUMMY__ 0.3270743343245277 off 0.27136387960041575	false	0.5
missmutig	neg 1.0		neg 0.4006351902522887 __DUMMY__ 0.3287702141725722 off 0.2705945955751391	false	1.0
hurenbock	off 1.0		neg 0.4014990978903836 __DUMMY__ 0.32986403378779205 off 0.26863686832182426	false	0.5
betrunken	neg 1.0		neg 0.3978258952387937 __DUMMY__ 0.328361025953368 off 0.27381307880783823	false	1.0
korrupt	off 1.0		neg 0.4147085191415199 __DUMMY__ 0.32389111491830375 off 0.2614003659401762	false	0.5
unmut	neg 1.0		neg 0.41302780101370395 __DUMMY__ 0.3281409845961729 off 0.2588312143901232	false	1.0
hackfresse	off 1.0		neg 0.3958377307467334 __DUMMY__ 0.3256011641614296 off 0.2785611050918371	false	0.5
aufblasen	neg 1.0		neg 0.4023786654704456 __DUMMY__ 0.329518327616947 off 0.26810300691260747	false	1.0
gewaltsam	neg 1.0		neg 0.40956391476862325 __DUMMY__ 0.3248191886668154 off 0.2656168965645612	false	1.0
unbeliebtheit	neg 1.0		neg 0.4088435358106087 __DUMMY__ 0.321109837754426 off 0.27004662643496535	false	1.0
sturheit	neg 1.0		neg 0.4109489169963827 __DUMMY__ 0.3257522079591288 off 0.26329887504448873	false	1.0
kuh	neg 1.0		neg 0.40599899333693257 __DUMMY__ 0.3266725919705575 off 0.2673284146925099	false	1.0
erschrecken	neg 1.0		neg 0.40142697577692354 __DUMMY__ 0.32846651984000014 off 0.27010650438307643	false	1.0
opfer	neg 1.0	neg 1.0	neg 0.6971393935834378 __DUMMY__ 0.15825178107523047 off 0.14460882534133168	false	1.0
sinken	neg 1.0		neg 0.41188560549426084 __DUMMY__ 0.3283419479519552 off 0.25977244655378395	false	1.0
stinktier	neg 1.0		neg 0.3999580935736049 __DUMMY__ 0.32509736633329045 off 0.2749445400931047	false	1.0
tucke	off 1.0		neg 0.3950929748032641 __DUMMY__ 0.32571994319614744 off 0.2791870820005883	false	0.5
ein			neg 0.4011832386676045 __DUMMY__ 0.3308549081594416 off 0.26796185317295396	false	0.0
abstieg	neg 1.0		neg 0.41023982569906114 __DUMMY__ 0.3264709721131777 off 0.263289202187761	false	1.0
missverstehen	neg 1.0		neg 0.4068826185444582 __DUMMY__ 0.32603983101381645 off 0.2670775504417253	false	1.0
ergebnislos	neg 1.0		neg 0.40998673646134065 __DUMMY__ 0.32701630324712283 off 0.26299696029153646	false	1.0
unter			neg 0.41076830693516275 __DUMMY__ 0.33286321331154145 off 0.25636847975329585	false	0.0
manipulieren	neg 1.0		neg 0.4125537874723904 __DUMMY__ 0.32700550296002906 off 0.26044070956758036	false	1.0
unbewiesen	neg 1.0		neg 0.4146933457657229 __DUMMY__ 0.32207465133746094 off 0.26323200289681603	false	1.0
verschleppen	neg 1.0		neg 0.41151977753499935 __DUMMY__ 0.3262177906727867 off 0.2622624317922139	false	1.0
weib	off 1.0		neg 0.39484065757759695 __DUMMY__ 0.3252078672167163 off 0.2799514752056868	false	0.5
opposition	neg 1.0		neg 0.4094022904065873 __DUMMY__ 0.32430460087729757 off 0.266293108716115	false	1.0
verkehrswidrig	neg 1.0		neg 0.39526581943977795 __DUMMY__ 0.3273517318386456 off 0.2773824487215764	false	1.0
inkorrekt	neg 1.0		neg 0.406820141693867 __DUMMY__ 0.32332258021180454 off 0.26985727809432847	false	1.0
vermeiden	neg 1.0		neg 0.41110703688625355 __DUMMY__ 0.3308549870118255 off 0.2580379761019211	false	1.0
abweichung	neg 1.0		neg 0.4147348954980991 __DUMMY__ 0.32402203045168826 off 0.26124307405021263	false	1.0
alkoholisiert	neg 1.0		neg 0.40685784648774936 __DUMMY__ 0.329147866431307 off 0.2639942870809436	false	1.0
scheiss	off 1.0	off 1.0	off 0.6208449104575535 neg 0.22106063276012938 __DUMMY__ 0.1580944567823171	false	1.0
herausforderung	neg 1.0		neg 0.4038164358358906 __DUMMY__ 0.33133617919249114 off 0.2648473849716182	false	1.0
pervers	off 1.0		neg 0.3924348494705395 __DUMMY__ 0.3247360568909581 off 0.2828290936385025	false	0.5
wackelig	neg 1.0		neg 0.4032459379299646 __DUMMY__ 0.3316955565228186 off 0.26505850554721666	false	1.0
verwickeln	neg 1.0		neg 0.40622611503373207 __DUMMY__ 0.32670059366924276 off 0.2670732912970252	false	1.0
vorwand	neg 1.0		neg 0.4132494357030107 __DUMMY__ 0.3273965371765357 off 0.2593540271204536	false	1.0
muschi	off 1.0		neg 0.4079181108219656 __DUMMY__ 0.3263537940302412 off 0.26572809514779333	false	0.5
entmutigung	neg 1.0		neg 0.4136080834621222 __DUMMY__ 0.320995028966027 off 0.2653968875718508	false	1.0
unangemessen	neg 1.0		neg 0.4120104094136596 __DUMMY__ 0.3258595865406819 off 0.2621300040456586	false	1.0
unstetig	neg 1.0		neg 0.4050679428425686 __DUMMY__ 0.3258161693266297 off 0.2691158878308017	false	1.0
entmutigen	neg 1.0		neg 0.4049394059784861 __DUMMY__ 0.32805972265001243 off 0.2670008713715016	false	1.0
schwanz	neg 1.0		neg 0.4089235037450331 __DUMMY__ 0.32743438166913863 off 0.26364211458582826	false	1.0
verbot	neg 1.0		neg 0.41321647910154585 __DUMMY__ 0.32443751109060215 off 0.262346009807852	false	1.0
leid	neg 1.0		neg 0.397584459935811 __DUMMY__ 0.32587940879426175 off 0.2765361312699273	false	1.0
archaisch	neg 1.0		neg 0.4105076283353337 __DUMMY__ 0.32645059239399293 off 0.2630417792706732	false	1.0
gegen			neg 0.41258475277662016 __DUMMY__ 0.32740997416217166 off 0.26000527306120824	false	0.0
scheidung	neg 1.0	neg 1.0	neg 0.6822293060774919 off 0.16113546782720214 __DUMMY__ 0.15663522609530595	false	1.0
einschlag	neg 1.0		neg 0.3979578555719419 __DUMMY__ 0.3259627294591663 off 0.2760794149688917	false	1.0
m			neg 0.4057454217193355 __DUMMY__ 0.32913674502104245 off 0.2651178332596221	false	0.0
abgestanden	neg 1.0		neg 0.4046629094782655 __DUMMY__ 0.32893476059063786 off 0.26640232993109664	false	1.0
schmierig	off 1.0		neg 0.3976783753235913 __DUMMY__ 0.32666665560526115 off 0.27565496907114767	false	0.5
unpraktisch	neg 1.0		neg 0.40205685251879214 __DUMMY__ 0.3297718900285366 off 0.2681712574526714	false	1.0
wixxer	off 1.0		neg 0.3938426713794452 __DUMMY__ 0.3236872911344382 off 0.28247003748611654	false	0.5
bezeichnet			neg 0.40955116076606907 __DUMMY__ 0.3262799922939196 off 0.2641688469400112	false	0.0
jammerlappen	off 1.0		neg 0.40200371561926973 __DUMMY__ 0.32737472457659783 off 0.2706215598041324	false	0.5
farce	neg 1.0		neg 0.4156064623573463 __DUMMY__ 0.3225450694958236 off 0.2618484681468301	false	1.0
zwecklos	neg 1.0		neg 0.4112536524308123 __DUMMY__ 0.3266201252921911 off 0.2621262222769966	false	1.0
turbulent	neg 1.0		neg 0.4010640843903993 __DUMMY__ 0.3250830277404782 off 0.27385288786912254	false	1.0
invasion	neg 1.0		neg 0.4015162214965751 __DUMMY__ 0.3285318575498454 off 0.26995192095357956	false	1.0
schuld	neg 1.0		neg 0.406697977943349 __DUMMY__ 0.32707975465812006 off 0.26622226739853083	false	1.0
risiko	neg 1.0		neg 0.40052093619751583 __DUMMY__ 0.32909920244233687 off 0.2703798613601473	false	1.0
finster	neg 1.0		neg 0.402408904910151 __DUMMY__ 0.3301312497786947 off 0.2674598453111544	false	1.0
geisteskrank	off 1.0		neg 0.40432795317294185 __DUMMY__ 0.32461151659744886 off 0.27106053022960935	false	0.5
zusammenbrechen	neg 1.0		neg 0.4068182491619792 __DUMMY__ 0.32873671954167066 off 0.26444503129635016	false	1.0
ausbeute	neg 1.0		neg 0.4050802958088023 __DUMMY__ 0.33060302973246714 off 0.26431667445873064	false	1.0
hinterhalt	neg 1.0		neg 0.4058520297248535 __DUMMY__ 0.327275366436367 off 0.2668726038387794	false	1.0
kritik	neg 1.0		neg 0.41429912510020095 __DUMMY__ 0.3234117606195807 off 0.2622891142802182	false	1.0
einschrumpfen	neg 1.0		neg 0.40792451033582244 __DUMMY__ 0.3237591599342016 off 0.26831632972997593	false	1.0
riskant	neg 1.0		neg 0.4102482227819218 __DUMMY__ 0.3281809517975116 off 0.26157082542056664	false	1.0
frustrieren	neg 1.0		neg 0.41090211212819394 __DUMMY__ 0.3277772440485052 off 0.26132064382330084	false	1.0
groll	neg 1.0		neg 0.4107501014853769 __DUMMY__ 0.32679513210946853 off 0.2624547664051547	false	1.0
gibt			neg 0.40817191157366756 __DUMMY__ 0.32811628268602205 off 0.26371180574031045	false	0.0
qualvoll	neg 1.0		neg 0.4022963750074454 __DUMMY__ 0.32877069620611904 off 0.2689329287864355	false	1.0
wackeln	neg 1.0		neg 0.40163466422002414 __DUMMY__ 0.33044559634696546 off 0.26791973943301045	false	1.0
klagen	neg 1.0		neg 0.41450235592786455 __DUMMY__ 0.32667411420242753 off 0.25882352986970797	false	1.0
bankrott	neg 1.0		neg 0.39976874646087923 __DUMMY__ 0.3284723362643173 off 0.27175891727480334	false	1.0
trauern	neg 1.0		neg 0.40990716463707055 __DUMMY__ 0.3282017525380094 off 0.2618910828249201	false	1.0
ablehnung	neg 1.0	neg 1.0	neg 0.6986270973368721 __DUMMY__ 0.15630411036387587 off 0.14506879229925188	false	1.0
stur	neg 1.0		neg 0.4059893752726866 __DUMMY__ 0.32725857290969385 off 0.2667520518176195	false	1.0
aufruhr	neg 1.0		neg 0.41039811986000474 __DUMMY__ 0.3246291321433426 off 0.2649727479966526	false	1.0
melancholie	neg 1.0		neg 0.40428264913431844 __DUMMY__ 0.33091271356213936 off 0.2648046373035421	false	1.0
ist			neg 0.40508431046561116 __DUMMY__ 0.3276409136711373 off 0.2672747758632516	false	0.0
torheit	neg 1.0		neg 0.4111531466195388 __DUMMY__ 0.32370706018525414 off 0.26513979319520703	false	1.0
dreckskind	off 1.0		neg 0.4007349919074058 __DUMMY__ 0.3230984700373141 off 0.2761665380552801	false	0.5
umtauschen	neg 1.0		neg 0.4037764876582841 __DUMMY__ 0.32981852153173596 off 0.2664049908099799	false	1.0
zum			neg 0.4062592076010946 __DUMMY__ 0.33354017257311763 off 0.26020061982578774	false	0.0
zersetzen	neg 1.0		neg 0.4131783568386541 __DUMMY__ 0.32698153875681674 off 0.2598401044045292	false	1.0
zur			neg 0.4123872064815645 __DUMMY__ 0.32967998592805686 off 0.25793280759037873	false	0.0
frust	neg 1.0		neg 0.40703654302277387 __DUMMY__ 0.32873331532676203 off 0.264230141650464	false	1.0
unerbittlichkeit	neg 1.0		neg 0.41242586368782586 __DUMMY__ 0.326792363009541 off 0.2607817733026331	false	1.0
zwei			neg 0.40649139316164906 __DUMMY__ 0.3321632323527476 off 0.2613453744856034	false	0.0
unkorrekt	neg 1.0		neg 0.40448468787855624 __DUMMY__ 0.3242413220644104 off 0.2712739900570334	false	1.0
hexe	off 1.0		neg 0.4013340782969631 __DUMMY__ 0.32727402565609426 off 0.2713918960469427	false	0.5
lasch	neg 1.0		neg 0.4057295035399073 __DUMMY__ 0.32589548614462027 off 0.2683750103154724	false	1.0
rivale	neg 1.0		neg 0.39939462326742636 __DUMMY__ 0.32550129245091064 off 0.27510408428166294	false	1.0
mutlos	off 1.0	off 1.0	off 0.6143487336998588 neg 0.22842985651629738 __DUMMY__ 0.1572214097838438	false	1.0
wirr	off 1.0		neg 0.4027143324883078 __DUMMY__ 0.3242394876149341 off 0.2730461798967581	false	0.5
jahr			neg 0.40523793382327333 __DUMMY__ 0.3313114991608974 off 0.26345056701582925	false	0.0
wird			neg 0.4090700057505719 __DUMMY__ 0.3284595362629477 off 0.26247045798648044	false	0.0
strafbar	neg 1.0		neg 0.4137555785448152 __DUMMY__ 0.3256762750352614 off 0.26056814641992343	false	1.0
erosion	neg 1.0		neg 0.40233325086488864 __DUMMY__ 0.32919401912960716 off 0.26847273000550426	false	1.0
eingehen	neg 1.0		neg 0.41077193478463425 __DUMMY__ 0.32716752604632937 off 0.2620605391690363	false	1.0
faul	off 1.0		neg 0.39952911797857826 __DUMMY__ 0.32918771118229995 off 0.2712831708391217	false	0.5
provisorium	neg 1.0		neg 0.41302864960933416 __DUMMY__ 0.3317814749384307 off 0.25518987545223515	false	1.0
schmerzen	neg 1.0		neg 0.4052649293267118 __DUMMY__ 0.32942651049568766 off 0.2653085601776005	false	1.0
schrumpfen	neg 1.0		neg 0.4134111063198078 __DUMMY__ 0.3293852738688393 off 0.25720361981135287	false	1.0
geistlos	off 1.0		neg 0.4113915089288174 __DUMMY__ 0.32251882574782026 off 0.26608966532336253	false	0.5
fehlkauf	neg 1.0		neg 0.40535953519036955 __DUMMY__ 0.32623797110029 off 0.2684024937093405	false	1.0
frustrierend	neg 1.0	neg 1.0	neg 0.6926515613778401 __DUMMY__ 0.15835527115698791 off 0.14899316746517208	false	1.0
unzufrieden	neg 1.0		neg 0.4098113867935595 __DUMMY__ 0.32751453402816805 off 0.2626740791782724	false	1.0
verzweifeln	neg 1.0		neg 0.40604002608124923 __DUMMY__ 0.3286290546935548 off 0.26533091922519597	false	1.0
verzweifelt	neg 1.0		neg 0.4052841856471212 __DUMMY__ 0.3277487009243176 off 0.26696711342856116	false	1.0
misstrauensantrag	neg 1.0		neg 0.4059963431908889 __DUMMY__ 0.32582367710153276 off 0.2681799797075783	false	1.0
abfallen	neg 1.0		neg 0.40098291492154464 __DUMMY__ 0.3307781184698941 off 0.2682389666085612	false	1.0
fucker	off 1.0		neg 0.40031218835463356 __DUMMY__ 0.3258227519659435 off 0.273865059679423	false	0.5
ungezogen	neg 1.0		neg 0.39336892151263414 __DUMMY__ 0.3259935170941676 off 0.28063756139319823	false	1.0
irrsinnig	neg 1.0	neg 1.0	neg 0.6950110048922219 __DUMMY__ 0.15791649882992573 off 0.14707249627785235	false	1.0
unfassbar	neg 1.0		neg 0.40180485119859005 __DUMMY__ 0.3271459683761845 off 0.2710491804252256	false	1.0
hart	neg 1.0		neg 0.40372636969097314 __DUMMY__ 0.3256884293197488 off 0.270585200989278	false	1.0
widerlich	off 1.0		neg 0.4029042497058312 __DUMMY__ 0.3257996406801028 off 0.2712961096140661	false	0.5
fatal	neg 1.0		neg 0.40483119220785674 __DUMMY__ 0.3266513172687095 off 0.2685174905234337	false	1.0
bruch	neg 1.0		neg 0.4154652317600324 __DUMMY__ 0.32635308224117765 off 0.25818168599878977	false	1.0
aushungern	neg 1.0		neg 0.4117116090527644 __DUMMY__ 0.3240969007954778 off 0.26419149015175775	false	1.0
anspannung	neg 1.0		neg 0.41013532218375687 __DUMMY__ 0.33048404810254495 off 0.2593806297136982	false	1.0
von			neg 0.40620364983421114 __DUMMY__ 0.33136262910974335 off 0.26243372105604557	false	0.0
kraftlos	neg 1.0		neg 0.40509908699926733 __DUMMY__ 0.3307684610783939 off 0.2641324519223388	false	1.0
vom			neg 0.4096802675712768 __DUMMY__ 0.33302900670448965 off 0.25729072572423356	false	0.0
grenzdebil	off 1.0		neg 0.3999592322493116 __DUMMY__ 0.3275220921442151 off 0.2725186756064732	false	0.5
vor			neg 0.4094931226767392 __DUMMY__ 0.33009073472227995 off 0.26041614260098067	false	0.0
unterwerfen	neg 1.0		neg 0.41172507129588704 __DUMMY__ 0.32681709842209733 off 0.26145783028201564	false	1.0
versenkung	neg 1.0		neg 0.4108278231680581 __DUMMY__ 0.32777090028303735 off 0.26140127654890444	false	1.0
entziehen	neg 1.0		neg 0.41327352966185804 __DUMMY__ 0.3277706975354043 off 0.2589557728027378	false	1.0
finanzkrise	neg 1.0		neg 0.4123095660561339 __DUMMY__ 0.3239520629431985 off 0.2637383710006675	false	1.0
schimpfend	neg 1.0		neg 0.39880032754407463 __DUMMY__ 0.3315743328817201 off 0.2696253395742051	false	1.0
profan	neg 1.0		neg 0.4037560037457299 __DUMMY__ 0.3279937949147684 off 0.26825020133950184	false	1.0
korruption	neg 1.0		neg 0.4140353110766381 __DUMMY__ 0.3242245987843411 off 0.2617400901390209	false	1.0
â			neg 0.40729530749565807 __DUMMY__ 0.3288089292536019 off 0.26389576325074	false	0.0
schmutzig	neg 1.0		neg 0.39795435881383007 __DUMMY__ 0.3291818627987249 off 0.27286377838744497	false	1.0
sexy	neg 1.0		neg 0.40163869946464237 __DUMMY__ 0.3276826576883042 off 0.27067864284705356	false	1.0
abraten	neg 1.0		neg 0.40375554952730364 __DUMMY__ 0.32866893614184356 off 0.2675755143308527	false	1.0
schwarz	neg 1.0		neg 0.4051500153775802 __DUMMY__ 0.3270739475603642 off 0.2677760370620556	false	1.0
fotze	off 1.0		neg 0.4097997795799537 __DUMMY__ 0.32652145075624334 off 0.263678769663803	false	0.5
verwirren	neg 1.0		neg 0.40313342332317237 __DUMMY__ 0.32780159005696513 off 0.2690649866198625	false	1.0
zahnlos	off 1.0		neg 0.4108085172944135 __DUMMY__ 0.3266251537191775 off 0.26256632898640914	false	0.5
verheeren	neg 1.0		neg 0.3963674444275298 __DUMMY__ 0.3225776799434068 off 0.2810548756290634	false	1.0
hippie	neg 1.0		neg 0.40244126368774963 __DUMMY__ 0.3273322619535711 off 0.2702264743586793	false	1.0
rammen	neg 1.0		neg 0.40250463344911824 __DUMMY__ 0.32814901722956347 off 0.2693463493213184	false	1.0
unlauter	neg 1.0	neg 1.0	neg 0.6950742013913879 __DUMMY__ 0.15708078753960406 off 0.1478450110690082	false	1.0
unheilvoll	neg 1.0		neg 0.4031763551358745 __DUMMY__ 0.32848828214443493 off 0.26833536271969044	false	1.0
niedrig	neg 1.0		neg 0.40959232635720716 __DUMMY__ 0.3275996275361569 off 0.26280804610663594	false	1.0
explosion	neg 1.0		neg 0.40191624807412807 __DUMMY__ 0.32807394380688537 off 0.2700098081189866	false	1.0
weichei	off 1.0		neg 0.39697511079772696 __DUMMY__ 0.3257262562632623 off 0.2772986329390107	false	0.5
minusmensch	off 1.0		neg 0.39723703496737534 __DUMMY__ 0.32209400375355735 off 0.28066896127906715	false	0.5
farblos	neg 1.0		neg 0.4071775185869573 __DUMMY__ 0.32652486400913033 off 0.2662976174039122	false	1.0
unwissend	neg 1.0	neg 1.0	neg 0.6928966523947693 __DUMMY__ 0.15753291903070746 off 0.1495704285745233	false	1.0
traurig	neg 1.0		neg 0.39799591302300946 __DUMMY__ 0.3275185746941803 off 0.27448551228281015	false	1.0
senkung	neg 1.0		neg 0.40467970750658416 __DUMMY__ 0.3264019182545894 off 0.2689183742388264	false	1.0
ungleich	neg 1.0	neg 1.0	neg 0.698171396844421 __DUMMY__ 0.15762800760938483 off 0.1442005955461942	false	1.0
heikel	neg 1.0		neg 0.4120902269342878 __DUMMY__ 0.3276828993076331 off 0.26022687375807907	false	1.0
drosselung	neg 1.0		neg 0.3972294265155347 __DUMMY__ 0.32771726949034374 off 0.27505330399412165	false	1.0
falsch	neg 1.0		neg 0.4031123670892402 __DUMMY__ 0.32711615067698585 off 0.26977148223377406	false	1.0
unzufriedenheit	neg 1.0		neg 0.41288440984198543 __DUMMY__ 0.3272886149327728 off 0.25982697522524184	false	1.0
kurz	neg 1.0		neg 0.4042438142927109 __DUMMY__ 0.33047744735618817 off 0.26527873835110094	false	1.0
unsinnig	neg 1.0		neg 0.4095752647417785 __DUMMY__ 0.3272940869932956 off 0.263130648264926	false	1.0
penner	off 1.0	off 1.0	off 0.6245223417912081 neg 0.21808572733716433 __DUMMY__ 0.1573919308716276	false	1.0
seicht	neg 1.0		neg 0.3976916409332791 __DUMMY__ 0.32346888210826513 off 0.27883947695845585	false	1.0
dummheit	off 1.0	off 1.0	off 0.6179362668776814 neg 0.22479116705945318 __DUMMY__ 0.15727256606286533	false	1.0
unerfreulich	neg 1.0		neg 0.4113596112196993 __DUMMY__ 0.3285836330219636 off 0.26005675575833725	false	1.0
motherfucker	off 1.0	off 1.0	off 0.6213835349035077 neg 0.221431670017759 __DUMMY__ 0.15718479507873329	false	1.0
pikiert	neg 1.0		neg 0.4038012568369034 __DUMMY__ 0.326136919789359 off 0.2700618233737377	false	1.0
wrack	neg 1.0		neg 0.4072924472964785 __DUMMY__ 0.3287004854993616 off 0.2640070672041599	false	1.0
gangster	neg 1.0		neg 0.4034874612068918 __DUMMY__ 0.3272657874646736 off 0.26924675132843456	false	1.0
krank	neg 1.0		neg 0.39771616759297473 __DUMMY__ 0.3290116691235824 off 0.273272163283443	false	1.0
reich	neg 1.0		neg 0.4078724048892107 __DUMMY__ 0.3225568987686918 off 0.2695706963420974	false	1.0
gnadenlos	neg 1.0		neg 0.4054246919940979 __DUMMY__ 0.32776038616930814 off 0.26681492183659394	false	1.0
niedergeschlagen	neg 1.0		neg 0.4067850266696195 __DUMMY__ 0.3287020585925581 off 0.2645129147378225	false	1.0
terrorisieren	off 1.0	off 1.0	off 0.6146685321636903 neg 0.2270369221632424 __DUMMY__ 0.1582945456730673	false	1.0
sinnlosigkeit	neg 1.0		neg 0.4103413474610022 __DUMMY__ 0.3268995014315821 off 0.2627591511074158	false	1.0
behindern	neg 1.0		neg 0.4046302687222038 __DUMMY__ 0.32900249039828716 off 0.266367240879509	false	1.0
undemokratisch	neg 1.0		neg 0.41125714560627435 __DUMMY__ 0.32349141878910875 off 0.26525143560461695	false	1.0
wirtschaftskrise	neg 1.0		neg 0.41225675714869325 __DUMMY__ 0.32539228871170983 off 0.2623509541395969	false	1.0
neid	neg 1.0		neg 0.4005326467264413 __DUMMY__ 0.32907812246879836 off 0.2703892308047603	false	1.0
rutschen	neg 1.0		neg 0.40595636502307225 __DUMMY__ 0.333642520620768 off 0.26040111435615965	false	1.0
rezession	neg 1.0		neg 0.4026815538273409 __DUMMY__ 0.3229830098192554 off 0.27433543635340385	false	1.0
fehlgeburt	neg 1.0		neg 0.4058215957000833 __DUMMY__ 0.32764415829435806 off 0.2665342460055586	false	1.0
charakterschwach	off 1.0		neg 0.4027414093601791 __DUMMY__ 0.3260149482112061 off 0.2712436424286147	false	0.5
isolation	neg 1.0		neg 0.40016738372552274 __DUMMY__ 0.3278906308126283 off 0.2719419854618489	false	1.0
ablenkung	neg 1.0		neg 0.4040003903687754 __DUMMY__ 0.32920229588217165 off 0.2667973137490531	false	1.0
pech	neg 1.0		neg 0.40206854965087546 __DUMMY__ 0.3283545786519424 off 0.2695768716971822	false	1.0
vermeidung	neg 1.0		neg 0.39770885238868275 __DUMMY__ 0.32830108911193934 off 0.27399005849937785	false	1.0
dominieren	neg 1.0		neg 0.407633520547284 __DUMMY__ 0.32781519169841883 off 0.2645512877542972	false	1.0
schwindlig	neg 1.0		neg 0.39998516071821133 __DUMMY__ 0.3299483339530824 off 0.27006650532870635	false	1.0
lutscher	neg 1.0		neg 0.3957568488660472 __DUMMY__ 0.3240613248714803 off 0.28018182626247234	false	1.0
pflicht	neg 1.0		neg 0.41228731675313984 __DUMMY__ 0.32764928406608423 off 0.2600633991807759	false	1.0
faschist	off 1.0		neg 0.40979704586751764 __DUMMY__ 0.32366782715509507 off 0.2665351269773873	false	0.5
verschleudern	neg 1.0		neg 0.4123127701206328 __DUMMY__ 0.32580382372021954 off 0.2618834061591476	false	1.0
wenn			neg 0.4023711799254429 __DUMMY__ 0.32758361070406283 off 0.2700452093704943	false	0.0
ehebruch	neg 1.0		neg 0.41287451414944953 __DUMMY__ 0.3258118435548641 off 0.2613136422956864	false	1.0
spott	off 1.0		neg 0.4127799586395366 __DUMMY__ 0.3262989651681133 off 0.2609210761923503	false	0.5
trostlosigkeit	neg 1.0		neg 0.4160152833959932 __DUMMY__ 0.32509943818248793 off 0.25888527842151904	false	1.0
lutschen	neg 1.0		neg 0.40471426557604984 __DUMMY__ 0.32535175927574816 off 0.26993397514820194	false	1.0
undiszipliniert	neg 1.0		neg 0.4000027190966408 __DUMMY__ 0.32670962210955806 off 0.27328765879380107	false	1.0
kopfschmerz	neg 1.0		neg 0.4054912748819881 __DUMMY__ 0.32879192471397556 off 0.2657168004040364	false	1.0
unvorhergesehen	neg 1.0		neg 0.4034055458882085 __DUMMY__ 0.33118106097202715 off 0.2654133931397644	false	1.0
desinteressiert	neg 1.0		neg 0.40116221352819087 __DUMMY__ 0.32612675335176444 off 0.27271103312004474	false	1.0
armselig	off 1.0		neg 0.40161906672584263 __DUMMY__ 0.32512982410142593 off 0.27325110917273143	false	0.5
desaster	neg 1.0		neg 0.41618004153073573 __DUMMY__ 0.3261566954827453 off 0.2576632629865189	false	1.0
tod	neg 1.0		neg 0.4154889222655077 __DUMMY__ 0.32437163570467736 off 0.2601394420298149	false	1.0
herzlos	neg 1.0		neg 0.39824439367642483 __DUMMY__ 0.32686797421558855 off 0.27488763210798667	false	1.0
unwissenheit	neg 1.0		neg 0.41182885128346003 __DUMMY__ 0.32598612915540126 off 0.26218501956113854	false	1.0
widersinnig	neg 1.0		neg 0.41341471833251514 __DUMMY__ 0.32401152935749666 off 0.2625737523099881	false	1.0
bedenklich	neg 1.0		neg 0.4113128517626977 __DUMMY__ 0.32743071924819067 off 0.2612564289891117	false	1.0
beanstanden	neg 1.0		neg 0.41245883114110654 __DUMMY__ 0.32780716899028695 off 0.25973399986860646	false	1.0
panisch	neg 1.0	neg 1.0	neg 0.6907816719296936 __DUMMY__ 0.16017160356998617 off 0.1490467245003202	false	1.0
debil	off 1.0		neg 0.41427199867779163 __DUMMY__ 0.32862857877807405 off 0.2570994225441342	false	0.5
abstrich	neg 1.0		neg 0.4026609580893193 __DUMMY__ 0.330042419085491 off 0.26729662282518973	false	1.0
primitiv	neg 1.0		neg 0.4023341252493142 __DUMMY__ 0.3257372881190863 off 0.2719285866315995	false	1.0
abschaum	off 1.0	off 1.0	off 0.6192863081180664 neg 0.22379044173770993 __DUMMY__ 0.1569232501442237	false	1.0
provozieren	neg 1.0		neg 0.4083280257542176 __DUMMY__ 0.32633205333886267 off 0.2653399209069196	false	1.0
tot	neg 1.0		neg 0.4078246353207412 __DUMMY__ 0.32741587493841434 off 0.2647594897408443	false	1.0
instabil	neg 1.0		neg 0.40127071547234694 __DUMMY__ 0.3244355750678781 off 0.27429370945977494	false	1.0
schwuchtel	off 1.0		neg 0.3930821408756879 __DUMMY__ 0.32187798454434635 off 0.2850398745799657	false	0.5
zerren	neg 1.0		neg 0.4066853063108035 __DUMMY__ 0.32883102097658534 off 0.2644836727126112	false	1.0
kinderficker	off 1.0		neg 0.4005570840946435 __DUMMY__ 0.32412269453559006 off 0.27532022136976647	false	0.5
gefahr	neg 1.0		neg 0.41163761266604454 __DUMMY__ 0.3267451781380773 off 0.2616172091958781	false	1.0
rabiat	neg 1.0		neg 0.4065033527895716 __DUMMY__ 0.32773677861220596 off 0.2657598685982226	false	1.0
verlangsamung	neg 1.0		neg 0.3995299973716138 __DUMMY__ 0.32261806799816234 off 0.2778519346302238	false	1.0
ausgestorben	neg 1.0		neg 0.40686431040772963 __DUMMY__ 0.32862796720662 off 0.26450772238565046	false	1.0
anklagen	neg 1.0		neg 0.41013032146560247 __DUMMY__ 0.3256503242602844 off 0.2642193542741131	false	1.0
trott	neg 1.0		neg 0.4052538198802061 __DUMMY__ 0.32848204447064766 off 0.26626413564914625	false	1.0
verminderung	neg 1.0		neg 0.39945164281486234 __DUMMY__ 0.326602891082371 off 0.2739454661027667	false	1.0
nach			neg 0.40895283369377333 __DUMMY__ 0.3318687815138733 off 0.2591783847923534	false	0.0
rost	neg 1.0		neg 0.39700465673508284 __DUMMY__ 0.32402650943303063 off 0.27896883383188653	false	1.0
destruktiv	neg 1.0	neg 1.0	neg 0.697179162591253 __DUMMY__ 0.1571386948677773 off 0.14568214254096964	false	1.0
unzumutbarkeit	neg 1.0		neg 0.3993906388567104 __DUMMY__ 0.32722998572254747 off 0.2733793754207423	false	1.0
labil	off 1.0	off 1.0	off 0.6201265899724968 neg 0.222648398853801 __DUMMY__ 0.15722501117370222	false	1.0
ziemlich	neg 1.0		neg 0.40047241300138425 __DUMMY__ 0.3275491267875179 off 0.2719784602110978	false	1.0
lachnummer	off 1.0		neg 0.4103299848770257 __DUMMY__ 0.32588347092976305 off 0.26378654419321124	false	0.5
oder			neg 0.4040319423063139 __DUMMY__ 0.32945199805772085 off 0.2665160596359653	false	0.0
verfall	neg 1.0		neg 0.4146867017757757 __DUMMY__ 0.32851542579777865 off 0.25679787242644564	false	1.0
ausgrenzung	neg 1.0		neg 0.40980637829320254 __DUMMY__ 0.32387768912563175 off 0.26631593258116565	false	1.0
unordnung	neg 1.0		neg 0.3991461034566486 __DUMMY__ 0.3252680056986572 off 0.27558589084469437	false	1.0
fehlverhalten	neg 1.0		neg 0.41287129535710726 __DUMMY__ 0.32643573530958264 off 0.26069296933331015	false	1.0
eine			neg 0.4094961679368329 __DUMMY__ 0.32983945217827176 off 0.26066437988489527	false	0.0
nille	neg 1.0		neg 0.40915322524626024 __DUMMY__ 0.32574654486375637 off 0.26510022988998344	false	1.0
qual	neg 1.0		neg 0.40576532525986697 __DUMMY__ 0.32821223668067423 off 0.2660224380594589	false	1.0
verschwenden	neg 1.0		neg 0.40975379365142695 __DUMMY__ 0.3283214748607773 off 0.26192473148779577	false	1.0
riesig	neg 1.0		neg 0.40741615930332553 __DUMMY__ 0.32778349695372516 off 0.26480034374294936	false	1.0
verurteilen	neg 1.0		neg 0.4125118769308535 __DUMMY__ 0.3254100527645638 off 0.26207807030458263	false	1.0
klischee	neg 1.0	neg 1.0	neg 0.6943979607713872 __DUMMY__ 0.15720654647405777 off 0.14839549275455505	false	1.0
diktatorisch	neg 1.0		neg 0.41285257200217385 __DUMMY__ 0.32252433403789177 off 0.2646230939599344	false	1.0
vorhersehbar	neg 1.0		neg 0.40754329991287114 __DUMMY__ 0.3255458726502789 off 0.2669108274368501	false	1.0
sowie			neg 0.3992841991815901 __DUMMY__ 0.32378183093808194 off 0.27693396988032803	false	0.0
stornieren	neg 1.0		neg 0.4005980601369015 __DUMMY__ 0.3294820842312314 off 0.2699198556318672	false	1.0
besteuerung	neg 1.0		neg 0.4065215393573036 __DUMMY__ 0.3265396185396204 off 0.26693884210307617	false	1.0
ungeschminkt	neg 1.0		neg 0.40120805835027423 __DUMMY__ 0.32659321447486944 off 0.2721987271748564	false	1.0
kritisch	neg 1.0		neg 0.41267582985232515 __DUMMY__ 0.32633918894112657 off 0.2609849812065483	false	1.0
schlamperei	off 1.0		neg 0.41296396089443427 __DUMMY__ 0.32570514540901985 off 0.2613308936965459	false	0.5
sucht	neg 1.0	neg 1.0	neg 0.6907160338687099 __DUMMY__ 0.15981459212386823 off 0.14946937400742186	false	1.0
egoistisch	off 1.0		neg 0.3976643397293743 __DUMMY__ 0.3254559076599314 off 0.27687975261069425	false	0.5
ausbeuter	off 1.0		neg 0.41458399891704006 __DUMMY__ 0.3256216663044201 off 0.2597943347785399	false	0.5
arschgeburt	off 1.0		neg 0.3932414932990513 __DUMMY__ 0.3218781934827599 off 0.28488031321818874	false	0.5
schubs	neg 1.0	neg 1.0	neg 0.6938799416790973 __DUMMY__ 0.15992311330606368 off 0.146196945014839	false	1.0
unsolide	neg 1.0		neg 0.4112544720214334 __DUMMY__ 0.3210733072264143 off 0.2676722207521523	false	1.0
beschwerde	neg 1.0		neg 0.4109851134231213 __DUMMY__ 0.3263430874770441 off 0.26267179909983474	false	1.0
stocken	neg 1.0		neg 0.4093707267424348 __DUMMY__ 0.3277891198941492 off 0.2628401533634159	false	1.0
isolieren	neg 1.0		neg 0.40518810992387105 __DUMMY__ 0.3290484274016197 off 0.2657634626745093	false	1.0
unheilbar	neg 1.0		neg 0.40762205347437075 __DUMMY__ 0.32660908380289866 off 0.2657688627227305	false	1.0
pisser	off 1.0		neg 0.40096428857111877 __DUMMY__ 0.3246618828169396 off 0.27437382861194176	false	0.5
löschen	neg 1.0		neg 0.40578980775509116 __DUMMY__ 0.32720779851265164 off 0.26700239373225726	false	1.0
durchfallen	neg 1.0		neg 0.4106119538012434 __DUMMY__ 0.3274952198003317 off 0.2618928263984249	false	1.0
wichser	off 1.0		neg 0.3933532822206647 __DUMMY__ 0.32473863218355176 off 0.2819080855957837	false	0.5
terror	neg 1.0		neg 0.40017356560848044 __DUMMY__ 0.32890018515223507 off 0.2709262492392845	false	1.0
krass	neg 1.0		neg 0.3980856119227727 __DUMMY__ 0.3266105753541327 off 0.2753038127230945	false	1.0
revolte	neg 1.0	neg 1.0	neg 0.6970953457336116 __DUMMY__ 0.15534704966902804 off 0.14755760459736034	false	1.0
besorgt	neg 1.0		neg 0.40364441169597637 __DUMMY__ 0.3308050743446355 off 0.26555051395938806	false	1.0
nachlassen	neg 1.0		neg 0.40764317464325445 __DUMMY__ 0.3285566372416968 off 0.26380018811504863	false	1.0
alt	neg 1.0		neg 0.407366785774639 __DUMMY__ 0.3300329164195796 off 0.2626002978057816	false	1.0
hundesohn	off 1.0		neg 0.3969782573272373 __DUMMY__ 0.32292054796394765 off 0.2801011947088151	false	0.5
als			neg 0.4069807495048277 __DUMMY__ 0.3292068943185197 off 0.2638123561766526	false	0.0
abschreckung	neg 1.0		neg 0.41440640470686946 __DUMMY__ 0.32644081506758793 off 0.2591527802255426	false	1.0
unqualifiziert	neg 1.0	neg 1.0	neg 0.6948422696372806 __DUMMY__ 0.15730445880979999 off 0.1478532715529195	false	1.0
abgewichst	off 1.0		neg 0.4084909463028651 __DUMMY__ 0.3269549772390073 off 0.26455407645812756	false	0.5
schwer	neg 1.0		neg 0.4059256768116808 __DUMMY__ 0.32855926729432544 off 0.2655150558939938	false	1.0
bedeutungslosigkeit	neg 1.0		neg 0.4131807409747384 __DUMMY__ 0.3266935831830292 off 0.2601256758422325	false	1.0
kapitulation	neg 1.0		neg 0.4156030741617187 __DUMMY__ 0.3235983618901065 off 0.2607985639481747	false	1.0
unscharf	neg 1.0		neg 0.4029001451878803 __DUMMY__ 0.3277863108775587 off 0.26931354393456103	false	1.0
schwinden	neg 1.0		neg 0.41178320033422144 __DUMMY__ 0.3274227232509164 off 0.260794076414862	false	1.0
versklavung	neg 1.0	neg 1.0	neg 0.6974148856163249 __DUMMY__ 0.1560647179031619 off 0.14652039648051315	false	1.0
schlecht	neg 1.0		neg 0.3998557636323532 __DUMMY__ 0.32772312461592773 off 0.27242111175171907	false	1.0
verhasst	neg 1.0		neg 0.40907367667845806 __DUMMY__ 0.32581595580459616 off 0.26511036751694567	false	1.0
beschweren	neg 1.0		neg 0.4043255490463864 __DUMMY__ 0.32804745349824893 off 0.26762699745536467	false	1.0
scheiden	neg 1.0		neg 0.4054107159943923 __DUMMY__ 0.3288200863338861 off 0.2657691976717214	false	1.0
frustriert	neg 1.0		neg 0.40765056873273675 __DUMMY__ 0.32812723606117794 off 0.26422219520608525	false	1.0
schimmelig	neg 1.0		neg 0.41012290821072855 __DUMMY__ 0.32762278941185735 off 0.2622543023774141	false	1.0
fisch	neg 1.0	neg 1.0	neg 0.6942511844136486 __DUMMY__ 0.1596860896206587 off 0.14606272596569264	false	1.0
schmuggel	neg 1.0		neg 0.4097109024743864 __DUMMY__ 0.32910810040742344 off 0.2611809971181901	false	1.0
auffallen	neg 1.0		neg 0.4040264474831177 __DUMMY__ 0.3278547401115586 off 0.2681188124053236	false	1.0
konkurrenz	neg 1.0		neg 0.41042470736294595 __DUMMY__ 0.3291858361317049 off 0.26038945650534934	false	1.0
teufelskreis	neg 1.0	neg 1.0	neg 0.6962387695760778 __DUMMY__ 0.15791108076607216 off 0.14585014965785004	false	1.0
aufschreien	neg 1.0		neg 0.4066224671528903 __DUMMY__ 0.3261861938884118 off 0.26719133895869795	false	1.0
schuldner	neg 1.0		neg 0.41332191880393004 __DUMMY__ 0.32589407173644414 off 0.26078400945962577	false	1.0
missgeburt	off 1.0	off 1.0	off 0.6234427215876728 neg 0.22015763916192202 __DUMMY__ 0.1563996392504052	false	1.0
arbeitslos	neg 1.0		neg 0.4101521522356885 __DUMMY__ 0.3270460065894042 off 0.2628018411749073	false	1.0
befallen	neg 1.0		neg 0.4157273852528794 __DUMMY__ 0.32335159217689735 off 0.26092102257022326	false	1.0
miesepetrig	off 1.0		neg 0.3994752846612233 __DUMMY__ 0.32821354636449446 off 0.27231116897428237	false	0.5
alarmieren	neg 1.0		neg 0.4054093942617706 __DUMMY__ 0.3246742702765447 off 0.2699163354616847	false	1.0
ungeduscht	off 1.0		neg 0.40247670956223147 __DUMMY__ 0.32798035064219544 off 0.2695429397955731	false	0.5
knappheit	neg 1.0		neg 0.4109917862691588 __DUMMY__ 0.32625899248623214 off 0.26274922124460903	false	1.0
schlange	neg 1.0		neg 0.40204621242308947 __DUMMY__ 0.32961667007886475 off 0.26833711749804573	false	1.0
harsch	neg 1.0		neg 0.3935347710915318 __DUMMY__ 0.3273114862852037 off 0.2791537426232644	false	1.0
lang	neg 1.0		neg 0.40496818369943766 __DUMMY__ 0.32769556044480547 off 0.2673362558557568	false	1.0
ziellos	neg 1.0		neg 0.4082722544800303 __DUMMY__ 0.32867883760384414 off 0.2630489079161255	false	1.0
selbstverliebt	neg 1.0		neg 0.3958945407279072 __DUMMY__ 0.3222313508688191 off 0.28187410840327376	false	1.0
beseitigen	neg 1.0		neg 0.40302525511777365 __DUMMY__ 0.32914279227022974 off 0.2678319526119966	false	1.0
dumm	off 1.0		neg 0.39786387109163446 __DUMMY__ 0.324777730663094 off 0.2773583982452715	false	0.5
arbeitsloser	neg 1.0		neg 0.4104227907667068 __DUMMY__ 0.3274599152988154 off 0.26211729393447775	false	1.0
blitzen	neg 1.0		neg 0.4043855109608008 __DUMMY__ 0.32625623930556497 off 0.26935824973363426	false	1.0
hilflos	neg 1.0		neg 0.40800384783358 __DUMMY__ 0.3281850104196116 off 0.2638111417468082	false	1.0
eklig	off 1.0		neg 0.39759587391738893 __DUMMY__ 0.32424604772448845 off 0.2781580783581227	false	0.5
begriff			neg 0.4090409781258492 __DUMMY__ 0.3272057098357256 off 0.2637533120384253	false	0.0
hungersnot	neg 1.0		neg 0.4136751720448066 __DUMMY__ 0.3231568550319404 off 0.26316797292325295	false	1.0
ungesetzlich	neg 1.0		neg 0.41048172563705715 __DUMMY__ 0.32311144246142876 off 0.266406831901514	false	1.0
verschwendung	neg 1.0		neg 0.41142982929127425 __DUMMY__ 0.3279151767380687 off 0.26065499397065717	false	1.0
schmerzvoll	neg 1.0		neg 0.4040654075435943 __DUMMY__ 0.3282068101836707 off 0.26772778227273497	false	1.0
vorzeitig	neg 1.0		neg 0.40143059642228013 __DUMMY__ 0.3268533826758184 off 0.27171602090190144	false	1.0
unvollkommenheit	neg 1.0		neg 0.4066719917145985 __DUMMY__ 0.3274158297020422 off 0.26591217858335936	false	1.0
intervenieren	neg 1.0		neg 0.414916753310193 __DUMMY__ 0.3251113299295412 off 0.25997191676026576	false	1.0
banause	off 1.0		neg 0.39594366766550876 __DUMMY__ 0.3241617718623551 off 0.27989456047213623	false	0.5
rebell	neg 1.0		neg 0.4109056779902647 __DUMMY__ 0.32881017366382437 off 0.2602841483459109	false	1.0
unlogisch	neg 1.0		neg 0.4004888272716127 __DUMMY__ 0.3256740467843975 off 0.2738371259439898	false	1.0
leiden	neg 1.0	neg 1.0	neg 0.6935848022090139 __DUMMY__ 0.16125626799761952 off 0.1451589297933667	false	1.0
abschaffung	neg 1.0		neg 0.40901131766377635 __DUMMY__ 0.3252342827117433 off 0.2657543996244804	false	1.0
sturz	neg 1.0		neg 0.4093779886002576 __DUMMY__ 0.3246285545395476 off 0.26599345686019493	false	1.0
verkleinerung	neg 1.0		neg 0.4066376741758077 __DUMMY__ 0.3244038641737457 off 0.26895846165044646	false	1.0
schmarotzer	off 1.0		neg 0.4122410315089314 __DUMMY__ 0.3260246667235831 off 0.26173430176748563	false	0.5
bestrafung	neg 1.0		neg 0.40627004018633206 __DUMMY__ 0.3269992184062377 off 0.26673074140743036	false	1.0
achtlos	neg 1.0		neg 0.4044778446968862 __DUMMY__ 0.3294572093028422 off 0.2660649460002716	false	1.0
ungeheuer	neg 1.0		neg 0.40444127622517334 __DUMMY__ 0.3273550945764822 off 0.2682036291983444	false	1.0
unaufrichtig	neg 1.0		neg 0.40821284294520255 __DUMMY__ 0.3242367504165055 off 0.2675504066382919	false	1.0
groggy	neg 1.0		neg 0.40403337463382766 __DUMMY__ 0.3265621416257065 off 0.2694044837404659	false	1.0
verletzlich	neg 1.0		neg 0.4008178604596123 __DUMMY__ 0.3269090582192522 off 0.27227308132113553	false	1.0
ablehnen	neg 1.0		neg 0.411522986492299 __DUMMY__ 0.3261827414603344 off 0.2622942720473666	false	1.0
