unsolidarisch	neg 1.0		neg 0.4135223779987752 __DUMMY__ 0.32262797514910946 off 0.2638496468521152	false	1.0
nachteilig	neg 1.0		neg 0.4099110507248898 __DUMMY__ 0.3274516005420179 off 0.26263734873309247	false	1.0
skeptisch	neg 1.0		neg 0.4114036870737962 __DUMMY__ 0.32856798710457047 off 0.2600283258216334	false	1.0
schrecklich	neg 1.0		neg 0.39807981007801874 __DUMMY__ 0.3267020969026956 off 0.2752180930192857	false	1.0
schlapp	neg 1.0		neg 0.3994678037372491 __DUMMY__ 0.3290824679104309 off 0.27144972835232006	false	1.0
abfall	neg 1.0		neg 0.41296332399785646 __DUMMY__ 0.32883253484830527 off 0.2582041411538383	false	1.0
widerspenstig	neg 1.0		neg 0.4043224467675681 __DUMMY__ 0.3294694993014635 off 0.26620805393096847	false	1.0
abrupt	neg 1.0		neg 0.40496218325693867 __DUMMY__ 0.3301148602511949 off 0.26492295649186653	false	1.0
unwirksam	neg 1.0		neg 0.4099731792972609 __DUMMY__ 0.3246746174642895 off 0.2653522032384495	false	1.0
angreifen	neg 1.0		neg 0.41173165121788513 __DUMMY__ 0.3273377362851014 off 0.2609306124970134	false	1.0
inkonsistent	neg 1.0		neg 0.4065666951834935 __DUMMY__ 0.32598604502912 off 0.26744725978738654	false	1.0
abrutschen	neg 1.0		neg 0.41160410998441055 __DUMMY__ 0.32960088293334716 off 0.2587950070822424	false	1.0
unsicher	neg 1.0		neg 0.4056300521088678 __DUMMY__ 0.32847740470162706 off 0.2658925431895051	false	1.0
bauernkind	off 1.0		neg 0.3980429768082487 __DUMMY__ 0.32401509202834555 off 0.2779419311634058	false	0.5
angreifer	neg 1.0		neg 0.40668727594136994 __DUMMY__ 0.32512128442103305 off 0.26819143963759695	false	1.0
trennen	neg 1.0		neg 0.4061494872043416 __DUMMY__ 0.3314295376030654 off 0.262420975192593	false	1.0
schmutz	neg 1.0		neg 0.39603080788629846 __DUMMY__ 0.3306259032709376 off 0.27334328884276377	false	1.0
inkonsistenz	neg 1.0	neg 1.0	neg 0.6942518657427803 __DUMMY__ 0.1573154855513378 off 0.14843264870588183	false	1.0
erschreckend	neg 1.0		neg 0.40854190054852135 __DUMMY__ 0.32742949327489246 off 0.26402860617658624	false	1.0
ertrinken	neg 1.0		neg 0.407820560519596 __DUMMY__ 0.3295039742948281 off 0.2626754651855761	false	1.0
pickelface	off 1.0		neg 0.4078009225122755 __DUMMY__ 0.326120729183734 off 0.2660783483039905	false	0.5
seiner			neg 0.40986615807703053 __DUMMY__ 0.328644731012289 off 0.26148911091068044	false	0.0
lauch	neg 1.0		neg 0.41189050455909704 __DUMMY__ 0.3284497395997282 off 0.2596597558411748	false	1.0
unwichtig	neg 1.0		neg 0.4028820018973977 __DUMMY__ 0.32681720945938203 off 0.27030078864322027	false	1.0
steuerhinterziehung	neg 1.0		neg 0.41200827259987166 __DUMMY__ 0.3245463235223984 off 0.26344540387772986	false	1.0
schock	neg 1.0		neg 0.40515703415366683 __DUMMY__ 0.3300217027295919 off 0.2648212631167411	false	1.0
beule	neg 1.0		neg 0.39844855505697435 __DUMMY__ 0.3287189052979865 off 0.27283253964503923	false	1.0
vergelten	neg 1.0		neg 0.3989261978268393 __DUMMY__ 0.32494218740685593 off 0.2761316147663048	false	1.0
verdorbenheit	neg 1.0	neg 1.0	neg 0.6923709248846446 __DUMMY__ 0.15932767158884747 off 0.14830140352650792	false	1.0
trauma	neg 1.0		neg 0.4049541447964718 __DUMMY__ 0.3273832807055388 off 0.2676625744979893	false	1.0
sinnlos	neg 1.0		neg 0.40434143626116775 __DUMMY__ 0.32763151119333694 off 0.26802705254549525	false	1.0
fettsack	off 1.0	off 1.0	off 0.6230453459887926 neg 0.220326041855382 __DUMMY__ 0.1566286121558254	false	1.0
feige	off 1.0		neg 0.404897485299389 __DUMMY__ 0.32574481012117623 off 0.2693577045794349	false	0.5
abdanken	neg 1.0		neg 0.4131408373462061 __DUMMY__ 0.3236356292281225 off 0.2632235334256714	false	1.0
wichtigtuer	off 1.0	off 1.0	off 0.6174932941073642 neg 0.2252129993438988 __DUMMY__ 0.15729370654873698	false	1.0
misslingen	neg 1.0		neg 0.4015602241262093 __DUMMY__ 0.32944831621631865 off 0.26899145965747195	false	1.0
untreu	off 1.0		neg 0.4015617860750569 __DUMMY__ 0.32707433432452754 off 0.27136387960041564	false	0.5
missmutig	neg 1.0		neg 0.40063519025228866 __DUMMY__ 0.32877021417257246 off 0.27059459557513893	false	1.0
hurenbock	off 1.0		neg 0.40149909789038357 __DUMMY__ 0.3298640337877923 off 0.2686368683218242	false	0.5
betrunken	neg 1.0		neg 0.39782589523879397 __DUMMY__ 0.3283610259533681 off 0.273813078807838	false	1.0
korrupt	off 1.0		neg 0.4147085191415201 __DUMMY__ 0.32389111491830397 off 0.26140036594017585	false	0.5
unmut	neg 1.0		neg 0.41302780101370357 __DUMMY__ 0.32814098459617297 off 0.2588312143901235	false	1.0
hackfresse	off 1.0		neg 0.3958377307467333 __DUMMY__ 0.3256011641614296 off 0.27856110509183724	false	0.5
aufblasen	neg 1.0		neg 0.4023786654704454 __DUMMY__ 0.32951832761694694 off 0.2681030069126077	false	1.0
gewaltsam	neg 1.0		neg 0.40956391476862297 __DUMMY__ 0.3248191886668153 off 0.26561689656456167	false	1.0
unbeliebtheit	neg 1.0		neg 0.4088435358106088 __DUMMY__ 0.32110983775442575 off 0.27004662643496546	false	1.0
sturheit	neg 1.0		neg 0.4109489169963827 __DUMMY__ 0.3257522079591287 off 0.26329887504448873	false	1.0
kuh	neg 1.0		neg 0.4059989933369328 __DUMMY__ 0.3266725919705575 off 0.2673284146925097	false	1.0
erschrecken	neg 1.0		neg 0.40142697577692293 __DUMMY__ 0.3284665198400001 off 0.2701065043830769	false	1.0
opfer	neg 1.0	neg 1.0	neg 0.6971393935834376 __DUMMY__ 0.15825178107523072 off 0.14460882534133168	false	1.0
sinken	neg 1.0		neg 0.4118856054942606 __DUMMY__ 0.32834194795195537 off 0.2597724465537841	false	1.0
stinktier	neg 1.0		neg 0.39995809357360484 __DUMMY__ 0.3250973663332907 off 0.2749445400931045	false	1.0
tucke	off 1.0		neg 0.3950929748032642 __DUMMY__ 0.3257199431961472 off 0.27918708200058867	false	0.5
ein			neg 0.4011832386676048 __DUMMY__ 0.33085490815944085 off 0.26796185317295423	false	0.0
abstieg	neg 1.0		neg 0.410239825699061 __DUMMY__ 0.3264709721131782 off 0.2632892021877608	false	1.0
missverstehen	neg 1.0		neg 0.4068826185444588 __DUMMY__ 0.32603983101381634 off 0.2670775504417249	false	1.0
ergebnislos	neg 1.0		neg 0.4099867364613403 __DUMMY__ 0.3270163032471229 off 0.2629969602915367	false	1.0
unter			neg 0.41076830693516253 __DUMMY__ 0.3328632133115419 off 0.25636847975329563	false	0.0
manipulieren	neg 1.0		neg 0.41255378747239085 __DUMMY__ 0.3270055029600293 off 0.26044070956758003	false	1.0
unbewiesen	neg 1.0		neg 0.41469334576572253 __DUMMY__ 0.3220746513374614 off 0.263232002896816	false	1.0
verschleppen	neg 1.0		neg 0.41151977753499963 __DUMMY__ 0.32621779067278683 off 0.2622624317922135	false	1.0
weib	off 1.0		neg 0.3948406575775971 __DUMMY__ 0.32520786721671624 off 0.2799514752056867	false	0.5
opposition	neg 1.0		neg 0.40940229040658715 __DUMMY__ 0.32430460087729795 off 0.266293108716115	false	1.0
verkehrswidrig	neg 1.0		neg 0.39526581943977823 __DUMMY__ 0.3273517318386452 off 0.2773824487215764	false	1.0
inkorrekt	neg 1.0		neg 0.40682014169386654 __DUMMY__ 0.32332258021180443 off 0.2698572780943291	false	1.0
vermeiden	neg 1.0		neg 0.41110703688625355 __DUMMY__ 0.33085498701182536 off 0.2580379761019211	false	1.0
abweichung	neg 1.0		neg 0.4147348954980991 __DUMMY__ 0.3240220304516879 off 0.261243074050213	false	1.0
alkoholisiert	neg 1.0		neg 0.40685784648774953 __DUMMY__ 0.32914786643130706 off 0.26399428708094336	false	1.0
scheiss	off 1.0	off 1.0	off 0.6208449104575534 neg 0.22106063276012977 __DUMMY__ 0.15809445678231676	false	1.0
herausforderung	neg 1.0		neg 0.40381643583589116 __DUMMY__ 0.3313361791924909 off 0.2648473849716179	false	1.0
pervers	off 1.0		neg 0.39243484947053947 __DUMMY__ 0.32473605689095797 off 0.2828290936385026	false	0.5
wackelig	neg 1.0		neg 0.4032459379299647 __DUMMY__ 0.33169555652281907 off 0.26505850554721627	false	1.0
verwickeln	neg 1.0		neg 0.4062261150337322 __DUMMY__ 0.32670059366924287 off 0.2670732912970249	false	1.0
vorwand	neg 1.0		neg 0.41324943570301037 __DUMMY__ 0.327396537176536 off 0.2593540271204537	false	1.0
muschi	off 1.0		neg 0.40791811082196594 __DUMMY__ 0.32635379403024084 off 0.26572809514779316	false	0.5
entmutigung	neg 1.0		neg 0.41360808346212224 __DUMMY__ 0.320995028966027 off 0.26539688757185076	false	1.0
unangemessen	neg 1.0		neg 0.41201040941365896 __DUMMY__ 0.32585958654068253 off 0.26213000404565856	false	1.0
unstetig	neg 1.0		neg 0.4050679428425687 __DUMMY__ 0.3258161693266296 off 0.2691158878308018	false	1.0
entmutigen	neg 1.0		neg 0.4049394059784862 __DUMMY__ 0.32805972265001215 off 0.26700087137150164	false	1.0
schwanz	neg 1.0		neg 0.4089235037450335 __DUMMY__ 0.3274343816691382 off 0.2636421145858284	false	1.0
verbot	neg 1.0		neg 0.4132164791015468 __DUMMY__ 0.3244375110906017 off 0.2623460098078515	false	1.0
leid	neg 1.0		neg 0.39758445993581093 __DUMMY__ 0.3258794087942614 off 0.2765361312699277	false	1.0
archaisch	neg 1.0		neg 0.4105076283353334 __DUMMY__ 0.32645059239399277 off 0.26304177927067374	false	1.0
gegen			neg 0.4125847527766197 __DUMMY__ 0.32740997416217194 off 0.2600052730612084	false	0.0
scheidung	neg 1.0	neg 1.0	neg 0.6822293060774919 off 0.16113546782720212 __DUMMY__ 0.15663522609530595	false	1.0
einschlag	neg 1.0		neg 0.39795785557194174 __DUMMY__ 0.32596272945916643 off 0.2760794149688919	false	1.0
m			neg 0.40574542171933525 __DUMMY__ 0.32913674502104306 off 0.26511783325962174	false	0.0
abgestanden	neg 1.0		neg 0.4046629094782652 __DUMMY__ 0.32893476059063803 off 0.2664023299310967	false	1.0
schmierig	off 1.0		neg 0.39767837532359096 __DUMMY__ 0.32666665560526126 off 0.27565496907114784	false	0.5
unpraktisch	neg 1.0		neg 0.4020568525187923 __DUMMY__ 0.3297718900285366 off 0.2681712574526712	false	1.0
wixxer	off 1.0		neg 0.3938426713794448 __DUMMY__ 0.32368729113443845 off 0.2824700374861166	false	0.5
bezeichnet			neg 0.40955116076606907 __DUMMY__ 0.32627999229391974 off 0.26416884694001125	false	0.0
jammerlappen	off 1.0		neg 0.40200371561926945 __DUMMY__ 0.32737472457659816 off 0.2706215598041322	false	0.5
farce	neg 1.0		neg 0.4156064623573468 __DUMMY__ 0.3225450694958235 off 0.2618484681468298	false	1.0
zwecklos	neg 1.0		neg 0.4112536524308124 __DUMMY__ 0.3266201252921913 off 0.2621262222769961	false	1.0
turbulent	neg 1.0		neg 0.40106408439039926 __DUMMY__ 0.3250830277404779 off 0.2738528878691229	false	1.0
invasion	neg 1.0		neg 0.4015162214965741 __DUMMY__ 0.32853185754984604 off 0.26995192095357984	false	1.0
schuld	neg 1.0		neg 0.40669797794334883 __DUMMY__ 0.3270797546581198 off 0.2662222673985313	false	1.0
risiko	neg 1.0		neg 0.4005209361975157 __DUMMY__ 0.3290992024423372 off 0.2703798613601472	false	1.0
finster	neg 1.0		neg 0.4024089049101512 __DUMMY__ 0.33013124977869496 off 0.267459845311154	false	1.0
geisteskrank	off 1.0		neg 0.40432795317294196 __DUMMY__ 0.3246115165974488 off 0.2710605302296094	false	0.5
zusammenbrechen	neg 1.0		neg 0.40681824916197923 __DUMMY__ 0.32873671954167066 off 0.26444503129635005	false	1.0
ausbeute	neg 1.0		neg 0.4050802958088022 __DUMMY__ 0.3306030297324672 off 0.2643166744587306	false	1.0
hinterhalt	neg 1.0		neg 0.4058520297248539 __DUMMY__ 0.3272753664363666 off 0.2668726038387795	false	1.0
kritik	neg 1.0		neg 0.4142991251002008 __DUMMY__ 0.323411760619581 off 0.2622891142802184	false	1.0
einschrumpfen	neg 1.0		neg 0.4079245103358222 __DUMMY__ 0.3237591599342017 off 0.2683163297299761	false	1.0
riskant	neg 1.0		neg 0.4102482227819215 __DUMMY__ 0.3281809517975121 off 0.2615708254205663	false	1.0
frustrieren	neg 1.0		neg 0.4109021121281943 __DUMMY__ 0.3277772440485049 off 0.2613206438233009	false	1.0
groll	neg 1.0		neg 0.41075010148537705 __DUMMY__ 0.3267951321094683 off 0.2624547664051547	false	1.0
gibt			neg 0.4081719115736675 __DUMMY__ 0.32811628268602216 off 0.26371180574031033	false	0.0
qualvoll	neg 1.0		neg 0.4022963750074456 __DUMMY__ 0.3287706962061192 off 0.26893292878643504	false	1.0
wackeln	neg 1.0		neg 0.4016346642200242 __DUMMY__ 0.33044559634696513 off 0.2679197394330107	false	1.0
klagen	neg 1.0		neg 0.4145023559278644 __DUMMY__ 0.32667411420242776 off 0.25882352986970797	false	1.0
bankrott	neg 1.0		neg 0.39976874646087945 __DUMMY__ 0.3284723362643173 off 0.2717589172748032	false	1.0
trauern	neg 1.0		neg 0.40990716463707033 __DUMMY__ 0.3282017525380093 off 0.26189108282492024	false	1.0
ablehnung	neg 1.0	neg 1.0	neg 0.698627097336872 __DUMMY__ 0.15630411036387606 off 0.14506879229925182	false	1.0
stur	neg 1.0		neg 0.40598937527268647 __DUMMY__ 0.32725857290969385 off 0.2667520518176197	false	1.0
aufruhr	neg 1.0		neg 0.41039811986000463 __DUMMY__ 0.3246291321433429 off 0.2649727479966524	false	1.0
melancholie	neg 1.0		neg 0.40428264913431866 __DUMMY__ 0.3309127135621394 off 0.2648046373035418	false	1.0
ist			neg 0.405084310465611 __DUMMY__ 0.32764091367113757 off 0.26727477586325143	false	0.0
torheit	neg 1.0		neg 0.4111531466195386 __DUMMY__ 0.32370706018525425 off 0.26513979319520714	false	1.0
dreckskind	off 1.0		neg 0.4007349919074053 __DUMMY__ 0.32309847003731423 off 0.27616653805528035	false	0.5
umtauschen	neg 1.0		neg 0.40377648765828406 __DUMMY__ 0.3298185215317363 off 0.2664049908099797	false	1.0
zum			neg 0.40625920760109513 __DUMMY__ 0.3335401725731171 off 0.2602006198257876	false	0.0
zersetzen	neg 1.0		neg 0.41317835683865395 __DUMMY__ 0.3269815387568169 off 0.25984010440452915	false	1.0
zur			neg 0.4123872064815644 __DUMMY__ 0.3296799859280568 off 0.25793280759037884	false	0.0
frust	neg 1.0		neg 0.407036543022774 __DUMMY__ 0.32873331532676214 off 0.26423014165046377	false	1.0
unerbittlichkeit	neg 1.0		neg 0.4124258636878259 __DUMMY__ 0.32679236300954073 off 0.26078177330263325	false	1.0
zwei			neg 0.4064913931616488 __DUMMY__ 0.3321632323527477 off 0.2613453744856034	false	0.0
unkorrekt	neg 1.0		neg 0.40448468787855624 __DUMMY__ 0.32424132206441025 off 0.27127399005703356	false	1.0
hexe	off 1.0		neg 0.40133407829696327 __DUMMY__ 0.32727402565609404 off 0.27139189604694275	false	0.5
lasch	neg 1.0		neg 0.4057295035399074 __DUMMY__ 0.32589548614462044 off 0.2683750103154721	false	1.0
rivale	neg 1.0		neg 0.3993946232674268 __DUMMY__ 0.3255012924509103 off 0.2751040842816629	false	1.0
mutlos	off 1.0	off 1.0	off 0.614348733699859 neg 0.22842985651629705 __DUMMY__ 0.1572214097838439	false	1.0
wirr	off 1.0		neg 0.4027143324883073 __DUMMY__ 0.3242394876149344 off 0.27304617989675833	false	0.5
jahr			neg 0.4052379338232735 __DUMMY__ 0.33131149916089747 off 0.2634505670158291	false	0.0
wird			neg 0.40907000575057223 __DUMMY__ 0.32845953626294744 off 0.2624704579864803	false	0.0
strafbar	neg 1.0		neg 0.41375557854481504 __DUMMY__ 0.32567627503526164 off 0.26056814641992326	false	1.0
erosion	neg 1.0		neg 0.4023332508648882 __DUMMY__ 0.3291940191296073 off 0.26847273000550453	false	1.0
eingehen	neg 1.0		neg 0.4107719347846344 __DUMMY__ 0.3271675260463295 off 0.26206053916903616	false	1.0
faul	off 1.0		neg 0.39952911797857815 __DUMMY__ 0.3291877111823003 off 0.2712831708391214	false	0.5
provisorium	neg 1.0		neg 0.4130286496093343 __DUMMY__ 0.33178147493843047 off 0.2551898754522353	false	1.0
schmerzen	neg 1.0		neg 0.4052649293267118 __DUMMY__ 0.32942651049568766 off 0.2653085601776005	false	1.0
schrumpfen	neg 1.0		neg 0.41341110631980793 __DUMMY__ 0.32938527386883926 off 0.25720361981135276	false	1.0
geistlos	off 1.0		neg 0.41139150892881754 __DUMMY__ 0.32251882574782 off 0.26608966532336237	false	0.5
fehlkauf	neg 1.0		neg 0.4053595351903692 __DUMMY__ 0.32623797110029074 off 0.26840249370934	false	1.0
frustrierend	neg 1.0	neg 1.0	neg 0.6926515613778398 __DUMMY__ 0.15835527115698805 off 0.14899316746517222	false	1.0
unzufrieden	neg 1.0		neg 0.40981138679355983 __DUMMY__ 0.3275145340281676 off 0.2626740791782725	false	1.0
verzweifeln	neg 1.0		neg 0.4060400260812488 __DUMMY__ 0.3286290546935549 off 0.26533091922519636	false	1.0
verzweifelt	neg 1.0		neg 0.4052841856471209 __DUMMY__ 0.3277487009243177 off 0.2669671134285615	false	1.0
misstrauensantrag	neg 1.0		neg 0.40599634319088845 __DUMMY__ 0.3258236771015331 off 0.26817997970757834	false	1.0
abfallen	neg 1.0		neg 0.40098291492154475 __DUMMY__ 0.33077811846989397 off 0.2682389666085613	false	1.0
fucker	off 1.0		neg 0.40031218835463356 __DUMMY__ 0.3258227519659435 off 0.273865059679423	false	0.5
ungezogen	neg 1.0		neg 0.3933689215126343 __DUMMY__ 0.3259935170941681 off 0.2806375613931976	false	1.0
irrsinnig	neg 1.0	neg 1.0	neg 0.6950110048922218 __DUMMY__ 0.15791649882992617 off 0.14707249627785204	false	1.0
unfassbar	neg 1.0		neg 0.4018048511985897 __DUMMY__ 0.3271459683761847 off 0.2710491804252257	false	1.0
hart	neg 1.0		neg 0.403726369690973 __DUMMY__ 0.32568842931974884 off 0.270585200989278	false	1.0
widerlich	off 1.0		neg 0.4029042497058316 __DUMMY__ 0.3257996406801027 off 0.27129610961406575	false	0.5
fatal	neg 1.0		neg 0.40483119220785635 __DUMMY__ 0.32665131726870944 off 0.26851749052343415	false	1.0
bruch	neg 1.0		neg 0.4154652317600327 __DUMMY__ 0.3263530822411775 off 0.25818168599878977	false	1.0
aushungern	neg 1.0		neg 0.4117116090527644 __DUMMY__ 0.324096900795478 off 0.26419149015175764	false	1.0
anspannung	neg 1.0		neg 0.41013532218375726 __DUMMY__ 0.3304840481025445 off 0.2593806297136983	false	1.0
von			neg 0.40620364983421103 __DUMMY__ 0.3313626291097433 off 0.2624337210560456	false	0.0
kraftlos	neg 1.0		neg 0.4050990869992677 __DUMMY__ 0.3307684610783938 off 0.2641324519223386	false	1.0
vom			neg 0.4096802675712766 __DUMMY__ 0.3330290067044893 off 0.25729072572423395	false	0.0
grenzdebil	off 1.0		neg 0.3999592322493115 __DUMMY__ 0.32752209214421507 off 0.27251867560647336	false	0.5
vor			neg 0.40949312267673954 __DUMMY__ 0.33009073472228023 off 0.2604161426009803	false	0.0
unterwerfen	neg 1.0		neg 0.41172507129588726 __DUMMY__ 0.3268170984220971 off 0.2614578302820156	false	1.0
versenkung	neg 1.0		neg 0.4108278231680582 __DUMMY__ 0.3277709002830373 off 0.2614012765489045	false	1.0
entziehen	neg 1.0		neg 0.41327352966185804 __DUMMY__ 0.3277706975354042 off 0.25895577280273785	false	1.0
finanzkrise	neg 1.0		neg 0.41230956605613384 __DUMMY__ 0.3239520629431987 off 0.2637383710006674	false	1.0
schimpfend	neg 1.0		neg 0.3988003275440748 __DUMMY__ 0.3315743328817203 off 0.2696253395742048	false	1.0
profan	neg 1.0		neg 0.4037560037457299 __DUMMY__ 0.3279937949147684 off 0.26825020133950167	false	1.0
korruption	neg 1.0		neg 0.4140353110766376 __DUMMY__ 0.3242245987843412 off 0.2617400901390211	false	1.0
â			neg 0.40729530749565807 __DUMMY__ 0.32880892925360206 off 0.26389576325074	false	0.0
schmutzig	neg 1.0		neg 0.39795435881383007 __DUMMY__ 0.3291818627987253 off 0.2728637783874447	false	1.0
sexy	neg 1.0		neg 0.4016386994646426 __DUMMY__ 0.3276826576883042 off 0.27067864284705323	false	1.0
abraten	neg 1.0		neg 0.4037555495273039 __DUMMY__ 0.32866893614184334 off 0.2675755143308528	false	1.0
schwarz	neg 1.0		neg 0.4051500153775804 __DUMMY__ 0.32707394756036456 off 0.2677760370620552	false	1.0
fotze	off 1.0		neg 0.40979977957995356 __DUMMY__ 0.32652145075624334 off 0.2636787696638032	false	0.5
verwirren	neg 1.0		neg 0.40313342332317265 __DUMMY__ 0.32780159005696496 off 0.2690649866198624	false	1.0
zahnlos	off 1.0		neg 0.41080851729441337 __DUMMY__ 0.32662515371917716 off 0.26256632898640936	false	0.5
verheeren	neg 1.0		neg 0.3963674444275295 __DUMMY__ 0.3225776799434067 off 0.2810548756290638	false	1.0
hippie	neg 1.0		neg 0.4024412636877493 __DUMMY__ 0.3273322619535713 off 0.27022647435867947	false	1.0
rammen	neg 1.0		neg 0.4025046334491187 __DUMMY__ 0.3281490172295634 off 0.269346349321318	false	1.0
unlauter	neg 1.0	neg 1.0	neg 0.6950742013913878 __DUMMY__ 0.15708078753960417 off 0.1478450110690081	false	1.0
unheilvoll	neg 1.0		neg 0.4031763551358741 __DUMMY__ 0.32848828214443565 off 0.2683353627196902	false	1.0
niedrig	neg 1.0		neg 0.409592326357207 __DUMMY__ 0.32759962753615673 off 0.26280804610663616	false	1.0
explosion	neg 1.0		neg 0.4019162480741274 __DUMMY__ 0.3280739438068855 off 0.2700098081189872	false	1.0
weichei	off 1.0		neg 0.39697511079772657 __DUMMY__ 0.32572625626326207 off 0.2772986329390114	false	0.5
minusmensch	off 1.0		neg 0.3972370349673752 __DUMMY__ 0.3220940037535573 off 0.28066896127906743	false	0.5
farblos	neg 1.0		neg 0.4071775185869572 __DUMMY__ 0.3265248640091305 off 0.26629761740391233	false	1.0
unwissend	neg 1.0	neg 1.0	neg 0.6928966523947693 __DUMMY__ 0.15753291903070732 off 0.14957042857452335	false	1.0
traurig	neg 1.0		neg 0.39799591302300963 __DUMMY__ 0.3275185746941801 off 0.27448551228281026	false	1.0
senkung	neg 1.0		neg 0.40467970750658433 __DUMMY__ 0.32640191825458975 off 0.2689183742388261	false	1.0
ungleich	neg 1.0	neg 1.0	neg 0.6981713968444211 __DUMMY__ 0.15762800760938475 off 0.1442005955461942	false	1.0
heikel	neg 1.0		neg 0.4120902269342876 __DUMMY__ 0.32768289930763334 off 0.2602268737580792	false	1.0
drosselung	neg 1.0		neg 0.3972294265155348 __DUMMY__ 0.327717269490344 off 0.2750533039941212	false	1.0
falsch	neg 1.0		neg 0.40311236708924025 __DUMMY__ 0.3271161506769857 off 0.26977148223377395	false	1.0
unzufriedenheit	neg 1.0		neg 0.41288440984198543 __DUMMY__ 0.3272886149327727 off 0.259826975225242	false	1.0
kurz	neg 1.0		neg 0.4042438142927112 __DUMMY__ 0.33047744735618806 off 0.2652787383511007	false	1.0
unsinnig	neg 1.0		neg 0.4095752647417788 __DUMMY__ 0.32729408699329543 off 0.2631306482649258	false	1.0
penner	off 1.0	off 1.0	off 0.6245223417912079 neg 0.2180857273371646 __DUMMY__ 0.15739193087162762	false	1.0
seicht	neg 1.0		neg 0.39769164093327874 __DUMMY__ 0.3234688821082653 off 0.2788394769584559	false	1.0
dummheit	off 1.0	off 1.0	off 0.6179362668776813 neg 0.22479116705945312 __DUMMY__ 0.1572725660628654	false	1.0
unerfreulich	neg 1.0		neg 0.4113596112196989 __DUMMY__ 0.3285836330219635 off 0.26005675575833764	false	1.0
motherfucker	off 1.0	off 1.0	off 0.6213835349035073 neg 0.22143167001775924 __DUMMY__ 0.1571847950787335	false	1.0
pikiert	neg 1.0		neg 0.4038012568369032 __DUMMY__ 0.32613691978935927 off 0.2700618233737375	false	1.0
wrack	neg 1.0		neg 0.4072924472964784 __DUMMY__ 0.3287004854993617 off 0.26400706720415984	false	1.0
gangster	neg 1.0		neg 0.40348746120689216 __DUMMY__ 0.3272657874646738 off 0.269246751328434	false	1.0
krank	neg 1.0		neg 0.3977161675929741 __DUMMY__ 0.32901166912358293 off 0.273272163283443	false	1.0
reich	neg 1.0		neg 0.4078724048892106 __DUMMY__ 0.3225568987686921 off 0.2695706963420974	false	1.0
gnadenlos	neg 1.0		neg 0.4054246919940985 __DUMMY__ 0.3277603861693074 off 0.2668149218365942	false	1.0
niedergeschlagen	neg 1.0		neg 0.40678502666961974 __DUMMY__ 0.3287020585925579 off 0.26451291473782246	false	1.0
terrorisieren	off 1.0	off 1.0	off 0.6146685321636903 neg 0.22703692216324242 __DUMMY__ 0.1582945456730672	false	1.0
sinnlosigkeit	neg 1.0		neg 0.41034134746100187 __DUMMY__ 0.3268995014315821 off 0.26275915110741593	false	1.0
behindern	neg 1.0		neg 0.40463026872220376 __DUMMY__ 0.32900249039828694 off 0.26636724087950936	false	1.0
undemokratisch	neg 1.0		neg 0.4112571456062743 __DUMMY__ 0.32349141878910875 off 0.26525143560461695	false	1.0
wirtschaftskrise	neg 1.0		neg 0.4122567571486933 __DUMMY__ 0.3253922887117098 off 0.26235095413959686	false	1.0
neid	neg 1.0		neg 0.40053264672644184 __DUMMY__ 0.3290781224687983 off 0.2703892308047599	false	1.0
rutschen	neg 1.0		neg 0.40595636502307203 __DUMMY__ 0.33364252062076805 off 0.2604011143561599	false	1.0
rezession	neg 1.0		neg 0.4026815538273406 __DUMMY__ 0.32298300981925526 off 0.2743354363534042	false	1.0
fehlgeburt	neg 1.0		neg 0.4058215957000832 __DUMMY__ 0.327644158294358 off 0.2665342460055587	false	1.0
charakterschwach	off 1.0		neg 0.4027414093601789 __DUMMY__ 0.32601494821120625 off 0.27124364242861493	false	0.5
isolation	neg 1.0		neg 0.4001673837255222 __DUMMY__ 0.3278906308126284 off 0.2719419854618494	false	1.0
ablenkung	neg 1.0		neg 0.4040003903687746 __DUMMY__ 0.32920229588217215 off 0.26679731374905336	false	1.0
pech	neg 1.0		neg 0.40206854965087596 __DUMMY__ 0.32835457865194184 off 0.26957687169718225	false	1.0
vermeidung	neg 1.0		neg 0.39770885238868225 __DUMMY__ 0.32830108911193945 off 0.2739900584993783	false	1.0
dominieren	neg 1.0		neg 0.40763352054728386 __DUMMY__ 0.3278151916984192 off 0.2645512877542969	false	1.0
schwindlig	neg 1.0		neg 0.3999851607182109 __DUMMY__ 0.3299483339530831 off 0.27006650532870613	false	1.0
lutscher	neg 1.0		neg 0.3957568488660472 __DUMMY__ 0.3240613248714803 off 0.28018182626247257	false	1.0
pflicht	neg 1.0		neg 0.41228731675313995 __DUMMY__ 0.32764928406608435 off 0.26006339918077576	false	1.0
faschist	off 1.0		neg 0.40979704586751725 __DUMMY__ 0.32366782715509507 off 0.2665351269773877	false	0.5
verschleudern	neg 1.0		neg 0.4123127701206329 __DUMMY__ 0.32580382372021954 off 0.26188340615914757	false	1.0
wenn			neg 0.40237117992544325 __DUMMY__ 0.3275836107040625 off 0.2700452093704943	false	0.0
ehebruch	neg 1.0		neg 0.41287451414944903 __DUMMY__ 0.3258118435548647 off 0.26131364229568627	false	1.0
spott	off 1.0		neg 0.41277995863953576 __DUMMY__ 0.3262989651681136 off 0.2609210761923507	false	0.5
trostlosigkeit	neg 1.0		neg 0.41601528339599353 __DUMMY__ 0.3250994381824876 off 0.2588852784215189	false	1.0
lutschen	neg 1.0		neg 0.4047142655760498 __DUMMY__ 0.3253517592757483 off 0.2699339751482019	false	1.0
undiszipliniert	neg 1.0		neg 0.4000027190966408 __DUMMY__ 0.32670962210955806 off 0.2732876587938013	false	1.0
kopfschmerz	neg 1.0		neg 0.40549127488198766 __DUMMY__ 0.32879192471397584 off 0.26571680040403645	false	1.0
unvorhergesehen	neg 1.0		neg 0.4034055458882083 __DUMMY__ 0.3311810609720272 off 0.2654133931397644	false	1.0
desinteressiert	neg 1.0		neg 0.40116221352819087 __DUMMY__ 0.3261267533517649 off 0.2727110331200442	false	1.0
armselig	off 1.0		neg 0.4016190667258425 __DUMMY__ 0.3251298241014257 off 0.2732511091727318	false	0.5
desaster	neg 1.0		neg 0.4161800415307358 __DUMMY__ 0.32615669548274556 off 0.2576632629865188	false	1.0
tod	neg 1.0		neg 0.41548892226550793 __DUMMY__ 0.3243716357046773 off 0.2601394420298147	false	1.0
herzlos	neg 1.0		neg 0.39824439367642506 __DUMMY__ 0.32686797421558894 off 0.274887632107986	false	1.0
unwissenheit	neg 1.0		neg 0.4118288512834595 __DUMMY__ 0.32598612915540154 off 0.26218501956113893	false	1.0
widersinnig	neg 1.0		neg 0.41341471833251453 __DUMMY__ 0.324011529357497 off 0.2625737523099883	false	1.0
bedenklich	neg 1.0		neg 0.411312851762698 __DUMMY__ 0.32743071924819045 off 0.26125642898911167	false	1.0
beanstanden	neg 1.0		neg 0.41245883114110693 __DUMMY__ 0.32780716899028695 off 0.259733999868606	false	1.0
panisch	neg 1.0	neg 1.0	neg 0.6907816719296935 __DUMMY__ 0.16017160356998614 off 0.1490467245003203	false	1.0
debil	off 1.0		neg 0.41427199867779174 __DUMMY__ 0.32862857877807383 off 0.2570994225441344	false	0.5
abstrich	neg 1.0		neg 0.40266095808931895 __DUMMY__ 0.33004241908549115 off 0.26729662282518984	false	1.0
primitiv	neg 1.0		neg 0.40233412524931456 __DUMMY__ 0.32573728811908603 off 0.27192858663159947	false	1.0
abschaum	off 1.0	off 1.0	off 0.6192863081180661 neg 0.22379044173771007 __DUMMY__ 0.15692325014422373	false	1.0
provozieren	neg 1.0		neg 0.40832802575421745 __DUMMY__ 0.3263320533388627 off 0.2653399209069199	false	1.0
tot	neg 1.0		neg 0.4078246353207413 __DUMMY__ 0.3274158749384144 off 0.2647594897408443	false	1.0
instabil	neg 1.0		neg 0.4012707154723471 __DUMMY__ 0.32443557506787807 off 0.27429370945977477	false	1.0
schwuchtel	off 1.0		neg 0.39308214087568744 __DUMMY__ 0.32187798454434635 off 0.28503987457996627	false	0.5
zerren	neg 1.0		neg 0.4066853063108034 __DUMMY__ 0.3288310209765855 off 0.26448367271261125	false	1.0
kinderficker	off 1.0		neg 0.4005570840946434 __DUMMY__ 0.32412269453559056 off 0.275320221369766	false	0.5
gefahr	neg 1.0		neg 0.4116376126660445 __DUMMY__ 0.32674517813807713 off 0.2616172091958784	false	1.0
rabiat	neg 1.0		neg 0.40650335278957145 __DUMMY__ 0.3277367786122063 off 0.26575986859822237	false	1.0
verlangsamung	neg 1.0		neg 0.3995299973716136 __DUMMY__ 0.32261806799816245 off 0.27785193463022395	false	1.0
ausgestorben	neg 1.0		neg 0.40686431040773 __DUMMY__ 0.3286279672066193 off 0.2645077223856508	false	1.0
anklagen	neg 1.0		neg 0.4101303214656025 __DUMMY__ 0.32565032426028445 off 0.26421935427411297	false	1.0
trott	neg 1.0		neg 0.4052538198802055 __DUMMY__ 0.3284820444706483 off 0.2662641356491462	false	1.0
verminderung	neg 1.0		neg 0.39945164281486245 __DUMMY__ 0.3266028910823708 off 0.2739454661027666	false	1.0
nach			neg 0.4089528336937736 __DUMMY__ 0.3318687815138731 off 0.25917838479235333	false	0.0
rost	neg 1.0		neg 0.3970046567350828 __DUMMY__ 0.3240265094330306 off 0.2789688338318866	false	1.0
destruktiv	neg 1.0	neg 1.0	neg 0.6971791625912528 __DUMMY__ 0.1571386948677773 off 0.14568214254096987	false	1.0
unzumutbarkeit	neg 1.0		neg 0.3993906388567102 __DUMMY__ 0.3272299857225476 off 0.2733793754207421	false	1.0
labil	off 1.0	off 1.0	off 0.6201265899724969 neg 0.2226483988538007 __DUMMY__ 0.15722501117370236	false	1.0
ziemlich	neg 1.0		neg 0.4004724130013846 __DUMMY__ 0.32754912678751796 off 0.2719784602110975	false	1.0
lachnummer	off 1.0		neg 0.41032998487702593 __DUMMY__ 0.32588347092976294 off 0.2637865441932111	false	0.5
oder			neg 0.4040319423063143 __DUMMY__ 0.32945199805772046 off 0.26651605963596525	false	0.0
verfall	neg 1.0		neg 0.41468670177577566 __DUMMY__ 0.32851542579777876 off 0.25679787242644553	false	1.0
ausgrenzung	neg 1.0		neg 0.4098063782932029 __DUMMY__ 0.3238776891256318 off 0.26631593258116537	false	1.0
unordnung	neg 1.0		neg 0.39914610345664875 __DUMMY__ 0.3252680056986568 off 0.27558589084469437	false	1.0
fehlverhalten	neg 1.0		neg 0.4128712953571072 __DUMMY__ 0.3264357353095825 off 0.26069296933331043	false	1.0
eine			neg 0.4094961679368323 __DUMMY__ 0.32983945217827204 off 0.26066437988489555	false	0.0
nille	neg 1.0		neg 0.4091532252462611 __DUMMY__ 0.3257465448637557 off 0.26510022988998305	false	1.0
qual	neg 1.0		neg 0.4057653252598673 __DUMMY__ 0.3282122366806739 off 0.2660224380594589	false	1.0
verschwenden	neg 1.0		neg 0.4097537936514267 __DUMMY__ 0.32832147486077745 off 0.2619247314877957	false	1.0
riesig	neg 1.0		neg 0.40741615930332586 __DUMMY__ 0.32778349695372494 off 0.2648003437429492	false	1.0
verurteilen	neg 1.0		neg 0.4125118769308536 __DUMMY__ 0.3254100527645639 off 0.2620780703045824	false	1.0
klischee	neg 1.0	neg 1.0	neg 0.694397960771387 __DUMMY__ 0.1572065464740576 off 0.14839549275455538	false	1.0
diktatorisch	neg 1.0		neg 0.41285257200217385 __DUMMY__ 0.32252433403789194 off 0.26462309395993433	false	1.0
vorhersehbar	neg 1.0		neg 0.4075432999128712 __DUMMY__ 0.32554587265027896 off 0.2669108274368499	false	1.0
sowie			neg 0.39928419918158947 __DUMMY__ 0.3237818309380823 off 0.2769339698803282	false	0.0
stornieren	neg 1.0		neg 0.40059806013690175 __DUMMY__ 0.3294820842312312 off 0.269919855631867	false	1.0
besteuerung	neg 1.0		neg 0.40652153935730334 __DUMMY__ 0.3265396185396205 off 0.2669388421030762	false	1.0
ungeschminkt	neg 1.0		neg 0.4012080583502742 __DUMMY__ 0.3265932144748695 off 0.27219872717485627	false	1.0
kritisch	neg 1.0		neg 0.4126758298523248 __DUMMY__ 0.32633918894112673 off 0.2609849812065485	false	1.0
schlamperei	off 1.0		neg 0.4129639608944341 __DUMMY__ 0.32570514540902 off 0.2613308936965459	false	0.5
sucht	neg 1.0	neg 1.0	neg 0.69071603386871 __DUMMY__ 0.1598145921238681 off 0.1494693740074219	false	1.0
egoistisch	off 1.0		neg 0.3976643397293744 __DUMMY__ 0.32545590765993143 off 0.2768797526106942	false	0.5
ausbeuter	off 1.0		neg 0.4145839989170394 __DUMMY__ 0.3256216663044208 off 0.2597943347785398	false	0.5
arschgeburt	off 1.0		neg 0.3932414932990516 __DUMMY__ 0.32187819348276003 off 0.28488031321818835	false	0.5
schubs	neg 1.0	neg 1.0	neg 0.6938799416790974 __DUMMY__ 0.1599231133060637 off 0.14619694501483896	false	1.0
unsolide	neg 1.0		neg 0.41125447202143384 __DUMMY__ 0.3210733072264141 off 0.2676722207521522	false	1.0
beschwerde	neg 1.0		neg 0.4109851134231209 __DUMMY__ 0.3263430874770444 off 0.26267179909983474	false	1.0
stocken	neg 1.0		neg 0.4093707267424352 __DUMMY__ 0.3277891198941491 off 0.2628401533634158	false	1.0
isolieren	neg 1.0		neg 0.4051881099238707 __DUMMY__ 0.3290484274016202 off 0.26576346267450907	false	1.0
unheilbar	neg 1.0		neg 0.4076220534743707 __DUMMY__ 0.32660908380289877 off 0.26576886272273054	false	1.0
pisser	off 1.0		neg 0.4009642885711191 __DUMMY__ 0.32466188281693964 off 0.2743738286119414	false	0.5
löschen	neg 1.0		neg 0.40578980775509116 __DUMMY__ 0.3272077985126521 off 0.26700239373225676	false	1.0
durchfallen	neg 1.0		neg 0.410611953801243 __DUMMY__ 0.3274952198003321 off 0.261892826398425	false	1.0
wichser	off 1.0		neg 0.393353282220665 __DUMMY__ 0.3247386321835514 off 0.2819080855957836	false	0.5
terror	neg 1.0		neg 0.40017356560848016 __DUMMY__ 0.328900185152235 off 0.2709262492392847	false	1.0
krass	neg 1.0		neg 0.3980856119227729 __DUMMY__ 0.3266105753541323 off 0.27530381272309495	false	1.0
revolte	neg 1.0	neg 1.0	neg 0.6970953457336116 __DUMMY__ 0.1553470496690279 off 0.14755760459736045	false	1.0
besorgt	neg 1.0		neg 0.40364441169597665 __DUMMY__ 0.33080507434463546 off 0.26555051395938783	false	1.0
nachlassen	neg 1.0		neg 0.4076431746432544 __DUMMY__ 0.328556637241697 off 0.26380018811504863	false	1.0
alt	neg 1.0		neg 0.4073667857746393 __DUMMY__ 0.3300329164195796 off 0.262600297805781	false	1.0
hundesohn	off 1.0		neg 0.3969782573272372 __DUMMY__ 0.3229205479639478 off 0.2801011947088151	false	0.5
als			neg 0.40698074950482804 __DUMMY__ 0.3292068943185196 off 0.2638123561766522	false	0.0
abschreckung	neg 1.0		neg 0.41440640470686885 __DUMMY__ 0.3264408150675887 off 0.2591527802255425	false	1.0
unqualifiziert	neg 1.0	neg 1.0	neg 0.6948422696372809 __DUMMY__ 0.1573044588097998 off 0.14785327155291936	false	1.0
abgewichst	off 1.0		neg 0.4084909463028646 __DUMMY__ 0.32695497723900724 off 0.2645540764581282	false	0.5
schwer	neg 1.0		neg 0.40592567681168035 __DUMMY__ 0.3285592672943255 off 0.26551505589399416	false	1.0
bedeutungslosigkeit	neg 1.0		neg 0.4131807409747381 __DUMMY__ 0.3266935831830292 off 0.2601256758422326	false	1.0
kapitulation	neg 1.0		neg 0.4156030741617191 __DUMMY__ 0.32359836189010616 off 0.2607985639481745	false	1.0
unscharf	neg 1.0		neg 0.40290014518788025 __DUMMY__ 0.32778631087755866 off 0.2693135439345611	false	1.0
schwinden	neg 1.0		neg 0.4117832003342222 __DUMMY__ 0.32742272325091587 off 0.2607940764148619	false	1.0
versklavung	neg 1.0	neg 1.0	neg 0.6974148856163247 __DUMMY__ 0.15606471790316204 off 0.14652039648051327	false	1.0
schlecht	neg 1.0		neg 0.39985576363235376 __DUMMY__ 0.3277231246159273 off 0.2724211117517189	false	1.0
verhasst	neg 1.0		neg 0.40907367667845856 __DUMMY__ 0.32581595580459594 off 0.2651103675169455	false	1.0
beschweren	neg 1.0		neg 0.40432554904638673 __DUMMY__ 0.3280474534982487 off 0.2676269974553645	false	1.0
scheiden	neg 1.0		neg 0.4054107159943926 __DUMMY__ 0.32882008633388593 off 0.2657691976717215	false	1.0
frustriert	neg 1.0		neg 0.4076505687327372 __DUMMY__ 0.32812723606117794 off 0.2642221952060848	false	1.0
schimmelig	neg 1.0		neg 0.41012290821072817 __DUMMY__ 0.327622789411857 off 0.26225430237741476	false	1.0
fisch	neg 1.0	neg 1.0	neg 0.6942511844136485 __DUMMY__ 0.15968608962065886 off 0.14606272596569256	false	1.0
schmuggel	neg 1.0		neg 0.40971090247438624 __DUMMY__ 0.3291081004074236 off 0.26118099711819004	false	1.0
auffallen	neg 1.0		neg 0.4040264474831178 __DUMMY__ 0.3278547401115585 off 0.2681188124053238	false	1.0
konkurrenz	neg 1.0		neg 0.41042470736294556 __DUMMY__ 0.32918583613170505 off 0.2603894565053493	false	1.0
teufelskreis	neg 1.0	neg 1.0	neg 0.6962387695760776 __DUMMY__ 0.15791108076607246 off 0.1458501496578501	false	1.0
aufschreien	neg 1.0		neg 0.4066224671528907 __DUMMY__ 0.3261861938884116 off 0.26719133895869773	false	1.0
schuldner	neg 1.0		neg 0.41332191880393004 __DUMMY__ 0.32589407173644414 off 0.26078400945962593	false	1.0
missgeburt	off 1.0	off 1.0	off 0.6234427215876728 neg 0.22015763916192202 __DUMMY__ 0.15639963925040526	false	1.0
arbeitslos	neg 1.0		neg 0.41015215223568824 __DUMMY__ 0.32704600658940464 off 0.26280184117490724	false	1.0
befallen	neg 1.0		neg 0.41572738525287933 __DUMMY__ 0.3233515921768976 off 0.2609210225702231	false	1.0
miesepetrig	off 1.0		neg 0.3994752846612237 __DUMMY__ 0.32821354636449407 off 0.2723111689742822	false	0.5
alarmieren	neg 1.0		neg 0.40540939426177025 __DUMMY__ 0.3246742702765449 off 0.2699163354616849	false	1.0
ungeduscht	off 1.0		neg 0.40247670956223114 __DUMMY__ 0.32798035064219566 off 0.2695429397955731	false	0.5
knappheit	neg 1.0		neg 0.41099178626915833 __DUMMY__ 0.32625899248623247 off 0.2627492212446091	false	1.0
schlange	neg 1.0		neg 0.40204621242308985 __DUMMY__ 0.32961667007886436 off 0.26833711749804584	false	1.0
harsch	neg 1.0		neg 0.3935347710915321 __DUMMY__ 0.3273114862852037 off 0.27915374262326426	false	1.0
lang	neg 1.0		neg 0.4049681836994385 __DUMMY__ 0.3276955604448052 off 0.26733625585575643	false	1.0
ziellos	neg 1.0		neg 0.40827225448002985 __DUMMY__ 0.3286788376038444 off 0.26304890791612584	false	1.0
selbstverliebt	neg 1.0		neg 0.39589454072790703 __DUMMY__ 0.3222313508688193 off 0.2818741084032737	false	1.0
beseitigen	neg 1.0		neg 0.40302525511777365 __DUMMY__ 0.32914279227022974 off 0.2678319526119966	false	1.0
dumm	off 1.0		neg 0.39786387109163457 __DUMMY__ 0.3247777306630945 off 0.2773583982452709	false	0.5
arbeitsloser	neg 1.0		neg 0.41042279076670674 __DUMMY__ 0.32745991529881563 off 0.26211729393447764	false	1.0
blitzen	neg 1.0		neg 0.40438551096080066 __DUMMY__ 0.32625623930556497 off 0.2693582497336343	false	1.0
hilflos	neg 1.0		neg 0.4080038478335797 __DUMMY__ 0.32818501041961207 off 0.26381114174680825	false	1.0
eklig	off 1.0		neg 0.39759587391738893 __DUMMY__ 0.3242460477244884 off 0.2781580783581226	false	0.5
begriff			neg 0.40904097812584933 __DUMMY__ 0.3272057098357256 off 0.26375331203842506	false	0.0
hungersnot	neg 1.0		neg 0.4136751720448068 __DUMMY__ 0.3231568550319401 off 0.263167972923253	false	1.0
ungesetzlich	neg 1.0		neg 0.41048172563705715 __DUMMY__ 0.323111442461429 off 0.26640683190151376	false	1.0
verschwendung	neg 1.0		neg 0.4114298292912744 __DUMMY__ 0.3279151767380685 off 0.260654993970657	false	1.0
schmerzvoll	neg 1.0		neg 0.4040654075435939 __DUMMY__ 0.3282068101836705 off 0.2677277822727356	false	1.0
vorzeitig	neg 1.0		neg 0.40143059642228046 __DUMMY__ 0.32685338267581826 off 0.2717160209019013	false	1.0
unvollkommenheit	neg 1.0		neg 0.40667199171459795 __DUMMY__ 0.32741582970204247 off 0.2659121785833597	false	1.0
intervenieren	neg 1.0		neg 0.41491675331019284 __DUMMY__ 0.32511132992954134 off 0.2599719167602658	false	1.0
banause	off 1.0		neg 0.3959436676655084 __DUMMY__ 0.3241617718623557 off 0.279894560472136	false	0.5
rebell	neg 1.0		neg 0.41090567799026473 __DUMMY__ 0.32881017366382415 off 0.2602841483459111	false	1.0
unlogisch	neg 1.0		neg 0.40048882727161267 __DUMMY__ 0.3256740467843978 off 0.2738371259439897	false	1.0
leiden	neg 1.0	neg 1.0	neg 0.6935848022090139 __DUMMY__ 0.16125626799761938 off 0.14515892979336678	false	1.0
abschaffung	neg 1.0		neg 0.4090113176637767 __DUMMY__ 0.32523428271174304 off 0.26575439962448033	false	1.0
sturz	neg 1.0		neg 0.4093779886002578 __DUMMY__ 0.3246285545395474 off 0.26599345686019477	false	1.0
verkleinerung	neg 1.0		neg 0.40663767417580804 __DUMMY__ 0.3244038641737457 off 0.26895846165044635	false	1.0
schmarotzer	off 1.0		neg 0.41224103150893143 __DUMMY__ 0.3260246667235834 off 0.26173430176748513	false	0.5
bestrafung	neg 1.0		neg 0.4062700401863322 __DUMMY__ 0.3269992184062377 off 0.26673074140743014	false	1.0
achtlos	neg 1.0		neg 0.4044778446968866 __DUMMY__ 0.32945720930284217 off 0.2660649460002713	false	1.0
ungeheuer	neg 1.0		neg 0.40444127622517323 __DUMMY__ 0.3273550945764825 off 0.26820362919834423	false	1.0
unaufrichtig	neg 1.0		neg 0.40821284294520277 __DUMMY__ 0.3242367504165054 off 0.2675504066382917	false	1.0
groggy	neg 1.0		neg 0.40403337463382794 __DUMMY__ 0.3265621416257061 off 0.2694044837404661	false	1.0
verletzlich	neg 1.0		neg 0.4008178604596119 __DUMMY__ 0.3269090582192525 off 0.2722730813211358	false	1.0
ablehnen	neg 1.0		neg 0.41152298649229896 __DUMMY__ 0.3261827414603345 off 0.2622942720473665	false	1.0
