unsolidarisch	neg 1.0		__DUMMY__ 0.8723875174121514 neg 0.07965304515440204 off 0.047959437433446654	false	1.0
nachteilig	neg 1.0		__DUMMY__ 0.8815280201226454 neg 0.07372590512484813 off 0.044746074752506346	false	1.0
skeptisch	neg 1.0		__DUMMY__ 0.8835143050367004 neg 0.07405420455467272 off 0.042431490408626864	false	1.0
schrecklich	neg 1.0		__DUMMY__ 0.8798160578426 neg 0.06663437334622492 off 0.05354956881117507	false	1.0
schlapp	neg 1.0		__DUMMY__ 0.8844335873973743 neg 0.06595579846003566 off 0.04961061414258998	false	1.0
abfall	neg 1.0		__DUMMY__ 0.8839032956506322 neg 0.07504468484272309 off 0.04105201950664478	false	1.0
widerspenstig	neg 1.0		__DUMMY__ 0.8851890083389616 neg 0.06884323555903991 off 0.04596775610199834	false	1.0
abrupt	neg 1.0		__DUMMY__ 0.8865215186657066 neg 0.06858172303608617 off 0.0448967582982071	false	1.0
unwirksam	neg 1.0		__DUMMY__ 0.8762904755132742 neg 0.07610754429639636 off 0.04760198019032943	false	1.0
angreifen	neg 1.0		__DUMMY__ 0.8810103046753779 neg 0.07522071054011227 off 0.04376898478450978	false	1.0
inkonsistent	neg 1.0		__DUMMY__ 0.8788897978910696 neg 0.0727562455511581 off 0.04835395655777238	false	1.0
abrutschen	neg 1.0		__DUMMY__ 0.8852971846890333 neg 0.07358306544542922 off 0.04111974986553751	false	1.0
unsicher	neg 1.0		__DUMMY__ 0.88301690698991 neg 0.07047611880334018 off 0.046506974206749783	false	1.0
bauernkind	off 1.0		__DUMMY__ 0.875278624536966 neg 0.06839867826756119 off 0.0563226971954728	false	0.5
angreifer	neg 1.0		__DUMMY__ 0.8771905965873108 neg 0.07324644094880918 off 0.049562962463880034	false	1.0
trennen	neg 1.0		__DUMMY__ 0.8886810976195928 neg 0.06863971169702134 off 0.04267919068338587	false	1.0
schmutz	neg 1.0		__DUMMY__ 0.8879301297789659 neg 0.06165503678262034 off 0.05041483343841378	false	1.0
inkonsistenz	neg 1.0	neg 1.0	neg 0.5245463395896076 __DUMMY__ 0.43795513262294977 off 0.037498527787442656	false	1.0
erschreckend	neg 1.0		__DUMMY__ 0.8812076694381015 neg 0.07303044926297321 off 0.04576188129892524	false	1.0
ertrinken	neg 1.0		__DUMMY__ 0.8851017944064026 neg 0.07109323967225142 off 0.043804965921346035	false	1.0
pickelface	off 1.0		__DUMMY__ 0.8792132668383609 neg 0.0731988249618236 off 0.04758790819981553	false	0.5
seiner			__DUMMY__ 0.8835185542057976 neg 0.07304975926835924 off 0.04343168652584306	false	0.0
lauch	neg 1.0		__DUMMY__ 0.8836402279007107 neg 0.07441041827596465 off 0.04194935382332457	false	1.0
unwichtig	neg 1.0		__DUMMY__ 0.88010131276255 neg 0.06964439322620149 off 0.05025429401124857	false	1.0
steuerhinterziehung	neg 1.0		__DUMMY__ 0.8762498172921203 neg 0.07711644069197783 off 0.04663374201590193	false	1.0
schock	neg 1.0		__DUMMY__ 0.8860844198363339 neg 0.06901616088092345 off 0.04489941928274262	false	1.0
beule	neg 1.0		__DUMMY__ 0.8839907562327682 neg 0.06538599327725887 off 0.050623250489972835	false	1.0
vergelten	neg 1.0		__DUMMY__ 0.877042442618268 neg 0.06782008456960328 off 0.055137472812128684	false	1.0
verdorbenheit	neg 1.0	neg 1.0	neg 0.5210403517922554 __DUMMY__ 0.44316705201112333 off 0.035792596196621264	false	1.0
trauma	neg 1.0		__DUMMY__ 0.8812015500492739 neg 0.0706746775600983 off 0.04812377239062779	false	1.0
sinnlos	neg 1.0		__DUMMY__ 0.8815119122414945 neg 0.07014075440993073 off 0.04834733334857476	false	1.0
fettsack	off 1.0	off 1.0	off 0.5119761329827218 __DUMMY__ 0.4361806842195646 neg 0.05184318279771362	false	1.0
feige	off 1.0		__DUMMY__ 0.8781707821776592 neg 0.0717273740383469 off 0.05010184378399385	false	0.5
abdanken	neg 1.0		__DUMMY__ 0.8744356537474245 neg 0.07849944710739264 off 0.04706489914518296	false	1.0
wichtigtuer	off 1.0	off 1.0	off 0.5066440668254246 __DUMMY__ 0.4376987389189587 neg 0.055657194255616674	false	1.0
misslingen	neg 1.0		__DUMMY__ 0.8855843222714425 neg 0.06649135145667154 off 0.04792432627188609	false	1.0
untreu	off 1.0		__DUMMY__ 0.8804675005212558 neg 0.06871322865314478 off 0.05081927082559947	false	0.5
missmutig	neg 1.0		__DUMMY__ 0.8837783294514524 neg 0.0668084083683569 off 0.04941326218019066	false	1.0
hurenbock	off 1.0		__DUMMY__ 0.8865615353431452 neg 0.06624822230691006 off 0.04719024234994474	false	0.5
betrunken	neg 1.0		__DUMMY__ 0.8830298809024306 neg 0.06531863997806847 off 0.05165147911950083	false	1.0
korrupt	off 1.0		__DUMMY__ 0.874882484347086 neg 0.07946292773295403 off 0.04565458791995997	false	0.5
unmut	neg 1.0		__DUMMY__ 0.8828547666660227 neg 0.0752500359570948 off 0.041895197376882486	false	1.0
hackfresse	off 1.0		__DUMMY__ 0.8778739584164361 neg 0.0658482214392222 off 0.05627782014434177	false	0.5
aufblasen	neg 1.0		__DUMMY__ 0.8850664868632013 neg 0.06756759010827673 off 0.04736592302852191	false	1.0
gewaltsam	neg 1.0		__DUMMY__ 0.8766709496404365 neg 0.07542973904180118 off 0.047899311317762275	false	1.0
unbeliebtheit	neg 1.0		__DUMMY__ 0.8695847806386676 neg 0.07768617898906732 off 0.05272904037226501	false	1.0
sturheit	neg 1.0		__DUMMY__ 0.8782206629823356 neg 0.07566036159943211 off 0.04611897541823234	false	1.0
kuh	neg 1.0		__DUMMY__ 0.8805267332125654 neg 0.07186333640789241 off 0.0476099303795421	false	1.0
erschrecken	neg 1.0		__DUMMY__ 0.8830716552575222 neg 0.06766197302032725 off 0.049266371722150544	false	1.0
opfer	neg 1.0	neg 1.0	neg 0.5263386063453506 __DUMMY__ 0.4403074708319003 off 0.033353922822749085	false	1.0
sinken	neg 1.0		__DUMMY__ 0.8832306912350227 neg 0.07453354932980516 off 0.04223575943517204	false	1.0
stinktier	neg 1.0		__DUMMY__ 0.8772215631339924 neg 0.06893314866150929 off 0.05384528820449838	false	1.0
tucke	off 1.0		__DUMMY__ 0.8785655337470349 neg 0.06509561223515384 off 0.056338854017811135	false	0.5
ein			__DUMMY__ 0.8877418139043641 neg 0.06570705396821463 off 0.04655113212742118	false	0.0
abstieg	neg 1.0		__DUMMY__ 0.8797093205604052 neg 0.07462925711134992 off 0.04566142232824492	false	1.0
missverstehen	neg 1.0		__DUMMY__ 0.8786550518153036 neg 0.07291218127690113 off 0.048432766907795306	false	1.0
ergebnislos	neg 1.0		__DUMMY__ 0.8808473911372497 neg 0.07394413873511266 off 0.045208470127637575	false	1.0
unter			__DUMMY__ 0.8915563789076904 neg 0.07062003489233501 off 0.03782358619997452	false	0.0
manipulieren	neg 1.0		__DUMMY__ 0.8805981166494355 neg 0.07584381633409822 off 0.04355806701646624	false	1.0
unbewiesen	neg 1.0		__DUMMY__ 0.8713324464848391 neg 0.08087753327358752 off 0.04779002024157337	false	1.0
verschleppen	neg 1.0		__DUMMY__ 0.8794521025891456 neg 0.07549443595484392 off 0.04505346145601039	false	1.0
weib	off 1.0		__DUMMY__ 0.8773997264246646 neg 0.06525301770064718 off 0.05734725587468821	false	0.5
opposition	neg 1.0		__DUMMY__ 0.8754595996075264 neg 0.07616909970107018 off 0.04837130069140342	false	1.0
verkehrswidrig	neg 1.0		__DUMMY__ 0.8816420324249421 neg 0.06392093010370356 off 0.05443703747135437	false	1.0
inkorrekt	neg 1.0		__DUMMY__ 0.8737738341974135 neg 0.07466394843588264 off 0.05156221736670395	false	1.0
vermeiden	neg 1.0		__DUMMY__ 0.8879863484578461 neg 0.07218850629509112 off 0.03982514524706282	false	1.0
abweichung	neg 1.0		__DUMMY__ 0.8749994763636136 neg 0.07967189665706605 off 0.04532862697932036	false	1.0
alkoholisiert	neg 1.0		__DUMMY__ 0.8849997223035858 neg 0.07068050506877689 off 0.04431977262763727	false	1.0
scheiss	off 1.0	off 1.0	off 0.5088235897356829 __DUMMY__ 0.4399719348933586 neg 0.051204475370958534	false	1.0
herausforderung	neg 1.0		__DUMMY__ 0.8889776259158405 neg 0.06657501247269662 off 0.04444736161146288	false	1.0
pervers	off 1.0		__DUMMY__ 0.876453372870494 neg 0.06394695131597271 off 0.05959967581353342	false	0.5
wackelig	neg 1.0		__DUMMY__ 0.8892712077080434 neg 0.0665586243304977 off 0.0441701679614589	false	1.0
verwickeln	neg 1.0		__DUMMY__ 0.879837632284787 neg 0.07198781152664456 off 0.04817455618856852	false	1.0
vorwand	neg 1.0		__DUMMY__ 0.8813373104528944 neg 0.07611025413519149 off 0.04255243541191404	false	1.0
muschi	off 1.0		__DUMMY__ 0.8795344939201085 neg 0.07317918994059189 off 0.04728631613929966	false	0.5
entmutigung	neg 1.0		__DUMMY__ 0.86939485623436 neg 0.08088849949203601 off 0.04971664427360401	false	1.0
unangemessen	neg 1.0		__DUMMY__ 0.8784247123667033 neg 0.07639256557103694 off 0.04518272206225983	false	1.0
unstetig	neg 1.0		__DUMMY__ 0.8786070997157052 neg 0.07179240948358001 off 0.04960049080071478	false	1.0
entmutigen	neg 1.0		__DUMMY__ 0.8825077982021415 neg 0.07007671766889045 off 0.047415484128968004	false	1.0
schwanz	neg 1.0		__DUMMY__ 0.8817876355986185 neg 0.07307547102660601 off 0.045136893374775396	false	1.0
verbot	neg 1.0		__DUMMY__ 0.8759901037168908 neg 0.07797684917865982 off 0.046033047104449415	false	1.0
leid	neg 1.0		__DUMMY__ 0.8783832201164546 neg 0.06686594234792403 off 0.054750837535621294	false	1.0
archaisch	neg 1.0		__DUMMY__ 0.8794853358439371 neg 0.0750455241469631 off 0.04546914000909975	false	1.0
gegen			__DUMMY__ 0.8814141357770401 neg 0.07546408306619626 off 0.04312178115676365	false	0.0
scheidung	neg 1.0	neg 1.0	neg 0.5137083841640213 __DUMMY__ 0.43624668431387575 off 0.05004493152210296	false	1.0
einschlag	neg 1.0		__DUMMY__ 0.8788684628178324 neg 0.06666430190421394 off 0.05446723527795369	false	1.0
m			__DUMMY__ 0.8845128581958182 neg 0.0700019519604137 off 0.04548518984376814	false	0.0
abgestanden	neg 1.0		__DUMMY__ 0.8845487626921835 neg 0.0695803513897535 off 0.04587088591806292	false	1.0
schmierig	off 1.0		__DUMMY__ 0.879843200394085 neg 0.06636396596642324 off 0.053792833639491666	false	0.5
unpraktisch	neg 1.0		__DUMMY__ 0.8857193683252746 neg 0.06712936178007976 off 0.04715126989464558	false	1.0
wixxer	off 1.0		__DUMMY__ 0.8744467091633141 neg 0.06573465791158505 off 0.05981863292510087	false	0.5
bezeichnet			__DUMMY__ 0.8791902258673573 neg 0.07445565119582963 off 0.04635412293681315	false	0.0
jammerlappen	off 1.0		__DUMMY__ 0.8810881941281824 neg 0.0687023630329908 off 0.050209442838826834	false	0.5
farce	neg 1.0		__DUMMY__ 0.8723547133948422 neg 0.08113182511226569 off 0.04651346149289207	false	1.0
zwecklos	neg 1.0		__DUMMY__ 0.879677965509951 neg 0.0754978024081666 off 0.0448242320818823	false	1.0
turbulent	neg 1.0		__DUMMY__ 0.8774534136110631 neg 0.0693338064655362 off 0.0532127799234007	false	1.0
invasion	neg 1.0		__DUMMY__ 0.8834103801962995 neg 0.0674317611965519 off 0.049157858607148656	false	1.0
schuld	neg 1.0		__DUMMY__ 0.8805509480527907 neg 0.07204752999028084 off 0.04740152195692858	false	1.0
risiko	neg 1.0		__DUMMY__ 0.8849699281808646 neg 0.06583437182656904 off 0.049195699992566316	false	1.0
finster	neg 1.0		__DUMMY__ 0.8864686689985671 neg 0.06729482537223774 off 0.04623650562919513	false	1.0
geisteskrank	off 1.0		__DUMMY__ 0.875989295139558 neg 0.0721871762376072 off 0.05182352862283472	false	0.5
zusammenbrechen	neg 1.0		__DUMMY__ 0.8835215817647305 neg 0.07104517141777528 off 0.04543324681749428	false	1.0
ausbeute	neg 1.0		__DUMMY__ 0.8876282959102167 neg 0.06837586679890167 off 0.043995837290881586	false	1.0
hinterhalt	neg 1.0		__DUMMY__ 0.8815177734294969 neg 0.071040429631785 off 0.04744179693871815	false	1.0
kritik	neg 1.0		__DUMMY__ 0.8740168743483379 neg 0.07953035309963104 off 0.04645277255203114	false	1.0
einschrumpfen	neg 1.0		__DUMMY__ 0.8746247709275833 neg 0.07522681758272129 off 0.05014841148969539	false	1.0
riskant	neg 1.0		__DUMMY__ 0.8826114876124932 neg 0.07367055634660596 off 0.04371795604090091	false	1.0
frustrieren	neg 1.0		__DUMMY__ 0.8818545780437536 neg 0.07442783677548938 off 0.04371758518075705	false	1.0
groll	neg 1.0		__DUMMY__ 0.8802320575390224 neg 0.07478474367843008 off 0.04498319878254756	false	1.0
gibt			__DUMMY__ 0.8823194909632298 neg 0.07242112914034482 off 0.04525937989642541	false	0.0
qualvoll	neg 1.0		__DUMMY__ 0.8837199536345619 neg 0.06803888082912528 off 0.0482411655363128	false	1.0
wackeln	neg 1.0		__DUMMY__ 0.8867905861513665 neg 0.06634950535080864 off 0.0468599084978249	false	1.0
klagen	neg 1.0		__DUMMY__ 0.8801554679607095 neg 0.07732525741645058 off 0.0425192746228399	false	1.0
bankrott	neg 1.0		__DUMMY__ 0.8832579688963988 neg 0.0664856144225151 off 0.05025641668108605	false	1.0
trauern	neg 1.0		__DUMMY__ 0.8830086268855 neg 0.07313870214439398 off 0.04385267097010613	false	1.0
ablehnung	neg 1.0	neg 1.0	neg 0.52954416041951 __DUMMY__ 0.4353569253981157 off 0.03509891418237426	false	1.0
stur	neg 1.0		__DUMMY__ 0.8808767805330971 neg 0.07144675615333394 off 0.04767646331356895	false	1.0
aufruhr	neg 1.0		__DUMMY__ 0.8762944511017472 neg 0.07610673076653793 off 0.04759881813171484	false	1.0
melancholie	neg 1.0		__DUMMY__ 0.8879907857643448 neg 0.06773938225640162 off 0.044269831979253625	false	1.0
ist			__DUMMY__ 0.8814217573843949 neg 0.07078900844785761 off 0.04778923416774746	false	0.0
torheit	neg 1.0		__DUMMY__ 0.874487779586135 neg 0.0772427446198543 off 0.04826947579401067	false	1.0
dreckskind	off 1.0		__DUMMY__ 0.8733384459755097 neg 0.07095913681391958 off 0.055702417210570745	false	0.5
umtauschen	neg 1.0		__DUMMY__ 0.8858094358506161 neg 0.06842060732356262 off 0.045769956825821335	false	1.0
zum			__DUMMY__ 0.892827215101196 neg 0.06709325790898502 off 0.04007952698981908	false	0.0
zersetzen	neg 1.0		__DUMMY__ 0.8805225998396895 neg 0.07640168816232201 off 0.04307571199798851	false	1.0
zur			__DUMMY__ 0.8856615453891018 neg 0.07386214189014209 off 0.040476312720756094	false	0.0
frust	neg 1.0		__DUMMY__ 0.8834880370405775 neg 0.07117959133578083 off 0.045332371623641586	false	1.0
unerbittlichkeit	neg 1.0		__DUMMY__ 0.8802606955992953 neg 0.07588731372416585 off 0.04385199067653889	false	1.0
zwei			__DUMMY__ 0.8900653207453979 neg 0.06841833755744588 off 0.04151634169715633	false	0.0
unkorrekt	neg 1.0		__DUMMY__ 0.8756417397972263 neg 0.07238453648044224 off 0.0519737237223316	false	1.0
hexe	off 1.0		__DUMMY__ 0.8812689089377549 neg 0.06841545888129717 off 0.050315632180948	false	0.5
lasch	neg 1.0		__DUMMY__ 0.8784598238450347 neg 0.07212877680826923 off 0.04941139934669595	false	1.0
rivale	neg 1.0		__DUMMY__ 0.8779316803851167 neg 0.06813466598861265 off 0.05393365362627062	false	1.0
mutlos	off 1.0	off 1.0	off 0.5038436312234761 __DUMMY__ 0.43763683955593397 neg 0.05851952922059001	false	1.0
wirr	off 1.0		__DUMMY__ 0.8755421516574582 neg 0.07138132402213765 off 0.053076524320404134	false	0.5
jahr			__DUMMY__ 0.8886188284830916 neg 0.06806996988838016 off 0.0433112016285283	false	0.0
wird			__DUMMY__ 0.8830279662612777 neg 0.07285914720638181 off 0.04411288653234044	false	0.0
strafbar	neg 1.0		__DUMMY__ 0.8781764395717974 neg 0.07759354678048401 off 0.04423001364771867	false	1.0
erosion	neg 1.0		__DUMMY__ 0.8846362021118346 neg 0.06757959334054695 off 0.047784204547618545	false	1.0
eingehen	neg 1.0		__DUMMY__ 0.8806315122819873 neg 0.07478758225561828 off 0.044580905462394294	false	1.0
faul	off 1.0		__DUMMY__ 0.8846651088725654 neg 0.06582544544478391 off 0.04950944568265063	false	0.5
provisorium	neg 1.0		__DUMMY__ 0.8894805204143998 neg 0.07313771464071053 off 0.037381764944889644	false	1.0
schmerzen	neg 1.0		__DUMMY__ 0.8850705795500095 neg 0.06976392595610931 off 0.04516549449388128	false	1.0
schrumpfen	neg 1.0		__DUMMY__ 0.8851937918285432 neg 0.07471100425355605 off 0.04009520391790086	false	1.0
geistlos	off 1.0		__DUMMY__ 0.8721391071788548 neg 0.07834706652749791 off 0.049513826293647346	false	0.5
fehlkauf	neg 1.0		__DUMMY__ 0.8792402452452003 neg 0.07162591450732507 off 0.04913384024747455	false	1.0
frustrierend	neg 1.0	neg 1.0	neg 0.522360331429626 __DUMMY__ 0.440276098617663 off 0.03736356995271104	false	1.0
unzufrieden	neg 1.0		__DUMMY__ 0.881304031716463 neg 0.07387972430277082 off 0.044816243980766245	false	1.0
verzweifeln	neg 1.0		__DUMMY__ 0.8833452578300509 neg 0.0705676965870365 off 0.046087045582912475	false	1.0
verzweifelt	neg 1.0		__DUMMY__ 0.8816435750365452 neg 0.07079172668280236 off 0.0475646982806524	false	1.0
misstrauensantrag	neg 1.0		__DUMMY__ 0.8782875800239796 neg 0.07271422376636337 off 0.048998196209657084	false	1.0
abfallen	neg 1.0		__DUMMY__ 0.8875451349999335 neg 0.06571293728281857 off 0.04674192771724796	false	1.0
fucker	off 1.0		__DUMMY__ 0.8781541858664733 neg 0.06865174135735795 off 0.05319407277616877	false	0.5
ungezogen	neg 1.0		__DUMMY__ 0.8788046844491019 neg 0.06374622963820308 off 0.05744908591269512	false	1.0
irrsinnig	neg 1.0	neg 1.0	neg 0.5250102805010797 __DUMMY__ 0.43913854423271903 off 0.03585117526620133	false	1.0
unfassbar	neg 1.0		__DUMMY__ 0.8806013418886766 neg 0.06884687988783726 off 0.05055177822348607	false	1.0
hart	neg 1.0		__DUMMY__ 0.8786315478549916 neg 0.07084713405547985 off 0.050521318089528526	false	1.0
widerlich	off 1.0		__DUMMY__ 0.8782004465990845 neg 0.07044454608714992 off 0.05135500731376571	false	0.5
fatal	neg 1.0		__DUMMY__ 0.8798194548301372 neg 0.07109984742734839 off 0.049080697742514404	false	1.0
bruch	neg 1.0		__DUMMY__ 0.8794295996140176 neg 0.0783193743185715 off 0.042251026067411004	false	1.0
aushungern	neg 1.0		__DUMMY__ 0.8753281010761705 neg 0.07707297368184687 off 0.047598925241982566	false	1.0
anspannung	neg 1.0		__DUMMY__ 0.8870124098965484 neg 0.07191998016772805 off 0.0410676099357235	false	1.0
von			__DUMMY__ 0.8889008438542113 neg 0.06850252245927652 off 0.04259663368651211	false	0.0
kraftlos	neg 1.0		__DUMMY__ 0.8875318590002749 neg 0.06835993135721039 off 0.044108209642514794	false	1.0
vom			__DUMMY__ 0.8918503231892909 neg 0.06993824674411413 off 0.03821143006659489	false	0.0
grenzdebil	off 1.0		__DUMMY__ 0.8813830985460842 neg 0.06725949494273467 off 0.051357406511181036	false	0.5
vor			__DUMMY__ 0.8861926947913524 neg 0.07181357610725907 off 0.04199372910138846	false	0.0
unterwerfen	neg 1.0		__DUMMY__ 0.8803596087113382 neg 0.07536099456217721 off 0.044279396726484684	false	1.0
versenkung	neg 1.0		__DUMMY__ 0.8817979834939144 neg 0.07432177033347577 off 0.04388024617260985	false	1.0
entziehen	neg 1.0		__DUMMY__ 0.882024802992093 neg 0.07585032418336715 off 0.04212487282453991	false	1.0
finanzkrise	neg 1.0		__DUMMY__ 0.8750377829460665 neg 0.0780064803856066 off 0.046955736668326954	false	1.0
schimpfend	neg 1.0		__DUMMY__ 0.889318618931391 neg 0.063493339163047 off 0.047188041905561987	false	1.0
profan	neg 1.0		__DUMMY__ 0.8822157716064609 neg 0.06955378037614662 off 0.04823044801739246	false	1.0
korruption	neg 1.0		__DUMMY__ 0.875605383604638 neg 0.07875729890588823 off 0.04563731748947376	false	1.0
â			__DUMMY__ 0.8839450898588816 neg 0.07129688582152857 off 0.044758024319589744	false	0.0
schmutzig	neg 1.0		__DUMMY__ 0.8845392505047048 neg 0.06466755572833147 off 0.050793193766963625	false	1.0
sexy	neg 1.0		__DUMMY__ 0.8817298295750544 neg 0.06822064895330825 off 0.0500495214716373	false	1.0
abraten	neg 1.0		__DUMMY__ 0.8835338934178331 neg 0.06907185279013328 off 0.04739425379203363	false	1.0
schwarz	neg 1.0		__DUMMY__ 0.880650401949583 neg 0.07102372078129701 off 0.04832587726911996	false	1.0
fotze	off 1.0		__DUMMY__ 0.8798656771553498 neg 0.07440257299682126 off 0.04573174984782898	false	0.5
verwirren	neg 1.0		__DUMMY__ 0.8818247652899521 neg 0.06921727886758236 off 0.04895795584246554	false	1.0
zahnlos	off 1.0		__DUMMY__ 0.8797384700897058 neg 0.07509734908390928 off 0.04516418082638484	false	0.5
verheeren	neg 1.0		__DUMMY__ 0.872268289952001 neg 0.06821786616029306 off 0.059513843887705926	false	1.0
hippie	neg 1.0		__DUMMY__ 0.8810813033409928 neg 0.06897205040926312 off 0.049946646249744146	false	1.0
rammen	neg 1.0		__DUMMY__ 0.8829315085834709 neg 0.06852552541296078 off 0.04854296600356835	false	1.0
unlauter	neg 1.0	neg 1.0	neg 0.5255314292987275 __DUMMY__ 0.4373896376147452 off 0.037078933086527245	false	1.0
unheilvoll	neg 1.0		__DUMMY__ 0.8834586519332582 neg 0.06873806877765408 off 0.04780327928908769	false	1.0
niedrig	neg 1.0		__DUMMY__ 0.8819519127568929 neg 0.07356081755019701 off 0.044487269692910184	false	1.0
explosion	neg 1.0		__DUMMY__ 0.882595172851106 neg 0.06804024442825868 off 0.049364582720635354	false	1.0
weichei	off 1.0		__DUMMY__ 0.878060106287713 neg 0.06664093941571846 off 0.055298954296568496	false	0.5
minusmensch	off 1.0		__DUMMY__ 0.871526398876052 neg 0.06888528293399043 off 0.05958831818995758	false	0.5
farblos	neg 1.0		__DUMMY__ 0.8803135381193299 neg 0.07261283729272378 off 0.04707362458794628	false	1.0
unwissend	neg 1.0	neg 1.0	neg 0.5233831503095714 __DUMMY__ 0.4382357100666122 off 0.03838113962381638	false	1.0
traurig	neg 1.0		__DUMMY__ 0.8814189658981584 neg 0.0658963118393247 off 0.0526847222625169	false	1.0
senkung	neg 1.0		__DUMMY__ 0.8795946256659065 neg 0.07119702941640221 off 0.04920834491769123	false	1.0
ungleich	neg 1.0	neg 1.0	neg 0.5279531034667867 __DUMMY__ 0.4386492087645167 off 0.03339768776869675	false	1.0
heikel	neg 1.0		__DUMMY__ 0.8818099266256204 neg 0.07520962572889145 off 0.04298044764548807	false	1.0
drosselung	neg 1.0		__DUMMY__ 0.8822141078616482 neg 0.06497842448327805 off 0.052807467655073735	false	1.0
falsch	neg 1.0		__DUMMY__ 0.8806398993665502 neg 0.06966659207194958 off 0.049693508561500246	false	1.0
unzufriedenheit	neg 1.0		__DUMMY__ 0.8811412629081742 neg 0.07588755960569792 off 0.04297117748612786	false	1.0
kurz	neg 1.0		__DUMMY__ 0.8868349740458383 neg 0.0682075524397797 off 0.04495747351438202	false	1.0
unsinnig	neg 1.0		__DUMMY__ 0.8810558983020325 neg 0.07377747967675748 off 0.04516662202121004	false	1.0
penner	off 1.0	off 1.0	off 0.5130835904037653 __DUMMY__ 0.43787282998366056 neg 0.04904357961257407	false	1.0
seicht	neg 1.0		__DUMMY__ 0.8738897679996454 neg 0.06845856909903482 off 0.05765166290131982	false	1.0
dummheit	off 1.0	off 1.0	off 0.5070790394504331 __DUMMY__ 0.43762798674409287 neg 0.05529297380547404	false	1.0
unerfreulich	neg 1.0		__DUMMY__ 0.8834164560726991 neg 0.07419590719672589 off 0.04238763673057492	false	1.0
motherfucker	off 1.0	off 1.0	off 0.5104013468750834 __DUMMY__ 0.437383864667265 neg 0.052214788457651595	false	1.0
pikiert	neg 1.0		__DUMMY__ 0.8789119541287718 neg 0.070763293564916 off 0.05032475230631228	false	1.0
wrack	neg 1.0		__DUMMY__ 0.8842733846497434 neg 0.07106655488956501 off 0.044660060460691625	false	1.0
gangster	neg 1.0		__DUMMY__ 0.8809740394328697 neg 0.06980272026602204 off 0.04922324030110836	false	1.0
krank	neg 1.0		__DUMMY__ 0.8842841026580402 neg 0.06469275727763153 off 0.051023140064328294	false	1.0
reich	neg 1.0		__DUMMY__ 0.8723770734352488 neg 0.07619605048850656 off 0.05142687607624451	false	1.0
gnadenlos	neg 1.0		__DUMMY__ 0.8817339648433592 neg 0.07074329239407252 off 0.04752274276256823	false	1.0
niedergeschlagen	neg 1.0		__DUMMY__ 0.8836347486149735 neg 0.07104335090817868 off 0.04532190047684789	false	1.0
terrorisieren	off 1.0	off 1.0	off 0.5034566866832243 __DUMMY__ 0.44036778301087126 neg 0.05617553030590449	false	1.0
sinnlosigkeit	neg 1.0		__DUMMY__ 0.8802018948978578 neg 0.07467418747094375 off 0.045123917631198454	false	1.0
behindern	neg 1.0		__DUMMY__ 0.8843549850343744 neg 0.06926534556256825 off 0.04637966940305737	false	1.0
undemokratisch	neg 1.0		__DUMMY__ 0.8741815050038969 neg 0.07733758729997554 off 0.04848090769612753	false	1.0
wirtschaftskrise	neg 1.0		__DUMMY__ 0.8778351329000631 neg 0.07671863411850062 off 0.04544623298143621	false	1.0
neid	neg 1.0		__DUMMY__ 0.8844805011041461 neg 0.06648258167325284 off 0.04903691722260103	false	1.0
rutschen	neg 1.0		__DUMMY__ 0.8929382835194118 neg 0.06696603692710859 off 0.04009567955347951	false	1.0
rezession	neg 1.0		__DUMMY__ 0.8729574474640477 neg 0.07235326611982634 off 0.05468928641612598	false	1.0
fehlgeburt	neg 1.0		__DUMMY__ 0.8823210370041935 neg 0.0708210712022365 off 0.046857891793569965	false	1.0
charakterschwach	off 1.0		__DUMMY__ 0.8787566210801073 neg 0.06994499159468134 off 0.05129838732521132	false	0.5
isolation	neg 1.0		__DUMMY__ 0.882167815137772 neg 0.06706801024454594 off 0.050764174617682116	false	1.0
ablenkung	neg 1.0		__DUMMY__ 0.8844304295677208 neg 0.0688215551237559 off 0.04674801530852327	false	1.0
pech	neg 1.0		__DUMMY__ 0.8831487152244503 neg 0.06827778018902135 off 0.04857350458652837	false	1.0
vermeidung	neg 1.0		__DUMMY__ 0.8830935477531289 neg 0.06508037080585621 off 0.051826081441015005	false	1.0
dominieren	neg 1.0		__DUMMY__ 0.8822307392339265 neg 0.07198788789041488 off 0.0457813728756587	false	1.0
schwindlig	neg 1.0		__DUMMY__ 0.8861163604650772 neg 0.06564827034069665 off 0.048235369194226156	false	1.0
lutscher	neg 1.0		__DUMMY__ 0.8751863975104534 neg 0.06680141455170271 off 0.05801218793784405	false	1.0
pflicht	neg 1.0		__DUMMY__ 0.8816510560264142 neg 0.07532900022781572 off 0.043019943745770124	false	1.0
faschist	off 1.0		__DUMMY__ 0.8746166010586839 neg 0.0761280871081366 off 0.04925531183317959	false	0.5
verschleudern	neg 1.0		__DUMMY__ 0.878473338591145 neg 0.07660190379120584 off 0.044924757617649164	false	1.0
wenn			__DUMMY__ 0.8813763684909336 neg 0.06893983363518139 off 0.049683797873885	false	0.0
ehebruch	neg 1.0		__DUMMY__ 0.8785274973107158 neg 0.07680640861292114 off 0.04466609407636299	false	1.0
spott	off 1.0		__DUMMY__ 0.8794325898860951 neg 0.07638911029145204 off 0.04417829982245282	false	0.5
trostlosigkeit	neg 1.0		__DUMMY__ 0.8769213602635706 neg 0.07983212966871583 off 0.043246510067713455	false	1.0
lutschen	neg 1.0		__DUMMY__ 0.8777875136103132 neg 0.07170928688193187 off 0.05050319950775496	false	1.0
undiszipliniert	neg 1.0		__DUMMY__ 0.8799680479836858 neg 0.06786644349327438 off 0.05216550852303982	false	1.0
kopfschmerz	neg 1.0		__DUMMY__ 0.8838388860970063 neg 0.07035234460482616 off 0.04580876929816753	false	1.0
unvorhergesehen	neg 1.0		__DUMMY__ 0.8883815921987791 neg 0.06701025071221565 off 0.044608157089005215	false	1.0
desinteressiert	neg 1.0		__DUMMY__ 0.8787970572683358 neg 0.06906381585988142 off 0.052139126871782834	false	1.0
armselig	off 1.0		__DUMMY__ 0.8769348644583586 neg 0.06999500329779354 off 0.05307013224384795	false	0.5
desaster	neg 1.0		__DUMMY__ 0.8790338752832305 neg 0.078966019452601 off 0.04200010526416855	false	1.0
tod	neg 1.0		__DUMMY__ 0.8758182056768318 neg 0.08015843099260922 off 0.044023363330558896	false	1.0
herzlos	neg 1.0		__DUMMY__ 0.8802095912755138 neg 0.06647720953926796 off 0.053313199185218256	false	1.0
unwissenheit	neg 1.0		__DUMMY__ 0.87872267373184 neg 0.07611399279278537 off 0.045163333475374635	false	1.0
widersinnig	neg 1.0		__DUMMY__ 0.8750824905773026 neg 0.0785070809451191 off 0.04641042847757826	false	1.0
bedenklich	neg 1.0		__DUMMY__ 0.8813184404200616 neg 0.0748657024884376 off 0.04381585709150072	false	1.0
beanstanden	neg 1.0		__DUMMY__ 0.8821435688505221 neg 0.07521110939408598 off 0.042645321755391805	false	1.0
panisch	neg 1.0	neg 1.0	neg 0.5188182804423309 __DUMMY__ 0.44508668441326327 off 0.03609503514440588	false	1.0
debil	off 1.0		__DUMMY__ 0.8839066051448332 neg 0.07602187970866989 off 0.04007151514649689	false	0.5
abstrich	neg 1.0		__DUMMY__ 0.8871434972252776 neg 0.06704544734847025 off 0.04581105542625219	false	1.0
primitiv	neg 1.0		__DUMMY__ 0.8781403324718592 neg 0.07000645813897308 off 0.05185320938916768	false	1.0
abschaum	off 1.0	off 1.0	off 0.5086192118896833 __DUMMY__ 0.4368104111707984 neg 0.054570376939518314	false	1.0
provozieren	neg 1.0		__DUMMY__ 0.8791522962158566 neg 0.07371791011343813 off 0.04712979367070525	false	1.0
tot	neg 1.0		__DUMMY__ 0.8818727063800981 neg 0.0724699799549091 off 0.04565731366499276	false	1.0
instabil	neg 1.0		__DUMMY__ 0.8758680665767332 neg 0.07017772687157506 off 0.05395420655169168	false	1.0
schwuchtel	off 1.0		__DUMMY__ 0.870976538268566 neg 0.06639030593689334 off 0.06263315579454073	false	0.5
zerren	neg 1.0		__DUMMY__ 0.8837771007682398 neg 0.07085820525257308 off 0.04536469397918715	false	1.0
kinderficker	off 1.0		__DUMMY__ 0.8754397426154116 neg 0.06962791033075598 off 0.05493234705383256	false	0.5
gefahr	neg 1.0		__DUMMY__ 0.880269382167992 neg 0.07525566175475712 off 0.044474956077250875	false	1.0
rabiat	neg 1.0		__DUMMY__ 0.8817345557273456 neg 0.07149756378698767 off 0.04676788048566673	false	1.0
verlangsamung	neg 1.0		__DUMMY__ 0.8724094818778273 neg 0.07030551990478343 off 0.05728499821738928	false	1.0
ausgestorben	neg 1.0		__DUMMY__ 0.8834188201378522 neg 0.07115025574651962 off 0.04543092411562824	false	1.0
anklagen	neg 1.0		__DUMMY__ 0.8784006005482611 neg 0.0749279856295371 off 0.046671413822201774	false	1.0
trott	neg 1.0		__DUMMY__ 0.8832663179080998 neg 0.07015786383347102 off 0.04657581825842924	false	1.0
verminderung	neg 1.0		__DUMMY__ 0.8797519703387388 neg 0.06764295093581305 off 0.05260507872544822	false	1.0
nach			__DUMMY__ 0.8895996558458755 neg 0.07022339689409496 off 0.040176947260029475	false	0.0
rost	neg 1.0		__DUMMY__ 0.8754309427794219 neg 0.0672757154601448 off 0.05729334176043327	false	1.0
destruktiv	neg 1.0	neg 1.0	neg 0.5275641190353277 __DUMMY__ 0.43736986261017274 off 0.0350660183544995	false	1.0
unzumutbarkeit	neg 1.0		__DUMMY__ 0.8812545501982992 neg 0.06678602779003945 off 0.05195942201166131	false	1.0
labil	off 1.0	off 1.0	off 0.509225770145392 __DUMMY__ 0.4374887513291366 neg 0.05328547852547129	false	1.0
ziemlich	neg 1.0		__DUMMY__ 0.8813441712453546 neg 0.06766882966999116 off 0.05098699908465425	false	1.0
lachnummer	off 1.0		__DUMMY__ 0.8783791064595681 neg 0.07524929624429874 off 0.04637159729613319	false	0.5
oder			__DUMMY__ 0.8849032687174785 neg 0.06881686412088558 off 0.04627986716163591	false	0.0
verfall	neg 1.0		__DUMMY__ 0.8836340182512572 neg 0.0761612121260519 off 0.040204769622690956	false	1.0
ausgrenzung	neg 1.0		__DUMMY__ 0.8749799328196382 neg 0.0760097822277101 off 0.0490102849526517	false	1.0
unordnung	neg 1.0		__DUMMY__ 0.8778752330660324 neg 0.06784633207657462 off 0.054278434857393004	false	1.0
fehlverhalten	neg 1.0		__DUMMY__ 0.8795979749448714 neg 0.076386401078182 off 0.044015623976946645	false	1.0
eine			__DUMMY__ 0.885650590039616 neg 0.0721238347322734 off 0.04222557522811058	false	0.0
nille	neg 1.0		__DUMMY__ 0.8782560414064439 neg 0.0745475755617831 off 0.04719638303177305	false	1.0
qual	neg 1.0		__DUMMY__ 0.8827690722345276 neg 0.07066623307040076 off 0.0465646946950716	false	1.0
verschwenden	neg 1.0		__DUMMY__ 0.882813558890887 neg 0.07339807951836627 off 0.043788361590746706	false	1.0
riesig	neg 1.0		__DUMMY__ 0.8824678875511726 neg 0.07175795793915499 off 0.04577415450967244	false	1.0
verurteilen	neg 1.0		__DUMMY__ 0.8777444683514286 neg 0.07684020015438842 off 0.0454153314941829	false	1.0
klischee	neg 1.0	neg 1.0	neg 0.5251218179068449 __DUMMY__ 0.43732280546174124 off 0.03755537663141397	false	1.0
diktatorisch	neg 1.0		__DUMMY__ 0.8723801693481552 neg 0.07909708908014478 off 0.04852274157170004	false	1.0
vorhersehbar	neg 1.0		__DUMMY__ 0.8776282928306395 neg 0.07380830712952588 off 0.048563400039834684	false	1.0
sowie			__DUMMY__ 0.8745134304084355 neg 0.06936129973373621 off 0.05612526985782835	false	0.0
stornieren	neg 1.0		__DUMMY__ 0.8854765392261879 neg 0.06596881363892074 off 0.048554647134891354	false	1.0
besteuerung	neg 1.0		__DUMMY__ 0.879914992239418 neg 0.07231394057044496 off 0.04777106719013702	false	1.0
ungeschminkt	neg 1.0		__DUMMY__ 0.8800514322094155 neg 0.06879292637778293 off 0.05115564141280159	false	1.0
kritisch	neg 1.0		__DUMMY__ 0.8793128970181634 neg 0.07647750677723664 off 0.044209596204600035	false	1.0
schlamperei	off 1.0		__DUMMY__ 0.8784306889949696 neg 0.07687427010126302 off 0.04469504090376737	false	0.5
sucht	neg 1.0	neg 1.0	neg 0.5186462734609197 __DUMMY__ 0.4447539286190114 off 0.036599797920068795	false	1.0
egoistisch	off 1.0		__DUMMY__ 0.8776562511052122 neg 0.06702780142571554 off 0.05531594746907224	false	0.5
ausbeuter	off 1.0		__DUMMY__ 0.878102303919146 neg 0.07815627212505849 off 0.0437414239557955	false	0.5
arschgeburt	off 1.0		__DUMMY__ 0.8710493850560659 neg 0.06635588287528167 off 0.06259473206865244	false	0.5
schubs	neg 1.0	neg 1.0	neg 0.5219522511876792 __DUMMY__ 0.4447041260329891 off 0.033343622779331714	false	1.0
unsolide	neg 1.0		__DUMMY__ 0.8694718907472604 neg 0.07924885973286624 off 0.05127924951987337	false	1.0
beschwerde	neg 1.0		__DUMMY__ 0.8796184012699675 neg 0.07509664727244726 off 0.04528495145758525	false	1.0
stocken	neg 1.0		__DUMMY__ 0.8822277261316787 neg 0.0731011005168144 off 0.04467117335150694	false	1.0
isolieren	neg 1.0		__DUMMY__ 0.8848102807771633 neg 0.06901921194525175 off 0.046170507277584844	false	1.0
unheilbar	neg 1.0		__DUMMY__ 0.8797663211169007 neg 0.07287084101957035 off 0.04736283786352897	false	1.0
pisser	off 1.0		__DUMMY__ 0.876506653871674 neg 0.06962982832438769 off 0.05386351780393822	false	0.5
löschen	neg 1.0		__DUMMY__ 0.8809004803410048 neg 0.07134335379113746 off 0.04775616586785785	false	1.0
durchfallen	neg 1.0		__DUMMY__ 0.8813661313306013 neg 0.0744251184725367 off 0.044208750196862	false	1.0
wichser	off 1.0		__DUMMY__ 0.8761817524775445 neg 0.06472793571163807 off 0.059090311810817475	false	0.5
terror	neg 1.0		__DUMMY__ 0.884071005189871 neg 0.06642103566941533 off 0.04950795914071359	false	1.0
krass	neg 1.0		__DUMMY__ 0.879985332766781 neg 0.06665948878888027 off 0.05335517844433863	false	1.0
revolte	neg 1.0	neg 1.0	neg 0.5291602834946946 __DUMMY__ 0.4328377578999375 off 0.03800195860536804	false	1.0
besorgt	neg 1.0		__DUMMY__ 0.8876738656908724 neg 0.06718195744474663 off 0.04514417686438095	false	1.0
nachlassen	neg 1.0		__DUMMY__ 0.883528926807724 neg 0.07160667067859879 off 0.04486440251367725	false	1.0
alt	neg 1.0		__DUMMY__ 0.8869255574153851 neg 0.0702927023691629 off 0.04278174021545187	false	1.0
hundesohn	off 1.0		__DUMMY__ 0.8731103861161262 neg 0.06805255894925377 off 0.05883705493461992	false	0.5
als			__DUMMY__ 0.8845265689910145 neg 0.07076144757370735 off 0.04471198343527821	false	0.0
abschreckung	neg 1.0		__DUMMY__ 0.8797476425773217 neg 0.07734309284571335 off 0.04290926457696492	false	1.0
unqualifiziert	neg 1.0	neg 1.0	neg 0.5251365134898265 __DUMMY__ 0.4378364061842269 off 0.03702708032594649	false	1.0
abgewichst	off 1.0		__DUMMY__ 0.8805725327920417 neg 0.07328697002887485 off 0.04614049717908346	false	0.5
schwer	neg 1.0		__DUMMY__ 0.883177773649834 neg 0.07062951775079657 off 0.04619270859936945	false	1.0
bedeutungslosigkeit	neg 1.0		__DUMMY__ 0.8800455737691464 neg 0.07647558601713596 off 0.04347884021371764	false	1.0
kapitulation	neg 1.0		__DUMMY__ 0.8743633900666907 neg 0.08027851030654519 off 0.04535809962676401	false	1.0
unscharf	neg 1.0		__DUMMY__ 0.8823037107761416 neg 0.06913964273878288 off 0.048556646485075586	false	1.0
schwinden	neg 1.0		__DUMMY__ 0.8814674646180842 neg 0.07505554870337915 off 0.043476986678536694	false	1.0
versklavung	neg 1.0	neg 1.0	neg 0.5287016152038773 __DUMMY__ 0.43473430615249564 off 0.03656407864362718	false	1.0
schlecht	neg 1.0		__DUMMY__ 0.8816607609748264 neg 0.06704778273247973 off 0.051291456292693875	false	1.0
verhasst	neg 1.0		__DUMMY__ 0.8782482390054808 neg 0.07455449019334623 off 0.047197270801173	false	1.0
beschweren	neg 1.0		__DUMMY__ 0.882258127401942 neg 0.06985791840245874 off 0.047883954195599335	false	1.0
scheiden	neg 1.0		__DUMMY__ 0.8842037681902869 neg 0.06998541536486266 off 0.04581081644485044	false	1.0
frustriert	neg 1.0		__DUMMY__ 0.8824087868761157 neg 0.07204773920695479 off 0.04554347391692949	false	1.0
schimmelig	neg 1.0		__DUMMY__ 0.8822236083737451 neg 0.07417830250032094 off 0.04359808912593397	false	1.0
fisch	neg 1.0	neg 1.0	neg 0.5222879236953628 __DUMMY__ 0.4443970812316212 off 0.03331499507301603	false	1.0
schmuggel	neg 1.0		__DUMMY__ 0.8848831753082823 neg 0.07225069491423511 off 0.042866129777482664	false	1.0
auffallen	neg 1.0		__DUMMY__ 0.881889490269881 neg 0.0698483237008075 off 0.04826218602931159	false	1.0
konkurrenz	neg 1.0		__DUMMY__ 0.8846872506349391 neg 0.07281537780218766 off 0.04249737156287316	false	1.0
teufelskreis	neg 1.0	neg 1.0	neg 0.5260890435315141 __DUMMY__ 0.4391585038707544 off 0.034752452597731465	false	1.0
aufschreien	neg 1.0		__DUMMY__ 0.8788380713725227 neg 0.07276327359009027 off 0.04839865503738704	false	1.0
schuldner	neg 1.0		__DUMMY__ 0.8787605303968877 neg 0.07707196749663613 off 0.04416750210647624	false	1.0
missgeburt	off 1.0	off 1.0	off 0.5125895134705862 __DUMMY__ 0.4357449162254277 neg 0.051665570303986115	false	1.0
arbeitslos	neg 1.0		__DUMMY__ 0.8804423171556035 neg 0.07441407030807548 off 0.04514361253632103	false	1.0
befallen	neg 1.0		__DUMMY__ 0.8737323133163122 neg 0.08096818101076422 off 0.04529950567292354	false	1.0
miesepetrig	off 1.0		__DUMMY__ 0.8828044899756757 neg 0.0665358659842451 off 0.05065964404007918	false	0.5
alarmieren	neg 1.0		__DUMMY__ 0.8764022879738758 neg 0.07258068698399622 off 0.05101702504212806	false	1.0
ungeduscht	off 1.0		__DUMMY__ 0.8825712268827782 neg 0.06885632214492601 off 0.04857245097229571	false	0.5
knappheit	neg 1.0		__DUMMY__ 0.8793981612542975 neg 0.0753329056292223 off 0.045268933116480135	false	1.0
schlange	neg 1.0		__DUMMY__ 0.8852122448661518 neg 0.06729987338030458 off 0.047487881753543605	false	1.0
harsch	neg 1.0		__DUMMY__ 0.8810923172408825 neg 0.06293338969441856 off 0.055974293064698935	false	1.0
lang	neg 1.0		__DUMMY__ 0.8817859725374129 neg 0.07046258716915185 off 0.047751440293435345	false	1.0
ziellos	neg 1.0		__DUMMY__ 0.8833520366579011 neg 0.07221462827783359 off 0.044433335064265306	false	1.0
selbstverliebt	neg 1.0		__DUMMY__ 0.8714838474217005 neg 0.06824563498291951 off 0.06027051759538001	false	1.0
beseitigen	neg 1.0		__DUMMY__ 0.8849190511595236 neg 0.06768239114570598 off 0.04739855769477044	false	1.0
dumm	off 1.0		__DUMMY__ 0.8762428393087732 neg 0.06783725635633472 off 0.0559199043348921	false	0.5
arbeitsloser	neg 1.0		__DUMMY__ 0.8814914644464865 neg 0.07400681362456524 off 0.044501721928948273	false	1.0
blitzen	neg 1.0		__DUMMY__ 0.8792366891082086 neg 0.07094988524277052 off 0.049813425649020825	false	1.0
hilflos	neg 1.0		__DUMMY__ 0.882634920110764 neg 0.07221077756590676 off 0.04515430232332924	false	1.0
eklig	off 1.0		__DUMMY__ 0.8752789304500657 neg 0.06812950802432591 off 0.05659156152560842	false	0.5
begriff			__DUMMY__ 0.8810075087751601 neg 0.07337578244296943 off 0.04561670878187043	false	0.0
hungersnot	neg 1.0		__DUMMY__ 0.873512627802605 neg 0.07942436894552021 off 0.047063003251874916	false	1.0
ungesetzlich	neg 1.0		__DUMMY__ 0.8733966578069349 neg 0.07697019599458713 off 0.04963314619847802	false	1.0
verschwendung	neg 1.0		__DUMMY__ 0.8821806694436231 neg 0.07466353154432812 off 0.04315579901204888	false	1.0
schmerzvoll	neg 1.0		__DUMMY__ 0.8825731921566629 neg 0.06959913725792286 off 0.0478276705854143	false	1.0
vorzeitig	neg 1.0		__DUMMY__ 0.8805465927987635 neg 0.0683752292199163 off 0.051078177981320305	false	1.0
unvollkommenheit	neg 1.0		__DUMMY__ 0.8816579854773307 neg 0.07151969503105585 off 0.04682231949161348	false	1.0
intervenieren	neg 1.0		__DUMMY__ 0.877193622050151 neg 0.07872289258272491 off 0.04408348536712406	false	1.0
banause	off 1.0		__DUMMY__ 0.8752296240315833 neg 0.06697677384852625 off 0.057793602119890396	false	0.5
rebell	neg 1.0		__DUMMY__ 0.8845041243344819 neg 0.07344338824071668 off 0.042052487424801346	false	1.0
unlogisch	neg 1.0		__DUMMY__ 0.8779160116421117 neg 0.06896110883446317 off 0.05312287952342507	false	1.0
leiden	neg 1.0	neg 1.0	neg 0.5201481657277857 __DUMMY__ 0.44813077860763606 off 0.031721055664578245	false	1.0
abschaffung	neg 1.0		__DUMMY__ 0.8774961015546177 neg 0.07470103489586 off 0.04780286354952241	false	1.0
sturz	neg 1.0		__DUMMY__ 0.8762038034843991 neg 0.07560979735679324 off 0.04818639915880779	false	1.0
verkleinerung	neg 1.0		__DUMMY__ 0.8758881682639502 neg 0.07376335394640685 off 0.05034847778964293	false	1.0
schmarotzer	off 1.0		__DUMMY__ 0.8787199280242041 neg 0.07643260610096579 off 0.04484746587483021	false	0.5
bestrafung	neg 1.0		__DUMMY__ 0.8805317173395623 neg 0.07165402840900231 off 0.047814254251435394	false	1.0
achtlos	neg 1.0		__DUMMY__ 0.8849446754883655 neg 0.06893835002643774 off 0.046116974485196756	false	1.0
ungeheuer	neg 1.0		__DUMMY__ 0.8810996082807031 neg 0.07052527907435462 off 0.04837511264494237	false	1.0
unaufrichtig	neg 1.0		__DUMMY__ 0.8755884570633261 neg 0.07481270462587601 off 0.0495988383107979	false	1.0
