unsolidarisch	neg 1.0		neg 0.41352237799877534 __DUMMY__ 0.3226279751491095 off 0.2638496468521152	false	1.0
nachteilig	neg 1.0		neg 0.4099110507248892 __DUMMY__ 0.3274516005420178 off 0.26263734873309297	false	1.0
skeptisch	neg 1.0		neg 0.4114036870737961 __DUMMY__ 0.32856798710457014 off 0.26002832582163377	false	1.0
schrecklich	neg 1.0		neg 0.398079810078019 __DUMMY__ 0.3267020969026949 off 0.27521809301928596	false	1.0
schlapp	neg 1.0		neg 0.39946780373724955 __DUMMY__ 0.3290824679104306 off 0.27144972835232	false	1.0
abfall	neg 1.0		neg 0.41296332399785673 __DUMMY__ 0.3288325348483049 off 0.2582041411538383	false	1.0
widerspenstig	neg 1.0		neg 0.4043224467675676 __DUMMY__ 0.32946949930146396 off 0.26620805393096847	false	1.0
abrupt	neg 1.0		neg 0.40496218325693867 __DUMMY__ 0.3301148602511945 off 0.26492295649186687	false	1.0
unwirksam	neg 1.0		neg 0.4099731792972607 __DUMMY__ 0.3246746174642897 off 0.2653522032384495	false	1.0
angreifen	neg 1.0		neg 0.41173165121788535 __DUMMY__ 0.3273377362851014 off 0.26093061249701327	false	1.0
inkonsistent	neg 1.0		neg 0.4065666951834933 __DUMMY__ 0.3259860450291201 off 0.26744725978738654	false	1.0
abrutschen	neg 1.0		neg 0.4116041099844101 __DUMMY__ 0.32960088293334744 off 0.2587950070822425	false	1.0
unsicher	neg 1.0		neg 0.4056300521088677 __DUMMY__ 0.32847740470162695 off 0.2658925431895055	false	1.0
bauernkind	off 1.0		neg 0.3980429768082484 __DUMMY__ 0.3240150920283457 off 0.27794193116340593	false	0.5
angreifer	neg 1.0		neg 0.40668727594136966 __DUMMY__ 0.32512128442103316 off 0.2681914396375972	false	1.0
trennen	neg 1.0		neg 0.4061494872043414 __DUMMY__ 0.33142953760306537 off 0.2624209751925932	false	1.0
schmutz	neg 1.0		neg 0.3960308078862984 __DUMMY__ 0.3306259032709376 off 0.27334328884276404	false	1.0
inkonsistenz	neg 1.0	neg 1.0	neg 0.6942518657427804 __DUMMY__ 0.15731548555133784 off 0.1484326487058817	false	1.0
erschreckend	neg 1.0		neg 0.4085419005485218 __DUMMY__ 0.32742949327489235 off 0.26402860617658597	false	1.0
ertrinken	neg 1.0		neg 0.4078205605195964 __DUMMY__ 0.3295039742948277 off 0.26267546518557594	false	1.0
pickelface	off 1.0		neg 0.40780092251227523 __DUMMY__ 0.32612072918373397 off 0.2660783483039908	false	0.5
seiner			neg 0.40986615807703053 __DUMMY__ 0.3286447310122893 off 0.26148911091068017	false	0.0
lauch	neg 1.0		neg 0.41189050455909715 __DUMMY__ 0.3284497395997279 off 0.25965975584117496	false	1.0
unwichtig	neg 1.0		neg 0.4028820018973974 __DUMMY__ 0.32681720945938225 off 0.2703007886432204	false	1.0
steuerhinterziehung	neg 1.0		neg 0.4120082725998715 __DUMMY__ 0.3245463235223984 off 0.26344540387773013	false	1.0
schock	neg 1.0		neg 0.4051570341536665 __DUMMY__ 0.3300217027295921 off 0.2648212631167415	false	1.0
beule	neg 1.0		neg 0.39844855505697446 __DUMMY__ 0.3287189052979865 off 0.27283253964503906	false	1.0
vergelten	neg 1.0		neg 0.3989261978268395 __DUMMY__ 0.3249421874068558 off 0.27613161476630477	false	1.0
verdorbenheit	neg 1.0	neg 1.0	neg 0.6923709248846448 __DUMMY__ 0.1593276715888473 off 0.14830140352650797	false	1.0
trauma	neg 1.0		neg 0.40495414479647135 __DUMMY__ 0.327383280705539 off 0.2676625744979895	false	1.0
sinnlos	neg 1.0		neg 0.4043414362611682 __DUMMY__ 0.32763151119333656 off 0.26802705254549525	false	1.0
fettsack	off 1.0	off 1.0	off 0.6230453459887927 neg 0.2203260418553823 __DUMMY__ 0.15662861215582513	false	1.0
feige	off 1.0		neg 0.4048974852993879 __DUMMY__ 0.32574481012117673 off 0.2693577045794355	false	0.5
abdanken	neg 1.0		neg 0.4131408373462062 __DUMMY__ 0.3236356292281224 off 0.26322353342567134	false	1.0
wichtigtuer	off 1.0	off 1.0	off 0.6174932941073642 neg 0.2252129993438991 __DUMMY__ 0.15729370654873673	false	1.0
misslingen	neg 1.0		neg 0.40156022412620934 __DUMMY__ 0.3294483162163186 off 0.26899145965747207	false	1.0
untreu	off 1.0		neg 0.40156178607505644 __DUMMY__ 0.32707433432452765 off 0.2713638796004158	false	0.5
missmutig	neg 1.0		neg 0.40063519025228866 __DUMMY__ 0.32877021417257246 off 0.27059459557513893	false	1.0
hurenbock	off 1.0		neg 0.40149909789038324 __DUMMY__ 0.3298640337877924 off 0.26863686832182443	false	0.5
betrunken	neg 1.0		neg 0.3978258952387933 __DUMMY__ 0.32836102595336814 off 0.2738130788078386	false	1.0
korrupt	off 1.0		neg 0.41470851914152007 __DUMMY__ 0.3238911149183038 off 0.2614003659401761	false	0.5
unmut	neg 1.0		neg 0.4130278010137037 __DUMMY__ 0.3281409845961727 off 0.2588312143901237	false	1.0
hackfresse	off 1.0		neg 0.3958377307467331 __DUMMY__ 0.3256011641614298 off 0.27856110509183707	false	0.5
aufblasen	neg 1.0		neg 0.4023786654704451 __DUMMY__ 0.32951832761694727 off 0.2681030069126075	false	1.0
gewaltsam	neg 1.0		neg 0.40956391476862286 __DUMMY__ 0.32481918866681575 off 0.26561689656456133	false	1.0
unbeliebtheit	neg 1.0		neg 0.408843535810609 __DUMMY__ 0.32110983775442575 off 0.2700466264349653	false	1.0
sturheit	neg 1.0		neg 0.41094891699638253 __DUMMY__ 0.32575220795912874 off 0.2632988750444886	false	1.0
kuh	neg 1.0		neg 0.40599899333693285 __DUMMY__ 0.32667259197055754 off 0.2673284146925097	false	1.0
erschrecken	neg 1.0		neg 0.401426975776923 __DUMMY__ 0.3284665198400003 off 0.27010650438307654	false	1.0
opfer	neg 1.0	neg 1.0	neg 0.6971393935834377 __DUMMY__ 0.15825178107523055 off 0.14460882534133168	false	1.0
sinken	neg 1.0		neg 0.41188560549426073 __DUMMY__ 0.3283419479519553 off 0.259772446553784	false	1.0
stinktier	neg 1.0		neg 0.3999580935736051 __DUMMY__ 0.32509736633329067 off 0.2749445400931042	false	1.0
tucke	off 1.0		neg 0.3950929748032639 __DUMMY__ 0.32571994319614733 off 0.27918708200058867	false	0.5
ein			neg 0.4011832386676049 __DUMMY__ 0.3308549081594413 off 0.26796185317295396	false	0.0
abstieg	neg 1.0		neg 0.4102398256990613 __DUMMY__ 0.3264709721131779 off 0.2632892021877608	false	1.0
missverstehen	neg 1.0		neg 0.40688261854445873 __DUMMY__ 0.3260398310138161 off 0.26707755044172504	false	1.0
ergebnislos	neg 1.0		neg 0.4099867364613408 __DUMMY__ 0.32701630324712255 off 0.2629969602915365	false	1.0
unter			neg 0.4107683069351628 __DUMMY__ 0.3328632133115416 off 0.2563684797532955	false	0.0
manipulieren	neg 1.0		neg 0.41255378747239085 __DUMMY__ 0.3270055029600288 off 0.26044070956758036	false	1.0
unbewiesen	neg 1.0		neg 0.41469334576572237 __DUMMY__ 0.3220746513374613 off 0.26323200289681636	false	1.0
verschleppen	neg 1.0		neg 0.41151977753499946 __DUMMY__ 0.3262177906727866 off 0.26226243179221387	false	1.0
weib	off 1.0		neg 0.3948406575775968 __DUMMY__ 0.32520786721671663 off 0.27995147520568653	false	0.5
opposition	neg 1.0		neg 0.4094022904065868 __DUMMY__ 0.3243046008772981 off 0.26629310871611517	false	1.0
verkehrswidrig	neg 1.0		neg 0.39526581943977807 __DUMMY__ 0.3273517318386454 off 0.27738244872157647	false	1.0
inkorrekt	neg 1.0		neg 0.4068201416938667 __DUMMY__ 0.3233225802118043 off 0.2698572780943291	false	1.0
vermeiden	neg 1.0		neg 0.4111070368862538 __DUMMY__ 0.33085498701182536 off 0.25803797610192086	false	1.0
abweichung	neg 1.0		neg 0.4147348954980991 __DUMMY__ 0.324022030451688 off 0.2612430740502129	false	1.0
alkoholisiert	neg 1.0		neg 0.40685784648774925 __DUMMY__ 0.3291478664313073 off 0.26399428708094347	false	1.0
scheiss	off 1.0	off 1.0	off 0.6208449104575534 neg 0.22106063276012963 __DUMMY__ 0.1580944567823169	false	1.0
herausforderung	neg 1.0		neg 0.4038164358358908 __DUMMY__ 0.33133617919249103 off 0.2648473849716183	false	1.0
pervers	off 1.0		neg 0.3924348494705397 __DUMMY__ 0.3247360568909579 off 0.2828290936385024	false	0.5
wackelig	neg 1.0		neg 0.4032459379299643 __DUMMY__ 0.33169555652281885 off 0.26505850554721677	false	1.0
verwickeln	neg 1.0		neg 0.40622611503373224 __DUMMY__ 0.3267005936692426 off 0.2670732912970252	false	1.0
vorwand	neg 1.0		neg 0.41324943570301087 __DUMMY__ 0.3273965371765358 off 0.2593540271204534	false	1.0
muschi	off 1.0		neg 0.4079181108219653 __DUMMY__ 0.326353794030241 off 0.2657280951477937	false	0.5
entmutigung	neg 1.0		neg 0.4136080834621225 __DUMMY__ 0.32099502896602694 off 0.26539688757185054	false	1.0
unangemessen	neg 1.0		neg 0.4120104094136599 __DUMMY__ 0.3258595865406817 off 0.26213000404565845	false	1.0
unstetig	neg 1.0		neg 0.40506794284256886 __DUMMY__ 0.3258161693266297 off 0.2691158878308016	false	1.0
entmutigen	neg 1.0		neg 0.40493940597848604 __DUMMY__ 0.32805972265001243 off 0.2670008713715016	false	1.0
schwanz	neg 1.0		neg 0.40892350374503333 __DUMMY__ 0.3274343816691384 off 0.2636421145858282	false	1.0
verbot	neg 1.0		neg 0.41321647910154624 __DUMMY__ 0.3244375110906019 off 0.2623460098078518	false	1.0
leid	neg 1.0		neg 0.39758445993581104 __DUMMY__ 0.32587940879426186 off 0.2765361312699272	false	1.0
archaisch	neg 1.0		neg 0.41050762833533344 __DUMMY__ 0.3264505923939932 off 0.26304177927067346	false	1.0
gegen			neg 0.41258475277662027 __DUMMY__ 0.3274099741621717 off 0.2600052730612082	false	0.0
scheidung	neg 1.0	neg 1.0	neg 0.6822293060774919 off 0.16113546782720212 __DUMMY__ 0.15663522609530595	false	1.0
einschlag	neg 1.0		neg 0.39795785557194185 __DUMMY__ 0.3259627294591661 off 0.276079414968892	false	1.0
m			neg 0.4057454217193357 __DUMMY__ 0.3291367450210424 off 0.26511783325962196	false	0.0
abgestanden	neg 1.0		neg 0.4046629094782656 __DUMMY__ 0.32893476059063775 off 0.26640232993109664	false	1.0
schmierig	off 1.0		neg 0.3976783753235911 __DUMMY__ 0.32666665560526087 off 0.27565496907114806	false	0.5
unpraktisch	neg 1.0		neg 0.4020568525187923 __DUMMY__ 0.3297718900285369 off 0.26817125745267095	false	1.0
wixxer	off 1.0		neg 0.39384267137944534 __DUMMY__ 0.32368729113443834 off 0.2824700374861163	false	0.5
bezeichnet			neg 0.4095511607660695 __DUMMY__ 0.32627999229391935 off 0.26416884694001114	false	0.0
jammerlappen	off 1.0		neg 0.4020037156192694 __DUMMY__ 0.32737472457659805 off 0.2706215598041325	false	0.5
farce	neg 1.0		neg 0.4156064623573463 __DUMMY__ 0.3225450694958239 off 0.26184846814682994	false	1.0
zwecklos	neg 1.0		neg 0.41125365243081236 __DUMMY__ 0.32662012529219114 off 0.26212622227699645	false	1.0
turbulent	neg 1.0		neg 0.4010640843903993 __DUMMY__ 0.32508302774047815 off 0.27385288786912265	false	1.0
invasion	neg 1.0		neg 0.40151622149657473 __DUMMY__ 0.3285318575498459 off 0.2699519209535792	false	1.0
schuld	neg 1.0		neg 0.4066979779433494 __DUMMY__ 0.32707975465811945 off 0.266222267398531	false	1.0
risiko	neg 1.0		neg 0.40052093619751566 __DUMMY__ 0.3290992024423369 off 0.27037986136014747	false	1.0
finster	neg 1.0		neg 0.4024089049101515 __DUMMY__ 0.33013124977869435 off 0.2674598453111542	false	1.0
geisteskrank	off 1.0		neg 0.40432795317294146 __DUMMY__ 0.3246115165974492 off 0.2710605302296093	false	0.5
zusammenbrechen	neg 1.0		neg 0.40681824916197906 __DUMMY__ 0.3287367195416704 off 0.26444503129635066	false	1.0
ausbeute	neg 1.0		neg 0.4050802958088021 __DUMMY__ 0.3306030297324673 off 0.26431667445873064	false	1.0
hinterhalt	neg 1.0		neg 0.40585202972485385 __DUMMY__ 0.32727536643636684 off 0.2668726038387793	false	1.0
kritik	neg 1.0		neg 0.4142991251002006 __DUMMY__ 0.32341176061958105 off 0.2622891142802183	false	1.0
einschrumpfen	neg 1.0		neg 0.40792451033582217 __DUMMY__ 0.3237591599342019 off 0.26831632972997604	false	1.0
riskant	neg 1.0		neg 0.4102482227819212 __DUMMY__ 0.32818095179751233 off 0.2615708254205666	false	1.0
frustrieren	neg 1.0		neg 0.4109021121281936 __DUMMY__ 0.32777724404850533 off 0.26132064382330106	false	1.0
groll	neg 1.0		neg 0.4107501014853767 __DUMMY__ 0.32679513210946864 off 0.2624547664051547	false	1.0
gibt			neg 0.4081719115736673 __DUMMY__ 0.3281162826860224 off 0.2637118057403103	false	0.0
qualvoll	neg 1.0		neg 0.40229637500744575 __DUMMY__ 0.3287706962061192 off 0.2689329287864351	false	1.0
wackeln	neg 1.0		neg 0.4016346642200241 __DUMMY__ 0.3304455963469656 off 0.26791973943301023	false	1.0
klagen	neg 1.0		neg 0.41450235592786483 __DUMMY__ 0.32667411420242726 off 0.25882352986970797	false	1.0
bankrott	neg 1.0		neg 0.39976874646087984 __DUMMY__ 0.32847233626431743 off 0.2717589172748028	false	1.0
trauern	neg 1.0		neg 0.4099071646370704 __DUMMY__ 0.3282017525380093 off 0.2618910828249202	false	1.0
ablehnung	neg 1.0	neg 1.0	neg 0.6986270973368721 __DUMMY__ 0.15630411036387593 off 0.14506879229925188	false	1.0
stur	neg 1.0		neg 0.4059893752726861 __DUMMY__ 0.327258572909694 off 0.2667520518176198	false	1.0
aufruhr	neg 1.0		neg 0.4103981198600048 __DUMMY__ 0.324629132143343 off 0.2649727479966523	false	1.0
melancholie	neg 1.0		neg 0.4042826491343184 __DUMMY__ 0.33091271356213925 off 0.2648046373035422	false	1.0
ist			neg 0.4050843104656105 __DUMMY__ 0.3276409136711378 off 0.26727477586325166	false	0.0
torheit	neg 1.0		neg 0.4111531466195388 __DUMMY__ 0.32370706018525414 off 0.26513979319520714	false	1.0
dreckskind	off 1.0		neg 0.40073499190740597 __DUMMY__ 0.32309847003731385 off 0.2761665380552802	false	0.5
umtauschen	neg 1.0		neg 0.4037764876582843 __DUMMY__ 0.3298185215317357 off 0.26640499080997987	false	1.0
zum			neg 0.4062592076010948 __DUMMY__ 0.3335401725731171 off 0.260200619825788	false	0.0
zersetzen	neg 1.0		neg 0.4131783568386539 __DUMMY__ 0.32698153875681685 off 0.2598401044045293	false	1.0
zur			neg 0.41238720648156457 __DUMMY__ 0.32967998592805664 off 0.25793280759037873	false	0.0
frust	neg 1.0		neg 0.4070365430227734 __DUMMY__ 0.32873331532676237 off 0.26423014165046405	false	1.0
unerbittlichkeit	neg 1.0		neg 0.4124258636878259 __DUMMY__ 0.32679236300954106 off 0.2607817733026329	false	1.0
zwei			neg 0.406491393161649 __DUMMY__ 0.33216323235274753 off 0.26134537448560347	false	0.0
unkorrekt	neg 1.0		neg 0.40448468787855657 __DUMMY__ 0.32424132206441025 off 0.27127399005703323	false	1.0
hexe	off 1.0		neg 0.4013340782969634 __DUMMY__ 0.32727402565609404 off 0.2713918960469424	false	0.5
lasch	neg 1.0		neg 0.40572950353990744 __DUMMY__ 0.32589548614462005 off 0.2683750103154725	false	1.0
rivale	neg 1.0		neg 0.3993946232674262 __DUMMY__ 0.3255012924509106 off 0.2751040842816633	false	1.0
mutlos	off 1.0	off 1.0	off 0.6143487336998588 neg 0.22842985651629735 __DUMMY__ 0.15722140978384386	false	1.0
wirr	off 1.0		neg 0.4027143324883074 __DUMMY__ 0.32423948761493404 off 0.2730461798967585	false	0.5
jahr			neg 0.40523793382327344 __DUMMY__ 0.33131149916089736 off 0.26345056701582925	false	0.0
wird			neg 0.4090700057505722 __DUMMY__ 0.3284595362629474 off 0.26247045798648055	false	0.0
strafbar	neg 1.0		neg 0.41375557854481493 __DUMMY__ 0.32567627503526164 off 0.2605681464199234	false	1.0
erosion	neg 1.0		neg 0.4023332508648887 __DUMMY__ 0.3291940191296071 off 0.2684727300055042	false	1.0
eingehen	neg 1.0		neg 0.4107719347846344 __DUMMY__ 0.3271675260463294 off 0.2620605391690362	false	1.0
faul	off 1.0		neg 0.3995291179785781 __DUMMY__ 0.3291877111823004 off 0.2712831708391215	false	0.5
provisorium	neg 1.0		neg 0.4130286496093339 __DUMMY__ 0.3317814749384308 off 0.25518987545223526	false	1.0
schmerzen	neg 1.0		neg 0.4052649293267117 __DUMMY__ 0.3294265104956877 off 0.2653085601776006	false	1.0
schrumpfen	neg 1.0		neg 0.41341110631980793 __DUMMY__ 0.3293852738688391 off 0.2572036198113528	false	1.0
geistlos	off 1.0		neg 0.4113915089288175 __DUMMY__ 0.32251882574781987 off 0.26608966532336253	false	0.5
fehlkauf	neg 1.0		neg 0.4053595351903697 __DUMMY__ 0.3262379711002904 off 0.2684024937093399	false	1.0
frustrierend	neg 1.0	neg 1.0	neg 0.6926515613778399 __DUMMY__ 0.15835527115698808 off 0.148993167465172	false	1.0
unzufrieden	neg 1.0		neg 0.40981138679356016 __DUMMY__ 0.32751453402816766 off 0.26267407917827224	false	1.0
verzweifeln	neg 1.0		neg 0.40604002608124934 __DUMMY__ 0.3286290546935545 off 0.265330919225196	false	1.0
verzweifelt	neg 1.0		neg 0.4052841856471205 __DUMMY__ 0.3277487009243179 off 0.2669671134285616	false	1.0
misstrauensantrag	neg 1.0		neg 0.4059963431908888 __DUMMY__ 0.32582367710153326 off 0.26817997970757795	false	1.0
abfallen	neg 1.0		neg 0.4009829149215448 __DUMMY__ 0.33077811846989386 off 0.2682389666085613	false	1.0
fucker	off 1.0		neg 0.40031218835463334 __DUMMY__ 0.32582275196594307 off 0.2738650596794236	false	0.5
ungezogen	neg 1.0		neg 0.39336892151263414 __DUMMY__ 0.3259935170941679 off 0.28063756139319807	false	1.0
irrsinnig	neg 1.0	neg 1.0	neg 0.6950110048922217 __DUMMY__ 0.1579164988299262 off 0.14707249627785215	false	1.0
unfassbar	neg 1.0		neg 0.40180485119859 __DUMMY__ 0.3271459683761847 off 0.2710491804252254	false	1.0
hart	neg 1.0		neg 0.4037263696909731 __DUMMY__ 0.32568842931974884 off 0.2705852009892779	false	1.0
widerlich	off 1.0		neg 0.4029042497058313 __DUMMY__ 0.3257996406801028 off 0.27129610961406603	false	0.5
fatal	neg 1.0		neg 0.40483119220785624 __DUMMY__ 0.32665131726870944 off 0.26851749052343427	false	1.0
bruch	neg 1.0		neg 0.4154652317600324 __DUMMY__ 0.32635308224117765 off 0.25818168599879	false	1.0
aushungern	neg 1.0		neg 0.41171160905276455 __DUMMY__ 0.32409690079547754 off 0.26419149015175797	false	1.0
anspannung	neg 1.0		neg 0.4101353221837565 __DUMMY__ 0.330484048102545 off 0.25938062971369863	false	1.0
von			neg 0.40620364983421114 __DUMMY__ 0.3313626291097434 off 0.2624337210560454	false	0.0
kraftlos	neg 1.0		neg 0.4050990869992672 __DUMMY__ 0.3307684610783937 off 0.26413245192233903	false	1.0
vom			neg 0.40968026757127646 __DUMMY__ 0.33302900670448965 off 0.25729072572423384	false	0.0
grenzdebil	off 1.0		neg 0.3999592322493115 __DUMMY__ 0.32752209214421496 off 0.27251867560647347	false	0.5
vor			neg 0.40949312267673965 __DUMMY__ 0.3300907347222802 off 0.2604161426009802	false	0.0
unterwerfen	neg 1.0		neg 0.4117250712958872 __DUMMY__ 0.32681709842209705 off 0.2614578302820158	false	1.0
versenkung	neg 1.0		neg 0.41082782316805805 __DUMMY__ 0.32777090028303757 off 0.2614012765489044	false	1.0
entziehen	neg 1.0		neg 0.41327352966185815 __DUMMY__ 0.3277706975354038 off 0.258955772802738	false	1.0
finanzkrise	neg 1.0		neg 0.41230956605613356 __DUMMY__ 0.3239520629431989 off 0.26373837100066755	false	1.0
schimpfend	neg 1.0		neg 0.39880032754407496 __DUMMY__ 0.33157433288172006 off 0.269625339574205	false	1.0
profan	neg 1.0		neg 0.4037560037457303 __DUMMY__ 0.32799379491476793 off 0.2682502013395019	false	1.0
korruption	neg 1.0		neg 0.41403531107663816 __DUMMY__ 0.324224598784341 off 0.2617400901390208	false	1.0
â			neg 0.4072953074956579 __DUMMY__ 0.3288089292536018 off 0.2638957632507403	false	0.0
schmutzig	neg 1.0		neg 0.3979543588138304 __DUMMY__ 0.32918186279872463 off 0.2728637783874449	false	1.0
sexy	neg 1.0		neg 0.4016386994646422 __DUMMY__ 0.3276826576883043 off 0.2706786428470535	false	1.0
abraten	neg 1.0		neg 0.40375554952730386 __DUMMY__ 0.3286689361418435 off 0.2675755143308526	false	1.0
schwarz	neg 1.0		neg 0.4051500153775811 __DUMMY__ 0.3270739475603635 off 0.2677760370620553	false	1.0
fotze	off 1.0		neg 0.40979977957995356 __DUMMY__ 0.326521450756243 off 0.2636787696638036	false	0.5
verwirren	neg 1.0		neg 0.4031334233231723 __DUMMY__ 0.3278015900569651 off 0.26906498661986267	false	1.0
zahnlos	off 1.0		neg 0.410808517294414 __DUMMY__ 0.32662515371917716 off 0.262566328986409	false	0.5
verheeren	neg 1.0		neg 0.3963674444275297 __DUMMY__ 0.32257767994340675 off 0.28105487562906345	false	1.0
hippie	neg 1.0		neg 0.4024412636877496 __DUMMY__ 0.3273322619535708 off 0.2702264743586796	false	1.0
rammen	neg 1.0		neg 0.4025046334491184 __DUMMY__ 0.32814901722956324 off 0.2693463493213184	false	1.0
unlauter	neg 1.0	neg 1.0	neg 0.6950742013913878 __DUMMY__ 0.15708078753960425 off 0.14784501106900805	false	1.0
unheilvoll	neg 1.0		neg 0.40317635513587413 __DUMMY__ 0.3284882821444354 off 0.26833536271969044	false	1.0
niedrig	neg 1.0		neg 0.409592326357207 __DUMMY__ 0.3275996275361571 off 0.26280804610663583	false	1.0
explosion	neg 1.0		neg 0.40191624807412696 __DUMMY__ 0.3280739438068858 off 0.27000980811898717	false	1.0
weichei	off 1.0		neg 0.39697511079772696 __DUMMY__ 0.32572625626326196 off 0.27729863293901097	false	0.5
minusmensch	off 1.0		neg 0.3972370349673755 __DUMMY__ 0.32209400375355707 off 0.28066896127906743	false	0.5
farblos	neg 1.0		neg 0.4071775185869574 __DUMMY__ 0.32652486400913033 off 0.2662976174039121	false	1.0
unwissend	neg 1.0	neg 1.0	neg 0.6928966523947693 __DUMMY__ 0.15753291903070718 off 0.14957042857452363	false	1.0
traurig	neg 1.0		neg 0.3979959130230097 __DUMMY__ 0.32751857469417955 off 0.27448551228281076	false	1.0
senkung	neg 1.0		neg 0.4046797075065843 __DUMMY__ 0.32640191825458953 off 0.2689183742388263	false	1.0
ungleich	neg 1.0	neg 1.0	neg 0.698171396844421 __DUMMY__ 0.15762800760938495 off 0.14420059554619408	false	1.0
heikel	neg 1.0		neg 0.4120902269342881 __DUMMY__ 0.32768289930763295 off 0.260226873758079	false	1.0
drosselung	neg 1.0		neg 0.3972294265155344 __DUMMY__ 0.32771726949034385 off 0.27505330399412176	false	1.0
falsch	neg 1.0		neg 0.40311236708923986 __DUMMY__ 0.32711615067698624 off 0.2697714822337739	false	1.0
unzufriedenheit	neg 1.0		neg 0.4128844098419853 __DUMMY__ 0.3272886149327729 off 0.25982697522524173	false	1.0
kurz	neg 1.0		neg 0.4042438142927104 __DUMMY__ 0.3304774473561888 off 0.26527873835110094	false	1.0
unsinnig	neg 1.0		neg 0.4095752647417785 __DUMMY__ 0.3272940869932957 off 0.2631306482649258	false	1.0
penner	off 1.0	off 1.0	off 0.624522341791208 neg 0.21808572733716441 __DUMMY__ 0.1573919308716275	false	1.0
seicht	neg 1.0		neg 0.3976916409332785 __DUMMY__ 0.3234688821082655 off 0.278839476958456	false	1.0
dummheit	off 1.0	off 1.0	off 0.6179362668776817 neg 0.22479116705945312 __DUMMY__ 0.15727256606286527	false	1.0
unerfreulich	neg 1.0		neg 0.41135961121969966 __DUMMY__ 0.3285836330219629 off 0.26005675575833737	false	1.0
motherfucker	off 1.0	off 1.0	off 0.6213835349035077 neg 0.22143167001775887 __DUMMY__ 0.15718479507873337	false	1.0
pikiert	neg 1.0		neg 0.4038012568369036 __DUMMY__ 0.32613691978935955 off 0.2700618233737369	false	1.0
wrack	neg 1.0		neg 0.4072924472964785 __DUMMY__ 0.328700485499362 off 0.2640070672041597	false	1.0
gangster	neg 1.0		neg 0.4034874612068919 __DUMMY__ 0.3272657874646742 off 0.26924675132843384	false	1.0
krank	neg 1.0		neg 0.39771616759297457 __DUMMY__ 0.3290116691235826 off 0.27327216328344284	false	1.0
reich	neg 1.0		neg 0.40787240488921067 __DUMMY__ 0.322556898768692 off 0.2695706963420974	false	1.0
gnadenlos	neg 1.0		neg 0.4054246919940984 __DUMMY__ 0.32776038616930775 off 0.2668149218365937	false	1.0
niedergeschlagen	neg 1.0		neg 0.4067850266696192 __DUMMY__ 0.3287020585925585 off 0.2645129147378224	false	1.0
terrorisieren	off 1.0	off 1.0	off 0.6146685321636904 neg 0.22703692216324228 __DUMMY__ 0.15829454567306733	false	1.0
sinnlosigkeit	neg 1.0		neg 0.4103413474610016 __DUMMY__ 0.3268995014315823 off 0.26275915110741604	false	1.0
behindern	neg 1.0		neg 0.4046302687222037 __DUMMY__ 0.3290024903982871 off 0.2663672408795092	false	1.0
undemokratisch	neg 1.0		neg 0.4112571456062741 __DUMMY__ 0.323491418789109 off 0.26525143560461695	false	1.0
wirtschaftskrise	neg 1.0		neg 0.4122567571486934 __DUMMY__ 0.3253922887117098 off 0.2623509541395967	false	1.0
neid	neg 1.0		neg 0.40053264672644134 __DUMMY__ 0.32907812246879814 off 0.2703892308047605	false	1.0
rutschen	neg 1.0		neg 0.4059563650230718 __DUMMY__ 0.33364252062076827 off 0.2604011143561599	false	1.0
rezession	neg 1.0		neg 0.4026815538273408 __DUMMY__ 0.3229830098192552 off 0.27433543635340407	false	1.0
fehlgeburt	neg 1.0		neg 0.40582159570008364 __DUMMY__ 0.32764415829435783 off 0.26653424600555853	false	1.0
charakterschwach	off 1.0		neg 0.4027414093601792 __DUMMY__ 0.326014948211206 off 0.2712436424286148	false	0.5
isolation	neg 1.0		neg 0.4001673837255222 __DUMMY__ 0.3278906308126284 off 0.27194198546184944	false	1.0
ablenkung	neg 1.0		neg 0.4040003903687746 __DUMMY__ 0.329202295882172 off 0.26679731374905324	false	1.0
pech	neg 1.0		neg 0.4020685496508755 __DUMMY__ 0.32835457865194234 off 0.26957687169718214	false	1.0
vermeidung	neg 1.0		neg 0.39770885238868275 __DUMMY__ 0.3283010891119391 off 0.2739900584993782	false	1.0
dominieren	neg 1.0		neg 0.40763352054728386 __DUMMY__ 0.3278151916984189 off 0.2645512877542972	false	1.0
schwindlig	neg 1.0		neg 0.39998516071821144 __DUMMY__ 0.32994833395308226 off 0.2700665053287064	false	1.0
lutscher	neg 1.0		neg 0.3957568488660471 __DUMMY__ 0.32406132487148004 off 0.2801818262624728	false	1.0
pflicht	neg 1.0		neg 0.41228731675314 __DUMMY__ 0.3276492840660845 off 0.2600633991807754	false	1.0
faschist	off 1.0		neg 0.40979704586751764 __DUMMY__ 0.3236678271550949 off 0.26653512697738757	false	0.5
verschleudern	neg 1.0		neg 0.41231277012063233 __DUMMY__ 0.32580382372021977 off 0.26188340615914785	false	1.0
wenn			neg 0.4023711799254429 __DUMMY__ 0.327583610704063 off 0.2700452093704939	false	0.0
ehebruch	neg 1.0		neg 0.41287451414944903 __DUMMY__ 0.32581184355486476 off 0.26131364229568615	false	1.0
spott	off 1.0		neg 0.4127799586395359 __DUMMY__ 0.32629896516811346 off 0.26092107619235066	false	0.5
trostlosigkeit	neg 1.0		neg 0.4160152833959934 __DUMMY__ 0.3250994381824876 off 0.2588852784215191	false	1.0
lutschen	neg 1.0		neg 0.40471426557604967 __DUMMY__ 0.3253517592757485 off 0.26993397514820167	false	1.0
undiszipliniert	neg 1.0		neg 0.4000027190966408 __DUMMY__ 0.3267096221095582 off 0.273287658793801	false	1.0
kopfschmerz	neg 1.0		neg 0.405491274881988 __DUMMY__ 0.3287919247139755 off 0.2657168004040365	false	1.0
unvorhergesehen	neg 1.0		neg 0.4034055458882088 __DUMMY__ 0.3311810609720269 off 0.2654133931397643	false	1.0
desinteressiert	neg 1.0		neg 0.4011622135281906 __DUMMY__ 0.3261267533517649 off 0.2727110331200446	false	1.0
armselig	off 1.0		neg 0.40161906672584236 __DUMMY__ 0.3251298241014258 off 0.2732511091727318	false	0.5
desaster	neg 1.0		neg 0.41618004153073607 __DUMMY__ 0.32615669548274506 off 0.25766326298651887	false	1.0
tod	neg 1.0		neg 0.4154889222655079 __DUMMY__ 0.3243716357046772 off 0.260139442029815	false	1.0
herzlos	neg 1.0		neg 0.3982443936764251 __DUMMY__ 0.3268679742155888 off 0.27488763210798606	false	1.0
unwissenheit	neg 1.0		neg 0.41182885128345964 __DUMMY__ 0.3259861291554013 off 0.26218501956113904	false	1.0
widersinnig	neg 1.0		neg 0.41341471833251475 __DUMMY__ 0.3240115293574969 off 0.2625737523099884	false	1.0
bedenklich	neg 1.0		neg 0.41131285176269744 __DUMMY__ 0.3274307192481907 off 0.2612564289891119	false	1.0
beanstanden	neg 1.0		neg 0.4124588311411067 __DUMMY__ 0.3278071689902869 off 0.25973399986860646	false	1.0
panisch	neg 1.0	neg 1.0	neg 0.6907816719296938 __DUMMY__ 0.1601716035699862 off 0.14904672450032008	false	1.0
debil	off 1.0		neg 0.4142719986777913 __DUMMY__ 0.3286285787780738 off 0.25709942254413487	false	0.5
abstrich	neg 1.0		neg 0.40266095808931884 __DUMMY__ 0.3300424190854911 off 0.26729662282519007	false	1.0
primitiv	neg 1.0		neg 0.4023341252493142 __DUMMY__ 0.32573728811908587 off 0.2719285866315999	false	1.0
abschaum	off 1.0	off 1.0	off 0.6192863081180663 neg 0.22379044173771015 __DUMMY__ 0.15692325014422356	false	1.0
provozieren	neg 1.0		neg 0.4083280257542172 __DUMMY__ 0.326332053338863 off 0.2653399209069198	false	1.0
tot	neg 1.0		neg 0.407824635320741 __DUMMY__ 0.3274158749384144 off 0.2647594897408446	false	1.0
instabil	neg 1.0		neg 0.401270715472347 __DUMMY__ 0.3244355750678781 off 0.2742937094597748	false	1.0
schwuchtel	off 1.0		neg 0.39308214087568727 __DUMMY__ 0.3218779845443465 off 0.2850398745799662	false	0.5
zerren	neg 1.0		neg 0.4066853063108034 __DUMMY__ 0.3288310209765854 off 0.2644836727126112	false	1.0
kinderficker	off 1.0		neg 0.40055708409464325 __DUMMY__ 0.32412269453559034 off 0.27532022136976636	false	0.5
gefahr	neg 1.0		neg 0.4116376126660446 __DUMMY__ 0.326745178138077 off 0.2616172091958784	false	1.0
rabiat	neg 1.0		neg 0.4065033527895713 __DUMMY__ 0.32773677861220585 off 0.2657598685982229	false	1.0
verlangsamung	neg 1.0		neg 0.399529997371614 __DUMMY__ 0.32261806799816245 off 0.27785193463022356	false	1.0
ausgestorben	neg 1.0		neg 0.40686431040773013 __DUMMY__ 0.3286279672066194 off 0.26450772238565046	false	1.0
anklagen	neg 1.0		neg 0.4101303214656025 __DUMMY__ 0.3256503242602845 off 0.264219354274113	false	1.0
trott	neg 1.0		neg 0.40525381988020626 __DUMMY__ 0.3284820444706483 off 0.2662641356491455	false	1.0
verminderung	neg 1.0		neg 0.3994516428148626 __DUMMY__ 0.32660289108237117 off 0.27394546610276616	false	1.0
nach			neg 0.40895283369377305 __DUMMY__ 0.3318687815138733 off 0.2591783847923536	false	0.0
rost	neg 1.0		neg 0.39700465673508273 __DUMMY__ 0.324026509433031 off 0.27896883383188625	false	1.0
destruktiv	neg 1.0	neg 1.0	neg 0.6971791625912531 __DUMMY__ 0.15713869486777707 off 0.14568214254096984	false	1.0
unzumutbarkeit	neg 1.0		neg 0.39939063885671017 __DUMMY__ 0.32722998572254774 off 0.27337937542074214	false	1.0
labil	off 1.0	off 1.0	off 0.6201265899724967 neg 0.2226483988538011 __DUMMY__ 0.15722501117370224	false	1.0
ziemlich	neg 1.0		neg 0.4004724130013842 __DUMMY__ 0.32754912678751785 off 0.27197846021109784	false	1.0
lachnummer	off 1.0		neg 0.4103299848770256 __DUMMY__ 0.3258834709297634 off 0.2637865441932112	false	0.5
oder			neg 0.40403194230631395 __DUMMY__ 0.3294519980577209 off 0.26651605963596525	false	0.0
verfall	neg 1.0		neg 0.4146867017757753 __DUMMY__ 0.3285154257977793 off 0.2567978724264454	false	1.0
ausgrenzung	neg 1.0		neg 0.40980637829320243 __DUMMY__ 0.3238776891256317 off 0.26631593258116587	false	1.0
unordnung	neg 1.0		neg 0.3991461034566481 __DUMMY__ 0.32526800569865744 off 0.2755858908446945	false	1.0
fehlverhalten	neg 1.0		neg 0.4128712953571071 __DUMMY__ 0.3264357353095826 off 0.2606929693333104	false	1.0
eine			neg 0.40949616793683213 __DUMMY__ 0.32983945217827243 off 0.26066437988489544	false	0.0
nille	neg 1.0		neg 0.4091532252462606 __DUMMY__ 0.3257465448637559 off 0.2651002298899834	false	1.0
qual	neg 1.0		neg 0.4057653252598673 __DUMMY__ 0.3282122366806738 off 0.2660224380594589	false	1.0
verschwenden	neg 1.0		neg 0.4097537936514265 __DUMMY__ 0.32832147486077756 off 0.2619247314877958	false	1.0
riesig	neg 1.0		neg 0.4074161593033256 __DUMMY__ 0.3277834969537249 off 0.2648003437429494	false	1.0
verurteilen	neg 1.0		neg 0.41251187693085356 __DUMMY__ 0.3254100527645638 off 0.2620780703045827	false	1.0
klischee	neg 1.0	neg 1.0	neg 0.6943979607713873 __DUMMY__ 0.15720654647405743 off 0.14839549275455532	false	1.0
diktatorisch	neg 1.0		neg 0.41285257200217396 __DUMMY__ 0.32252433403789144 off 0.26462309395993455	false	1.0
vorhersehbar	neg 1.0		neg 0.4075432999128712 __DUMMY__ 0.32554587265027896 off 0.26691082743684974	false	1.0
sowie			neg 0.39928419918158997 __DUMMY__ 0.32378183093808194 off 0.2769339698803281	false	0.0
stornieren	neg 1.0		neg 0.40059806013690186 __DUMMY__ 0.3294820842312314 off 0.26991985563186693	false	1.0
besteuerung	neg 1.0		neg 0.40652153935730334 __DUMMY__ 0.3265396185396206 off 0.26693884210307606	false	1.0
ungeschminkt	neg 1.0		neg 0.40120805835027407 __DUMMY__ 0.3265932144748695 off 0.2721987271748563	false	1.0
kritisch	neg 1.0		neg 0.41267582985232476 __DUMMY__ 0.32633918894112657 off 0.2609849812065486	false	1.0
schlamperei	off 1.0		neg 0.41296396089443405 __DUMMY__ 0.3257051454090198 off 0.2613308936965462	false	0.5
sucht	neg 1.0	neg 1.0	neg 0.69071603386871 __DUMMY__ 0.15981459212386812 off 0.14946937400742188	false	1.0
egoistisch	off 1.0		neg 0.3976643397293747 __DUMMY__ 0.32545590765993143 off 0.27687975261069386	false	0.5
ausbeuter	off 1.0		neg 0.4145839989170401 __DUMMY__ 0.32562166630442035 off 0.2597943347785395	false	0.5
arschgeburt	off 1.0		neg 0.39324149329905184 __DUMMY__ 0.3218781934827598 off 0.2848803132181884	false	0.5
schubs	neg 1.0	neg 1.0	neg 0.6938799416790973 __DUMMY__ 0.15992311330606357 off 0.14619694501483915	false	1.0
unsolide	neg 1.0		neg 0.4112544720214335 __DUMMY__ 0.3210733072264143 off 0.2676722207521522	false	1.0
beschwerde	neg 1.0		neg 0.4109851134231215 __DUMMY__ 0.32634308747704427 off 0.26267179909983435	false	1.0
stocken	neg 1.0		neg 0.4093707267424351 __DUMMY__ 0.3277891198941493 off 0.2628401533634157	false	1.0
isolieren	neg 1.0		neg 0.40518810992387083 __DUMMY__ 0.32904842740161977 off 0.2657634626745094	false	1.0
unheilbar	neg 1.0		neg 0.40762205347437064 __DUMMY__ 0.32660908380289866 off 0.26576886272273065	false	1.0
pisser	off 1.0		neg 0.400964288571119 __DUMMY__ 0.3246618828169394 off 0.27437382861194165	false	0.5
löschen	neg 1.0		neg 0.4057898077550907 __DUMMY__ 0.3272077985126524 off 0.267002393732257	false	1.0
durchfallen	neg 1.0		neg 0.41061195380124316 __DUMMY__ 0.327495219800332 off 0.2618928263984249	false	1.0
wichser	off 1.0		neg 0.39335328222066496 __DUMMY__ 0.32473863218355153 off 0.28190808559578356	false	0.5
terror	neg 1.0		neg 0.4001735656084805 __DUMMY__ 0.3289001851522352 off 0.27092624923928443	false	1.0
krass	neg 1.0		neg 0.39808561192277225 __DUMMY__ 0.32661057535413296 off 0.2753038127230948	false	1.0
revolte	neg 1.0	neg 1.0	neg 0.6970953457336118 __DUMMY__ 0.15534704966902807 off 0.14755760459736011	false	1.0
besorgt	neg 1.0		neg 0.40364441169597637 __DUMMY__ 0.33080507434463563 off 0.265550513959388	false	1.0
nachlassen	neg 1.0		neg 0.4076431746432542 __DUMMY__ 0.32855663724169676 off 0.263800188115049	false	1.0
alt	neg 1.0		neg 0.4073667857746393 __DUMMY__ 0.3300329164195795 off 0.26260029780578126	false	1.0
hundesohn	off 1.0		neg 0.39697825732723724 __DUMMY__ 0.32292054796394765 off 0.2801011947088151	false	0.5
als			neg 0.406980749504828 __DUMMY__ 0.3292068943185194 off 0.26381235617665255	false	0.0
abschreckung	neg 1.0		neg 0.41440640470686957 __DUMMY__ 0.32644081506758815 off 0.2591527802255422	false	1.0
unqualifiziert	neg 1.0	neg 1.0	neg 0.6948422696372808 __DUMMY__ 0.1573044588097999 off 0.14785327155291936	false	1.0
abgewichst	off 1.0		neg 0.4084909463028649 __DUMMY__ 0.326954977239007 off 0.26455407645812806	false	0.5
schwer	neg 1.0		neg 0.4059256768116809 __DUMMY__ 0.3285592672943251 off 0.265515055893994	false	1.0
bedeutungslosigkeit	neg 1.0		neg 0.4131807409747379 __DUMMY__ 0.3266935831830292 off 0.2601256758422329	false	1.0
kapitulation	neg 1.0		neg 0.41560307416171893 __DUMMY__ 0.32359836189010616 off 0.2607985639481749	false	1.0
unscharf	neg 1.0		neg 0.4029001451878803 __DUMMY__ 0.32778631087755883 off 0.26931354393456086	false	1.0
schwinden	neg 1.0		neg 0.411783200334222 __DUMMY__ 0.3274227232509157 off 0.2607940764148622	false	1.0
versklavung	neg 1.0	neg 1.0	neg 0.6974148856163248 __DUMMY__ 0.15606471790316165 off 0.14652039648051352	false	1.0
schlecht	neg 1.0		neg 0.39985576363235353 __DUMMY__ 0.3277231246159275 off 0.272421111751719	false	1.0
verhasst	neg 1.0		neg 0.40907367667845806 __DUMMY__ 0.3258159558045962 off 0.26511036751694567	false	1.0
beschweren	neg 1.0		neg 0.4043255490463868 __DUMMY__ 0.3280474534982486 off 0.26762699745536456	false	1.0
scheiden	neg 1.0		neg 0.4054107159943924 __DUMMY__ 0.32882008633388604 off 0.26576919767172147	false	1.0
frustriert	neg 1.0		neg 0.40765056873273725 __DUMMY__ 0.32812723606117766 off 0.2642221952060851	false	1.0
schimmelig	neg 1.0		neg 0.4101229082107283 __DUMMY__ 0.3276227894118572 off 0.26225430237741454	false	1.0
fisch	neg 1.0	neg 1.0	neg 0.694251184413649 __DUMMY__ 0.1596860896206588 off 0.1460627259656924	false	1.0
schmuggel	neg 1.0		neg 0.40971090247438663 __DUMMY__ 0.3291081004074235 off 0.26118099711818976	false	1.0
auffallen	neg 1.0		neg 0.40402644748311783 __DUMMY__ 0.3278547401115586 off 0.2681188124053236	false	1.0
konkurrenz	neg 1.0		neg 0.41042470736294556 __DUMMY__ 0.32918583613170516 off 0.26038945650534934	false	1.0
teufelskreis	neg 1.0	neg 1.0	neg 0.6962387695760779 __DUMMY__ 0.1579110807660723 off 0.14585014965784984	false	1.0
aufschreien	neg 1.0		neg 0.40662246715289047 __DUMMY__ 0.3261861938884114 off 0.2671913389586981	false	1.0
schuldner	neg 1.0		neg 0.4133219188039297 __DUMMY__ 0.32589407173644447 off 0.2607840094596259	false	1.0
missgeburt	off 1.0	off 1.0	off 0.6234427215876728 neg 0.22015763916192177 __DUMMY__ 0.15639963925040543	false	1.0
arbeitslos	neg 1.0		neg 0.41015215223568874 __DUMMY__ 0.3270460065894042 off 0.2628018411749071	false	1.0
befallen	neg 1.0		neg 0.4157273852528793 __DUMMY__ 0.32335159217689735 off 0.26092102257022337	false	1.0
miesepetrig	off 1.0		neg 0.39947528466122406 __DUMMY__ 0.32821354636449435 off 0.2723111689742816	false	0.5
alarmieren	neg 1.0		neg 0.4054093942617701 __DUMMY__ 0.3246742702765449 off 0.26991633546168514	false	1.0
ungeduscht	off 1.0		neg 0.4024767095622318 __DUMMY__ 0.3279803506421952 off 0.26954293979557303	false	0.5
knappheit	neg 1.0		neg 0.4109917862691587 __DUMMY__ 0.32625899248623214 off 0.2627492212446092	false	1.0
schlange	neg 1.0		neg 0.40204621242308924 __DUMMY__ 0.3296166700788649 off 0.26833711749804584	false	1.0
harsch	neg 1.0		neg 0.3935347710915314 __DUMMY__ 0.32731148628520434 off 0.27915374262326415	false	1.0
lang	neg 1.0		neg 0.40496818369943816 __DUMMY__ 0.32769556044480536 off 0.2673362558557565	false	1.0
ziellos	neg 1.0		neg 0.4082722544800297 __DUMMY__ 0.32867883760384453 off 0.26304890791612584	false	1.0
selbstverliebt	neg 1.0		neg 0.39589454072790714 __DUMMY__ 0.3222313508688192 off 0.28187410840327365	false	1.0
beseitigen	neg 1.0		neg 0.4030252551177736 __DUMMY__ 0.3291427922702296 off 0.2678319526119968	false	1.0
dumm	off 1.0		neg 0.3978638710916345 __DUMMY__ 0.3247777306630944 off 0.27735839824527114	false	0.5
arbeitsloser	neg 1.0		neg 0.41042279076670685 __DUMMY__ 0.3274599152988155 off 0.2621172939344777	false	1.0
blitzen	neg 1.0		neg 0.40438551096080044 __DUMMY__ 0.32625623930556535 off 0.2693582497336343	false	1.0
hilflos	neg 1.0		neg 0.4080038478335797 __DUMMY__ 0.328185010419612 off 0.26381114174680825	false	1.0
eklig	off 1.0		neg 0.3975958739173895 __DUMMY__ 0.32424604772448823 off 0.2781580783581223	false	0.5
begriff			neg 0.4090409781258493 __DUMMY__ 0.3272057098357256 off 0.26375331203842506	false	0.0
hungersnot	neg 1.0		neg 0.41367517204480636 __DUMMY__ 0.3231568550319403 off 0.26316797292325333	false	1.0
ungesetzlich	neg 1.0		neg 0.4104817256370577 __DUMMY__ 0.32311144246142864 off 0.2664068319015137	false	1.0
verschwendung	neg 1.0		neg 0.4114298292912742 __DUMMY__ 0.32791517673806847 off 0.2606549939706573	false	1.0
schmerzvoll	neg 1.0		neg 0.40406540754359405 __DUMMY__ 0.32820681018367054 off 0.2677277822727354	false	1.0
vorzeitig	neg 1.0		neg 0.4014305964222802 __DUMMY__ 0.3268533826758185 off 0.27171602090190144	false	1.0
unvollkommenheit	neg 1.0		neg 0.4066719917145984 __DUMMY__ 0.32741582970204225 off 0.2659121785833593	false	1.0
intervenieren	neg 1.0		neg 0.41491675331019295 __DUMMY__ 0.3251113299295412 off 0.2599719167602659	false	1.0
banause	off 1.0		neg 0.3959436676655082 __DUMMY__ 0.3241617718623555 off 0.27989456047213634	false	0.5
rebell	neg 1.0		neg 0.41090567799026456 __DUMMY__ 0.3288101736638245 off 0.260284148345911	false	1.0
unlogisch	neg 1.0		neg 0.4004888272716127 __DUMMY__ 0.3256740467843978 off 0.27383712594398946	false	1.0
leiden	neg 1.0	neg 1.0	neg 0.6935848022090136 __DUMMY__ 0.1612562679976196 off 0.14515892979336684	false	1.0
abschaffung	neg 1.0		neg 0.40901131766377646 __DUMMY__ 0.325234282711743 off 0.26575439962448055	false	1.0
sturz	neg 1.0		neg 0.4093779886002577 __DUMMY__ 0.3246285545395476 off 0.26599345686019465	false	1.0
verkleinerung	neg 1.0		neg 0.4066376741758078 __DUMMY__ 0.324403864173746 off 0.26895846165044607	false	1.0
schmarotzer	off 1.0		neg 0.41224103150893115 __DUMMY__ 0.326024666723583 off 0.2617343017674858	false	0.5
bestrafung	neg 1.0		neg 0.4062700401863323 __DUMMY__ 0.32699921840623747 off 0.26673074140743036	false	1.0
achtlos	neg 1.0		neg 0.4044778446968863 __DUMMY__ 0.3294572093028425 off 0.2660649460002713	false	1.0
ungeheuer	neg 1.0		neg 0.40444127622517356 __DUMMY__ 0.32735509457648204 off 0.26820362919834445	false	1.0
unaufrichtig	neg 1.0		neg 0.4082128429452024 __DUMMY__ 0.3242367504165056 off 0.267550406638292	false	1.0
groggy	neg 1.0		neg 0.4040333746338279 __DUMMY__ 0.3265621416257061 off 0.2694044837404659	false	1.0
verletzlich	neg 1.0		neg 0.4008178604596119 __DUMMY__ 0.32690905821925226 off 0.27227308132113587	false	1.0
ablehnen	neg 1.0		neg 0.411522986492299 __DUMMY__ 0.3261827414603344 off 0.26229427204736666	false	1.0
