unsolidarisch	neg 1.0		__DUMMY__ 0.4600339626457756 neg 0.3302419202379273 off 0.2097241171162971	false	1.0
nachteilig	neg 1.0		__DUMMY__ 0.4667073720564521 neg 0.3255464063367644 off 0.2077462216067837	false	1.0
skeptisch	neg 1.0		__DUMMY__ 0.4682330859095277 neg 0.3267261444362405 off 0.20504076965423176	false	1.0
schrecklich	neg 1.0		__DUMMY__ 0.46564650848137484 neg 0.3143532130965248 off 0.22000027842210046	false	1.0
schlapp	neg 1.0		__DUMMY__ 0.4689501392502582 neg 0.3151151037177917 off 0.21593475703195014	false	1.0
abfall	neg 1.0		__DUMMY__ 0.4686045152878266 neg 0.3281718612007005 off 0.20322362351147297	false	1.0
widerspenstig	neg 1.0		__DUMMY__ 0.4694897507216684 neg 0.31968769051652146 off 0.21082255876181027	false	1.0
abrupt	neg 1.0		__DUMMY__ 0.47041357533931966 neg 0.32010263966964847 off 0.2094837849910318	false	1.0
unwirksam	neg 1.0		__DUMMY__ 0.46287371183659926 neg 0.3263480891750708 off 0.21077819898832992	false	1.0
angreifen	neg 1.0		__DUMMY__ 0.46652307007719845 neg 0.3273493561534809 off 0.2061275737693208	false	1.0
inkonsistent	neg 1.0		__DUMMY__ 0.46470125335703133 neg 0.3227174601459478 off 0.21258128649702096	false	1.0
abrutschen	neg 1.0		__DUMMY__ 0.46965427771625207 neg 0.3266712181770644 off 0.20367450410668358	false	1.0
unsicher	neg 1.0		__DUMMY__ 0.46809077104527474 neg 0.321194537965498 off 0.21071469098922724	false	1.0
bauernkind	off 1.0		__DUMMY__ 0.4619823937765379 neg 0.3149833452223385 off 0.22303426100112358	false	0.5
angreifer	neg 1.0		__DUMMY__ 0.46350470602373367 neg 0.32301457423153174 off 0.21348071974473462	false	1.0
trennen	neg 1.0		__DUMMY__ 0.4721850297419808 neg 0.3209484177392377 off 0.2068665525187815	false	1.0
schmutz	neg 1.0		__DUMMY__ 0.4711521833150216 neg 0.3112941449337053 off 0.2175536717512731	false	1.0
inkonsistenz	neg 1.0	neg 1.0	neg 0.652811193472914 __DUMMY__ 0.22581472874368028 off 0.12137407778340566	false	1.0
erschreckend	neg 1.0		__DUMMY__ 0.46664756697862453 neg 0.3242545732338127 off 0.20909785978756285	false	1.0
ertrinken	neg 1.0		__DUMMY__ 0.46952668251374163 neg 0.32303754941235274 off 0.2074357680739056	false	1.0
pickelface	off 1.0		__DUMMY__ 0.46487898102693415 neg 0.32384288132876454 off 0.21127813764430128	false	0.5
seiner			__DUMMY__ 0.4683332919076649 neg 0.32522682882808124 off 0.20643987926425375	false	0.0
lauch	neg 1.0		__DUMMY__ 0.4681016997659052 neg 0.32722786272938825 off 0.2046704375047064	false	1.0
unwichtig	neg 1.0		__DUMMY__ 0.465806310551559 neg 0.31894378236434284 off 0.21524990708409805	false	1.0
steuerhinterziehung	neg 1.0		__DUMMY__ 0.4627083288250819 neg 0.3282889217877176 off 0.2090027493872003	false	1.0
schock	neg 1.0		__DUMMY__ 0.4702456955271047 neg 0.3203483185511083 off 0.20940598592178716	false	1.0
beule	neg 1.0		__DUMMY__ 0.46846689911113953 neg 0.31421034570465295 off 0.21732275518420738	false	1.0
vergelten	neg 1.0		__DUMMY__ 0.4632775647360408 neg 0.31552536613946763 off 0.22119706912449155	false	1.0
verdorbenheit	neg 1.0	neg 1.0	neg 0.6504508262772816 __DUMMY__ 0.2286764605874047 off 0.12087271313531366	false	1.0
trauma	neg 1.0		__DUMMY__ 0.4665832672022853 neg 0.3208145310635664 off 0.21260220173414826	false	1.0
sinnlos	neg 1.0		__DUMMY__ 0.46692314459377315 neg 0.32015816945067 off 0.21291868595555682	false	1.0
fettsack	off 1.0	off 1.0	off 0.5960389710173923 __DUMMY__ 0.224841038581944 neg 0.17911999040066368	false	1.0
feige	off 1.0		__DUMMY__ 0.4643289857936741 neg 0.3211551628209114 off 0.21451585138541457	false	0.5
abdanken	neg 1.0		__DUMMY__ 0.46144455327895356 neg 0.3295989906841855 off 0.208956456036861	false	1.0
wichtigtuer	off 1.0	off 1.0	off 0.5904418872772008 __DUMMY__ 0.22577214994323394 neg 0.18378596277956533	false	1.0
misslingen	neg 1.0		__DUMMY__ 0.4695022497252052 neg 0.3169657654232534 off 0.21353198485154123	false	1.0
untreu	off 1.0		__DUMMY__ 0.4661564031390864 neg 0.3176191534424691 off 0.21622444341844452	false	0.5
missmutig	neg 1.0		__DUMMY__ 0.4685172853747691 neg 0.3162916755796361 off 0.21519103904559467	false	1.0
hurenbock	off 1.0		__DUMMY__ 0.4700975684024315 neg 0.31682179812201405 off 0.2130806334755544	false	0.5
betrunken	neg 1.0		__DUMMY__ 0.46794853471305853 neg 0.31370224355898957 off 0.21834922172795188	false	1.0
korrupt	off 1.0		__DUMMY__ 0.461785872731735 neg 0.3310652784949517 off 0.20714884877331316	false	0.5
unmut	neg 1.0		__DUMMY__ 0.4676551182737477 neg 0.3283760502862084 off 0.2039688314400439	false	1.0
hackfresse	off 1.0		__DUMMY__ 0.4641347327923962 neg 0.312459635573017 off 0.22340563163458688	false	0.5
aufblasen	neg 1.0		__DUMMY__ 0.4695396988855585 neg 0.3178021488948284 off 0.2126581522196132	false	1.0
gewaltsam	neg 1.0		__DUMMY__ 0.463088295704952 neg 0.32587410020094965 off 0.21103760409409827	false	1.0
unbeliebtheit	neg 1.0		__DUMMY__ 0.4579586770617184 neg 0.32611118140413436 off 0.21593014153414725	false	1.0
sturheit	neg 1.0		__DUMMY__ 0.46434506620745875 neg 0.3269737387853896 off 0.20868119500715165	false	1.0
kuh	neg 1.0		__DUMMY__ 0.4656764806540482 neg 0.3220082425246649 off 0.21231527682128692	false	1.0
erschrecken	neg 1.0		__DUMMY__ 0.46807977407350937 neg 0.31714611008098786 off 0.2147741158455027	false	1.0
opfer	neg 1.0	neg 1.0	neg 0.6554372797881799 __DUMMY__ 0.2271410609043551 off 0.11742165930746504	false	1.0
sinken	neg 1.0		__DUMMY__ 0.46795159638127276 neg 0.32724098814780295 off 0.20480741547092435	false	1.0
stinktier	neg 1.0		__DUMMY__ 0.4634660132963029 neg 0.3165638948716949 off 0.21997009183200233	false	1.0
tucke	off 1.0		__DUMMY__ 0.4643453108063456 neg 0.31169865846335737 off 0.22395603073029696	false	0.5
ein			__DUMMY__ 0.4714117351964462 neg 0.31629859955199113 off 0.21228966525156273	false	0.0
abstieg	neg 1.0		__DUMMY__ 0.4653706077727464 neg 0.3260974155470846 off 0.20853197668016893	false	1.0
missverstehen	neg 1.0		__DUMMY__ 0.4647332063399872 neg 0.3230023022784705 off 0.21226449138154235	false	1.0
ergebnislos	neg 1.0		__DUMMY__ 0.4661205523230899 neg 0.32571082735351936 off 0.2081686203233908	false	1.0
unter			__DUMMY__ 0.47417934070987694 neg 0.3250403470491181 off 0.20078031224100482	false	0.0
manipulieren	neg 1.0		__DUMMY__ 0.46608370804216 neg 0.32820780361497626 off 0.20570848834286376	false	1.0
unbewiesen	neg 1.0		__DUMMY__ 0.45927264554012914 neg 0.3315131199082338 off 0.20921423455163704	false	1.0
verschleppen	neg 1.0		__DUMMY__ 0.4650256248269669 neg 0.3273862954319835 off 0.20758807974104948	false	1.0
weib	off 1.0		__DUMMY__ 0.4636149299609441 neg 0.3115742211140845 off 0.22481084892497147	false	0.5
opposition	neg 1.0		__DUMMY__ 0.4623495059098829 neg 0.32591218723015075 off 0.2117383068599663	false	1.0
verkehrswidrig	neg 1.0		__DUMMY__ 0.46660568560617544 neg 0.3114386481162125 off 0.22195566627761196	false	1.0
inkorrekt	neg 1.0		__DUMMY__ 0.4610034006057626 neg 0.3236033914769194 off 0.21539320791731797	false	1.0
vermeiden	neg 1.0		__DUMMY__ 0.47141762457650765 neg 0.3258645456355732 off 0.202717829787919	false	1.0
abweichung	neg 1.0		__DUMMY__ 0.4619704751605116 neg 0.3310865315384377 off 0.20694299330105062	false	1.0
alkoholisiert	neg 1.0		__DUMMY__ 0.46910072209002157 neg 0.32220305338936794 off 0.20869622452061043	false	1.0
scheiss	off 1.0	off 1.0	off 0.5935915123330647 __DUMMY__ 0.2269226153101417 neg 0.17948587235679359	false	1.0
herausforderung	neg 1.0		__DUMMY__ 0.4721003121295353 neg 0.3186528501494199 off 0.20924683772104472	false	1.0
pervers	off 1.0		__DUMMY__ 0.4629573689826521 neg 0.309364901038839 off 0.22767772997850874	false	0.5
wackelig	neg 1.0		__DUMMY__ 0.4725584937704605 neg 0.3180938408221194 off 0.20934766540741997	false	1.0
verwickeln	neg 1.0		__DUMMY__ 0.4656442722576525 neg 0.32219819505038705 off 0.2121575326919604	false	1.0
vorwand	neg 1.0		__DUMMY__ 0.4666171920538456 neg 0.3287971052919957 off 0.20458570265415865	false	1.0
muschi	off 1.0		__DUMMY__ 0.46519145083922536 neg 0.3239036045388605 off 0.21090494462191403	false	0.5
entmutigung	neg 1.0		__DUMMY__ 0.4577918458743824 neg 0.330732464634512 off 0.21147568949110568	false	1.0
unangemessen	neg 1.0		__DUMMY__ 0.46449091232725803 neg 0.327986976234386 off 0.20752211143835592	false	1.0
unstetig	neg 1.0		__DUMMY__ 0.4644827399501454 neg 0.3212960411545256 off 0.21422121889532902	false	1.0
entmutigen	neg 1.0		__DUMMY__ 0.46753579088300357 neg 0.32060838427140137 off 0.21185582484559506	false	1.0
schwanz	neg 1.0		__DUMMY__ 0.46670377106056254 neg 0.3246102856052577 off 0.20868594333417984	false	1.0
verbot	neg 1.0		__DUMMY__ 0.46255054950784824 neg 0.3294771636712618 off 0.20797228682089	false	1.0
leid	neg 1.0		__DUMMY__ 0.4645194360660819 neg 0.31408049583462677 off 0.22140006809929139	false	1.0
archaisch	neg 1.0		__DUMMY__ 0.4653106394811692 neg 0.3263958841420749 off 0.20829347637675594	false	1.0
gegen			__DUMMY__ 0.4666503898764586 neg 0.32812093696445727 off 0.20522867315908402	false	0.0
scheidung	neg 1.0	neg 1.0	neg 0.6410162533076184 __DUMMY__ 0.22486019613612065 off 0.13412355055626105	false	1.0
einschlag	neg 1.0		__DUMMY__ 0.46466431812112974 neg 0.31437371351255583 off 0.22096196836631443	false	1.0
m			__DUMMY__ 0.46900788499426616 neg 0.32114760918158164 off 0.2098445058241521	false	0.0
abgestanden	neg 1.0		__DUMMY__ 0.4687857096667168 neg 0.32017864614081415 off 0.21103564419246906	false	1.0
schmierig	off 1.0		__DUMMY__ 0.4656055487331501 neg 0.3139741964272636 off 0.22042025483958652	false	0.5
unpraktisch	neg 1.0		__DUMMY__ 0.4699010247930613 neg 0.3174311071249206 off 0.2126678680820182	false	1.0
wixxer	off 1.0		__DUMMY__ 0.4615063307625403 neg 0.3109966019414508 off 0.22749706729600888	false	0.5
bezeichnet			__DUMMY__ 0.46506946533362165 neg 0.32551024081693214 off 0.2094202938494463	false	0.0
jammerlappen	off 1.0		__DUMMY__ 0.466572942420445 neg 0.317961011157566 off 0.21546604642198913	false	0.5
farce	neg 1.0		__DUMMY__ 0.45993011736816514 neg 0.3322810439591146 off 0.2077888386727204	false	1.0
zwecklos	neg 1.0		__DUMMY__ 0.46553041662416655 neg 0.32708138049483765 off 0.20738820288099585	false	1.0
turbulent	neg 1.0		__DUMMY__ 0.4634883641194656 neg 0.3175807804112657 off 0.2189308554692687	false	1.0
invasion	neg 1.0		__DUMMY__ 0.46817798045596454 neg 0.3171936140159364 off 0.21462840552809911	false	1.0
schuld	neg 1.0		__DUMMY__ 0.4661635374793206 neg 0.3225639713803228 off 0.21127249114035668	false	1.0
risiko	neg 1.0		__DUMMY__ 0.46902256234698325 neg 0.3160226101333426 off 0.2149548275196742	false	1.0
finster	neg 1.0		__DUMMY__ 0.4704126478464227 neg 0.31770509704110256 off 0.2118822551124748	false	1.0
geisteskrank	off 1.0		__DUMMY__ 0.4627601035861622 neg 0.3208905306375987 off 0.21634936577623914	false	0.5
zusammenbrechen	neg 1.0		__DUMMY__ 0.46844831429970624 neg 0.32227200456134747 off 0.20927968113894618	false	1.0
ausbeute	neg 1.0		__DUMMY__ 0.4710927498244115 neg 0.3201165649381399 off 0.20879068523744868	false	1.0
hinterhalt	neg 1.0		__DUMMY__ 0.466509951432097 neg 0.3216627934929485 off 0.21182725507495448	false	1.0
kritik	neg 1.0		__DUMMY__ 0.4611290724632847 neg 0.3307900589628448 off 0.20808086857387054	false	1.0
einschrumpfen	neg 1.0		__DUMMY__ 0.46160367406593245 neg 0.3245840364301755 off 0.21381228950389192	false	1.0
riskant	neg 1.0		__DUMMY__ 0.46768681429405895 neg 0.3257166945181995 off 0.20659649118774162	false	1.0
frustrieren	neg 1.0		__DUMMY__ 0.46713004536253516 neg 0.32645221758816423 off 0.20641773704930058	false	1.0
groll	neg 1.0		__DUMMY__ 0.4657897511764531 neg 0.3265242104686712 off 0.20768603835487576	false	1.0
gibt			__DUMMY__ 0.4675889901150013 neg 0.3237345296098137 off 0.20867648027518498	false	0.0
qualvoll	neg 1.0		__DUMMY__ 0.468515308504471 neg 0.3179081275631327 off 0.21357656393239627	false	1.0
wackeln	neg 1.0		__DUMMY__ 0.4708221835122487 neg 0.3168422878706513 off 0.21233552861709992	false	1.0
klagen	neg 1.0		__DUMMY__ 0.4656356785846616 neg 0.3301711452886011 off 0.2041931761267373	false	1.0
bankrott	neg 1.0		__DUMMY__ 0.4681008987747948 neg 0.315542874153074 off 0.21635622707213117	false	1.0
trauern	neg 1.0		__DUMMY__ 0.4677534367682295 neg 0.3253487569272417 off 0.20689780630452884	false	1.0
ablehnung	neg 1.0	neg 1.0	neg 0.657406684505872 __DUMMY__ 0.22437929483671754 off 0.1182140206574104	false	1.0
stur	neg 1.0		__DUMMY__ 0.4664120164843911 neg 0.3218342803088109 off 0.211753703206798	false	1.0
aufruhr	neg 1.0		__DUMMY__ 0.46281947794479955 neg 0.32672614510006714 off 0.21045437695513322	false	1.0
melancholie	neg 1.0		__DUMMY__ 0.47149498235193915 neg 0.31928400269336205 off 0.209221014954699	false	1.0
ist			__DUMMY__ 0.4669311282782169 neg 0.3208891371728567 off 0.21217973454892627	false	0.0
torheit	neg 1.0		__DUMMY__ 0.46153682694626047 neg 0.32767824286041747 off 0.21078493019332215	false	1.0
dreckskind	off 1.0		__DUMMY__ 0.4606919285772323 neg 0.3178194502679294 off 0.22148862115483822	false	0.5
umtauschen	neg 1.0		__DUMMY__ 0.46997221626034075 neg 0.3190992938390245 off 0.21092848990063479	false	1.0
zum			__DUMMY__ 0.47512326604771743 neg 0.32051347053972273 off 0.20436326341255973	false	0.0
zersetzen	neg 1.0		__DUMMY__ 0.46604273007386454 neg 0.328835899975753 off 0.20512136995038252	false	1.0
zur			__DUMMY__ 0.4697861316493498 neg 0.32738433204424655 off 0.20282953630640363	false	0.0
frust	neg 1.0		__DUMMY__ 0.46844355735276344 neg 0.32247912078170227 off 0.2090773218655343	false	1.0
unerbittlichkeit	neg 1.0		__DUMMY__ 0.4657885494463552 neg 0.32813963961813963 off 0.20607181093550514	false	1.0
zwei			__DUMMY__ 0.47320591915662746 neg 0.3211022615893304 off 0.2056918192540421	false	0.0
unkorrekt	neg 1.0		__DUMMY__ 0.46228739273268515 neg 0.321115775234453 off 0.21659683203286187	false	1.0
hexe	off 1.0		__DUMMY__ 0.46647974317373797 neg 0.3173577417871377 off 0.2161625150391242	false	0.5
lasch	neg 1.0		__DUMMY__ 0.46454363176510466 neg 0.3219100125340586 off 0.2135463557008368	false	1.0
rivale	neg 1.0		__DUMMY__ 0.4640247260499686 neg 0.31589635867195737 off 0.2200789152780741	false	1.0
mutlos	off 1.0	off 1.0	off 0.5873443057293218 __DUMMY__ 0.2256766613493103 neg 0.18697903292136792	false	1.0
wirr	off 1.0		__DUMMY__ 0.46228629895466217 neg 0.3194258813711981 off 0.21828781967413957	false	0.5
jahr			__DUMMY__ 0.4720485215831845 neg 0.320090456859171 off 0.20786102155764433	false	0.0
wird			__DUMMY__ 0.4680654330676429 neg 0.3245311023285769 off 0.20740346460378012	false	0.0
strafbar	neg 1.0		__DUMMY__ 0.4642479671317847 neg 0.3297040720509213 off 0.20604796081729407	false	1.0
erosion	neg 1.0		__DUMMY__ 0.4690945180050136 neg 0.31782467921782664 off 0.21308080277715985	false	1.0
eingehen	neg 1.0		__DUMMY__ 0.46628312118169063 neg 0.32647660353466346 off 0.20724027528364586	false	1.0
faul	off 1.0		__DUMMY__ 0.46909570844619797 neg 0.31513693245995433 off 0.21576735909384775	false	0.5
provisorium	neg 1.0		__DUMMY__ 0.4726819954651318 neg 0.32752257161830667 off 0.19979543291656157	false	1.0
schmerzen	neg 1.0		__DUMMY__ 0.4694296256916001 neg 0.3206427575373081 off 0.20992761677109176	false	1.0
schrumpfen	neg 1.0		__DUMMY__ 0.4693851158383252 neg 0.3284426288882286 off 0.20217225527344615	false	1.0
geistlos	off 1.0		__DUMMY__ 0.4598834549620567 neg 0.3282156598378061 off 0.21190088520013733	false	0.5
fehlkauf	neg 1.0		__DUMMY__ 0.4650198660686433 neg 0.32147616045987143 off 0.21350397347148511	false	1.0
frustrierend	neg 1.0	neg 1.0	neg 0.6509793693324736 __DUMMY__ 0.22727335125304624 off 0.1217472794144803	false	1.0
unzufrieden	neg 1.0		__DUMMY__ 0.4667632546914984 neg 0.3254622292455894 off 0.20777451606291233	false	1.0
verzweifeln	neg 1.0		__DUMMY__ 0.46830004189922797 neg 0.32154515427780506 off 0.210154803822967	false	1.0
verzweifelt	neg 1.0		__DUMMY__ 0.46708016481391834 neg 0.32104850737061225 off 0.21187132781546947	false	1.0
misstrauensantrag	neg 1.0		__DUMMY__ 0.4644456546623648 neg 0.32223379636531285 off 0.2133205489723223	false	1.0
abfallen	neg 1.0		__DUMMY__ 0.47128652786627623 neg 0.3161442017104319 off 0.21256927042329185	false	1.0
fucker	off 1.0		__DUMMY__ 0.4644231545085169 neg 0.31671478241854456 off 0.21886206307293865	false	0.5
ungezogen	neg 1.0		__DUMMY__ 0.4646947929478019 neg 0.30996166005479636 off 0.22534354699740164	false	1.0
irrsinnig	neg 1.0	neg 1.0	neg 0.653436221300884 __DUMMY__ 0.2266495491913239 off 0.11991422950779221	false	1.0
unfassbar	neg 1.0		__DUMMY__ 0.4662568378568165 neg 0.3178378570355715 off 0.21590530510761208	false	1.0
hart	neg 1.0		__DUMMY__ 0.46431326356428115 neg 0.32003116965550216 off 0.2156555667802167	false	1.0
widerlich	off 1.0		__DUMMY__ 0.46440116222460814 neg 0.31922802457140015 off 0.21637081320399162	false	0.5
fatal	neg 1.0		__DUMMY__ 0.4655712021221871 neg 0.3208762676794442 off 0.2135525301983687	false	1.0
bruch	neg 1.0		__DUMMY__ 0.4651966444602305 neg 0.3311844097970259 off 0.2036189457427436	false	1.0
aushungern	neg 1.0		__DUMMY__ 0.4620814803199127 neg 0.3280874866816892 off 0.20983103299839803	false	1.0
anspannung	neg 1.0		__DUMMY__ 0.4708948540496247 neg 0.32502007167126035 off 0.2040850742791149	false	1.0
von			__DUMMY__ 0.47213845230921 neg 0.3209878896787424 off 0.20687365801204766	false	0.0
kraftlos	neg 1.0		__DUMMY__ 0.47127442380449264 neg 0.3200998088552168 off 0.20862576734029054	false	1.0
vom			__DUMMY__ 0.47441675995200244 neg 0.3239671185644781 off 0.2016161214835195	false	0.0
grenzdebil	off 1.0		__DUMMY__ 0.4667790019402794 neg 0.31595695091539694 off 0.21726404714432368	false	0.5
vor			__DUMMY__ 0.47032874893629284 neg 0.32451099551542567 off 0.2051602555482814	false	0.0
unterwerfen	neg 1.0		__DUMMY__ 0.465826764533305 neg 0.32745386999327336 off 0.2067193654734218	false	1.0
versenkung	neg 1.0		__DUMMY__ 0.46712340846961237 neg 0.326368424880976 off 0.20650816664941163	false	1.0
entziehen	neg 1.0		__DUMMY__ 0.46713231846243264 neg 0.3287253148388161 off 0.20414236669875124	false	1.0
finanzkrise	neg 1.0		__DUMMY__ 0.4618805597686127 neg 0.3287620392059001 off 0.20935740102548728	false	1.0
schimpfend	neg 1.0		__DUMMY__ 0.4724219110046913 neg 0.31381499070315444 off 0.21376309829215417	false	1.0
profan	neg 1.0		__DUMMY__ 0.4674305290365135 neg 0.31951023896915637 off 0.21305923199433	false	1.0
korruption	neg 1.0		__DUMMY__ 0.46225526542176554 neg 0.3303337958887412 off 0.20741093868949337	false	1.0
â			__DUMMY__ 0.46855833795505925 neg 0.3227300064301278 off 0.2087116556148129	false	0.0
schmutzig	neg 1.0		__DUMMY__ 0.46907816418042175 neg 0.31359958045759306 off 0.21732225536198516	false	1.0
sexy	neg 1.0		__DUMMY__ 0.4669961208084938 neg 0.31753632976616325 off 0.21546754942534288	false	1.0
abraten	neg 1.0		__DUMMY__ 0.468368712464011 neg 0.3193422732407917 off 0.2122890142951973	false	1.0
schwarz	neg 1.0		__DUMMY__ 0.46616007930201253 neg 0.3210801277812258 off 0.2127597929167617	false	1.0
fotze	off 1.0		__DUMMY__ 0.46542538063511363 neg 0.32568890456209254 off 0.20888571480279391	false	0.5
verwirren	neg 1.0		__DUMMY__ 0.4671583323548726 neg 0.3189507095688259 off 0.21389095807630143	false	1.0
zahnlos	off 1.0		__DUMMY__ 0.4655398501856023 neg 0.32663945585559034 off 0.20782069395880742	false	0.5
verheeren	neg 1.0		__DUMMY__ 0.45998002484026385 neg 0.31369831556677774 off 0.22632165959295839	false	1.0
hippie	neg 1.0		__DUMMY__ 0.4665115373754278 neg 0.3183938957943094 off 0.21509456683026298	false	1.0
rammen	neg 1.0		__DUMMY__ 0.46769668753105786 neg 0.31825863786323183 off 0.21404467460571042	false	1.0
unlauter	neg 1.0	neg 1.0	neg 0.653686575674017 __DUMMY__ 0.22548665001037774 off 0.12082677431560528	false	1.0
unheilvoll	neg 1.0		__DUMMY__ 0.4681452745971793 neg 0.31882461638492493 off 0.21303010901789585	false	1.0
niedrig	neg 1.0		__DUMMY__ 0.466940973604421 neg 0.3252199686176166 off 0.20783905777796247	false	1.0
explosion	neg 1.0		__DUMMY__ 0.46754998193206115 neg 0.3176969095781098 off 0.214753108489829	false	1.0
weichei	off 1.0		__DUMMY__ 0.4643055262818138 neg 0.31354049775312537 off 0.22215397596506084	false	0.5
minusmensch	off 1.0		__DUMMY__ 0.4593179977357853 neg 0.31462945085350386 off 0.2260525514107109	false	0.5
farblos	neg 1.0		__DUMMY__ 0.4654836710948912 neg 0.32316029387103556 off 0.2113560350340733	false	1.0
unwissend	neg 1.0	neg 1.0	neg 0.6514353907508407 __DUMMY__ 0.2261085155282598 off 0.1224560937208995	false	1.0
traurig	neg 1.0		__DUMMY__ 0.466778439955 neg 0.3140575190301105 off 0.2191640410148896	false	1.0
senkung	neg 1.0		__DUMMY__ 0.46526267387786435 neg 0.3207953549952098 off 0.21394197112692598	false	1.0
ungleich	neg 1.0	neg 1.0	neg 0.6566248596202927 __DUMMY__ 0.22625252664041276 off 0.11712261373929458	false	1.0
heikel	neg 1.0		__DUMMY__ 0.4670077306879384 neg 0.3276165414548601 off 0.20537572785720168	false	1.0
drosselung	neg 1.0		__DUMMY__ 0.4670955405568918 neg 0.31324154502805823 off 0.21966291441505	false	1.0
falsch	neg 1.0		__DUMMY__ 0.4662177789817022 neg 0.3191023051597078 off 0.21467991585858995	false	1.0
unzufriedenheit	neg 1.0		__DUMMY__ 0.4664697352045165 neg 0.32846342850485183 off 0.20506683629063166	false	1.0
kurz	neg 1.0		__DUMMY__ 0.4708614638868917 neg 0.31937185431744713 off 0.20976668179566116	false	1.0
unsinnig	neg 1.0		__DUMMY__ 0.4664692675831689 neg 0.32528256141301864 off 0.2082481710038124	false	1.0
penner	off 1.0	off 1.0	off 0.5973940906586617 __DUMMY__ 0.2259102079892171 neg 0.17669570135212126	false	1.0
seicht	neg 1.0		__DUMMY__ 0.46119353682173453 neg 0.3147567536440374 off 0.22404970953422818	false	1.0
dummheit	off 1.0	off 1.0	off 0.5908854945400407 __DUMMY__ 0.2257415843357304 neg 0.18337292112422893	false	1.0
unerfreulich	neg 1.0		__DUMMY__ 0.46825230117249167 neg 0.326697165596526 off 0.20505053323098235	false	1.0
motherfucker	off 1.0	off 1.0	off 0.594326913846148 __DUMMY__ 0.22561662629809903 neg 0.18005645985575292	false	1.0
pikiert	neg 1.0		__DUMMY__ 0.4648741093277589 neg 0.3200054861319468 off 0.21512040454029435	false	1.0
wrack	neg 1.0		__DUMMY__ 0.46848372465497784 neg 0.32271104379794974 off 0.20880523154707237	false	1.0
gangster	neg 1.0		__DUMMY__ 0.46642095651593074 neg 0.3194322840646132 off 0.21414675941945588	false	1.0
krank	neg 1.0		__DUMMY__ 0.46884978806879835 neg 0.31342272865637544 off 0.21772748327482638	false	1.0
reich	neg 1.0		__DUMMY__ 0.4599831387934089 neg 0.32483261085331394 off 0.21518425035327707	false	1.0
gnadenlos	neg 1.0		__DUMMY__ 0.46709926852904005 neg 0.3211657040430104 off 0.21173502742794956	false	1.0
niedergeschlagen	neg 1.0		__DUMMY__ 0.468422166333354 neg 0.3222497854673605 off 0.2093280481992855	false	1.0
terrorisieren	off 1.0	off 1.0	off 0.5874807266917791 __DUMMY__ 0.22719888639381164 neg 0.18532038691440933	false	1.0
sinnlosigkeit	neg 1.0		__DUMMY__ 0.46591733988235695 neg 0.32612940296981363 off 0.20795325714782945	false	1.0
behindern	neg 1.0		__DUMMY__ 0.4688313840715515 neg 0.3200956358035825 off 0.21107298012486608	false	1.0
undemokratisch	neg 1.0		__DUMMY__ 0.46124142840996135 neg 0.3278212637529461 off 0.21093730783709247	false	1.0
wirtschaftskrise	neg 1.0		__DUMMY__ 0.46387618436695505 neg 0.32832331241555485 off 0.20780050321749013	false	1.0
neid	neg 1.0		__DUMMY__ 0.4689477006965896 neg 0.3161178505588131 off 0.2149344487445973	false	1.0
rutschen	neg 1.0		__DUMMY__ 0.4752528358690786 neg 0.32021798298012677 off 0.2045291811507945	false	1.0
rezession	neg 1.0		__DUMMY__ 0.46052897119319397 neg 0.31971686468229826 off 0.2197541641245077	false	1.0
fehlgeburt	neg 1.0		__DUMMY__ 0.4670340572566365 neg 0.32155058442105117 off 0.21141535832231234	false	1.0
charakterschwach	off 1.0		__DUMMY__ 0.46471434903213693 neg 0.31898639563515496 off 0.21629925533270808	false	0.5
isolation	neg 1.0		__DUMMY__ 0.4672945431558571 neg 0.3160598068061216 off 0.21664565003802125	false	1.0
ablenkung	neg 1.0		__DUMMY__ 0.4690947224757167 neg 0.31943805908751954 off 0.21146721843676383	false	1.0
pech	neg 1.0		__DUMMY__ 0.4679589791687013 neg 0.3178122243874941 off 0.21422879644380458	false	1.0
vermeidung	neg 1.0		__DUMMY__ 0.46788314686196164 neg 0.3135796156974524 off 0.21853723744058592	false	1.0
dominieren	neg 1.0		__DUMMY__ 0.46722736022595585 neg 0.3232570365667189 off 0.20951560320732532	false	1.0
schwindlig	neg 1.0		__DUMMY__ 0.47014948909613097 neg 0.3153958607618976 off 0.21445465014197146	false	1.0
lutscher	neg 1.0		__DUMMY__ 0.46202593471640924 neg 0.31275878524941503 off 0.22521528003417582	false	1.0
pflicht	neg 1.0		__DUMMY__ 0.4669577370955626 neg 0.32780365564721425 off 0.2052386072572232	false	1.0
faschist	off 1.0		__DUMMY__ 0.4614939792478644 neg 0.32635635826160936 off 0.21214966249052622	false	0.5
verschleudern	neg 1.0		__DUMMY__ 0.4644425015452012 neg 0.32828434568240883 off 0.20727315277238992	false	1.0
wenn			__DUMMY__ 0.46685548506647173 neg 0.3182786971657619 off 0.21486581776776628	false	0.0
ehebruch	neg 1.0		__DUMMY__ 0.46444581310336697 neg 0.32880763522489387 off 0.2067465516717392	false	1.0
spott	off 1.0		__DUMMY__ 0.465113885817237 neg 0.3285959216066865 off 0.20629019257607636	false	0.5
trostlosigkeit	neg 1.0		__DUMMY__ 0.4634486814814534 neg 0.3320606403728287 off 0.2044906781457179	false	1.0
lutschen	neg 1.0		__DUMMY__ 0.46382245180559767 neg 0.3210596815596968 off 0.21511786663470545	false	1.0
undiszipliniert	neg 1.0		__DUMMY__ 0.4656695535630062 neg 0.31620306735834014 off 0.2181273790786536	false	1.0
kopfschmerz	neg 1.0		__DUMMY__ 0.46855970885947884 neg 0.32101062254751345 off 0.21042966859300774	false	1.0
unvorhergesehen	neg 1.0		__DUMMY__ 0.4718645943820889 neg 0.31836957869283516 off 0.20976582692507587	false	1.0
desinteressiert	neg 1.0		__DUMMY__ 0.46485259736355333 neg 0.3174677644024832 off 0.21767963823396355	false	1.0
armselig	off 1.0		__DUMMY__ 0.46347506451810006 neg 0.31814524570541375 off 0.2183796897764862	false	0.5
desaster	neg 1.0		__DUMMY__ 0.46491137539501043 neg 0.3319331460008471 off 0.20315547860414243	false	1.0
tod	neg 1.0		__DUMMY__ 0.4624819911901038 neg 0.331757379620497 off 0.2057606291893991	false	1.0
herzlos	neg 1.0		__DUMMY__ 0.4658789361704886 neg 0.31445356949431286 off 0.2196674943351984	false	1.0
unwissenheit	neg 1.0		__DUMMY__ 0.4646716684333666 neg 0.32777211291903513 off 0.20755621864759827	false	1.0
widersinnig	neg 1.0		__DUMMY__ 0.4619528649941913 neg 0.32978410037835393 off 0.20826303462745466	false	1.0
bedenklich	neg 1.0		__DUMMY__ 0.4666565956029222 neg 0.32692912348475844 off 0.20641428091231928	false	1.0
beanstanden	neg 1.0		__DUMMY__ 0.46719063652645104 neg 0.32792022030195606 off 0.2048891431715927	false	1.0
panisch	neg 1.0	neg 1.0	neg 0.6486586681422235 __DUMMY__ 0.22986008093963406 off 0.12148125091814253	false	1.0
debil	off 1.0		__DUMMY__ 0.46835047161950927 neg 0.32949466654766313 off 0.20215486183282758	false	0.5
abstrich	neg 1.0		__DUMMY__ 0.470370913250013 neg 0.3179238822317371 off 0.21170520451824976	false	1.0
primitiv	neg 1.0		__DUMMY__ 0.46431806483954946 neg 0.3186818875008327 off 0.2170000476596179	false	1.0
abschaum	off 1.0	off 1.0	off 0.5922928792598798 __DUMMY__ 0.2252494784993772 neg 0.1824576422407429	false	1.0
provozieren	neg 1.0		__DUMMY__ 0.46513134969835296 neg 0.3243291377769399 off 0.210539512524707	false	1.0
tot	neg 1.0		__DUMMY__ 0.46671271546073917 neg 0.32356239260235276 off 0.20972489193690808	false	1.0
instabil	neg 1.0		__DUMMY__ 0.4625637650491841 neg 0.31796366218648997 off 0.2194725727643259	false	1.0
schwuchtel	off 1.0		__DUMMY__ 0.4590020402823192 neg 0.3106927733540969 off 0.23030518636358402	false	0.5
zerren	neg 1.0		__DUMMY__ 0.4685838445866362 neg 0.32211918462595773 off 0.20929697078740606	false	1.0
kinderficker	off 1.0		__DUMMY__ 0.46211975322604026 neg 0.31732962346740073 off 0.22055062330655892	false	0.5
gefahr	neg 1.0		__DUMMY__ 0.46573931065821494 neg 0.32737049543077307 off 0.20689019391101188	false	1.0
rabiat	neg 1.0		__DUMMY__ 0.467077592669329 neg 0.3222114041708626 off 0.21071100315980848	false	1.0
verlangsamung	neg 1.0		__DUMMY__ 0.4600420735805203 neg 0.3167405883257271 off 0.22321733809375255	false	1.0
ausgestorben	neg 1.0		__DUMMY__ 0.4683065547985315 neg 0.3223466843339694 off 0.20934676086749904	false	1.0
anklagen	neg 1.0		__DUMMY__ 0.4642389706576595 neg 0.32618451602441 off 0.20957651331793056	false	1.0
trott	neg 1.0		__DUMMY__ 0.46810161416369167 neg 0.3208389940848883 off 0.21105939175142002	false	1.0
verminderung	neg 1.0		__DUMMY__ 0.46552521863016727 neg 0.3157052308866897 off 0.2187695504831431	false	1.0
nach			__DUMMY__ 0.47280023622913203 neg 0.3235487589788851 off 0.2036510047919829	false	0.0
rost	neg 1.0		__DUMMY__ 0.462014300402847 neg 0.31392051852256225 off 0.22406518107459072	false	1.0
destruktiv	neg 1.0	neg 1.0	neg 0.6557712623793536 __DUMMY__ 0.22555601268343242 off 0.11867272493721394	false	1.0
unzumutbarkeit	neg 1.0		__DUMMY__ 0.46642152468685 neg 0.3154465404958197 off 0.21813193481733043	false	1.0
labil	off 1.0	off 1.0	off 0.5930750170752178 __DUMMY__ 0.22567337730111053 neg 0.1812516056236716	false	1.0
ziemlich	neg 1.0		__DUMMY__ 0.46681304858245826 neg 0.31645233825113406 off 0.21673461316640774	false	1.0
lachnummer	off 1.0		__DUMMY__ 0.4645193021123301 neg 0.32635493497086576 off 0.20912576291680401	false	0.5
oder			__DUMMY__ 0.4694424359488085 neg 0.31942717845204105 off 0.21113038559915043	false	0.0
verfall	neg 1.0		__DUMMY__ 0.4681787428465351 neg 0.32989536323432933 off 0.20192589391913565	false	1.0
ausgrenzung	neg 1.0		__DUMMY__ 0.4617794345559134 neg 0.3263175721393246 off 0.2119029933047619	false	1.0
unordnung	neg 1.0		__DUMMY__ 0.46374586129238865 neg 0.315679705091804 off 0.22057443361580742	false	1.0
fehlverhalten	neg 1.0		__DUMMY__ 0.46529474261774373 neg 0.32865205511654044 off 0.206053202265716	false	1.0
eine			__DUMMY__ 0.46997895553130214 neg 0.3245907691648647 off 0.20543027530383304	false	0.0
nille	neg 1.0		__DUMMY__ 0.46434155980607383 neg 0.32525698071144493 off 0.21040145948248123	false	1.0
qual	neg 1.0		__DUMMY__ 0.4677292299961748 neg 0.32139639672335346 off 0.21087437328047165	false	1.0
verschwenden	neg 1.0		__DUMMY__ 0.46788169873370705 neg 0.3252221770255085 off 0.20689612424078446	false	1.0
riesig	neg 1.0		__DUMMY__ 0.4671935061400304 neg 0.32305894965855103 off 0.20974754420141853	false	1.0
verurteilen	neg 1.0		__DUMMY__ 0.4638842738663284 neg 0.3285581447080488 off 0.2075575814256227	false	1.0
klischee	neg 1.0	neg 1.0	neg 0.653008979113278 __DUMMY__ 0.22564182168725494 off 0.12134919919946702	false	1.0
diktatorisch	neg 1.0		__DUMMY__ 0.45990728950310505 neg 0.32960186646154277 off 0.2104908440353523	false	1.0
vorhersehbar	neg 1.0		__DUMMY__ 0.46404764250979463 neg 0.32377135652513833 off 0.212181000965067	false	1.0
sowie			__DUMMY__ 0.46162721394653694 neg 0.31622657716455305 off 0.22214620888891012	false	0.0
stornieren	neg 1.0		__DUMMY__ 0.46954119137633255 neg 0.31604095356127726 off 0.21441785506239022	false	1.0
besteuerung	neg 1.0		__DUMMY__ 0.46545625519113465 neg 0.32253818696338493 off 0.21200555784548045	false	1.0
ungeschminkt	neg 1.0		__DUMMY__ 0.465530449718714 neg 0.31741230744704785 off 0.21705724283423822	false	1.0
kritisch	neg 1.0		__DUMMY__ 0.4651534278868631 neg 0.32850567691684013 off 0.20634089519629673	false	1.0
schlamperei	off 1.0		__DUMMY__ 0.46430868154442057 neg 0.3289139377562599 off 0.20677738069931956	false	0.5
sucht	neg 1.0	neg 1.0	neg 0.6486523248220766 __DUMMY__ 0.22938713221991533 off 0.12196054295800814	false	1.0
egoistisch	off 1.0		__DUMMY__ 0.46393802807895573 neg 0.31423885168910376 off 0.22182312023194048	false	0.5
ausbeuter	off 1.0		__DUMMY__ 0.4641731207578732 neg 0.33051461365454843 off 0.2053122655875783	false	0.5
arschgeburt	off 1.0		__DUMMY__ 0.4590110073730336 neg 0.31082704908894626 off 0.23016194353802027	false	0.5
schubs	neg 1.0	neg 1.0	neg 0.6518055731838956 __DUMMY__ 0.22952219560473106 off 0.11867223121137327	false	1.0
unsolide	neg 1.0		__DUMMY__ 0.4579017286519619 neg 0.32843446697199363 off 0.21366380437604454	false	1.0
beschwerde	neg 1.0		__DUMMY__ 0.4651917796768501 neg 0.32684459627930645 off 0.20796362404384344	false	1.0
stocken	neg 1.0		__DUMMY__ 0.4671839069722526 neg 0.32493762561483486 off 0.2078784674129127	false	1.0
isolieren	neg 1.0		__DUMMY__ 0.46894182654250427 neg 0.32054085229339435 off 0.21051732116410138	false	1.0
unheilbar	neg 1.0		__DUMMY__ 0.4655355644430558 neg 0.3235492310032729 off 0.21091520455367135	false	1.0
pisser	off 1.0		__DUMMY__ 0.46287196556117216 neg 0.3176053218586911 off 0.21952271258013667	false	0.5
löschen	neg 1.0		__DUMMY__ 0.46634692835298996 neg 0.3216608712964116 off 0.2119922003505985	false	1.0
durchfallen	neg 1.0		__DUMMY__ 0.46674603290774763 neg 0.3262414030516346 off 0.20701256404061785	false	1.0
wichser	off 1.0		__DUMMY__ 0.4629402367169805 neg 0.31026340819209586 off 0.2267963550909237	false	0.5
terror	neg 1.0		__DUMMY__ 0.4686928940412424 neg 0.3158226004804495 off 0.21548450547830816	false	1.0
krass	neg 1.0		__DUMMY__ 0.46554797883471727 neg 0.3143870759713383 off 0.22006494519394446	false	1.0
revolte	neg 1.0	neg 1.0	neg 0.6561403302742073 __DUMMY__ 0.223020314238345 off 0.1208393554874478	false	1.0
besorgt	neg 1.0		__DUMMY__ 0.4713365942470172 neg 0.3186605264302159 off 0.21000287932276676	false	1.0
nachlassen	neg 1.0		__DUMMY__ 0.4682403415405011 neg 0.32310016718893414 off 0.2086594912705647	false	1.0
alt	neg 1.0		__DUMMY__ 0.47032308582890187 neg 0.32248140984386253 off 0.20719550432723557	false	1.0
hundesohn	off 1.0		__DUMMY__ 0.46045741738827284 neg 0.3141676307631249 off 0.2253749518486022	false	0.5
als			__DUMMY__ 0.46911178490406774 neg 0.322305038684511 off 0.2085831764114212	false	0.0
abschreckung	neg 1.0		__DUMMY__ 0.46531416983003265 neg 0.33012656893137815 off 0.2045592612385891	false	1.0
unqualifiziert	neg 1.0	neg 1.0	neg 0.6534006924848252 __DUMMY__ 0.225793811225339 off 0.12080549628983582	false	1.0
abgewichst	off 1.0		__DUMMY__ 0.46601116386613506 neg 0.3243271314926902 off 0.2096617046411748	false	0.5
schwer	neg 1.0		__DUMMY__ 0.468203119105143 neg 0.3214622989798305 off 0.21033458191502644	false	1.0
bedeutungslosigkeit	neg 1.0		__DUMMY__ 0.4656479558756388 neg 0.32889448677512806 off 0.20545755734923313	false	1.0
kapitulation	neg 1.0		__DUMMY__ 0.46138590111161254 neg 0.3320027175997655 off 0.2066113812886219	false	1.0
unscharf	neg 1.0		__DUMMY__ 0.4671881070049627 neg 0.31875205675010304 off 0.21405983624493424	false	1.0
schwinden	neg 1.0		__DUMMY__ 0.46667288734274204 neg 0.32736404679131836 off 0.20596306586593957	false	1.0
versklavung	neg 1.0	neg 1.0	neg 0.6562695244771368 __DUMMY__ 0.22404075775586318 off 0.11968971776699995	false	1.0
schlecht	neg 1.0		__DUMMY__ 0.4670516698749965 neg 0.315802060182481 off 0.2171462699425225	false	1.0
verhasst	neg 1.0		__DUMMY__ 0.46442438480956144 neg 0.32517479316099057 off 0.21040082202944801	false	1.0
beschweren	neg 1.0		__DUMMY__ 0.46749719729563355 neg 0.320039817408277 off 0.2124629852960895	false	1.0
scheiden	neg 1.0		__DUMMY__ 0.46862804050890006 neg 0.3208912159144501 off 0.21048074357664986	false	1.0
frustriert	neg 1.0		__DUMMY__ 0.4676060888567136 neg 0.32323103319994584 off 0.20916287794334049	false	1.0
schimmelig	neg 1.0		__DUMMY__ 0.46697973110976415 neg 0.3257811633204427 off 0.2072391055697931	false	1.0
fisch	neg 1.0	neg 1.0	neg 0.6522172975086619 __DUMMY__ 0.22920393129943709 off 0.11857877119190108	false	1.0
schmuggel	neg 1.0		__DUMMY__ 0.46903683436137866 neg 0.3249137599573338 off 0.20604940568128763	false	1.0
auffallen	neg 1.0		__DUMMY__ 0.46723162355005354 neg 0.3198063720677705 off 0.212962004382176	false	1.0
konkurrenz	neg 1.0		__DUMMY__ 0.4691065060620628 neg 0.32559677423842287 off 0.20529671969951432	false	1.0
teufelskreis	neg 1.0	neg 1.0	neg 0.6546495783028883 __DUMMY__ 0.22664376711318113 off 0.11870665458393065	false	1.0
aufschreien	neg 1.0		__DUMMY__ 0.4649278777635191 neg 0.3227303593453256 off 0.2123417628911551	false	1.0
schuldner	neg 1.0		__DUMMY__ 0.46456798797460597 neg 0.32922430830959326 off 0.2062077037158008	false	1.0
missgeburt	off 1.0	off 1.0	off 0.5964856607768816 __DUMMY__ 0.22452547700288253 neg 0.17898886222023588	false	1.0
arbeitslos	neg 1.0		__DUMMY__ 0.46611759929440744 neg 0.32590429971214196 off 0.20797810099345077	false	1.0
befallen	neg 1.0		__DUMMY__ 0.4610551285247692 neg 0.3322262460873327 off 0.20671862538789806	false	1.0
miesepetrig	off 1.0		__DUMMY__ 0.46775080396324525 neg 0.31533180614745354 off 0.21691738988930115	false	0.5
alarmieren	neg 1.0		__DUMMY__ 0.46288471699704764 neg 0.3218804067654517 off 0.21523487623750062	false	1.0
ungeduscht	off 1.0		__DUMMY__ 0.4674419110902184 neg 0.3183156133713778 off 0.21424247553840373	false	0.5
knappheit	neg 1.0		__DUMMY__ 0.46507413554058485 neg 0.32689248768479545 off 0.2080333767746197	false	1.0
schlange	neg 1.0		__DUMMY__ 0.46967454571029504 neg 0.3174577694652762 off 0.21286768482442867	false	1.0
harsch	neg 1.0		__DUMMY__ 0.4665154680066824 neg 0.30978027389554197 off 0.2237042580977755	false	1.0
lang	neg 1.0		__DUMMY__ 0.46701671486785185 neg 0.3207488974298141 off 0.21223438770233413	false	1.0
ziellos	neg 1.0		__DUMMY__ 0.46837006429968464 neg 0.3237054811957301 off 0.2079244545045851	false	1.0
selbstverliebt	neg 1.0		__DUMMY__ 0.45947638048246087 neg 0.31334506299191195 off 0.22717855652562716	false	1.0
beseitigen	neg 1.0		__DUMMY__ 0.46907428152441244 neg 0.31845002963985586 off 0.2124756888357316	false	1.0
dumm	off 1.0		__DUMMY__ 0.4629895771127998 neg 0.3146234088744652 off 0.22238701401273495	false	0.5
arbeitsloser	neg 1.0		__DUMMY__ 0.4667168898281744 neg 0.3260264217322852 off 0.20725668843954043	false	1.0
blitzen	neg 1.0		__DUMMY__ 0.4650415395243987 neg 0.3205292033775694 off 0.21442925709803204	false	1.0
hilflos	neg 1.0		__DUMMY__ 0.4676926539080235 neg 0.3235586132790244 off 0.20874873281295195	false	1.0
eklig	off 1.0		__DUMMY__ 0.4622610749706819 neg 0.3145107007696331 off 0.22322822425968486	false	0.5
begriff			__DUMMY__ 0.4663556983821851 neg 0.32477844010097245 off 0.2088658615168424	false	0.0
hungersnot	neg 1.0		__DUMMY__ 0.4607864923047452 neg 0.33026318785382996 off 0.20895031984142473	false	1.0
ungesetzlich	neg 1.0		__DUMMY__ 0.4607158924907637 neg 0.3271449411845224 off 0.2121391663247139	false	1.0
verschwendung	neg 1.0		__DUMMY__ 0.46732283245777106 neg 0.326928358195568 off 0.205748809346661	false	1.0
schmerzvoll	neg 1.0		__DUMMY__ 0.46771855826856673 neg 0.3197542455414605 off 0.2125271961899727	false	1.0
vorzeitig	neg 1.0		__DUMMY__ 0.46590422497778994 neg 0.317499623536379 off 0.2165961514858309	false	1.0
unvollkommenheit	neg 1.0		__DUMMY__ 0.4666849119721164 neg 0.3224227339772253 off 0.21089235405065837	false	1.0
intervenieren	neg 1.0		__DUMMY__ 0.4634732084563489 neg 0.3309612410660508 off 0.20556555047760033	false	1.0
banause	off 1.0		__DUMMY__ 0.4621569273286747 neg 0.3129242735593703 off 0.22491879911195511	false	0.5
rebell	neg 1.0		__DUMMY__ 0.4686218486259082 neg 0.3261835449700612 off 0.20519460640403042	false	1.0
unlogisch	neg 1.0		__DUMMY__ 0.464227497563978 neg 0.3169323579305287 off 0.2188401445054933	false	1.0
leiden	neg 1.0	neg 1.0	neg 0.6511466359461794 __DUMMY__ 0.2314131687743345 off 0.11744019527948606	false	1.0
abschaffung	neg 1.0		__DUMMY__ 0.4636523314041946 neg 0.3252381175936787 off 0.2111095510021267	false	1.0
sturz	neg 1.0		__DUMMY__ 0.4628213507569286 neg 0.32575968465138955 off 0.21141896459168183	false	1.0
verkleinerung	neg 1.0		__DUMMY__ 0.4625128381123312 neg 0.32315539799912524 off 0.21433176388854353	false	1.0
schmarotzer	off 1.0		__DUMMY__ 0.4647194222769206 neg 0.32816722696567674 off 0.20711335075740273	false	0.5
bestrafung	neg 1.0		__DUMMY__ 0.46606861215165823 neg 0.3221486353709345 off 0.21178275247740724	false	1.0
achtlos	neg 1.0		__DUMMY__ 0.46945230600082305 neg 0.3198317910924135 off 0.2107159029067635	false	1.0
ungeheuer	neg 1.0		__DUMMY__ 0.46656974669460455 neg 0.32033327193497796 off 0.21309698137041744	false	1.0
unaufrichtig	neg 1.0		__DUMMY__ 0.4622772030089436 neg 0.3247019518491518 off 0.21302084514190472	false	1.0
groggy	neg 1.0		__DUMMY__ 0.46545909464306473 neg 0.3200949312055383 off 0.21444597415139688	false	1.0
verletzlich	neg 1.0		__DUMMY__ 0.4659473576224301 neg 0.3169398222907779 off 0.21711282008679192	false	1.0
