unsolidarisch	neg 1.0		__DUMMY__ 0.8723875174121514 neg 0.07965304515440193 off 0.047959437433446765	false	1.0
nachteilig	neg 1.0		__DUMMY__ 0.8815280201226454 neg 0.07372590512484829 off 0.04474607475250637	false	1.0
skeptisch	neg 1.0		__DUMMY__ 0.8835143050367004 neg 0.07405420455467289 off 0.042431490408626815	false	1.0
schrecklich	neg 1.0		__DUMMY__ 0.8798160578425999 neg 0.06663437334622496 off 0.053549568811175126	false	1.0
schlapp	neg 1.0		__DUMMY__ 0.8844335873973744 neg 0.06595579846003564 off 0.04961061414258997	false	1.0
abfall	neg 1.0		__DUMMY__ 0.883903295650632 neg 0.07504468484272321 off 0.04105201950664479	false	1.0
widerspenstig	neg 1.0		__DUMMY__ 0.8851890083389619 neg 0.06884323555903979 off 0.04596775610199838	false	1.0
abrupt	neg 1.0		__DUMMY__ 0.8865215186657068 neg 0.06858172303608612 off 0.04489675829820714	false	1.0
unwirksam	neg 1.0		__DUMMY__ 0.8762904755132743 neg 0.07610754429639642 off 0.04760198019032932	false	1.0
angreifen	neg 1.0		__DUMMY__ 0.881010304675378 neg 0.07522071054011219 off 0.04376898478450983	false	1.0
inkonsistent	neg 1.0		__DUMMY__ 0.8788897978910695 neg 0.0727562455511581 off 0.04835395655777242	false	1.0
abrutschen	neg 1.0		__DUMMY__ 0.8852971846890334 neg 0.07358306544542915 off 0.041119749865537444	false	1.0
unsicher	neg 1.0		__DUMMY__ 0.8830169069899099 neg 0.07047611880334027 off 0.04650697420674983	false	1.0
bauernkind	off 1.0		__DUMMY__ 0.8752786245369661 neg 0.06839867826756106 off 0.05632269719547283	false	0.5
angreifer	neg 1.0		__DUMMY__ 0.8771905965873108 neg 0.07324644094880917 off 0.04956296246388006	false	1.0
trennen	neg 1.0		__DUMMY__ 0.8886810976195927 neg 0.06863971169702149 off 0.04267919068338582	false	1.0
schmutz	neg 1.0		__DUMMY__ 0.8879301297789659 neg 0.06165503678262034 off 0.050414833438413804	false	1.0
inkonsistenz	neg 1.0	neg 1.0	neg 0.5245463395896076 __DUMMY__ 0.4379551326229497 off 0.037498527787442684	false	1.0
erschreckend	neg 1.0		__DUMMY__ 0.8812076694381018 neg 0.07303044926297299 off 0.04576188129892522	false	1.0
ertrinken	neg 1.0		__DUMMY__ 0.8851017944064026 neg 0.07109323967225138 off 0.04380496592134604	false	1.0
pickelface	off 1.0		__DUMMY__ 0.8792132668383605 neg 0.07319882496182384 off 0.0475879081998156	false	0.5
seiner			__DUMMY__ 0.8835185542057977 neg 0.07304975926835927 off 0.043431686525843005	false	0.0
lauch	neg 1.0		__DUMMY__ 0.883640227900711 neg 0.07441041827596459 off 0.04194935382332453	false	1.0
unwichtig	neg 1.0		__DUMMY__ 0.8801013127625499 neg 0.06964439322620158 off 0.05025429401124847	false	1.0
steuerhinterziehung	neg 1.0		__DUMMY__ 0.8762498172921201 neg 0.07711644069197798 off 0.04663374201590196	false	1.0
schock	neg 1.0		__DUMMY__ 0.886084419836334 neg 0.06901616088092341 off 0.04489941928274265	false	1.0
beule	neg 1.0		__DUMMY__ 0.8839907562327682 neg 0.06538599327725893 off 0.05062325048997276	false	1.0
vergelten	neg 1.0		__DUMMY__ 0.8770424426182679 neg 0.06782008456960333 off 0.055137472812128725	false	1.0
verdorbenheit	neg 1.0	neg 1.0	neg 0.5210403517922554 __DUMMY__ 0.4431670520111234 off 0.03579259619662128	false	1.0
trauma	neg 1.0		__DUMMY__ 0.8812015500492739 neg 0.07067467756009822 off 0.0481237723906278	false	1.0
sinnlos	neg 1.0		__DUMMY__ 0.8815119122414945 neg 0.07014075440993082 off 0.04834733334857475	false	1.0
fettsack	off 1.0	off 1.0	off 0.5119761329827217 __DUMMY__ 0.4361806842195648 neg 0.05184318279771346	false	1.0
feige	off 1.0		__DUMMY__ 0.8781707821776594 neg 0.07172737403834684 off 0.050101843783993814	false	0.5
abdanken	neg 1.0		__DUMMY__ 0.8744356537474245 neg 0.07849944710739265 off 0.047064899145182935	false	1.0
wichtigtuer	off 1.0	off 1.0	off 0.5066440668254246 __DUMMY__ 0.4376987389189587 neg 0.05565719425561666	false	1.0
misslingen	neg 1.0		__DUMMY__ 0.8855843222714422 neg 0.06649135145667151 off 0.04792432627188614	false	1.0
untreu	off 1.0		__DUMMY__ 0.8804675005212557 neg 0.0687132286531449 off 0.0508192708255995	false	0.5
missmutig	neg 1.0		__DUMMY__ 0.8837783294514525 neg 0.06680840836835701 off 0.0494132621801905	false	1.0
hurenbock	off 1.0		__DUMMY__ 0.8865615353431452 neg 0.06624822230691 off 0.047190242349944726	false	0.5
betrunken	neg 1.0		__DUMMY__ 0.8830298809024306 neg 0.06531863997806847 off 0.05165147911950084	false	1.0
korrupt	off 1.0		__DUMMY__ 0.8748824843470862 neg 0.07946292773295394 off 0.04565458791995985	false	0.5
unmut	neg 1.0		__DUMMY__ 0.8828547666660228 neg 0.07525003595709476 off 0.04189519737688238	false	1.0
hackfresse	off 1.0		__DUMMY__ 0.8778739584164361 neg 0.06584822143922223 off 0.05627782014434171	false	0.5
aufblasen	neg 1.0		__DUMMY__ 0.8850664868632016 neg 0.0675675901082767 off 0.0473659230285218	false	1.0
gewaltsam	neg 1.0		__DUMMY__ 0.8766709496404365 neg 0.07542973904180118 off 0.047899311317762296	false	1.0
unbeliebtheit	neg 1.0		__DUMMY__ 0.8695847806386676 neg 0.07768617898906732 off 0.052729040372265015	false	1.0
sturheit	neg 1.0		__DUMMY__ 0.8782206629823354 neg 0.07566036159943228 off 0.0461189754182324	false	1.0
kuh	neg 1.0		__DUMMY__ 0.8805267332125656 neg 0.07186333640789234 off 0.04760993037954202	false	1.0
erschrecken	neg 1.0		__DUMMY__ 0.8830716552575223 neg 0.06766197302032723 off 0.04926637172215058	false	1.0
opfer	neg 1.0	neg 1.0	neg 0.5263386063453507 __DUMMY__ 0.44030747083190025 off 0.03335392282274915	false	1.0
sinken	neg 1.0		__DUMMY__ 0.8832306912350227 neg 0.07453354932980517 off 0.04223575943517206	false	1.0
stinktier	neg 1.0		__DUMMY__ 0.8772215631339924 neg 0.06893314866150928 off 0.05384528820449835	false	1.0
tucke	off 1.0		__DUMMY__ 0.8785655337470349 neg 0.06509561223515384 off 0.056338854017811156	false	0.5
ein			__DUMMY__ 0.8877418139043641 neg 0.06570705396821461 off 0.04655113212742125	false	0.0
abstieg	neg 1.0		__DUMMY__ 0.8797093205604052 neg 0.07462925711134999 off 0.045661422328244876	false	1.0
missverstehen	neg 1.0		__DUMMY__ 0.8786550518153039 neg 0.07291218127690095 off 0.048432766907795216	false	1.0
ergebnislos	neg 1.0		__DUMMY__ 0.8808473911372497 neg 0.0739441387351127 off 0.04520847012763762	false	1.0
unter			__DUMMY__ 0.8915563789076906 neg 0.07062003489233495 off 0.03782358619997452	false	0.0
manipulieren	neg 1.0		__DUMMY__ 0.8805981166494354 neg 0.07584381633409822 off 0.04355806701646628	false	1.0
unbewiesen	neg 1.0		__DUMMY__ 0.8713324464848393 neg 0.08087753327358742 off 0.04779002024157328	false	1.0
verschleppen	neg 1.0		__DUMMY__ 0.8794521025891456 neg 0.0754944359548439 off 0.045053461456010475	false	1.0
weib	off 1.0		__DUMMY__ 0.8773997264246648 neg 0.06525301770064705 off 0.05734725587468826	false	0.5
opposition	neg 1.0		__DUMMY__ 0.8754595996075262 neg 0.07616909970107028 off 0.04837130069140343	false	1.0
verkehrswidrig	neg 1.0		__DUMMY__ 0.8816420324249421 neg 0.06392093010370353 off 0.05443703747135437	false	1.0
inkorrekt	neg 1.0		__DUMMY__ 0.8737738341974135 neg 0.07466394843588264 off 0.051562217366703834	false	1.0
vermeiden	neg 1.0		__DUMMY__ 0.8879863484578461 neg 0.07218850629509117 off 0.0398251452470628	false	1.0
abweichung	neg 1.0		__DUMMY__ 0.8749994763636136 neg 0.07967189665706612 off 0.045328626979320365	false	1.0
alkoholisiert	neg 1.0		__DUMMY__ 0.8849997223035859 neg 0.07068050506877686 off 0.044319772627637255	false	1.0
scheiss	off 1.0	off 1.0	off 0.508823589735683 __DUMMY__ 0.4399719348933586 neg 0.0512044753709585	false	1.0
herausforderung	neg 1.0		__DUMMY__ 0.8889776259158407 neg 0.06657501247269648 off 0.04444736161146281	false	1.0
pervers	off 1.0		__DUMMY__ 0.876453372870494 neg 0.06394695131597261 off 0.05959967581353343	false	0.5
wackelig	neg 1.0		__DUMMY__ 0.8892712077080435 neg 0.06655862433049763 off 0.0441701679614589	false	1.0
verwickeln	neg 1.0		__DUMMY__ 0.879837632284787 neg 0.07198781152664459 off 0.04817455618856842	false	1.0
vorwand	neg 1.0		__DUMMY__ 0.8813373104528947 neg 0.07611025413519143 off 0.042552435411914	false	1.0
muschi	off 1.0		__DUMMY__ 0.8795344939201086 neg 0.07317918994059186 off 0.0472863161392996	false	0.5
entmutigung	neg 1.0		__DUMMY__ 0.8693948562343601 neg 0.08088849949203597 off 0.04971664427360402	false	1.0
unangemessen	neg 1.0		__DUMMY__ 0.8784247123667033 neg 0.07639256557103696 off 0.045182722062259734	false	1.0
unstetig	neg 1.0		__DUMMY__ 0.8786070997157053 neg 0.07179240948357994 off 0.04960049080071474	false	1.0
entmutigen	neg 1.0		__DUMMY__ 0.8825077982021414 neg 0.07007671766889044 off 0.04741548412896812	false	1.0
schwanz	neg 1.0		__DUMMY__ 0.8817876355986188 neg 0.07307547102660582 off 0.045136893374775375	false	1.0
verbot	neg 1.0		__DUMMY__ 0.8759901037168907 neg 0.07797684917865987 off 0.046033047104449366	false	1.0
leid	neg 1.0		__DUMMY__ 0.878383220116455 neg 0.06686594234792387 off 0.054750837535621176	false	1.0
archaisch	neg 1.0		__DUMMY__ 0.8794853358439371 neg 0.07504552414696318 off 0.04546914000909982	false	1.0
gegen			__DUMMY__ 0.8814141357770401 neg 0.07546408306619629 off 0.043121781156763656	false	0.0
scheidung	neg 1.0	neg 1.0	neg 0.5137083841640213 __DUMMY__ 0.4362466843138757 off 0.05004493152210296	false	1.0
einschlag	neg 1.0		__DUMMY__ 0.8788684628178326 neg 0.06666430190421391 off 0.054467235277953524	false	1.0
m			__DUMMY__ 0.8845128581958183 neg 0.07000195196041346 off 0.04548518984376826	false	0.0
abgestanden	neg 1.0		__DUMMY__ 0.8845487626921834 neg 0.06958035138975366 off 0.045870885918062994	false	1.0
schmierig	off 1.0		__DUMMY__ 0.8798432003940853 neg 0.06636396596642313 off 0.05379283363949162	false	0.5
unpraktisch	neg 1.0		__DUMMY__ 0.8857193683252745 neg 0.06712936178007971 off 0.047151269894645687	false	1.0
wixxer	off 1.0		__DUMMY__ 0.8744467091633139 neg 0.06573465791158507 off 0.05981863292510102	false	0.5
bezeichnet			__DUMMY__ 0.8791902258673575 neg 0.07445565119582946 off 0.046354122936813	false	0.0
jammerlappen	off 1.0		__DUMMY__ 0.8810881941281826 neg 0.06870236303299071 off 0.05020944283882669	false	0.5
farce	neg 1.0		__DUMMY__ 0.8723547133948424 neg 0.08113182511226562 off 0.046513461492892094	false	1.0
zwecklos	neg 1.0		__DUMMY__ 0.8796779655099509 neg 0.07549780240816678 off 0.04482423208188228	false	1.0
turbulent	neg 1.0		__DUMMY__ 0.8774534136110631 neg 0.06933380646553616 off 0.05321277992340065	false	1.0
invasion	neg 1.0		__DUMMY__ 0.8834103801962991 neg 0.06743176119655203 off 0.04915785860714882	false	1.0
schuld	neg 1.0		__DUMMY__ 0.8805509480527907 neg 0.07204752999028084 off 0.04740152195692861	false	1.0
risiko	neg 1.0		__DUMMY__ 0.8849699281808648 neg 0.06583437182656908 off 0.04919569999256616	false	1.0
finster	neg 1.0		__DUMMY__ 0.8864686689985671 neg 0.06729482537223776 off 0.046236505629195165	false	1.0
geisteskrank	off 1.0		__DUMMY__ 0.875989295139558 neg 0.07218717623760712 off 0.051823528622834805	false	0.5
zusammenbrechen	neg 1.0		__DUMMY__ 0.8835215817647305 neg 0.07104517141777533 off 0.04543324681749422	false	1.0
ausbeute	neg 1.0		__DUMMY__ 0.8876282959102167 neg 0.06837586679890166 off 0.04399583729088152	false	1.0
hinterhalt	neg 1.0		__DUMMY__ 0.881517773429497 neg 0.07104042963178499 off 0.047441796938718105	false	1.0
kritik	neg 1.0		__DUMMY__ 0.8740168743483377 neg 0.07953035309963108 off 0.046452772552031216	false	1.0
einschrumpfen	neg 1.0		__DUMMY__ 0.8746247709275833 neg 0.07522681758272123 off 0.05014841148969541	false	1.0
riskant	neg 1.0		__DUMMY__ 0.8826114876124931 neg 0.07367055634660603 off 0.04371795604090087	false	1.0
frustrieren	neg 1.0		__DUMMY__ 0.8818545780437536 neg 0.07442783677548938 off 0.043717585180757135	false	1.0
groll	neg 1.0		__DUMMY__ 0.8802320575390224 neg 0.07478474367843 off 0.04498319878254752	false	1.0
gibt			__DUMMY__ 0.8823194909632295 neg 0.07242112914034513 off 0.04525937989642543	false	0.0
qualvoll	neg 1.0		__DUMMY__ 0.8837199536345617 neg 0.0680388808291253 off 0.04824116553631291	false	1.0
wackeln	neg 1.0		__DUMMY__ 0.8867905861513665 neg 0.0663495053508086 off 0.04685990849782488	false	1.0
klagen	neg 1.0		__DUMMY__ 0.8801554679607095 neg 0.07732525741645055 off 0.042519274622839914	false	1.0
bankrott	neg 1.0		__DUMMY__ 0.8832579688963987 neg 0.06648561442251519 off 0.05025641668108609	false	1.0
trauern	neg 1.0		__DUMMY__ 0.8830086268854997 neg 0.07313870214439402 off 0.04385267097010618	false	1.0
ablehnung	neg 1.0	neg 1.0	neg 0.52954416041951 __DUMMY__ 0.4353569253981157 off 0.03509891418237423	false	1.0
stur	neg 1.0		__DUMMY__ 0.8808767805330971 neg 0.07144675615333392 off 0.04767646331356894	false	1.0
aufruhr	neg 1.0		__DUMMY__ 0.8762944511017471 neg 0.07610673076653811 off 0.04759881813171485	false	1.0
melancholie	neg 1.0		__DUMMY__ 0.8879907857643446 neg 0.06773938225640166 off 0.044269831979253674	false	1.0
ist			__DUMMY__ 0.8814217573843948 neg 0.07078900844785786 off 0.04778923416774737	false	0.0
torheit	neg 1.0		__DUMMY__ 0.8744877795861351 neg 0.0772427446198542 off 0.04826947579401067	false	1.0
dreckskind	off 1.0		__DUMMY__ 0.8733384459755098 neg 0.07095913681391947 off 0.055702417210570704	false	0.5
umtauschen	neg 1.0		__DUMMY__ 0.8858094358506162 neg 0.0684206073235625 off 0.04576995682582131	false	1.0
zum			__DUMMY__ 0.8928272151011958 neg 0.0670932579089851 off 0.04007952698981909	false	0.0
zersetzen	neg 1.0		__DUMMY__ 0.8805225998396893 neg 0.07640168816232205 off 0.04307571199798855	false	1.0
zur			__DUMMY__ 0.8856615453891018 neg 0.07386214189014208 off 0.04047631272075608	false	0.0
frust	neg 1.0		__DUMMY__ 0.8834880370405779 neg 0.07117959133578051 off 0.04533237162364156	false	1.0
unerbittlichkeit	neg 1.0		__DUMMY__ 0.8802606955992954 neg 0.07588731372416577 off 0.043851990676538846	false	1.0
zwei			__DUMMY__ 0.8900653207453977 neg 0.0684183375574459 off 0.041516341697156345	false	0.0
unkorrekt	neg 1.0		__DUMMY__ 0.8756417397972261 neg 0.07238453648044232 off 0.05197372372233159	false	1.0
hexe	off 1.0		__DUMMY__ 0.8812689089377548 neg 0.06841545888129719 off 0.050315632180948054	false	0.5
lasch	neg 1.0		__DUMMY__ 0.878459823845035 neg 0.0721287768082691 off 0.04941139934669593	false	1.0
rivale	neg 1.0		__DUMMY__ 0.8779316803851168 neg 0.06813466598861272 off 0.05393365362627047	false	1.0
mutlos	off 1.0	off 1.0	off 0.5038436312234761 __DUMMY__ 0.43763683955593385 neg 0.05851952922059	false	1.0
wirr	off 1.0		__DUMMY__ 0.8755421516574582 neg 0.0713813240221377 off 0.05307652432040413	false	0.5
jahr			__DUMMY__ 0.8886188284830916 neg 0.06806996988838009 off 0.04331120162852824	false	0.0
wird			__DUMMY__ 0.8830279662612778 neg 0.07285914720638173 off 0.044112886532340474	false	0.0
strafbar	neg 1.0		__DUMMY__ 0.8781764395717973 neg 0.0775935467804841 off 0.04423001364771859	false	1.0
erosion	neg 1.0		__DUMMY__ 0.8846362021118345 neg 0.0675795933405469 off 0.04778420454761858	false	1.0
eingehen	neg 1.0		__DUMMY__ 0.8806315122819873 neg 0.07478758225561835 off 0.044580905462394294	false	1.0
faul	off 1.0		__DUMMY__ 0.8846651088725653 neg 0.06582544544478403 off 0.04950944568265065	false	0.5
provisorium	neg 1.0		__DUMMY__ 0.8894805204143998 neg 0.07313771464071056 off 0.03738176494488961	false	1.0
schmerzen	neg 1.0		__DUMMY__ 0.8850705795500091 neg 0.06976392595610942 off 0.04516549449388136	false	1.0
schrumpfen	neg 1.0		__DUMMY__ 0.8851937918285433 neg 0.07471100425355592 off 0.04009520391790082	false	1.0
geistlos	off 1.0		__DUMMY__ 0.8721391071788547 neg 0.07834706652749797 off 0.04951382629364738	false	0.5
fehlkauf	neg 1.0		__DUMMY__ 0.8792402452452003 neg 0.07162591450732514 off 0.04913384024747451	false	1.0
frustrierend	neg 1.0	neg 1.0	neg 0.522360331429626 __DUMMY__ 0.4402760986176629 off 0.03736356995271104	false	1.0
unzufrieden	neg 1.0		__DUMMY__ 0.8813040317164629 neg 0.07387972430277087 off 0.04481624398076626	false	1.0
verzweifeln	neg 1.0		__DUMMY__ 0.8833452578300509 neg 0.07056769658703654 off 0.04608704558291244	false	1.0
verzweifelt	neg 1.0		__DUMMY__ 0.8816435750365451 neg 0.07079172668280259 off 0.04756469828065235	false	1.0
misstrauensantrag	neg 1.0		__DUMMY__ 0.8782875800239799 neg 0.0727142237663631 off 0.04899819620965692	false	1.0
abfallen	neg 1.0		__DUMMY__ 0.8875451349999334 neg 0.06571293728281864 off 0.04674192771724796	false	1.0
fucker	off 1.0		__DUMMY__ 0.8781541858664733 neg 0.06865174135735784 off 0.05319407277616874	false	0.5
ungezogen	neg 1.0		__DUMMY__ 0.8788046844491019 neg 0.06374622963820309 off 0.05744908591269499	false	1.0
irrsinnig	neg 1.0	neg 1.0	neg 0.5250102805010797 __DUMMY__ 0.4391385442327189 off 0.035851175266201456	false	1.0
unfassbar	neg 1.0		__DUMMY__ 0.8806013418886766 neg 0.06884687988783729 off 0.050551778223486096	false	1.0
hart	neg 1.0		__DUMMY__ 0.8786315478549918 neg 0.07084713405547977 off 0.050521318089528415	false	1.0
widerlich	off 1.0		__DUMMY__ 0.8782004465990839 neg 0.07044454608715017 off 0.05135500731376589	false	0.5
fatal	neg 1.0		__DUMMY__ 0.8798194548301372 neg 0.07109984742734851 off 0.049080697742514355	false	1.0
bruch	neg 1.0		__DUMMY__ 0.8794295996140176 neg 0.07831937431857149 off 0.04225102606741097	false	1.0
aushungern	neg 1.0		__DUMMY__ 0.8753281010761705 neg 0.07707297368184686 off 0.047598925241982636	false	1.0
anspannung	neg 1.0		__DUMMY__ 0.8870124098965484 neg 0.07191998016772803 off 0.04106760993572355	false	1.0
von			__DUMMY__ 0.8889008438542114 neg 0.06850252245927652 off 0.042596633686512064	false	0.0
kraftlos	neg 1.0		__DUMMY__ 0.8875318590002745 neg 0.06835993135721066 off 0.044108209642514815	false	1.0
vom			__DUMMY__ 0.8918503231892908 neg 0.0699382467441142 off 0.038211430066594956	false	0.0
grenzdebil	off 1.0		__DUMMY__ 0.8813830985460845 neg 0.06725949494273453 off 0.05135740651118099	false	0.5
vor			__DUMMY__ 0.8861926947913527 neg 0.07181357610725898 off 0.041993729101388426	false	0.0
unterwerfen	neg 1.0		__DUMMY__ 0.880359608711338 neg 0.07536099456217721 off 0.044279396726484704	false	1.0
versenkung	neg 1.0		__DUMMY__ 0.8817979834939146 neg 0.07432177033347569 off 0.0438802461726098	false	1.0
entziehen	neg 1.0		__DUMMY__ 0.8820248029920928 neg 0.07585032418336728 off 0.04212487282453989	false	1.0
finanzkrise	neg 1.0		__DUMMY__ 0.8750377829460663 neg 0.0780064803856066 off 0.04695573666832704	false	1.0
schimpfend	neg 1.0		__DUMMY__ 0.889318618931391 neg 0.06349333916304703 off 0.047188041905561966	false	1.0
profan	neg 1.0		__DUMMY__ 0.8822157716064609 neg 0.06955378037614657 off 0.04823044801739252	false	1.0
korruption	neg 1.0		__DUMMY__ 0.8756053836046377 neg 0.07875729890588837 off 0.045637317489473875	false	1.0
â			__DUMMY__ 0.8839450898588816 neg 0.07129688582152863 off 0.044758024319589744	false	0.0
schmutzig	neg 1.0		__DUMMY__ 0.884539250504705 neg 0.06466755572833129 off 0.05079319376696362	false	1.0
sexy	neg 1.0		__DUMMY__ 0.8817298295750542 neg 0.06822064895330862 off 0.05004952147163725	false	1.0
abraten	neg 1.0		__DUMMY__ 0.883533893417833 neg 0.06907185279013342 off 0.0473942537920336	false	1.0
schwarz	neg 1.0		__DUMMY__ 0.8806504019495829 neg 0.07102372078129712 off 0.04832587726912005	false	1.0
fotze	off 1.0		__DUMMY__ 0.8798656771553495 neg 0.07440257299682143 off 0.045731749847829045	false	0.5
verwirren	neg 1.0		__DUMMY__ 0.8818247652899522 neg 0.06921727886758222 off 0.04895795584246549	false	1.0
zahnlos	off 1.0		__DUMMY__ 0.8797384700897056 neg 0.0750973490839094 off 0.04516418082638491	false	0.5
verheeren	neg 1.0		__DUMMY__ 0.872268289952001 neg 0.06821786616029298 off 0.05951384388770593	false	1.0
hippie	neg 1.0		__DUMMY__ 0.8810813033409927 neg 0.0689720504092631 off 0.049946646249744195	false	1.0
rammen	neg 1.0		__DUMMY__ 0.8829315085834709 neg 0.06852552541296077 off 0.0485429660035683	false	1.0
unlauter	neg 1.0	neg 1.0	neg 0.5255314292987276 __DUMMY__ 0.4373896376147452 off 0.0370789330865272	false	1.0
unheilvoll	neg 1.0		__DUMMY__ 0.8834586519332585 neg 0.06873806877765389 off 0.04780327928908773	false	1.0
niedrig	neg 1.0		__DUMMY__ 0.8819519127568927 neg 0.07356081755019706 off 0.044487269692910204	false	1.0
explosion	neg 1.0		__DUMMY__ 0.882595172851106 neg 0.06804024442825865 off 0.04936458272063538	false	1.0
weichei	off 1.0		__DUMMY__ 0.8780601062877132 neg 0.06664093941571834 off 0.05529895429656839	false	0.5
minusmensch	off 1.0		__DUMMY__ 0.871526398876052 neg 0.0688852829339904 off 0.05958831818995763	false	0.5
farblos	neg 1.0		__DUMMY__ 0.8803135381193299 neg 0.07261283729272375 off 0.04707362458794635	false	1.0
unwissend	neg 1.0	neg 1.0	neg 0.5233831503095714 __DUMMY__ 0.4382357100666122 off 0.03838113962381645	false	1.0
traurig	neg 1.0		__DUMMY__ 0.8814189658981584 neg 0.06589631183932482 off 0.05268472226251685	false	1.0
senkung	neg 1.0		__DUMMY__ 0.8795946256659068 neg 0.07119702941640202 off 0.04920834491769116	false	1.0
ungleich	neg 1.0	neg 1.0	neg 0.5279531034667866 __DUMMY__ 0.4386492087645167 off 0.03339768776869672	false	1.0
heikel	neg 1.0		__DUMMY__ 0.8818099266256206 neg 0.07520962572889135 off 0.042980447645488105	false	1.0
drosselung	neg 1.0		__DUMMY__ 0.8822141078616482 neg 0.06497842448327809 off 0.052807467655073735	false	1.0
falsch	neg 1.0		__DUMMY__ 0.8806398993665503 neg 0.06966659207194946 off 0.04969350856150022	false	1.0
unzufriedenheit	neg 1.0		__DUMMY__ 0.8811412629081742 neg 0.07588755960569782 off 0.042971177486127984	false	1.0
kurz	neg 1.0		__DUMMY__ 0.8868349740458383 neg 0.0682075524397797 off 0.04495747351438204	false	1.0
unsinnig	neg 1.0		__DUMMY__ 0.8810558983020327 neg 0.07377747967675735 off 0.045166622021210016	false	1.0
penner	off 1.0	off 1.0	off 0.5130835904037652 __DUMMY__ 0.4378728299836608 neg 0.04904357961257405	false	1.0
seicht	neg 1.0		__DUMMY__ 0.8738897679996452 neg 0.06845856909903485 off 0.057651662901319824	false	1.0
dummheit	off 1.0	off 1.0	off 0.5070790394504331 __DUMMY__ 0.4376279867440929 neg 0.05529297380547397	false	1.0
unerfreulich	neg 1.0		__DUMMY__ 0.8834164560726991 neg 0.07419590719672604 off 0.04238763673057494	false	1.0
motherfucker	off 1.0	off 1.0	off 0.5104013468750833 __DUMMY__ 0.4373838646672651 neg 0.052214788457651644	false	1.0
pikiert	neg 1.0		__DUMMY__ 0.8789119541287721 neg 0.07076329356491581 off 0.0503247523063121	false	1.0
wrack	neg 1.0		__DUMMY__ 0.8842733846497434 neg 0.07106655488956502 off 0.044660060460691604	false	1.0
gangster	neg 1.0		__DUMMY__ 0.8809740394328693 neg 0.06980272026602219 off 0.04922324030110837	false	1.0
krank	neg 1.0		__DUMMY__ 0.8842841026580399 neg 0.06469275727763166 off 0.05102314006432839	false	1.0
reich	neg 1.0		__DUMMY__ 0.8723770734352488 neg 0.07619605048850658 off 0.05142687607624448	false	1.0
gnadenlos	neg 1.0		__DUMMY__ 0.8817339648433594 neg 0.07074329239407234 off 0.04752274276256824	false	1.0
niedergeschlagen	neg 1.0		__DUMMY__ 0.8836347486149734 neg 0.07104335090817863 off 0.04532190047684801	false	1.0
terrorisieren	off 1.0	off 1.0	off 0.5034566866832243 __DUMMY__ 0.4403677830108713 neg 0.05617553030590448	false	1.0
sinnlosigkeit	neg 1.0		__DUMMY__ 0.8802018948978577 neg 0.07467418747094375 off 0.04512391763119854	false	1.0
behindern	neg 1.0		__DUMMY__ 0.8843549850343744 neg 0.06926534556256825 off 0.04637966940305736	false	1.0
undemokratisch	neg 1.0		__DUMMY__ 0.8741815050038972 neg 0.07733758729997542 off 0.04848090769612741	false	1.0
wirtschaftskrise	neg 1.0		__DUMMY__ 0.8778351329000631 neg 0.07671863411850066 off 0.045446232981436255	false	1.0
neid	neg 1.0		__DUMMY__ 0.8844805011041459 neg 0.06648258167325291 off 0.04903691722260108	false	1.0
rutschen	neg 1.0		__DUMMY__ 0.892938283519412 neg 0.06696603692710855 off 0.04009567955347953	false	1.0
rezession	neg 1.0		__DUMMY__ 0.8729574474640477 neg 0.07235326611982637 off 0.05468928641612601	false	1.0
fehlgeburt	neg 1.0		__DUMMY__ 0.8823210370041935 neg 0.07082107120223652 off 0.04685789179356993	false	1.0
charakterschwach	off 1.0		__DUMMY__ 0.8787566210801073 neg 0.06994499159468141 off 0.05129838732521132	false	0.5
isolation	neg 1.0		__DUMMY__ 0.882167815137772 neg 0.06706801024454594 off 0.050764174617682054	false	1.0
ablenkung	neg 1.0		__DUMMY__ 0.884430429567721 neg 0.06882155512375586 off 0.04674801530852324	false	1.0
pech	neg 1.0		__DUMMY__ 0.8831487152244502 neg 0.06827778018902146 off 0.04857350458652838	false	1.0
vermeidung	neg 1.0		__DUMMY__ 0.8830935477531286 neg 0.06508037080585632 off 0.05182608144101495	false	1.0
dominieren	neg 1.0		__DUMMY__ 0.8822307392339263 neg 0.0719878878904149 off 0.04578137287565876	false	1.0
schwindlig	neg 1.0		__DUMMY__ 0.886116360465077 neg 0.06564827034069672 off 0.04823536919422625	false	1.0
lutscher	neg 1.0		__DUMMY__ 0.8751863975104532 neg 0.06680141455170273 off 0.058012187937844024	false	1.0
pflicht	neg 1.0		__DUMMY__ 0.8816510560264139 neg 0.07532900022781593 off 0.043019943745770145	false	1.0
faschist	off 1.0		__DUMMY__ 0.8746166010586839 neg 0.07612808710813666 off 0.04925531183317952	false	0.5
verschleudern	neg 1.0		__DUMMY__ 0.878473338591145 neg 0.07660190379120582 off 0.0449247576176492	false	1.0
wenn			__DUMMY__ 0.8813763684909337 neg 0.06893983363518133 off 0.04968379787388499	false	0.0
ehebruch	neg 1.0		__DUMMY__ 0.878527497310716 neg 0.07680640861292114 off 0.04466609407636297	false	1.0
spott	off 1.0		__DUMMY__ 0.8794325898860951 neg 0.07638911029145203 off 0.0441782998224528	false	0.5
trostlosigkeit	neg 1.0		__DUMMY__ 0.8769213602635705 neg 0.07983212966871597 off 0.04324651006771347	false	1.0
lutschen	neg 1.0		__DUMMY__ 0.8777875136103134 neg 0.07170928688193169 off 0.0505031995077549	false	1.0
undiszipliniert	neg 1.0		__DUMMY__ 0.879968047983686 neg 0.06786644349327432 off 0.052165508523039764	false	1.0
kopfschmerz	neg 1.0		__DUMMY__ 0.8838388860970063 neg 0.07035234460482631 off 0.04580876929816748	false	1.0
unvorhergesehen	neg 1.0		__DUMMY__ 0.888381592198779 neg 0.06701025071221568 off 0.044608157089005306	false	1.0
desinteressiert	neg 1.0		__DUMMY__ 0.8787970572683358 neg 0.06906381585988136 off 0.05213912687178286	false	1.0
armselig	off 1.0		__DUMMY__ 0.8769348644583586 neg 0.06999500329779347 off 0.05307013224384806	false	0.5
desaster	neg 1.0		__DUMMY__ 0.8790338752832303 neg 0.07896601945260094 off 0.04200010526416863	false	1.0
tod	neg 1.0		__DUMMY__ 0.8758182056768318 neg 0.08015843099260923 off 0.044023363330558916	false	1.0
herzlos	neg 1.0		__DUMMY__ 0.8802095912755137 neg 0.06647720953926797 off 0.0533131991852183	false	1.0
unwissenheit	neg 1.0		__DUMMY__ 0.8787226737318401 neg 0.07611399279278523 off 0.045163333475374615	false	1.0
widersinnig	neg 1.0		__DUMMY__ 0.8750824905773026 neg 0.07850708094511906 off 0.04641042847757829	false	1.0
bedenklich	neg 1.0		__DUMMY__ 0.8813184404200616 neg 0.07486570248843777 off 0.0438158570915007	false	1.0
beanstanden	neg 1.0		__DUMMY__ 0.8821435688505224 neg 0.07521110939408596 off 0.042645321755391805	false	1.0
panisch	neg 1.0	neg 1.0	neg 0.5188182804423309 __DUMMY__ 0.44508668441326316 off 0.03609503514440597	false	1.0
debil	off 1.0		__DUMMY__ 0.8839066051448329 neg 0.07602187970867008 off 0.040071515146497	false	0.5
abstrich	neg 1.0		__DUMMY__ 0.8871434972252776 neg 0.06704544734847018 off 0.0458110554262522	false	1.0
primitiv	neg 1.0		__DUMMY__ 0.8781403324718592 neg 0.0700064581389732 off 0.05185320938916764	false	1.0
abschaum	off 1.0	off 1.0	off 0.5086192118896833 __DUMMY__ 0.4368104111707984 neg 0.054570376939518335	false	1.0
provozieren	neg 1.0		__DUMMY__ 0.8791522962158566 neg 0.07371791011343819 off 0.04712979367070525	false	1.0
tot	neg 1.0		__DUMMY__ 0.8818727063800981 neg 0.07246997995490907 off 0.04565731366499275	false	1.0
instabil	neg 1.0		__DUMMY__ 0.8758680665767334 neg 0.07017772687157496 off 0.053954206551691704	false	1.0
schwuchtel	off 1.0		__DUMMY__ 0.8709765382685658 neg 0.06639030593689342 off 0.06263315579454075	false	0.5
zerren	neg 1.0		__DUMMY__ 0.8837771007682393 neg 0.0708582052525734 off 0.04536469397918727	false	1.0
kinderficker	off 1.0		__DUMMY__ 0.8754397426154114 neg 0.069627910330756 off 0.054932347053832584	false	0.5
gefahr	neg 1.0		__DUMMY__ 0.8802693821679919 neg 0.07525566175475713 off 0.044474956077250966	false	1.0
rabiat	neg 1.0		__DUMMY__ 0.8817345557273456 neg 0.07149756378698763 off 0.04676788048566668	false	1.0
verlangsamung	neg 1.0		__DUMMY__ 0.8724094818778272 neg 0.07030551990478348 off 0.05728499821738928	false	1.0
ausgestorben	neg 1.0		__DUMMY__ 0.883418820137852 neg 0.0711502557465197 off 0.04543092411562822	false	1.0
anklagen	neg 1.0		__DUMMY__ 0.8784006005482612 neg 0.07492798562953708 off 0.04667141382220176	false	1.0
trott	neg 1.0		__DUMMY__ 0.8832663179080995 neg 0.0701578638334711 off 0.046575818258429304	false	1.0
verminderung	neg 1.0		__DUMMY__ 0.8797519703387388 neg 0.06764295093581296 off 0.05260507872544824	false	1.0
nach			__DUMMY__ 0.8895996558458755 neg 0.07022339689409499 off 0.04017694726002944	false	0.0
rost	neg 1.0		__DUMMY__ 0.8754309427794217 neg 0.06727571546014485 off 0.057293341760433374	false	1.0
destruktiv	neg 1.0	neg 1.0	neg 0.5275641190353277 __DUMMY__ 0.43736986261017274 off 0.035066018354499524	false	1.0
unzumutbarkeit	neg 1.0		__DUMMY__ 0.8812545501982992 neg 0.06678602779003943 off 0.051959422011661385	false	1.0
labil	off 1.0	off 1.0	off 0.509225770145392 __DUMMY__ 0.43748875132913656 neg 0.053285478525471316	false	1.0
ziemlich	neg 1.0		__DUMMY__ 0.8813441712453549 neg 0.067668829669991 off 0.050986999084654094	false	1.0
lachnummer	off 1.0		__DUMMY__ 0.8783791064595681 neg 0.07524929624429873 off 0.04637159729613312	false	0.5
oder			__DUMMY__ 0.8849032687174785 neg 0.06881686412088565 off 0.04627986716163596	false	0.0
verfall	neg 1.0		__DUMMY__ 0.8836340182512572 neg 0.07616121212605194 off 0.04020476962269097	false	1.0
ausgrenzung	neg 1.0		__DUMMY__ 0.8749799328196382 neg 0.0760097822277101 off 0.049010284952651695	false	1.0
unordnung	neg 1.0		__DUMMY__ 0.8778752330660324 neg 0.06784633207657467 off 0.05427843485739295	false	1.0
fehlverhalten	neg 1.0		__DUMMY__ 0.8795979749448714 neg 0.07638640107818193 off 0.044015623976946694	false	1.0
eine			__DUMMY__ 0.885650590039616 neg 0.07212383473227342 off 0.042225575228110615	false	0.0
nille	neg 1.0		__DUMMY__ 0.8782560414064438 neg 0.07454757556178317 off 0.047196383031773106	false	1.0
qual	neg 1.0		__DUMMY__ 0.8827690722345276 neg 0.07066623307040071 off 0.04656469469507165	false	1.0
verschwenden	neg 1.0		__DUMMY__ 0.882813558890887 neg 0.07339807951836641 off 0.04378836159074675	false	1.0
riesig	neg 1.0		__DUMMY__ 0.882467887551173 neg 0.0717579579391548 off 0.04577415450967231	false	1.0
verurteilen	neg 1.0		__DUMMY__ 0.8777444683514289 neg 0.07684020015438833 off 0.0454153314941828	false	1.0
klischee	neg 1.0	neg 1.0	neg 0.5251218179068446 __DUMMY__ 0.43732280546174135 off 0.037555376631413985	false	1.0
diktatorisch	neg 1.0		__DUMMY__ 0.8723801693481552 neg 0.07909708908014473 off 0.04852274157170011	false	1.0
vorhersehbar	neg 1.0		__DUMMY__ 0.8776282928306394 neg 0.07380830712952591 off 0.04856340003983476	false	1.0
sowie			__DUMMY__ 0.8745134304084357 neg 0.06936129973373596 off 0.0561252698578283	false	0.0
stornieren	neg 1.0		__DUMMY__ 0.8854765392261877 neg 0.06596881363892083 off 0.048554647134891354	false	1.0
besteuerung	neg 1.0		__DUMMY__ 0.8799149922394178 neg 0.07231394057044506 off 0.04777106719013707	false	1.0
ungeschminkt	neg 1.0		__DUMMY__ 0.8800514322094156 neg 0.06879292637778288 off 0.05115564141280156	false	1.0
kritisch	neg 1.0		__DUMMY__ 0.879312897018163 neg 0.07647750677723697 off 0.044209596204600084	false	1.0
schlamperei	off 1.0		__DUMMY__ 0.8784306889949696 neg 0.07687427010126316 off 0.04469504090376738	false	0.5
sucht	neg 1.0	neg 1.0	neg 0.5186462734609197 __DUMMY__ 0.4447539286190115 off 0.03659979792006877	false	1.0
egoistisch	off 1.0		__DUMMY__ 0.8776562511052122 neg 0.06702780142571549 off 0.055315947469072375	false	0.5
ausbeuter	off 1.0		__DUMMY__ 0.8781023039191462 neg 0.07815627212505827 off 0.04374142395579549	false	0.5
arschgeburt	off 1.0		__DUMMY__ 0.8710493850560661 neg 0.06635588287528152 off 0.06259473206865238	false	0.5
schubs	neg 1.0	neg 1.0	neg 0.5219522511876792 __DUMMY__ 0.4447041260329892 off 0.03334362277933168	false	1.0
unsolide	neg 1.0		__DUMMY__ 0.8694718907472604 neg 0.07924885973286631 off 0.05127924951987326	false	1.0
beschwerde	neg 1.0		__DUMMY__ 0.8796184012699674 neg 0.07509664727244746 off 0.0452849514575852	false	1.0
stocken	neg 1.0		__DUMMY__ 0.8822277261316787 neg 0.07310110051681439 off 0.04467117335150688	false	1.0
isolieren	neg 1.0		__DUMMY__ 0.8848102807771635 neg 0.06901921194525171 off 0.04617050727758476	false	1.0
unheilbar	neg 1.0		__DUMMY__ 0.8797663211169007 neg 0.07287084101957031 off 0.047362837863528934	false	1.0
pisser	off 1.0		__DUMMY__ 0.8765066538716739 neg 0.0696298283243878 off 0.05386351780393829	false	0.5
löschen	neg 1.0		__DUMMY__ 0.880900480341005 neg 0.07134335379113732 off 0.04775616586785769	false	1.0
durchfallen	neg 1.0		__DUMMY__ 0.881366131330601 neg 0.07442511847253669 off 0.04420875019686214	false	1.0
wichser	off 1.0		__DUMMY__ 0.8761817524775443 neg 0.06472793571163817 off 0.05909031181081745	false	0.5
terror	neg 1.0		__DUMMY__ 0.8840710051898711 neg 0.06642103566941522 off 0.049507959140713625	false	1.0
krass	neg 1.0		__DUMMY__ 0.8799853327667809 neg 0.06665948878888041 off 0.053355178444338756	false	1.0
revolte	neg 1.0	neg 1.0	neg 0.5291602834946946 __DUMMY__ 0.43283775789993745 off 0.03800195860536804	false	1.0
besorgt	neg 1.0		__DUMMY__ 0.8876738656908724 neg 0.06718195744474664 off 0.04514417686438089	false	1.0
nachlassen	neg 1.0		__DUMMY__ 0.883528926807724 neg 0.07160667067859869 off 0.04486440251367723	false	1.0
alt	neg 1.0		__DUMMY__ 0.8869255574153854 neg 0.07029270236916287 off 0.04278174021545175	false	1.0
hundesohn	off 1.0		__DUMMY__ 0.8731103861161262 neg 0.06805255894925386 off 0.058837054934619853	false	0.5
als			__DUMMY__ 0.8845265689910145 neg 0.07076144757370736 off 0.044711983435278206	false	0.0
abschreckung	neg 1.0		__DUMMY__ 0.879747642577322 neg 0.07734309284571324 off 0.04290926457696483	false	1.0
unqualifiziert	neg 1.0	neg 1.0	neg 0.5251365134898265 __DUMMY__ 0.43783640618422714 off 0.03702708032594644	false	1.0
abgewichst	off 1.0		__DUMMY__ 0.8805725327920414 neg 0.07328697002887505 off 0.04614049717908351	false	0.5
schwer	neg 1.0		__DUMMY__ 0.8831777736498337 neg 0.07062951775079661 off 0.04619270859936957	false	1.0
bedeutungslosigkeit	neg 1.0		__DUMMY__ 0.8800455737691462 neg 0.07647558601713611 off 0.04347884021371772	false	1.0
kapitulation	neg 1.0		__DUMMY__ 0.8743633900666908 neg 0.080278510306545 off 0.0453580996267641	false	1.0
unscharf	neg 1.0		__DUMMY__ 0.8823037107761414 neg 0.069139642738783 off 0.048556646485075565	false	1.0
schwinden	neg 1.0		__DUMMY__ 0.8814674646180842 neg 0.0750555487033791 off 0.04347698667853675	false	1.0
versklavung	neg 1.0	neg 1.0	neg 0.5287016152038773 __DUMMY__ 0.43473430615249564 off 0.036564078643627165	false	1.0
schlecht	neg 1.0		__DUMMY__ 0.8816607609748265 neg 0.0670477827324797 off 0.05129145629269383	false	1.0
verhasst	neg 1.0		__DUMMY__ 0.8782482390054808 neg 0.07455449019334608 off 0.047197270801173086	false	1.0
beschweren	neg 1.0		__DUMMY__ 0.8822581274019415 neg 0.06985791840245895 off 0.04788395419559945	false	1.0
scheiden	neg 1.0		__DUMMY__ 0.8842037681902868 neg 0.06998541536486266 off 0.0458108164448505	false	1.0
frustriert	neg 1.0		__DUMMY__ 0.8824087868761156 neg 0.07204773920695486 off 0.04554347391692957	false	1.0
schimmelig	neg 1.0		__DUMMY__ 0.8822236083737449 neg 0.07417830250032108 off 0.04359808912593392	false	1.0
fisch	neg 1.0	neg 1.0	neg 0.5222879236953627 __DUMMY__ 0.4443970812316213 off 0.03331499507301602	false	1.0
schmuggel	neg 1.0		__DUMMY__ 0.8848831753082821 neg 0.07225069491423519 off 0.04286612977748265	false	1.0
auffallen	neg 1.0		__DUMMY__ 0.8818894902698806 neg 0.06984832370080765 off 0.04826218602931174	false	1.0
konkurrenz	neg 1.0		__DUMMY__ 0.884687250634939 neg 0.07281537780218779 off 0.04249737156287321	false	1.0
teufelskreis	neg 1.0	neg 1.0	neg 0.5260890435315142 __DUMMY__ 0.43915850387075434 off 0.03475245259773151	false	1.0
aufschreien	neg 1.0		__DUMMY__ 0.8788380713725228 neg 0.07276327359009023 off 0.04839865503738702	false	1.0
schuldner	neg 1.0		__DUMMY__ 0.8787605303968877 neg 0.07707196749663615 off 0.0441675021064762	false	1.0
missgeburt	off 1.0	off 1.0	off 0.5125895134705861 __DUMMY__ 0.43574491622542755 neg 0.05166557030398625	false	1.0
arbeitslos	neg 1.0		__DUMMY__ 0.8804423171556035 neg 0.07441407030807544 off 0.045143612536321126	false	1.0
befallen	neg 1.0		__DUMMY__ 0.8737323133163121 neg 0.0809681810107643 off 0.045299505672923554	false	1.0
miesepetrig	off 1.0		__DUMMY__ 0.8828044899756755 neg 0.06653586598424516 off 0.05065964404007933	false	0.5
alarmieren	neg 1.0		__DUMMY__ 0.8764022879738759 neg 0.07258068698399621 off 0.05101702504212799	false	1.0
ungeduscht	off 1.0		__DUMMY__ 0.8825712268827782 neg 0.06885632214492603 off 0.04857245097229568	false	0.5
knappheit	neg 1.0		__DUMMY__ 0.8793981612542974 neg 0.07533290562922229 off 0.04526893311648027	false	1.0
schlange	neg 1.0		__DUMMY__ 0.8852122448661518 neg 0.0672998733803046 off 0.04748788175354358	false	1.0
harsch	neg 1.0		__DUMMY__ 0.8810923172408827 neg 0.06293338969441842 off 0.05597429306469891	false	1.0
lang	neg 1.0		__DUMMY__ 0.8817859725374126 neg 0.07046258716915192 off 0.04775144029343535	false	1.0
ziellos	neg 1.0		__DUMMY__ 0.8833520366579009 neg 0.07221462827783373 off 0.0444333350642653	false	1.0
selbstverliebt	neg 1.0		__DUMMY__ 0.8714838474217005 neg 0.06824563498291948 off 0.06027051759538009	false	1.0
beseitigen	neg 1.0		__DUMMY__ 0.8849190511595235 neg 0.06768239114570601 off 0.04739855769477049	false	1.0
dumm	off 1.0		__DUMMY__ 0.8762428393087734 neg 0.06783725635633464 off 0.05591990433489185	false	0.5
arbeitsloser	neg 1.0		__DUMMY__ 0.8814914644464864 neg 0.07400681362456533 off 0.04450172192894833	false	1.0
blitzen	neg 1.0		__DUMMY__ 0.8792366891082086 neg 0.07094988524277043 off 0.04981342564902093	false	1.0
hilflos	neg 1.0		__DUMMY__ 0.8826349201107642 neg 0.07221077756590664 off 0.04515430232332916	false	1.0
eklig	off 1.0		__DUMMY__ 0.8752789304500657 neg 0.06812950802432592 off 0.05659156152560835	false	0.5
begriff			__DUMMY__ 0.8810075087751601 neg 0.07337578244296947 off 0.045616708781870484	false	0.0
hungersnot	neg 1.0		__DUMMY__ 0.8735126278026051 neg 0.07942436894552014 off 0.04706300325187479	false	1.0
ungesetzlich	neg 1.0		__DUMMY__ 0.8733966578069349 neg 0.07697019599458724 off 0.04963314619847792	false	1.0
verschwendung	neg 1.0		__DUMMY__ 0.8821806694436231 neg 0.0746635315443281 off 0.04315579901204884	false	1.0
schmerzvoll	neg 1.0		__DUMMY__ 0.8825731921566631 neg 0.06959913725792272 off 0.047827670585414137	false	1.0
vorzeitig	neg 1.0		__DUMMY__ 0.8805465927987636 neg 0.06837522921991615 off 0.05107817798132023	false	1.0
unvollkommenheit	neg 1.0		__DUMMY__ 0.8816579854773305 neg 0.07151969503105589 off 0.0468223194916136	false	1.0
intervenieren	neg 1.0		__DUMMY__ 0.877193622050151 neg 0.07872289258272497 off 0.04408348536712407	false	1.0
banause	off 1.0		__DUMMY__ 0.8752296240315831 neg 0.0669767738485264 off 0.05779360211989047	false	0.5
rebell	neg 1.0		__DUMMY__ 0.884504124334482 neg 0.07344338824071658 off 0.04205248742480133	false	1.0
unlogisch	neg 1.0		__DUMMY__ 0.877916011642112 neg 0.06896110883446308 off 0.053122879523424954	false	1.0
leiden	neg 1.0	neg 1.0	neg 0.5201481657277855 __DUMMY__ 0.44813077860763606 off 0.03172105566457828	false	1.0
abschaffung	neg 1.0		__DUMMY__ 0.8774961015546174 neg 0.07470103489586016 off 0.047802863549522366	false	1.0
sturz	neg 1.0		__DUMMY__ 0.8762038034843989 neg 0.07560979735679332 off 0.048186399158807826	false	1.0
verkleinerung	neg 1.0		__DUMMY__ 0.8758881682639503 neg 0.07376335394640682 off 0.05034847778964288	false	1.0
schmarotzer	off 1.0		__DUMMY__ 0.8787199280242041 neg 0.07643260610096576 off 0.04484746587483027	false	0.5
bestrafung	neg 1.0		__DUMMY__ 0.8805317173395618 neg 0.07165402840900256 off 0.04781425425143561	false	1.0
achtlos	neg 1.0		__DUMMY__ 0.8849446754883656 neg 0.06893835002643757 off 0.04611697448519667	false	1.0
ungeheuer	neg 1.0		__DUMMY__ 0.8810996082807032 neg 0.07052527907435445 off 0.048375112644942375	false	1.0
unaufrichtig	neg 1.0		__DUMMY__ 0.875588457063326 neg 0.07481270462587607 off 0.04959883831079789	false	1.0
