unsolidarisch	neg 1.0		neg 0.5842371898567121 off 0.37489564920677665 __DUMMY__ 0.040867160936511195	false	1.0
nachteilig	neg 1.0		neg 0.5831063196456311 off 0.37538968323521116 __DUMMY__ 0.041503997119157775	false	1.0
skeptisch	neg 1.0		neg 0.5852783548861485 off 0.3730672192421795 __DUMMY__ 0.04165442587167186	false	1.0
schrecklich	neg 1.0		neg 0.5702146784185136 off 0.38837690895412913 __DUMMY__ 0.04140841262735732	false	1.0
schlapp	neg 1.0		neg 0.5729496978236902 off 0.3853291780119491 __DUMMY__ 0.041721124164360815	false	1.0
abfall	neg 1.0		neg 0.5870488289986414 off 0.3712632582416039 __DUMMY__ 0.04168791275975462	false	1.0
widerspenstig	neg 1.0		neg 0.5782889696140328 off 0.37993949879584216 __DUMMY__ 0.0417715315901251	false	1.0
abrupt	neg 1.0		neg 0.5793555036709974 off 0.37879315439467204 __DUMMY__ 0.04185134193433068	false	1.0
unwirksam	neg 1.0		neg 0.5815585297789643 off 0.3773055456791977 __DUMMY__ 0.04113592454183804	false	1.0
angreifen	neg 1.0		neg 0.5849531890570466 off 0.3735539610772901 __DUMMY__ 0.04149284986566328	false	1.0
inkonsistent	neg 1.0		neg 0.5787127068769853 off 0.37998029781694115 __DUMMY__ 0.04130699530607344	false	1.0
abrutschen	neg 1.0		neg 0.5860495880066784 off 0.372158807653969 __DUMMY__ 0.04179160433935243	false	1.0
unsicher	neg 1.0		neg 0.5791444001989746 off 0.37921117614484096 __DUMMY__ 0.04164442365618457	false	1.0
bauernkind	off 1.0		neg 0.5686588660266504 off 0.39029538372149675 __DUMMY__ 0.04104575025185283	false	0.5
angreifer	neg 1.0		neg 0.5784187540036657 off 0.38038859563586613 __DUMMY__ 0.04119265036046815	false	1.0
trennen	neg 1.0		neg 0.5813243371478107 off 0.3766431039261202 __DUMMY__ 0.042032558926069066	false	1.0
schmutz	neg 1.0		neg 0.5703161508438401 off 0.38776929873189236 __DUMMY__ 0.041914550424267484	false	1.0
inkonsistenz	neg 1.0	neg 1.0	neg 0.777523467995853 off 0.20277961674913414 __DUMMY__ 0.019696915255012826	false	1.0
erschreckend	neg 1.0		neg 0.5816417894023506 off 0.3768527032928255 __DUMMY__ 0.0415055073048239	false	1.0
ertrinken	neg 1.0		neg 0.582022626311173 off 0.3761998309248791 __DUMMY__ 0.04177754276394791	false	1.0
pickelface	off 1.0		neg 0.580142779734611 off 0.37853055546726194 __DUMMY__ 0.041326664798127015	false	0.5
seiner			neg 0.583703492023168 off 0.3746313625927434 __DUMMY__ 0.041665145384088643	false	0.0
lauch	neg 1.0		neg 0.5856937400225329 off 0.37267216062830083 __DUMMY__ 0.04163409934916618	false	1.0
unwichtig	neg 1.0		neg 0.5753508856548746 off 0.38322534739504355 __DUMMY__ 0.041423766950081986	false	1.0
steuerhinterziehung	neg 1.0		neg 0.5837042187139329 off 0.3751783013559834 __DUMMY__ 0.04111747993008389	false	1.0
schock	neg 1.0		neg 0.5794884798405926 off 0.37866613979469776 __DUMMY__ 0.04184538036470946	false	1.0
beule	neg 1.0		neg 0.5716796134743521 off 0.3866500327456319 __DUMMY__ 0.04167035378001592	false	1.0
vergelten	neg 1.0		neg 0.5702113625571688 off 0.3886227880379044 __DUMMY__ 0.04116584940492687	false	1.0
verdorbenheit	neg 1.0	neg 1.0	neg 0.7766540119941308 off 0.20339356404731668 __DUMMY__ 0.01995242395855263	false	1.0
trauma	neg 1.0		neg 0.5778270557426058 off 0.3806731522965166 __DUMMY__ 0.041499791960877504	false	1.0
sinnlos	neg 1.0		neg 0.5773274663178606 off 0.38113992292845367 __DUMMY__ 0.04153261075368575	false	1.0
fettsack	off 1.0	off 1.0	off 0.6772460331596452 neg 0.303144826699851 __DUMMY__ 0.019609140140503797	false	1.0
feige	off 1.0		neg 0.5768763664669369 off 0.38184225289594104 __DUMMY__ 0.04128138063712207	false	0.5
abdanken	neg 1.0		neg 0.5844133033170047 off 0.37458907423370985 __DUMMY__ 0.040997622449285544	false	1.0
wichtigtuer	off 1.0	off 1.0	off 0.6718338118705179 neg 0.30847054500720805 __DUMMY__ 0.01969564312227395	false	1.0
misslingen	neg 1.0		neg 0.5754341844291759 off 0.38280327522293267 __DUMMY__ 0.04176254034789128	false	1.0
untreu	off 1.0		neg 0.5740876334500569 off 0.38445404922888565 __DUMMY__ 0.041458317321057425	false	0.5
missmutig	neg 1.0		neg 0.574050335888476 off 0.38426983992058067 __DUMMY__ 0.04167982419094337	false	1.0
hurenbock	off 1.0		neg 0.5755515275153755 off 0.3826341147567818 __DUMMY__ 0.04181435772784257	false	0.5
betrunken	neg 1.0		neg 0.5708423835435723 off 0.3875312191086603 __DUMMY__ 0.0416263973477675	false	1.0
korrupt	off 1.0		neg 0.5861856647111201 off 0.3727808481607728 __DUMMY__ 0.0410334871281072	false	0.5
unmut	neg 1.0		neg 0.5867778114366421 off 0.371625968558947 __DUMMY__ 0.04159622000441087	false	1.0
hackfresse	off 1.0		neg 0.5672487710223263 off 0.3914897556935319 __DUMMY__ 0.04126147328414187	false	0.5
aufblasen	neg 1.0		neg 0.5762829476991198 off 0.3819365763751059 __DUMMY__ 0.04178047592577419	false	1.0
gewaltsam	neg 1.0		neg 0.5812631670606402 off 0.377584156831707 __DUMMY__ 0.0411526761076528	false	1.0
unbeliebtheit	neg 1.0		neg 0.578451038000291 off 0.3808866310752434 __DUMMY__ 0.04066233092446549	false	1.0
sturheit	neg 1.0		neg 0.5832691494255328 off 0.37544944062812907 __DUMMY__ 0.041281409946338096	false	1.0
kuh	neg 1.0		neg 0.5784564497838871 off 0.38014941503590366 __DUMMY__ 0.04139413518020926	false	1.0
erschrecken	neg 1.0		neg 0.5747074014280716 off 0.38365009925992155 __DUMMY__ 0.041642499312006837	false	1.0
opfer	neg 1.0	neg 1.0	neg 0.7809426543598645 off 0.19924081006607447 __DUMMY__ 0.01981653557406104	false	1.0
sinken	neg 1.0		neg 0.5856442773433044 off 0.37273644505615133 __DUMMY__ 0.041619277600544374	false	1.0
stinktier	neg 1.0		neg 0.5712760789593782 off 0.3875331171111013 __DUMMY__ 0.04119080392952058	false	1.0
tucke	off 1.0		neg 0.5665116098402837 off 0.39221815404079646 __DUMMY__ 0.04127023611891969	false	0.5
ein			neg 0.5757683460037765 off 0.3822784876212443 __DUMMY__ 0.04195316637497918	false	0.0
abstieg	neg 1.0		neg 0.5829124060951292 off 0.3757166419549233 __DUMMY__ 0.041370951949947575	false	1.0
missverstehen	neg 1.0		neg 0.579121516354118 off 0.3795576920976503 __DUMMY__ 0.041320791548231706	false	1.0
ergebnislos	neg 1.0		neg 0.5829600301455583 off 0.3755957802339863 __DUMMY__ 0.0414441896204554	false	1.0
unter			neg 0.5869731233549466 off 0.3708064667376619 __DUMMY__ 0.04222040990739172	false	0.0
manipulieren	neg 1.0		neg 0.585645541021342 off 0.3729084550726161 __DUMMY__ 0.0414460039060419	false	1.0
unbewiesen	neg 1.0		neg 0.5851552900722176 off 0.37405141056538405 __DUMMY__ 0.04079329936239849	false	1.0
verschleppen	neg 1.0		neg 0.584129010640557 off 0.3745336154891567 __DUMMY__ 0.04133737387028634	false	1.0
weib	off 1.0		neg 0.5659966747210164 off 0.3927973082705041 __DUMMY__ 0.04120601700847934	false	0.5
opposition	neg 1.0		neg 0.5807291349380823 off 0.37818198264010633 __DUMMY__ 0.041088882421811454	false	1.0
verkehrswidrig	neg 1.0		neg 0.5676198455963298 off 0.3908950488620035 __DUMMY__ 0.04148510554166677	false	1.0
inkorrekt	neg 1.0		neg 0.5775609489755689 off 0.38148153244685135 __DUMMY__ 0.04095751857757984	false	1.0
vermeiden	neg 1.0		neg 0.5862153347347939 off 0.37183162461133346 __DUMMY__ 0.04195304065387272	false	1.0
abweichung	neg 1.0		neg 0.5862375579003002 off 0.37271281530376543 __DUMMY__ 0.041049626795934525	false	1.0
alkoholisiert	neg 1.0		neg 0.5807483955250181 off 0.377531437700302 __DUMMY__ 0.04172016677467993	false	1.0
scheiss	off 1.0	off 1.0	off 0.6755564779536589 neg 0.30464770874984787 __DUMMY__ 0.019795813296493218	false	1.0
herausforderung	neg 1.0		neg 0.5788879120047665 off 0.37909840761840324 __DUMMY__ 0.04201368037683035	false	1.0
pervers	off 1.0		neg 0.5632198478998798 off 0.39563572409871056 __DUMMY__ 0.041144428001409813	false	0.5
wackelig	neg 1.0		neg 0.5783908728387419 off 0.37954214895243277 __DUMMY__ 0.042066978208825365	false	1.0
verwickeln	neg 1.0		neg 0.5788067042585917 off 0.37978494818049924 __DUMMY__ 0.04140834756090899	false	1.0
vorwand	neg 1.0		neg 0.5865741379950544 off 0.37192683485715844 __DUMMY__ 0.0414990271477872	false	1.0
muschi	off 1.0		neg 0.5803936611537249 off 0.3782474817470355 __DUMMY__ 0.04135885709923954	false	0.5
entmutigung	neg 1.0		neg 0.5834129629465055 off 0.37593826777857897 __DUMMY__ 0.04064876927491553	false	1.0
unangemessen	neg 1.0		neg 0.5844219092333687 off 0.3742819944683762 __DUMMY__ 0.041296096298255175	false	1.0
unstetig	neg 1.0		neg 0.5770566968915231 off 0.38166167997499656 __DUMMY__ 0.04128162313348051	false	1.0
entmutigen	neg 1.0		neg 0.5782064551388689 off 0.3802075000773729 __DUMMY__ 0.041586044783758214	false	1.0
schwanz	neg 1.0		neg 0.5820212938701786 off 0.3764796654379537 __DUMMY__ 0.04149904069186758	false	1.0
verbot	neg 1.0		neg 0.5849287314257265 off 0.3739670009089087 __DUMMY__ 0.04110426766536476	false	1.0
leid	neg 1.0		neg 0.5692315757859602 off 0.3894702418570638 __DUMMY__ 0.041298182356976104	false	1.0
archaisch	neg 1.0		neg 0.5831548198890012 off 0.37547167822301347 __DUMMY__ 0.04137350188798534	false	1.0
gegen			neg 0.5859195650576408 off 0.3725821691883201 __DUMMY__ 0.041498265754039185	false	0.0
scheidung	neg 1.0	neg 1.0	neg 0.7650513337727548 off 0.2153402219644971 __DUMMY__ 0.01960844426274816	false	1.0
einschlag	neg 1.0		neg 0.569717647552873 off 0.3889774611490151 __DUMMY__ 0.04130489129811181	false	1.0
m			neg 0.5796144692635196 off 0.3786540357802543 __DUMMY__ 0.04173149495622609	false	0.0
abgestanden	neg 1.0		neg 0.5782760140049445 off 0.38002835784600514 __DUMMY__ 0.04169562814905034	false	1.0
schmierig	off 1.0		neg 0.5697668305002678 off 0.3888305980323212 __DUMMY__ 0.04140257146741116	false	0.5
unpraktisch	neg 1.0		neg 0.5760705562763657 off 0.3821168211390631 __DUMMY__ 0.041812622584571316	false	1.0
wixxer	off 1.0		neg 0.564104900504124 off 0.3948891924350114 __DUMMY__ 0.041005907060864634	false	0.5
bezeichnet			neg 0.5820679915665117 off 0.3765799532343423 __DUMMY__ 0.04135205519914595	false	0.0
jammerlappen	off 1.0		neg 0.5747320851575252 off 0.38376992243449415 __DUMMY__ 0.04149799240798073	false	0.5
farce	neg 1.0		neg 0.5863620043171457 off 0.37278334033726834 __DUMMY__ 0.04085465534558605	false	1.0
zwecklos	neg 1.0		neg 0.5840329931187346 off 0.3745688273699998 __DUMMY__ 0.041398179511265745	false	1.0
turbulent	neg 1.0		neg 0.57248031876079 off 0.3863376886445308 __DUMMY__ 0.04118199259467922	false	1.0
invasion	neg 1.0		neg 0.5748658910765193 off 0.3834836203031812 __DUMMY__ 0.041650488620299506	false	1.0
schuld	neg 1.0		neg 0.5795080277726442 off 0.37903258628923275 __DUMMY__ 0.04145938593812298	false	1.0
risiko	neg 1.0		neg 0.5741891387811643 off 0.38409483756674023 __DUMMY__ 0.041716023652095556	false	1.0
finster	neg 1.0		neg 0.5765886046767335 off 0.381553784212555 __DUMMY__ 0.041857611110711596	false	1.0
geisteskrank	off 1.0		neg 0.5756510309644993 off 0.38321715607735635 __DUMMY__ 0.04113181295814427	false	0.5
zusammenbrechen	neg 1.0		neg 0.5805445851425279 off 0.37777647542914494 __DUMMY__ 0.04167893942832716	false	1.0
ausbeute	neg 1.0		neg 0.5797110083619164 off 0.37837322882695573 __DUMMY__ 0.041915762811127986	false	1.0
hinterhalt	neg 1.0		neg 0.57871758744192 off 0.37980916710306584 __DUMMY__ 0.04147324545501407	false	1.0
kritik	neg 1.0		neg 0.5854852566473604 off 0.37354557038299446 __DUMMY__ 0.04096917296964505	false	1.0
einschrumpfen	neg 1.0		neg 0.5789278763664123 off 0.38005615520663166 __DUMMY__ 0.04101596842695609	false	1.0
riskant	neg 1.0		neg 0.5838453133270893 off 0.37454996594569817 __DUMMY__ 0.04160472072721252	false	1.0
frustrieren	neg 1.0		neg 0.5843032056598889 off 0.37414567633527573 __DUMMY__ 0.04155111800483531	false	1.0
groll	neg 1.0		neg 0.5836286195181528 off 0.37495249019352445 __DUMMY__ 0.04141889028832256	false	1.0
gibt			neg 0.5816250767750356 off 0.3767778143776001 __DUMMY__ 0.041597108847364346	false	0.0
qualvoll	neg 1.0		neg 0.5757781558444206 off 0.38254167938906464 __DUMMY__ 0.04168016476651473	false	1.0
wackeln	neg 1.0		neg 0.5760280816588559 off 0.3820690690076009 __DUMMY__ 0.04190284933354328	false	1.0
klagen	neg 1.0		neg 0.5875025201334984 off 0.37109648129434614 __DUMMY__ 0.041400998572155435	false	1.0
bankrott	neg 1.0		neg 0.5729583226215865 off 0.385400195589448 __DUMMY__ 0.04164148178896548	false	1.0
trauern	neg 1.0		neg 0.5835187503097137 off 0.37487954099678045 __DUMMY__ 0.041601708693505816	false	1.0
ablehnung	neg 1.0	neg 1.0	neg 0.7814182984154671 off 0.19901367139822554 __DUMMY__ 0.01956803018630736	false	1.0
stur	neg 1.0		neg 0.5788624553646442 off 0.379654806396794 __DUMMY__ 0.04148273823856176	false	1.0
aufruhr	neg 1.0		neg 0.5820411813680891 off 0.37683019241599336 __DUMMY__ 0.04112862621591749	false	1.0
melancholie	neg 1.0		neg 0.5790422095993961 off 0.3789970726211716 __DUMMY__ 0.041960717779432395	false	1.0
ist			neg 0.5780921834295112 off 0.3803734271802713 __DUMMY__ 0.04153438939021739	false	0.0
torheit	neg 1.0		neg 0.5823443538696607 off 0.3766476835259769 __DUMMY__ 0.041007962604362465	false	1.0
dreckskind	off 1.0		neg 0.570989054875783 off 0.38808278253876566 __DUMMY__ 0.04092816258545153	false	0.5
umtauschen	neg 1.0		neg 0.5778667796187824 off 0.3803156896469862 __DUMMY__ 0.04181753073423131	false	1.0
zum			neg 0.5826084606225699 off 0.37508319109666793 __DUMMY__ 0.04230834828076217	false	0.0
zersetzen	neg 1.0		neg 0.5862652021794834 off 0.3722906056331448 __DUMMY__ 0.041444192187371796	false	1.0
zur			neg 0.5869335031266968 off 0.37126784401248486 __DUMMY__ 0.041798652860818394	false	0.0
frust	neg 1.0		neg 0.5807792393794315 off 0.3775423628762889 __DUMMY__ 0.04167839774427956	false	1.0
unerbittlichkeit	neg 1.0		neg 0.5853906960540651 off 0.37319114133675024 __DUMMY__ 0.04141816260918448	false	1.0
zwei			neg 0.5820717207430807 off 0.3757999713378958 __DUMMY__ 0.042128307919023604	false	0.0
unkorrekt	neg 1.0		neg 0.5756072794633267 off 0.38331585011579855 __DUMMY__ 0.0410768704208748	false	1.0
hexe	off 1.0		neg 0.5739047668180586 off 0.38461779020910536 __DUMMY__ 0.041477442972835954	false	0.5
lasch	neg 1.0		neg 0.5778454060448436 off 0.3808544686741266 __DUMMY__ 0.04130012528102981	false	1.0
rivale	neg 1.0		neg 0.5709421732070333 off 0.38781386880217017 __DUMMY__ 0.041243957990796457	false	1.0
mutlos	off 1.0	off 1.0	off 0.6686087305161169 neg 0.3117057486618571 __DUMMY__ 0.01968552082202606	false	1.0
wirr	off 1.0		neg 0.5737149615200021 off 0.3852090356621082 __DUMMY__ 0.041076002817889645	false	0.5
jahr			neg 0.5802900280303691 off 0.377697421019524 __DUMMY__ 0.04201255095010697	false	0.0
wird			neg 0.5827325020988744 off 0.37562514368945726 __DUMMY__ 0.04164235421166842	false	0.0
strafbar	neg 1.0		neg 0.5861670258282119 off 0.37256270189009183 __DUMMY__ 0.0412702722816962	false	1.0
erosion	neg 1.0		neg 0.5760767897680188 off 0.38218549676417635 __DUMMY__ 0.04173771346780473	false	1.0
eingehen	neg 1.0		neg 0.5838369442105406 off 0.37469205089133606 __DUMMY__ 0.04147100489812334	false	1.0
faul	off 1.0		neg 0.5730895468553856 off 0.3851753054110473 __DUMMY__ 0.041735147733567075	false	0.5
provisorium	neg 1.0		neg 0.5887059186314021 off 0.36921644285812977 __DUMMY__ 0.04207763851046813	false	1.0
schmerzen	neg 1.0		neg 0.5792017409855355 off 0.37903242080347743 __DUMMY__ 0.041765838210987255	false	1.0
schrumpfen	neg 1.0		neg 0.5878472560873113 off 0.37039391892813617 __DUMMY__ 0.04175882498455262	false	1.0
geistlos	off 1.0		neg 0.5819317652147781 off 0.37721574268770364 __DUMMY__ 0.04085249209751828	false	0.5
fehlkauf	neg 1.0		neg 0.5776290285709047 off 0.3810255666105347 __DUMMY__ 0.04134540481856059	false	1.0
frustrierend	neg 1.0	neg 1.0	neg 0.7764379689430398 off 0.20373053350369572 __DUMMY__ 0.019831497553264424	false	1.0
unzufrieden	neg 1.0		neg 0.5830192556667607 off 0.3754638805728451 __DUMMY__ 0.04151686376039431	false	1.0
verzweifeln	neg 1.0		neg 0.5796707370273114 off 0.3786645619032154 __DUMMY__ 0.04166470106947336	false	1.0
verzweifelt	neg 1.0		neg 0.5783723088488074 off 0.38007898459122824 __DUMMY__ 0.041548706559964343	false	1.0
misstrauensantrag	neg 1.0		neg 0.5780086064012507 off 0.38070112185877514 __DUMMY__ 0.0412902717399741	false	1.0
abfallen	neg 1.0		neg 0.575500167583122 off 0.3825534289811018 __DUMMY__ 0.041946403435776235	false	1.0
fucker	off 1.0		neg 0.5721029430466186 off 0.3866034220744276 __DUMMY__ 0.04129363487895389	false	0.5
ungezogen	neg 1.0		neg 0.564881775490513 off 0.3938074798550671 __DUMMY__ 0.041310744654419765	false	1.0
irrsinnig	neg 1.0	neg 1.0	neg 0.778587240853633 off 0.2016370238536816 __DUMMY__ 0.01977573529268538	false	1.0
unfassbar	neg 1.0		neg 0.5743784104045995 off 0.38415407665368506 __DUMMY__ 0.041467512941715426	false	1.0
hart	neg 1.0		neg 0.5755729766201755 off 0.3831626178354324 __DUMMY__ 0.04126440554439225	false	1.0
widerlich	off 1.0		neg 0.5747978752359562 off 0.3839130967182748 __DUMMY__ 0.041289028045769	false	0.5
fatal	neg 1.0		neg 0.5772978504082663 off 0.38129908776498317 __DUMMY__ 0.04140306182675051	false	1.0
bruch	neg 1.0		neg 0.5883277816854885 off 0.3703150087251018 __DUMMY__ 0.041357209589409555	false	1.0
aushungern	neg 1.0		neg 0.5831924642251094 off 0.375748705105293 __DUMMY__ 0.04105883066959761	false	1.0
anspannung	neg 1.0		neg 0.5849963257544445 off 0.3730988310494542 __DUMMY__ 0.041904843196101285	false	1.0
von			neg 0.5813515243216846 off 0.376632083905817 __DUMMY__ 0.04201639177249854	false	0.0
kraftlos	neg 1.0		neg 0.5798520716301485 off 0.3782030095173655 __DUMMY__ 0.04194491885248597	false	1.0
vom			neg 0.5858848116046375 off 0.3718744843611333 __DUMMY__ 0.042240704034229276	false	0.0
grenzdebil	off 1.0		neg 0.5726524752715261 off 0.3858304317107443 __DUMMY__ 0.041517093017729635	false	0.5
vor			neg 0.584103657697209 off 0.3740395822752097 __DUMMY__ 0.041856760027581374	false	0.0
unterwerfen	neg 1.0		neg 0.5846692013145741 off 0.3739099251030947 __DUMMY__ 0.04142087358233121	false	1.0
versenkung	neg 1.0		neg 0.5842413667501893 off 0.37420892144659484 __DUMMY__ 0.041549711803215816	false	1.0
entziehen	neg 1.0		neg 0.5868103254126759 off 0.3716408516885819 __DUMMY__ 0.0415488228987421	false	1.0
finanzkrise	neg 1.0		neg 0.5836448827537829 off 0.37531536648462843 __DUMMY__ 0.04103975076158873	false	1.0
schimpfend	neg 1.0		neg 0.5736530341414622 off 0.3843008033124286 __DUMMY__ 0.04204616254610926	false	1.0
profan	neg 1.0		neg 0.5768943363758168 off 0.3815263217923025 __DUMMY__ 0.04157934183188073	false	1.0
korruption	neg 1.0		neg 0.5856520730359315 off 0.37327156550960694 __DUMMY__ 0.04107636145446168	false	1.0
â			neg 0.581052469584888 off 0.37725986282361273 __DUMMY__ 0.04168766759149927	false	0.0
schmutzig	neg 1.0		neg 0.5714688042908123 off 0.38679547013511095 __DUMMY__ 0.04173572557407672	false	1.0
sexy	neg 1.0		neg 0.5745131460201913 off 0.38394743446720286 __DUMMY__ 0.041539419512605785	false	1.0
abraten	neg 1.0		neg 0.5772605767374216 off 0.3810715771120392 __DUMMY__ 0.04166784615053916	false	1.0
schwarz	neg 1.0		neg 0.5778596781978527 off 0.3806821342411094 __DUMMY__ 0.041458187561037946	false	1.0
fotze	off 1.0		neg 0.5824450630110012 off 0.3761742639860444 __DUMMY__ 0.04138067300295443	false	0.5
verwirren	neg 1.0		neg 0.5761498210000833 off 0.3822951298791842 __DUMMY__ 0.041555049120732594	false	1.0
zahnlos	off 1.0		neg 0.5835830039730436 off 0.37501842584926315 __DUMMY__ 0.04139857017769335	false	0.5
verheeren	neg 1.0		neg 0.5661592726581255 off 0.3929832300729069 __DUMMY__ 0.040857497268967764	false	1.0
hippie	neg 1.0		neg 0.5751708180279864 off 0.38333599861940454 __DUMMY__ 0.0414931833526091	false	1.0
rammen	neg 1.0		neg 0.5756281179320912 off 0.3827801032094869 __DUMMY__ 0.041591778858421725	false	1.0
unlauter	neg 1.0	neg 1.0	neg 0.7782272240149559 off 0.20210653652929392 __DUMMY__ 0.01966623945575008	false	1.0
unheilvoll	neg 1.0		neg 0.5765354105969037 off 0.38182456158776373 __DUMMY__ 0.041640027815332596	false	1.0
niedrig	neg 1.0		neg 0.5827993710367192 off 0.375681947744087 __DUMMY__ 0.0415186812191938	false	1.0
explosion	neg 1.0		neg 0.575024919859548 off 0.3833858890831634 __DUMMY__ 0.04158919105728864	false	1.0
weichei	off 1.0		neg 0.5684925338040132 off 0.3902292442423764 __DUMMY__ 0.04127822195361035	false	0.5
minusmensch	off 1.0		neg 0.5668470005214731 off 0.3923600468496326 __DUMMY__ 0.040792952628894354	false	0.5
farblos	neg 1.0		neg 0.5796391313656595 off 0.3789881481133926 __DUMMY__ 0.041372720520947835	false	1.0
unwissend	neg 1.0	neg 1.0	neg 0.7762437928872606 off 0.20402973162272756 __DUMMY__ 0.01972647549001173	false	1.0
traurig	neg 1.0		neg 0.5705913829783185 off 0.3878926393209001 __DUMMY__ 0.04151597770078124	false	1.0
senkung	neg 1.0		neg 0.5769649900141558 off 0.38167079322771513 __DUMMY__ 0.04136421675812911	false	1.0
ungleich	neg 1.0	neg 1.0	neg 0.7816518410657156 off 0.19861069176549115 __DUMMY__ 0.019737467168793276	false	1.0
heikel	neg 1.0		neg 0.5855026242105282 off 0.37295974708082674 __DUMMY__ 0.04153762870864498	false	1.0
drosselung	neg 1.0		neg 0.56990060033265 off 0.38856350994715727 __DUMMY__ 0.04153588972019282	false	1.0
falsch	neg 1.0		neg 0.5757423820358715 off 0.3827940914841702 __DUMMY__ 0.041463526479958365	false	1.0
unzufriedenheit	neg 1.0		neg 0.5861425299357657 off 0.3723730042704951 __DUMMY__ 0.04148446579373934	false	1.0
kurz	neg 1.0		neg 0.5787623348803282 off 0.3793297719275035 __DUMMY__ 0.04190789319216816	false	1.0
unsinnig	neg 1.0		neg 0.5826508843629024 off 0.37586278483203256 __DUMMY__ 0.04148633080506505	false	1.0
penner	off 1.0	off 1.0	off 0.6789872611680918 neg 0.3013045445848302 __DUMMY__ 0.01970819424707807	false	1.0
seicht	neg 1.0		neg 0.5680547262591369 off 0.39096675260874203 __DUMMY__ 0.0409785211321211	false	1.0
dummheit	off 1.0	off 1.0	off 0.6722740863279778 neg 0.30803291075617956 __DUMMY__ 0.019693002915842635	false	1.0
unerfreulich	neg 1.0		neg 0.5852150812096599 off 0.373128455691099 __DUMMY__ 0.041656463099241155	false	1.0
motherfucker	off 1.0	off 1.0	off 0.6757215930238185 neg 0.30459657807501495 __DUMMY__ 0.01968182890116662	false	1.0
pikiert	neg 1.0		neg 0.5759277463941886 off 0.3827396087577413 __DUMMY__ 0.041332644848070026	false	1.0
wrack	neg 1.0		neg 0.5809934387880972 off 0.3773453685293087 __DUMMY__ 0.041661192682594016	false	1.0
gangster	neg 1.0		neg 0.5762139089095608 off 0.38230187608437205 __DUMMY__ 0.041484215006067214	false	1.0
krank	neg 1.0		neg 0.5711020105819031 off 0.38718581873572383 __DUMMY__ 0.041712170682373	false	1.0
reich	neg 1.0		neg 0.5781763890141014 off 0.3809742645669982 __DUMMY__ 0.040849346418900444	false	1.0
gnadenlos	neg 1.0		neg 0.5785483833734295 off 0.37990165976496093 __DUMMY__ 0.04154995686160961	false	1.0
niedergeschlagen	neg 1.0		neg 0.5804702201949772 off 0.3778588401678828 __DUMMY__ 0.0416709396371401	false	1.0
terrorisieren	off 1.0	off 1.0	off 0.6693072986825465 neg 0.31087034033970534 __DUMMY__ 0.019822360977748164	false	1.0
sinnlosigkeit	neg 1.0		neg 0.5832299729794783 off 0.37533506321143645 __DUMMY__ 0.04143496380908533	false	1.0
behindern	neg 1.0		neg 0.5783747774033312 off 0.3799128322294757 __DUMMY__ 0.04171239036719321	false	1.0
undemokratisch	neg 1.0		neg 0.5823497192378105 off 0.3766709438971553 __DUMMY__ 0.04097933686503436	false	1.0
wirtschaftskrise	neg 1.0		neg 0.5844244861684409 off 0.37434594583937714 __DUMMY__ 0.04122956799218202	false	1.0
neid	neg 1.0		neg 0.5741051409072226 off 0.3841747698720384 __DUMMY__ 0.041720089220738985	false	1.0
rutschen	neg 1.0		neg 0.5823211994002717 off 0.3753549927646321 __DUMMY__ 0.04232380783509607	false	1.0
rezession	neg 1.0		neg 0.5729901226479741 off 0.386096942360794 __DUMMY__ 0.0409129349912318	false	1.0
fehlgeburt	neg 1.0		neg 0.5788626241732415 off 0.3796176578195872 __DUMMY__ 0.04151971800717129	false	1.0
charakterschwach	off 1.0		neg 0.5747806550430233 off 0.38390420969583394 __DUMMY__ 0.041315135261142576	false	0.5
isolation	neg 1.0		neg 0.573078997371451 off 0.3853559734928364 __DUMMY__ 0.04156502913571275	false	1.0
ablenkung	neg 1.0		neg 0.5778335142830275 off 0.3804264125533643 __DUMMY__ 0.04174007316360813	false	1.0
pech	neg 1.0		neg 0.5752613294815729 off 0.38311626845875824 __DUMMY__ 0.04162240205966866	false	1.0
vermeidung	neg 1.0		neg 0.5707101590318046 off 0.3876739601812576 __DUMMY__ 0.04161588078693787	false	1.0
dominieren	neg 1.0		neg 0.5808983288379115 off 0.3775527998630049 __DUMMY__ 0.04154887129908364	false	1.0
schwindlig	neg 1.0		neg 0.57397299096853 off 0.38419167609215277 __DUMMY__ 0.041835332939317266	false	1.0
lutscher	neg 1.0		neg 0.566308644793262 off 0.3926363486027174 __DUMMY__ 0.04105500660402064	false	1.0
pflicht	neg 1.0		neg 0.5857125482878057 off 0.3727539606627003 __DUMMY__ 0.04153349104949408	false	1.0
faschist	off 1.0		neg 0.5809232386791433 off 0.37807536137009906 __DUMMY__ 0.04100139995075749	false	0.5
verschleudern	neg 1.0		neg 0.5846975816937309 off 0.3740184768429152 __DUMMY__ 0.04128394146335393	false	1.0
wenn			neg 0.5752149493051566 off 0.38325867475999603 __DUMMY__ 0.0415263759348474	false	0.0
ehebruch	neg 1.0		neg 0.585325962587703 off 0.3733874452731701 __DUMMY__ 0.041286592139126846	false	1.0
spott	off 1.0		neg 0.5854980273414387 off 0.3731500381283452 __DUMMY__ 0.04135193453021606	false	0.5
trostlosigkeit	neg 1.0		neg 0.5881760564125545 off 0.37063020516798323 __DUMMY__ 0.04119373841946235	false	1.0
lutschen	neg 1.0		neg 0.5764617638647854 off 0.38231435195454644 __DUMMY__ 0.0412238841806682	false	1.0
undiszipliniert	neg 1.0		neg 0.5722361588300607 off 0.3863562864619525 __DUMMY__ 0.041407554707986766	false	1.0
kopfschmerz	neg 1.0		neg 0.5790972844237555 off 0.37922226747462107 __DUMMY__ 0.04168044810162335	false	1.0
unvorhergesehen	neg 1.0		neg 0.5782706551853976 off 0.37973333243881274 __DUMMY__ 0.041996012375789704	false	1.0
desinteressiert	neg 1.0		neg 0.5731431818276523 off 0.38552448367022507 __DUMMY__ 0.04133233450212254	false	1.0
armselig	off 1.0		neg 0.5730926394077455 off 0.38570686305115953 __DUMMY__ 0.04120049754109488	false	0.5
desaster	neg 1.0		neg 0.5889670612646254 off 0.36969919966045967 __DUMMY__ 0.04133373907491485	false	1.0
tod	neg 1.0		neg 0.5871509332482694 off 0.3717579106542848 __DUMMY__ 0.041091156097445784	false	1.0
herzlos	neg 1.0		neg 0.5705036559298101 off 0.3880662828258638 __DUMMY__ 0.041430061244326084	false	1.0
unwissenheit	neg 1.0		neg 0.5843085885734971 off 0.37437945790376864 __DUMMY__ 0.0413119535227344	false	1.0
widersinnig	neg 1.0		neg 0.584895280879513 off 0.37405550715371627 __DUMMY__ 0.04104921196677086	false	1.0
bedenklich	neg 1.0		neg 0.5845485771072993 off 0.37394671690871245 __DUMMY__ 0.04150470598398809	false	1.0
beanstanden	neg 1.0		neg 0.585982441790666 off 0.3724652068783431 __DUMMY__ 0.04155235133099096	false	1.0
panisch	neg 1.0	neg 1.0	neg 0.7755050864983932 off 0.20443311093105274 __DUMMY__ 0.020061802570553983	false	1.0
debil	off 1.0		neg 0.5882743249716027 off 0.3700684861165687 __DUMMY__ 0.0416571889118286	false	0.5
abstrich	neg 1.0		neg 0.5768088139632549 off 0.3813573599777289 __DUMMY__ 0.041833826059016206	false	1.0
primitiv	neg 1.0		neg 0.5741795617776408 off 0.3845400193350565 __DUMMY__ 0.04128041888730258	false	1.0
abschaum	off 1.0	off 1.0	off 0.6735023780746078 neg 0.3068495686983317 __DUMMY__ 0.019648053227060546	false	1.0
provozieren	neg 1.0		neg 0.5807998474014484 off 0.37783983599708715 __DUMMY__ 0.041360316601464296	false	1.0
tot	neg 1.0		neg 0.5808133960424396 off 0.37769604161158343 __DUMMY__ 0.0414905623459769	false	1.0
instabil	neg 1.0		neg 0.5723312448480689 off 0.3865681863813975 __DUMMY__ 0.041100568770533634	false	1.0
schwuchtel	off 1.0		neg 0.5623438506975412 off 0.3968890532648515 __DUMMY__ 0.04076709603760721	false	0.5
zerren	neg 1.0		neg 0.5804539805764396 off 0.37785528947153835 __DUMMY__ 0.04169072995202216	false	1.0
kinderficker	off 1.0		neg 0.5714555093034549 off 0.3874825384093452 __DUMMY__ 0.041061952287199846	false	0.5
gefahr	neg 1.0		neg 0.58455388492289 off 0.3740368058868743 __DUMMY__ 0.04140930919023571	false	1.0
rabiat	neg 1.0		neg 0.5796621187169907 off 0.3787929346102202 __DUMMY__ 0.04154494667278905	false	1.0
verlangsamung	neg 1.0		neg 0.5695010160966893 off 0.38963706390787517 __DUMMY__ 0.04086191999543556	false	1.0
ausgestorben	neg 1.0		neg 0.5805207850196459 off 0.37781588372578817 __DUMMY__ 0.04166333125456599	false	1.0
anklagen	neg 1.0		neg 0.5823608221006823 off 0.3763763372757844 __DUMMY__ 0.04126284062353321	false	1.0
trott	neg 1.0		neg 0.5787336939131356 off 0.3796211801644273 __DUMMY__ 0.04164512592243723	false	1.0
verminderung	neg 1.0		neg 0.5715834607986864 off 0.3870237354467023 __DUMMY__ 0.04139280375461137	false	1.0
nach			neg 0.5845001490652241 off 0.373410382323457 __DUMMY__ 0.04208946861131886	false	0.0
rost	neg 1.0		neg 0.5676507476326234 off 0.39130451373377095 __DUMMY__ 0.04104473863360567	false	1.0
destruktiv	neg 1.0	neg 1.0	neg 0.7803815672099477 off 0.19994303242228412 __DUMMY__ 0.01967540036776819	false	1.0
unzumutbarkeit	neg 1.0		neg 0.5719082450808063 off 0.3866203586223029 __DUMMY__ 0.04147139629689083	false	1.0
labil	off 1.0	off 1.0	off 0.6744613619630907 neg 0.3058516235201699 __DUMMY__ 0.019687014516739335	false	1.0
ziemlich	neg 1.0		neg 0.5731988154849429 off 0.3852802325466447 __DUMMY__ 0.04152095196841242	false	1.0
lachnummer	off 1.0		neg 0.5826791125039095 off 0.37602110745285344 __DUMMY__ 0.0412997800432371	false	0.5
oder			neg 0.5779690429167639 off 0.38025834511925694 __DUMMY__ 0.04177261196397926	false	0.0
verfall	neg 1.0		neg 0.588704747739309 off 0.3696503855423574 __DUMMY__ 0.04164486671833366	false	1.0
ausgrenzung	neg 1.0		neg 0.5810451620960612 off 0.3779249293463861 __DUMMY__ 0.04102990855755278	false	1.0
unordnung	neg 1.0		neg 0.5705701631858083 off 0.38822345537589226 __DUMMY__ 0.041206381438299515	false	1.0
fehlverhalten	neg 1.0		neg 0.5856730981196825 off 0.37295568846257054 __DUMMY__ 0.04137121341774685	false	1.0
eine			neg 0.5839481572108995 off 0.37422810718124666 __DUMMY__ 0.041823735607853796	false	0.0
nille	neg 1.0		neg 0.5813507927288651 off 0.3773691711882063 __DUMMY__ 0.04128003608292867	false	1.0
qual	neg 1.0		neg 0.5791278424731837 off 0.3792627674046273 __DUMMY__ 0.041609390122188936	false	1.0
verschwenden	neg 1.0		neg 0.5833744674766175 off 0.37500259671460967 __DUMMY__ 0.04162293580877279	false	1.0
riesig	neg 1.0		neg 0.580637648800786 off 0.3778184227409765 __DUMMY__ 0.041543928458237456	false	1.0
verurteilen	neg 1.0		neg 0.5847278897161542 off 0.3740375831821505 __DUMMY__ 0.041234527101695194	false	1.0
klischee	neg 1.0	neg 1.0	neg 0.777591142380959 off 0.20272356065978572 __DUMMY__ 0.019685296959255298	false	1.0
diktatorisch	neg 1.0		neg 0.5834921630152803 off 0.37565677756186355 __DUMMY__ 0.040851059422856065	false	1.0
vorhersehbar	neg 1.0		neg 0.5795330751221884 off 0.37921128369874973 __DUMMY__ 0.04125564117906185	false	1.0
sowie			neg 0.5698831778768276 off 0.38909698343438154 __DUMMY__ 0.041019838688790874	false	0.0
stornieren	neg 1.0		neg 0.5744284176918657 off 0.38380376857887394 __DUMMY__ 0.0417678137292605	false	1.0
besteuerung	neg 1.0		neg 0.5789752340421941 off 0.3796427210997725 __DUMMY__ 0.041382044858033366	false	1.0
ungeschminkt	neg 1.0		neg 0.5733939612731023 off 0.38521681802353713 __DUMMY__ 0.04138922070336043	false	1.0
kritisch	neg 1.0		neg 0.5853923998021403 off 0.3732480696216966 __DUMMY__ 0.04135953057616307	false	1.0
schlamperei	off 1.0		neg 0.5853625207862696 off 0.3733665269081524 __DUMMY__ 0.04127095230557802	false	0.5
sucht	neg 1.0	neg 1.0	neg 0.7752700355116962 off 0.20471801828241884 __DUMMY__ 0.02001194620588493	false	1.0
egoistisch	off 1.0		neg 0.569117024082179 off 0.3896412618867057 __DUMMY__ 0.04124171403111538	false	0.5
ausbeuter	off 1.0		neg 0.5870113219514391 off 0.37172563581061374 __DUMMY__ 0.04126304223794704	false	0.5
arschgeburt	off 1.0		neg 0.5625347981353747 off 0.3966994263989033 __DUMMY__ 0.040765775465721965	false	0.5
schubs	neg 1.0	neg 1.0	neg 0.7784815891650747 off 0.20149018524506823 __DUMMY__ 0.02002822558985719	false	1.0
unsolide	neg 1.0		neg 0.5809912847262305 off 0.3783501790503222 __DUMMY__ 0.04065853622344748	false	1.0
beschwerde	neg 1.0		neg 0.5836332791633254 off 0.37501172067652605 __DUMMY__ 0.04135500016014861	false	1.0
stocken	neg 1.0		neg 0.5827206026287557 off 0.3757323995409516 __DUMMY__ 0.04154699783029285	false	1.0
isolieren	neg 1.0		neg 0.5790754207415386 off 0.37921352784478285 __DUMMY__ 0.041711051413678625	false	1.0
unheilbar	neg 1.0		neg 0.5802385235088541 off 0.3783681786669549 __DUMMY__ 0.04139329782419096	false	1.0
pisser	off 1.0		neg 0.5721476237243914 off 0.3867202247411854 __DUMMY__ 0.04113215153442314	false	0.5
löschen	neg 1.0		neg 0.578609805521192 off 0.37991465722211704 __DUMMY__ 0.041475537256690925	false	1.0
durchfallen	neg 1.0		neg 0.5838394530106077 off 0.3746476449658361 __DUMMY__ 0.0415129020235561	false	1.0
wichser	off 1.0		neg 0.5641845063042661 off 0.39466788894641436 __DUMMY__ 0.041147604749319645	false	0.5
terror	neg 1.0		neg 0.5736260188130756 off 0.38467601449906025 __DUMMY__ 0.04169796668786403	false	1.0
krass	neg 1.0		neg 0.5701379297921978 off 0.3884697246121873 __DUMMY__ 0.04139234559561481	false	1.0
revolte	neg 1.0	neg 1.0	neg 0.779348281178369 off 0.20120569510368005 __DUMMY__ 0.019446023717950844	false	1.0
besorgt	neg 1.0		neg 0.578374623334662 off 0.379677507366377 __DUMMY__ 0.041947869298961035	false	1.0
nachlassen	neg 1.0		neg 0.5812980704754829 off 0.3770531776074483 __DUMMY__ 0.041648751917068814	false	1.0
alt	neg 1.0		neg 0.5817597123151707 off 0.37640195100213003 __DUMMY__ 0.041838336682699345	false	1.0
hundesohn	off 1.0		neg 0.5670426413830624 off 0.39205445099989494 __DUMMY__ 0.040902907617042523	false	0.5
als			neg 0.5809734987993468 off 0.37728750196708283 __DUMMY__ 0.041738999233570294	false	0.0
abschreckung	neg 1.0		neg 0.5872882274276564 off 0.3713416869489055 __DUMMY__ 0.04137008562343822	false	1.0
unqualifiziert	neg 1.0	neg 1.0	neg 0.7781177436541645 off 0.20218606504438824 __DUMMY__ 0.019696191301447293	false	1.0
abgewichst	off 1.0		neg 0.5813044903648411 off 0.3772554121878835 __DUMMY__ 0.04144009744727543	false	0.5
schwer	neg 1.0		neg 0.5794965163279969 off 0.3788480609733613 __DUMMY__ 0.041655422698641704	false	1.0
bedeutungslosigkeit	neg 1.0		neg 0.586130573946177 off 0.3724636688646377 __DUMMY__ 0.04140575718918534	false	1.0
kapitulation	neg 1.0		neg 0.5869588596166629 off 0.3720471106847505 __DUMMY__ 0.040994029698586676	false	1.0
unscharf	neg 1.0		neg 0.5758167606798135 off 0.3826378565006939 __DUMMY__ 0.04154538281949264	false	1.0
schwinden	neg 1.0		neg 0.5850483318406827 off 0.37345252254354466 __DUMMY__ 0.04149914561577262	false	1.0
versklavung	neg 1.0	neg 1.0	neg 0.7800574947669648 off 0.2004052107018627 __DUMMY__ 0.01953729453117242	false	1.0
schlecht	neg 1.0		neg 0.5726666074692843 off 0.3857891216580151 __DUMMY__ 0.04154427087270067	false	1.0
verhasst	neg 1.0		neg 0.5812979226213956 off 0.37741094731387853 __DUMMY__ 0.04129113006472582	false	1.0
beschweren	neg 1.0		neg 0.5775398477842241 off 0.38087252148753253 __DUMMY__ 0.041587630728243376	false	1.0
scheiden	neg 1.0		neg 0.5790581311814972 off 0.37926204405236913 __DUMMY__ 0.04167982476613371	false	1.0
frustriert	neg 1.0		neg 0.5810775553073977 off 0.37732399826861407 __DUMMY__ 0.04159844642398822	false	1.0
schimmelig	neg 1.0		neg 0.5832775886794784 off 0.3752010866478564 __DUMMY__ 0.041521324672665116	false	1.0
fisch	neg 1.0	neg 1.0	neg 0.7787420522714744 off 0.2012622924066843 __DUMMY__ 0.0199956553218413	false	1.0
schmuggel	neg 1.0		neg 0.583816802200377 off 0.37446676272179946 __DUMMY__ 0.04171643507782356	false	1.0
auffallen	neg 1.0		neg 0.5771070346575258 off 0.381330990441084 __DUMMY__ 0.04156197490139022	false	1.0
konkurrenz	neg 1.0		neg 0.5846212125915278 off 0.37364627188701816 __DUMMY__ 0.04173251552145425	false	1.0
teufelskreis	neg 1.0	neg 1.0	neg 0.7798339787406423 off 0.20039121694174195 __DUMMY__ 0.01977480431761586	false	1.0
aufschreien	neg 1.0		neg 0.5789105578174164 off 0.3797482150655855 __DUMMY__ 0.041341227116998065	false	1.0
schuldner	neg 1.0		neg 0.5858257002922117 off 0.372878120814991 __DUMMY__ 0.04129617889279729	false	1.0
missgeburt	off 1.0	off 1.0	off 0.6775424173971109 neg 0.30287886418627824 __DUMMY__ 0.019578718416610952	false	1.0
arbeitslos	neg 1.0		neg 0.5831232843844963 off 0.3754220872265553 __DUMMY__ 0.04145462838894816	false	1.0
befallen	neg 1.0		neg 0.5868786093902201 off 0.3721625495436032 __DUMMY__ 0.040958841066176685	false	1.0
miesepetrig	off 1.0		neg 0.57248853736948 off 0.3859055195906585 __DUMMY__ 0.041605943039861586	false	0.5
alarmieren	neg 1.0		neg 0.576850021995817 off 0.38201583159936187 __DUMMY__ 0.04113414640482121	false	1.0
ungeduscht	off 1.0		neg 0.5754582880779423 off 0.38296834151127307 __DUMMY__ 0.04157337041078458	false	0.5
knappheit	neg 1.0		neg 0.5835628480744808 off 0.37509324509287784 __DUMMY__ 0.04134390683264129	false	1.0
schlange	neg 1.0		neg 0.5759870544949812 off 0.38221940832144147 __DUMMY__ 0.04179353718357723	false	1.0
harsch	neg 1.0		neg 0.5658037226191462 off 0.39271178523168593 __DUMMY__ 0.04148449214916783	false	1.0
lang	neg 1.0		neg 0.5780145749948767 off 0.3804446966925022 __DUMMY__ 0.04154072831262087	false	1.0
ziellos	neg 1.0		neg 0.5820149382239959 off 0.37631433654747043 __DUMMY__ 0.04167072522853373	false	1.0
selbstverliebt	neg 1.0		neg 0.5654663529013183 off 0.3937177859095723 __DUMMY__ 0.040815861189109376	false	1.0
beseitigen	neg 1.0		neg 0.5768200175663803 off 0.3814571000339059 __DUMMY__ 0.041722882399713765	false	1.0
dumm	off 1.0		neg 0.5689262315506698 off 0.38992016146372677 __DUMMY__ 0.04115360698560354	false	0.5
arbeitsloser	neg 1.0		neg 0.5836693643286963 off 0.3748253647482138 __DUMMY__ 0.041505270923089865	false	1.0
blitzen	neg 1.0		neg 0.5766219068499175 off 0.38202974477667395 __DUMMY__ 0.04134834837340851	false	1.0
hilflos	neg 1.0		neg 0.5814734440547237 off 0.3769212875692508 __DUMMY__ 0.04160526837602569	false	1.0
eklig	off 1.0		neg 0.5683245808288224 off 0.39059316480641515 __DUMMY__ 0.041082254364762365	false	0.5
begriff			neg 0.582049720515111 off 0.3764768051349047 __DUMMY__ 0.04147347434998432	false	0.0
hungersnot	neg 1.0		neg 0.5846617271935166 off 0.37440472085439597 __DUMMY__ 0.04093355195208749	false	1.0
ungesetzlich	neg 1.0		neg 0.5813612259352281 off 0.3777098698324292 __DUMMY__ 0.040928904232342564	false	1.0
verschwendung	neg 1.0		neg 0.5849302938025654 off 0.37350049905831423 __DUMMY__ 0.04156920713912039	false	1.0
schmerzvoll	neg 1.0		neg 0.5773448841290549 off 0.38104656685459865 __DUMMY__ 0.041608549016346426	false	1.0
vorzeitig	neg 1.0		neg 0.5738578849502283 off 0.38472111732048253 __DUMMY__ 0.04142099772928899	false	1.0
unvollkommenheit	neg 1.0		neg 0.5796683216537366 off 0.37883673054185196 __DUMMY__ 0.041494947804411535	false	1.0
intervenieren	neg 1.0		neg 0.5870778612180524 off 0.37172740027606127 __DUMMY__ 0.04119473850588643	false	1.0
banause	off 1.0		neg 0.5665509011359192 off 0.3923798944637123 __DUMMY__ 0.04106920440036843	false	0.5
rebell	neg 1.0		neg 0.5848444615783887 off 0.37347720468461404 __DUMMY__ 0.04167833373699729	false	1.0
unlogisch	neg 1.0		neg 0.5721824002382916 off 0.38654535145605856 __DUMMY__ 0.04127224830564982	false	1.0
leiden	neg 1.0	neg 1.0	neg 0.7789291320687629 off 0.20087253080915113 __DUMMY__ 0.02019833712208607	false	1.0
abschaffung	neg 1.0		neg 0.5809178081751448 off 0.37787264573579565 __DUMMY__ 0.04120954608905936	false	1.0
sturz	neg 1.0		neg 0.5809379621935918 off 0.3779343308509459 __DUMMY__ 0.041127706955462154	false	1.0
verkleinerung	neg 1.0		neg 0.5779557738510487 off 0.38094619981610495 __DUMMY__ 0.04109802633284654	false	1.0
schmarotzer	off 1.0		neg 0.5847569616499859 off 0.3739252369838925 __DUMMY__ 0.0413178013661216	false	0.5
bestrafung	neg 1.0		neg 0.5790352077263746 off 0.3795186383933845 __DUMMY__ 0.041446153880240734	false	1.0
achtlos	neg 1.0		neg 0.5784770916237028 off 0.37974998483049266 __DUMMY__ 0.04177292354580454	false	1.0
ungeheuer	neg 1.0		neg 0.5772400419321756 off 0.3812688726129774 __DUMMY__ 0.041491085454847074	false	1.0
unaufrichtig	neg 1.0		neg 0.579548087063928 off 0.3793750670393365 __DUMMY__ 0.041076845896735374	false	1.0
groggy	neg 1.0		neg 0.5764535394269142 off 0.3821570513149458 __DUMMY__ 0.041389409258139935	false	1.0
verletzlich	neg 1.0		neg 0.57320184692782 off 0.3853645976965598 __DUMMY__ 0.04143355537562042	false	1.0
