unsolidarisch	neg 1.0		neg 0.6047699592005505 off 0.3882566679203141 __DUMMY__ 0.0069733728791352536	false	1.0
nachteilig	neg 1.0		neg 0.603953174909157 off 0.3889643652041659 __DUMMY__ 0.007082459886677005	false	1.0
skeptisch	neg 1.0		neg 0.6062098305999877 off 0.38668188667904035 __DUMMY__ 0.007108282720972068	false	1.0
schrecklich	neg 1.0		neg 0.5909483267727323 off 0.401985530140493 __DUMMY__ 0.007066143086774674	false	1.0
schlapp	neg 1.0		neg 0.5938493479120641 off 0.3990309700034227 __DUMMY__ 0.0071196820845131755	false	1.0
abfall	neg 1.0		neg 0.6080039734767323 off 0.38488203898709783 __DUMMY__ 0.007113987536169804	false	1.0
widerspenstig	neg 1.0		neg 0.5992415074466729 off 0.3936301885828626 __DUMMY__ 0.007128303970464461	false	1.0
abrupt	neg 1.0		neg 0.6003565098007952 off 0.3925016164506513 __DUMMY__ 0.0071418737485534215	false	1.0
unwirksam	neg 1.0		neg 0.6022056147689592 off 0.39077500158601697 __DUMMY__ 0.007019383645023825	false	1.0
angreifen	neg 1.0		neg 0.6058030486658635 off 0.3871163345791344 __DUMMY__ 0.007080616755002101	false	1.0
inkonsistent	neg 1.0		neg 0.5994329633100735 off 0.39351838639994857 __DUMMY__ 0.007048650289977997	false	1.0
abrutschen	neg 1.0		neg 0.6070525902005022 off 0.38581561853697505 __DUMMY__ 0.007131791262522817	false	1.0
unsicher	neg 1.0		neg 0.600040259855333 off 0.39285314263609716 __DUMMY__ 0.007106597508569897	false	1.0
bauernkind	off 1.0		neg 0.5891996585974274 off 0.40379645754234134 __DUMMY__ 0.007003883860231265	false	0.5
angreifer	neg 1.0		neg 0.5990857867941861 off 0.3938851546849523 __DUMMY__ 0.007029058520861538	false	1.0
trennen	neg 1.0		neg 0.6024254861049821 off 0.39040145997632586 __DUMMY__ 0.007173053918692057	false	1.0
schmutz	neg 1.0		neg 0.5913120969599653 off 0.40153527138276107 __DUMMY__ 0.007152631657273694	false	1.0
inkonsistenz	neg 1.0	neg 1.0	neg 0.7874117209609856 off 0.20923149074842515 __DUMMY__ 0.0033567882905892717	false	1.0
erschreckend	neg 1.0		neg 0.6024813635762257 off 0.3904358402933923 __DUMMY__ 0.0070827961303819185	false	1.0
ertrinken	neg 1.0		neg 0.6029996740592348 off 0.389870968401111 __DUMMY__ 0.007129357539654119	false	1.0
pickelface	off 1.0		neg 0.6008855139816811 off 0.39206242756176324 __DUMMY__ 0.007052058456555616	false	0.5
seiner			neg 0.6046327653560626 off 0.3882571085806646 __DUMMY__ 0.007110126063272831	false	0.0
lauch	neg 1.0		neg 0.606613758615208 off 0.38628152140522526 __DUMMY__ 0.007104719979566734	false	1.0
unwichtig	neg 1.0		neg 0.596119138715378 off 0.39681208294626263 __DUMMY__ 0.007068778338359352	false	1.0
steuerhinterziehung	neg 1.0		neg 0.6043597314220314 off 0.38862406752711715 __DUMMY__ 0.007016201050851532	false	1.0
schock	neg 1.0		neg 0.6004854826947816 off 0.3923735495252522 __DUMMY__ 0.007140967779966154	false	1.0
beule	neg 1.0		neg 0.5925478306868002 off 0.4003412302825911 __DUMMY__ 0.007110939030608599	false	1.0
vergelten	neg 1.0		neg 0.5908305293062113 off 0.40214505859792926 __DUMMY__ 0.007024412095859323	false	1.0
verdorbenheit	neg 1.0	neg 1.0	neg 0.7866654214890794 off 0.20993418500985528 __DUMMY__ 0.003400393501065396	false	1.0
trauma	neg 1.0		neg 0.5986438686083747 off 0.3942743042173649 __DUMMY__ 0.007081827174260513	false	1.0
sinnlos	neg 1.0		neg 0.5981590606221622 off 0.3947534945907985 __DUMMY__ 0.0070874447870393755	false	1.0
fettsack	off 1.0	off 1.0	off 0.6836780304645079 neg 0.3129801717404798 __DUMMY__ 0.0033417977950123707	false	1.0
feige	off 1.0		neg 0.5975803745014856 off 0.3953752497915286 __DUMMY__ 0.007044375706985845	false	0.5
abdanken	neg 1.0		neg 0.6050142143096404 off 0.38799011112935733 __DUMMY__ 0.006995674561002257	false	1.0
wichtigtuer	off 1.0	off 1.0	off 0.678285427419873 neg 0.31835797688978096 __DUMMY__ 0.003356595690346108	false	1.0
misslingen	neg 1.0		neg 0.5963742023973385 off 0.3964991408503073 __DUMMY__ 0.007126656752354233	false	1.0
untreu	off 1.0		neg 0.5948655115179324 off 0.39805978374056933 __DUMMY__ 0.007074704741498249	false	0.5
missmutig	neg 1.0		neg 0.5949390001341307 off 0.3979483956034003 __DUMMY__ 0.007112604262469112	false	1.0
hurenbock	off 1.0		neg 0.596513245002324 off 0.396351275974966 __DUMMY__ 0.0071354790227100865	false	0.5
betrunken	neg 1.0		neg 0.5916861816644066 off 0.40121035346842127 __DUMMY__ 0.007103464867172109	false	1.0
korrupt	off 1.0		neg 0.6068114992952747 off 0.3861866424047036 __DUMMY__ 0.007001858300021791	false	0.5
unmut	neg 1.0		neg 0.6076898849854884 off 0.3852118336872909 __DUMMY__ 0.0070982813272207936	false	1.0
hackfresse	off 1.0		neg 0.5878944373975618 off 0.40506461607111494 __DUMMY__ 0.007040946531323334	false	0.5
aufblasen	neg 1.0		neg 0.5972315113969766 off 0.3956386104501418 __DUMMY__ 0.007129878152881599	false	1.0
gewaltsam	neg 1.0		neg 0.6019224854802063 off 0.3910553035690568 __DUMMY__ 0.007022210950736685	false	1.0
unbeliebtheit	neg 1.0		neg 0.5988504117562161 off 0.3942113847681315 __DUMMY__ 0.006938203475652282	false	1.0
sturheit	neg 1.0		neg 0.6040062737272329 off 0.3889493627215377 __DUMMY__ 0.0070443635512295304	false	1.0
kuh	neg 1.0		neg 0.5992152711184519 off 0.3937212098006914 __DUMMY__ 0.007063519080856734	false	1.0
erschrecken	neg 1.0		neg 0.5955798752207283 off 0.3973138641770643 __DUMMY__ 0.007106260602207486	false	1.0
opfer	neg 1.0	neg 1.0	neg 0.7908946037701672 off 0.20572818096507078 __DUMMY__ 0.003377215264761971	false	1.0
sinken	neg 1.0		neg 0.6065580496031724 off 0.3863397869802177 __DUMMY__ 0.007102163416609893	false	1.0
stinktier	neg 1.0		neg 0.5919027967994493 off 0.4010684334629179 __DUMMY__ 0.007028769737632937	false	1.0
tucke	off 1.0		neg 0.587155905263408 off 0.4058017674372404 __DUMMY__ 0.007042327299351626	false	0.5
ein			neg 0.5968012513224448 off 0.3960393585065161 __DUMMY__ 0.007159390171039165	false	0.0
abstieg	neg 1.0		neg 0.6036916298023749 off 0.3892487685079383 __DUMMY__ 0.007059601689686865	false	1.0
missverstehen	neg 1.0		neg 0.5998555613523693 off 0.39309330530540265 __DUMMY__ 0.0070511333422280135	false	1.0
ergebnislos	neg 1.0		neg 0.603777486525119 off 0.3891503392732003 __DUMMY__ 0.0070721742016808045	false	1.0
unter			neg 0.6081955068899036 off 0.38459928410158006 __DUMMY__ 0.0072052090085162855	false	0.0
manipulieren	neg 1.0		neg 0.606476199150932 off 0.38645125992628193 __DUMMY__ 0.007072540922786175	false	1.0
unbewiesen	neg 1.0		neg 0.6056546467335291 off 0.38738464840891385 __DUMMY__ 0.00696070485755721	false	1.0
verschleppen	neg 1.0		neg 0.6048982576089147 off 0.3880478886809653 __DUMMY__ 0.007053853710120155	false	1.0
weib	off 1.0		neg 0.5866096856450337 off 0.4063589275191738 __DUMMY__ 0.007031386835792561	false	0.5
opposition	neg 1.0		neg 0.6013463289154302 off 0.3916423144028482 __DUMMY__ 0.007011356681721674	false	1.0
verkehrswidrig	neg 1.0		neg 0.5883795772288989 off 0.40454130062411553 __DUMMY__ 0.007079122146985588	false	1.0
inkorrekt	neg 1.0		neg 0.5981057358560631 off 0.3949054377025972 __DUMMY__ 0.006988826441339834	false	1.0
vermeiden	neg 1.0		neg 0.6072994659940532 off 0.38554116036598746 __DUMMY__ 0.007159373639959373	false	1.0
abweichung	neg 1.0		neg 0.6068669700503784 off 0.3861284331515596 __DUMMY__ 0.0070045967980621165	false	1.0
alkoholisiert	neg 1.0		neg 0.6016837208862129 off 0.3911969337399826 __DUMMY__ 0.00711934537380439	false	1.0
scheiss	off 1.0	off 1.0	off 0.6820501687127088 neg 0.31457616543244676 __DUMMY__ 0.0033736658548444254	false	1.0
herausforderung	neg 1.0		neg 0.599974244339994 off 0.3928560484887318 __DUMMY__ 0.0071697071712741745	false	1.0
pervers	off 1.0		neg 0.583790010195764 off 0.4091891408842589 __DUMMY__ 0.007020848919977201	false	0.5
wackelig	neg 1.0		neg 0.5994925003961258 off 0.3933285609223753 __DUMMY__ 0.007178938681498943	false	1.0
verwickeln	neg 1.0		neg 0.5995841808046651 off 0.39334968380860114 __DUMMY__ 0.007066135386733616	false	1.0
vorwand	neg 1.0		neg 0.6074340725900387 off 0.38548427682026853 __DUMMY__ 0.007081650589692697	false	1.0
muschi	off 1.0		neg 0.6011536966824078 off 0.3917887064468949 __DUMMY__ 0.0070575968706973165	false	0.5
entmutigung	neg 1.0		neg 0.6038309218121402 off 0.38923316601516833 __DUMMY__ 0.006935912172691565	false	1.0
unangemessen	neg 1.0		neg 0.6051697352100652 off 0.3877833756288304 __DUMMY__ 0.007046889161104272	false	1.0
unstetig	neg 1.0		neg 0.5977574732441019 off 0.3951982785394188 __DUMMY__ 0.007044248216479288	false	1.0
entmutigen	neg 1.0		neg 0.5990702526357433 off 0.3938332042294953 __DUMMY__ 0.007096543134761425	false	1.0
schwanz	neg 1.0		neg 0.6028567370680799 off 0.39006169524375517 __DUMMY__ 0.007081567688164906	false	1.0
verbot	neg 1.0		neg 0.6055849367731033 off 0.38740110461608296 __DUMMY__ 0.00701395861081363	false	1.0
leid	neg 1.0		neg 0.5899044188193918 off 0.40304834764595265 __DUMMY__ 0.007047233534655592	false	1.0
archaisch	neg 1.0		neg 0.6039340344245442 off 0.3890058311444346 __DUMMY__ 0.0070601344310211945	false	1.0
gegen			neg 0.606779433703146 off 0.38613909370019783 __DUMMY__ 0.007081472596656199	false	0.0
scheidung	neg 1.0	neg 1.0	neg 0.7748862115072378 off 0.221772137645478 __DUMMY__ 0.003341650847284206	false	1.0
einschlag	neg 1.0		neg 0.5904005880772608 off 0.4025511023341894 __DUMMY__ 0.007048309588549776	false	1.0
m			neg 0.6005547578344496 off 0.3923237217032827 __DUMMY__ 0.007121520462267816	false	0.0
abgestanden	neg 1.0		neg 0.5991828105417032 off 0.3937019791448865 __DUMMY__ 0.00711521031341027	false	1.0
schmierig	off 1.0		neg 0.5904947459300426 off 0.4024401312912212 __DUMMY__ 0.0070651227787361884	false	0.5
unpraktisch	neg 1.0		neg 0.5970327844170868 off 0.3958318515195811 __DUMMY__ 0.0071353640633321416	false	1.0
wixxer	off 1.0		neg 0.5846082966602806 off 0.40839458413061697 __DUMMY__ 0.006997119209102443	false	0.5
bezeichnet			neg 0.602832595017942 off 0.3901109224682485 __DUMMY__ 0.007056482513809606	false	0.0
jammerlappen	off 1.0		neg 0.5955342966970938 off 0.39738420052478657 __DUMMY__ 0.007081502778119573	false	0.5
farce	neg 1.0		neg 0.6068965795113681 off 0.3861322162204965 __DUMMY__ 0.006971204268135525	false	1.0
zwecklos	neg 1.0		neg 0.6048289232407632 off 0.38810667439660906 __DUMMY__ 0.0070644023626275955	false	1.0
turbulent	neg 1.0		neg 0.5931128339146222 off 0.39986003199867826 __DUMMY__ 0.0070271340866996075	false	1.0
invasion	neg 1.0		neg 0.5957459076159477 off 0.3971464689404548 __DUMMY__ 0.007107623443597448	false	1.0
schuld	neg 1.0		neg 0.6003140835372719 off 0.3926110195200095 __DUMMY__ 0.0070748969427187275	false	1.0
risiko	neg 1.0		neg 0.5951037761470481 off 0.3977775418532644 __DUMMY__ 0.007118681999687411	false	1.0
finster	neg 1.0		neg 0.59757082815846 off 0.3952861470954078 __DUMMY__ 0.007143024746132251	false	1.0
geisteskrank	off 1.0		neg 0.5962741272382414 off 0.39670711727709557 __DUMMY__ 0.007018755484663099	false	0.5
zusammenbrechen	neg 1.0		neg 0.6014652134227128 off 0.39142227082547887 __DUMMY__ 0.007112515751808374	false	1.0
ausbeute	neg 1.0		neg 0.6007423157118343 off 0.39210477064909127 __DUMMY__ 0.00715291363907432	false	1.0
hinterhalt	neg 1.0		neg 0.5995252992346655 off 0.39339764404784977 __DUMMY__ 0.007077056717484772	false	1.0
kritik	neg 1.0		neg 0.6060749214723719 off 0.386934255525246 __DUMMY__ 0.0069908230023822595	false	1.0
einschrumpfen	neg 1.0		neg 0.5995051056260098 off 0.3934960390803616 __DUMMY__ 0.006998855293628575	false	1.0
riskant	neg 1.0		neg 0.6047446368653747 off 0.38815557271170803 __DUMMY__ 0.0070997904229172125	false	1.0
frustrieren	neg 1.0		neg 0.6051771845033608 off 0.3877322126608173 __DUMMY__ 0.0070906028358219035	false	1.0
groll	neg 1.0		neg 0.6044356552057222 off 0.38849643457928656 __DUMMY__ 0.007067910214991313	false	1.0
gibt			neg 0.6025098444816068 off 0.39039165614053395 __DUMMY__ 0.007098499377859279	false	0.0
qualvoll	neg 1.0		neg 0.5966734075842253 off 0.3962139261850291 __DUMMY__ 0.00711266623074551	false	1.0
wackeln	neg 1.0		neg 0.5970382637212186 off 0.3958108980370122 __DUMMY__ 0.0071508382417690905	false	1.0
klagen	neg 1.0		neg 0.6083185901047353 off 0.38461659685810173 __DUMMY__ 0.007064813037163074	false	1.0
bankrott	neg 1.0		neg 0.5938209836262063 off 0.3990729593712609 __DUMMY__ 0.007106057002532761	false	1.0
trauern	neg 1.0		neg 0.6044167178765476 off 0.3884841087208021 __DUMMY__ 0.007099173402650487	false	1.0
ablehnung	neg 1.0	neg 1.0	neg 0.7912471278790927 off 0.2054180878796622 __DUMMY__ 0.0033347842412450807	false	1.0
stur	neg 1.0		neg 0.5996771839883079 off 0.39324392432754046 __DUMMY__ 0.007078891684151486	false	1.0
aufruhr	neg 1.0		neg 0.6026927821360555 off 0.390289106791656 __DUMMY__ 0.007018111072288532	false	1.0
melancholie	neg 1.0		neg 0.6000929288218873 off 0.3927463847536305 __DUMMY__ 0.007160686424482327	false	1.0
ist			neg 0.5989262527992151 off 0.3939859905556197 __DUMMY__ 0.007087756645165189	false	0.0
torheit	neg 1.0		neg 0.6029387997794738 off 0.3900637393488488 __DUMMY__ 0.006997460871677302	false	1.0
dreckskind	off 1.0		neg 0.5914828024314466 off 0.4015333954277982 __DUMMY__ 0.0069838021407551895	false	0.5
umtauschen	neg 1.0		neg 0.5988363506781378 off 0.39402746872472416 __DUMMY__ 0.007136180597137959	false	1.0
zum			neg 0.6038541877418239 off 0.3889255681874361 __DUMMY__ 0.007220244070740001	false	0.0
zersetzen	neg 1.0		neg 0.607095676092151 off 0.3858320679976106 __DUMMY__ 0.00707225591023835	false	1.0
zur			neg 0.6079457520548689 off 0.3849213087307456 __DUMMY__ 0.0071329392143856	false	0.0
frust	neg 1.0		neg 0.6017013954760966 off 0.3911861841605738 __DUMMY__ 0.007112420363329621	false	1.0
unerbittlichkeit	neg 1.0		neg 0.6062059480830775 off 0.3867262723237908 __DUMMY__ 0.007067779593131722	false	1.0
zwei			neg 0.6032227027086839 off 0.3895878638844582 __DUMMY__ 0.007189433406857835	false	0.0
unkorrekt	neg 1.0		neg 0.5962019258453376 off 0.3967888372115264 __DUMMY__ 0.007009236943136091	false	1.0
hexe	off 1.0		neg 0.5946857632532633 off 0.3982363836709471 __DUMMY__ 0.007077853075789506	false	0.5
lasch	neg 1.0		neg 0.5985644604931326 off 0.39438797512926055 __DUMMY__ 0.007047564377606859	false	1.0
rivale	neg 1.0		neg 0.5915973679056848 off 0.4013647622398447 __DUMMY__ 0.007037869854470457	false	1.0
mutlos	off 1.0	off 1.0	off 0.6750515403989937 neg 0.32159360682640425 __DUMMY__ 0.0033548527746019943	false	1.0
wirr	off 1.0		neg 0.5942971574173339 off 0.39869376922706284 __DUMMY__ 0.0070090733556032484	false	0.5
jahr			neg 0.6013749201286057 off 0.3914555343057288 __DUMMY__ 0.007169545565665434	false	0.0
wird			neg 0.6036426847505081 off 0.38925106520129527 __DUMMY__ 0.0071062500481966434	false	0.0
strafbar	neg 1.0		neg 0.6069112919093448 off 0.38604627092754734 __DUMMY__ 0.007042437163107796	false	1.0
erosion	neg 1.0		neg 0.5970049739128407 off 0.39587246617020133 __DUMMY__ 0.007122559916957888	false	1.0
eingehen	neg 1.0		neg 0.6046692554397379 off 0.38825385925889444 __DUMMY__ 0.00707688530136757	false	1.0
faul	off 1.0		neg 0.59399858269665 off 0.39887932955884203 __DUMMY__ 0.007122087744508131	false	0.5
provisorium	neg 1.0		neg 0.6098604967252751 off 0.3829587502822222 __DUMMY__ 0.007180752992502799	false	1.0
schmerzen	neg 1.0		neg 0.6001504800261138 off 0.39272219271946673 __DUMMY__ 0.007127327254419559	false	1.0
schrumpfen	neg 1.0		neg 0.6088438584518382 off 0.38403003976872957 __DUMMY__ 0.007126101779432368	false	1.0
geistlos	off 1.0		neg 0.6024456784874469 off 0.3905834676894062 __DUMMY__ 0.00697085382314671	false	0.5
fehlkauf	neg 1.0		neg 0.5983681449073288 off 0.39457652915103175 __DUMMY__ 0.007055325941639454	false	1.0
frustrierend	neg 1.0	neg 1.0	neg 0.7863904710231052 off 0.21022973140146517 __DUMMY__ 0.003379797575429575	false	1.0
unzufrieden	neg 1.0		neg 0.6038707085114859 off 0.3890445494593913 __DUMMY__ 0.007084742029122804	false	1.0
verzweifeln	neg 1.0		neg 0.600580421814803 off 0.39230950103279827 __DUMMY__ 0.007110077152398828	false	1.0
verzweifelt	neg 1.0		neg 0.5992159267863216 off 0.3936938618494922 __DUMMY__ 0.00709021136418622	false	1.0
misstrauensantrag	neg 1.0		neg 0.5987158937505206 off 0.3942382378766063 __DUMMY__ 0.0070458683728731614	false	1.0
abfallen	neg 1.0		neg 0.5965270852819866 off 0.3963146189232749 __DUMMY__ 0.007158295794738571	false	1.0
fucker	off 1.0		neg 0.5927907642567662 off 0.40016272757330373 __DUMMY__ 0.007046508169930208	false	0.5
ungezogen	neg 1.0		neg 0.5855418642182124 off 0.4074087927381718 __DUMMY__ 0.007049343043615822	false	1.0
irrsinnig	neg 1.0	neg 1.0	neg 0.7885138827615437 off 0.20811583706358255 __DUMMY__ 0.003370280174873872	false	1.0
unfassbar	neg 1.0		neg 0.5951618574971823 off 0.3977618677866363 __DUMMY__ 0.0070762747161813395	false	1.0
hart	neg 1.0		neg 0.5962577833222306 off 0.39670091652988726 __DUMMY__ 0.007041300147882176	false	1.0
widerlich	off 1.0		neg 0.5954945083561436 off 0.3974598003069865 __DUMMY__ 0.00704569133686993	false	0.5
fatal	neg 1.0		neg 0.5980640482588659 off 0.39487069563896937 __DUMMY__ 0.007065256102164607	false	1.0
bruch	neg 1.0		neg 0.6091248115307142 off 0.3838179071423067 __DUMMY__ 0.007057281326979135	false	1.0
aushungern	neg 1.0		neg 0.6038208718751991 off 0.38917296225046455 __DUMMY__ 0.007006165874336453	false	1.0
anspannung	neg 1.0		neg 0.6060511941129929 off 0.38679768137812 __DUMMY__ 0.00715112450888727	false	1.0
von			neg 0.6024450241267345 off 0.39038482336014296 __DUMMY__ 0.00717015251312246	false	0.0
kraftlos	neg 1.0		neg 0.6009019392665678 off 0.3919400230878739 __DUMMY__ 0.007158037645558456	false	1.0
vom			neg 0.6071085754845714 off 0.3856827708825754 __DUMMY__ 0.007208653632853162	false	0.0
grenzdebil	off 1.0		neg 0.5934531734153804 off 0.3994620584494392 __DUMMY__ 0.007084768135180356	false	0.5
vor			neg 0.6051303331143271 off 0.3877267063627686 __DUMMY__ 0.00714296052290441	false	0.0
unterwerfen	neg 1.0		neg 0.6054824935405708 off 0.3874492717040673 __DUMMY__ 0.007068234755361797	false	1.0
versenkung	neg 1.0		neg 0.6051162328401146 off 0.38779341758210306 __DUMMY__ 0.007090349577782419	false	1.0
entziehen	neg 1.0		neg 0.6076967901602442 off 0.38521302234790394 __DUMMY__ 0.007090187491851851	false	1.0
finanzkrise	neg 1.0		neg 0.6042565065142572 off 0.38874059556130713 __DUMMY__ 0.007002897924435625	false	1.0
schimpfend	neg 1.0		neg 0.5947216408245268 off 0.39810307132332706 __DUMMY__ 0.007175287852146197	false	1.0
profan	neg 1.0		neg 0.597745507563893 off 0.39515906372658716 __DUMMY__ 0.0070954287095197	false	1.0
korruption	neg 1.0		neg 0.6062958125462201 off 0.38669500455674627 __DUMMY__ 0.007009182897033733	false	1.0
â			neg 0.6019766154086691 off 0.3909093805908352 __DUMMY__ 0.007114004000495788	false	0.0
schmutzig	neg 1.0		neg 0.5923741562674475 off 0.40050363417182633 __DUMMY__ 0.007122209560726213	false	1.0
sexy	neg 1.0		neg 0.5953346128984565 off 0.3975767711044021 __DUMMY__ 0.007088615997141542	false	1.0
abraten	neg 1.0		neg 0.5981572484556336 off 0.39473217355256374 __DUMMY__ 0.007110577991802623	false	1.0
schwarz	neg 1.0		neg 0.5986555135638298 off 0.3942697997131636 __DUMMY__ 0.0070746867230066235	false	1.0
fotze	off 1.0		neg 0.6032239331384931 off 0.3897147387988323 __DUMMY__ 0.007061328062674548	false	0.5
verwirren	neg 1.0		neg 0.5969868857668944 off 0.39592182647916674 __DUMMY__ 0.007091287753938916	false	1.0
zahnlos	off 1.0		neg 0.6043784446622423 off 0.3885570898273445 __DUMMY__ 0.007064465510413308	false	0.5
verheeren	neg 1.0		neg 0.5865991866789337 off 0.4064291551972436 __DUMMY__ 0.006971658123822596	false	1.0
hippie	neg 1.0		neg 0.5959729682425687 off 0.396946334841484 __DUMMY__ 0.007080696915947218	false	1.0
rammen	neg 1.0		neg 0.5964755286175742 off 0.3964270559671293 __DUMMY__ 0.0070974154152965326	false	1.0
unlauter	neg 1.0	neg 1.0	neg 0.7881005555424136 off 0.20854790716967603 __DUMMY__ 0.003351537287910359	false	1.0
unheilvoll	neg 1.0		neg 0.5974128757885283 off 0.3954813803807851 __DUMMY__ 0.007105743830686492	false	1.0
niedrig	neg 1.0		neg 0.60364664447851 off 0.3892684702882858 __DUMMY__ 0.007084885233204188	false	1.0
explosion	neg 1.0		neg 0.5958740776182588 off 0.3970288137232383 __DUMMY__ 0.007097108658502902	false	1.0
weichei	off 1.0		neg 0.5891504871334248 off 0.40380569437622443 __DUMMY__ 0.007043818490350785	false	0.5
minusmensch	off 1.0		neg 0.5872617979771247 off 0.4057776082415626 __DUMMY__ 0.006960593781312786	false	0.5
farblos	neg 1.0		neg 0.6003952139360256 off 0.39254497022222257 __DUMMY__ 0.0070598158417519465	false	1.0
unwissend	neg 1.0	neg 1.0	neg 0.7861431000332804 off 0.21049503529818542 __DUMMY__ 0.003361864668534248	false	1.0
traurig	neg 1.0		neg 0.5913821239406325 off 0.40153331036389817 __DUMMY__ 0.007084565695469202	false	1.0
senkung	neg 1.0		neg 0.5977063170857908 off 0.3952351882535068 __DUMMY__ 0.007058494660702472	false	1.0
ungleich	neg 1.0	neg 1.0	neg 0.7915647710846768 off 0.20507150566010915 __DUMMY__ 0.0033637232552138916	false	1.0
heikel	neg 1.0		neg 0.6063757627214567 off 0.3865359610998095 __DUMMY__ 0.007088276178733949	false	1.0
drosselung	neg 1.0		neg 0.5906982239587644 off 0.4022139094015604 __DUMMY__ 0.007087866639675317	false	1.0
falsch	neg 1.0		neg 0.5965309137353072 off 0.39639349247189826 __DUMMY__ 0.007075593792794673	false	1.0
unzufriedenheit	neg 1.0		neg 0.6069942317119804 off 0.38592661778653026 __DUMMY__ 0.0070791505014893945	false	1.0
kurz	neg 1.0		neg 0.5997855905134463 off 0.39306269143932204 __DUMMY__ 0.007151718047231639	false	1.0
unsinnig	neg 1.0		neg 0.6034853608832802 off 0.3894351498982198 __DUMMY__ 0.007079489218500027	false	1.0
penner	off 1.0	off 1.0	off 0.6854518903552201 neg 0.31118937210325076 __DUMMY__ 0.0033587375415291736	false	1.0
seicht	neg 1.0		neg 0.5885656618180642 off 0.4044418862821028 __DUMMY__ 0.0069924518998329445	false	1.0
dummheit	off 1.0	off 1.0	off 0.6787252919717519 neg 0.31791856240965527 __DUMMY__ 0.0033561456185928376	false	1.0
unerfreulich	neg 1.0		neg 0.6061447669795237 off 0.3867466057746792 __DUMMY__ 0.007108627245797053	false	1.0
motherfucker	off 1.0	off 1.0	off 0.6821721400069499 neg 0.3144736223391018 __DUMMY__ 0.0033542376539483316	false	1.0
pikiert	neg 1.0		neg 0.5966516639283742 off 0.396295188893729 __DUMMY__ 0.007053147177896818	false	1.0
wrack	neg 1.0		neg 0.6019037895244793 off 0.39098696165969726 __DUMMY__ 0.007109248815823288	false	1.0
gangster	neg 1.0		neg 0.597014585458432 off 0.3959062570513583 __DUMMY__ 0.007079157490209577	false	1.0
krank	neg 1.0		neg 0.5919915718460852 off 0.4008902725685289 __DUMMY__ 0.0071181555853858415	false	1.0
reich	neg 1.0		neg 0.5986628670877848 off 0.39436697138069277 __DUMMY__ 0.006970161531522219	false	1.0
gnadenlos	neg 1.0		neg 0.5993955916926823 off 0.39351398637531715 __DUMMY__ 0.007090421932000502	false	1.0
niedergeschlagen	neg 1.0		neg 0.6013843497747845 off 0.39150456594829397 __DUMMY__ 0.007111084276921533	false	1.0
terrorisieren	off 1.0	off 1.0	off 0.675795811289406 neg 0.3208259726686829 __DUMMY__ 0.0033782160419110084	false	1.0
sinnlosigkeit	neg 1.0		neg 0.6040406715308715 off 0.38888862726613244 __DUMMY__ 0.0070707012029961784	false	1.0
behindern	neg 1.0		neg 0.5993001629458468 off 0.39358161309463097 __DUMMY__ 0.0071182239595222975	false	1.0
undemokratisch	neg 1.0		neg 0.6029312903623637 off 0.39007615206011687 __DUMMY__ 0.00699255757751948	false	1.0
wirtschaftskrise	neg 1.0		neg 0.6051388699265389 off 0.3878257217029249 __DUMMY__ 0.007035408370536262	false	1.0
neid	neg 1.0		neg 0.595013523786431 off 0.3978669786881549 __DUMMY__ 0.007119497525414013	false	1.0
rutschen	neg 1.0		neg 0.6035709146119496 off 0.3892061578324302 __DUMMY__ 0.007222927555620205	false	1.0
rezession	neg 1.0		neg 0.5934875360304783 off 0.39953127460785215 __DUMMY__ 0.006981189361669464	false	1.0
fehlgeburt	neg 1.0		neg 0.5996916508182875 off 0.39322337187624534 __DUMMY__ 0.007084977305467092	false	1.0
charakterschwach	off 1.0		neg 0.595493599703932 off 0.3974562775075894 __DUMMY__ 0.007050122788478647	false	0.5
isolation	neg 1.0		neg 0.5939061469969165 off 0.3990008848258696 __DUMMY__ 0.007092968177213997	false	1.0
ablenkung	neg 1.0		neg 0.5987712667064827 off 0.3941057513415884 __DUMMY__ 0.00712298195192883	false	1.0
pech	neg 1.0		neg 0.5961204035642655 off 0.39677687308501547 __DUMMY__ 0.007102723350718817	false	1.0
vermeidung	neg 1.0		neg 0.591550256101668 off 0.40134812549355403 __DUMMY__ 0.00710161840477806	false	1.0
dominieren	neg 1.0		neg 0.6017555618903958 off 0.39115435180416386 __DUMMY__ 0.007090086305440514	false	1.0
schwindlig	neg 1.0		neg 0.5949349074431204 off 0.39792584780853174 __DUMMY__ 0.0071392447483480375	false	1.0
lutscher	neg 1.0		neg 0.5868456921035005 off 0.4061487826941788 __DUMMY__ 0.007005525202320707	false	1.0
pflicht	neg 1.0		neg 0.6065866996626891 off 0.38632572991550296 __DUMMY__ 0.007087570421808134	false	1.0
faschist	off 1.0		neg 0.6015100982953548 off 0.39149358574174875 __DUMMY__ 0.006996315962896283	false	0.5
verschleudern	neg 1.0		neg 0.6054392665828192 off 0.3875160145644318 __DUMMY__ 0.007044718852748921	false	1.0
wenn			neg 0.5960318966306901 off 0.3968817262249169 __DUMMY__ 0.007086377144392963	false	0.0
ehebruch	neg 1.0		neg 0.6060753256656525 off 0.38687946949438407 __DUMMY__ 0.007045204839963442	false	1.0
spott	off 1.0		neg 0.6062812692353993 off 0.38666231361450865 __DUMMY__ 0.0070564171500921286	false	0.5
trostlosigkeit	neg 1.0		neg 0.6088868242377524 off 0.38408386070230693 __DUMMY__ 0.007029315059940698	false	1.0
lutschen	neg 1.0		neg 0.5971342091178781 off 0.3958313617457469 __DUMMY__ 0.007034429136375083	false	1.0
undiszipliniert	neg 1.0		neg 0.5929785346414865 off 0.39995550102230565 __DUMMY__ 0.007065964336207784	false	1.0
kopfschmerz	neg 1.0		neg 0.6000033829085406 off 0.392883948832012 __DUMMY__ 0.007112668259447441	false	1.0
unvorhergesehen	neg 1.0		neg 0.5993355904644733 off 0.39349768345195885 __DUMMY__ 0.007166726083567979	false	1.0
desinteressiert	neg 1.0		neg 0.5938532403109844 off 0.3990936485701833 __DUMMY__ 0.007053111118832496	false	1.0
armselig	off 1.0		neg 0.5937382776099472 off 0.39923119773428145 __DUMMY__ 0.007030524655771254	false	0.5
desaster	neg 1.0		neg 0.6097551333834521 off 0.38319155867160715 __DUMMY__ 0.007053307944940758	false	1.0
tod	neg 1.0		neg 0.6077982394094578 off 0.385190135075381 __DUMMY__ 0.007011625515161176	false	1.0
herzlos	neg 1.0		neg 0.5912519131610129 off 0.4016782379167792 __DUMMY__ 0.007069848922207888	false	1.0
unwissenheit	neg 1.0		neg 0.6050645322154564 off 0.3878858771134908 __DUMMY__ 0.0070495906710527165	false	1.0
widersinnig	neg 1.0		neg 0.6055231461725715 off 0.3874723060615277 __DUMMY__ 0.007004547765900654	false	1.0
bedenklich	neg 1.0		neg 0.6054009130736299 off 0.3875164434492435 __DUMMY__ 0.007082643477126661	false	1.0
beanstanden	neg 1.0		neg 0.6068674784806227 off 0.3860417531019132 __DUMMY__ 0.0070907684174640676	false	1.0
panisch	neg 1.0	neg 1.0	neg 0.7855709418575674 off 0.2110099607574829 __DUMMY__ 0.0034190973849496514	false	1.0
debil	off 1.0		neg 0.6092160844916384 off 0.3836752526656529 __DUMMY__ 0.007108662842708832	false	0.5
abstrich	neg 1.0		neg 0.5977800064031106 off 0.3950812518520377 __DUMMY__ 0.007138741744851828	false	1.0
primitiv	neg 1.0		neg 0.5948704212290454 off 0.39808536772847364 __DUMMY__ 0.007044211042480893	false	1.0
abschaum	off 1.0	off 1.0	off 0.6799387053129348 neg 0.31671282984223276 __DUMMY__ 0.0033484648448324	false	1.0
provozieren	neg 1.0		neg 0.6015615234731417 off 0.39138055604346145 __DUMMY__ 0.007057920483396946	false	1.0
tot	neg 1.0		neg 0.6016343584028039 off 0.39128563982526743 __DUMMY__ 0.007080001771928681	false	1.0
instabil	neg 1.0		neg 0.5929215549312886 off 0.4000651906414902 __DUMMY__ 0.007013254427221006	false	1.0
schwuchtel	off 1.0		neg 0.5827227672375458 off 0.41032102076873783 __DUMMY__ 0.006956211993716501	false	0.5
zerren	neg 1.0		neg 0.601379777712421 off 0.391505697349822 __DUMMY__ 0.007114524937757001	false	1.0
kinderficker	off 1.0		neg 0.5920270664967829 off 0.40096623686467653 __DUMMY__ 0.00700669663854058	false	0.5
gefahr	neg 1.0		neg 0.6053623012385614 off 0.3875714835513133 __DUMMY__ 0.007066215210125427	false	1.0
rabiat	neg 1.0		neg 0.6005113410771782 off 0.3923991306443567 __DUMMY__ 0.007089528278465201	false	1.0
verlangsamung	neg 1.0		neg 0.5899585454084875 off 0.40306905453437913 __DUMMY__ 0.006972400057133324	false	1.0
ausgestorben	neg 1.0		neg 0.6014322295850049 off 0.39145794950199325 __DUMMY__ 0.007109820913001861	false	1.0
anklagen	neg 1.0		neg 0.6030848492157845 off 0.3898740560357638 __DUMMY__ 0.007041094748451679	false	1.0
trott	neg 1.0		neg 0.5996262395866782 off 0.39326703347076114 __DUMMY__ 0.007106726942560777	false	1.0
verminderung	neg 1.0		neg 0.5923138797355445 off 0.4006226957714858 __DUMMY__ 0.007063424492969678	false	1.0
nach			neg 0.6056435981082826 off 0.3871736179616549 __DUMMY__ 0.007182783930062519	false	0.0
rost	neg 1.0		neg 0.58819358458194 off 0.40480274970109187 __DUMMY__ 0.007003665716967993	false	1.0
destruktiv	neg 1.0	neg 1.0	neg 0.7902614389021198 off 0.20638542925687067 __DUMMY__ 0.003353131841009497	false	1.0
unzumutbarkeit	neg 1.0		neg 0.5926835631717557 off 0.4002396217925239 __DUMMY__ 0.007076815035720251	false	1.0
labil	off 1.0	off 1.0	off 0.6809119261002556 neg 0.3157329497349098 __DUMMY__ 0.003355124164834609	false	1.0
ziemlich	neg 1.0		neg 0.594003267552471 off 0.39891130039037204 __DUMMY__ 0.007085432057156977	false	1.0
lachnummer	off 1.0		neg 0.6034215196453115 off 0.3895309526329716 __DUMMY__ 0.007047527721717046	false	0.5
oder			neg 0.5989202693510426 off 0.3939511833126854 __DUMMY__ 0.00712854733627208	false	0.0
verfall	neg 1.0		neg 0.609648056469052 off 0.38324534248518644 __DUMMY__ 0.007106601045761592	false	1.0
ausgrenzung	neg 1.0		neg 0.6016465461406335 off 0.39135223983659934 __DUMMY__ 0.007001214022767238	false	1.0
unordnung	neg 1.0		neg 0.5912061705993341 off 0.4017625161480787 __DUMMY__ 0.007031313252587408	false	1.0
fehlverhalten	neg 1.0		neg 0.6064672370463977 off 0.3864730224643186 __DUMMY__ 0.007059740489283686	false	1.0
eine			neg 0.6049555994904982 off 0.38790709600661494 __DUMMY__ 0.007137304502886888	false	0.0
nille	neg 1.0		neg 0.6020753592518822 off 0.3908805231833612 __DUMMY__ 0.007044117564756643	false	1.0
qual	neg 1.0		neg 0.6000048755193499 off 0.39289452071568254 __DUMMY__ 0.007100603764967656	false	1.0
verschwenden	neg 1.0		neg 0.6042778599246462 off 0.3886192380529603 __DUMMY__ 0.007102902022393467	false	1.0
riesig	neg 1.0		neg 0.6014897099888803 off 0.391421056172556 __DUMMY__ 0.007089233838563779	false	1.0
verurteilen	neg 1.0		neg 0.605448829696409 off 0.3875148655646257 __DUMMY__ 0.007036304738965292	false	1.0
klischee	neg 1.0	neg 1.0	neg 0.7874716050229527 off 0.20917355417536757 __DUMMY__ 0.0033548408016798627	false	1.0
diktatorisch	neg 1.0		neg 0.6040147700637529 off 0.38901465637463534 __DUMMY__ 0.006970573561611774	false	1.0
vorhersehbar	neg 1.0		neg 0.6002354123464189 off 0.3927246157821127 __DUMMY__ 0.007039971871468351	false	1.0
sowie			neg 0.5904217312623062 off 0.40257873820686213 __DUMMY__ 0.006999530530831677	false	0.0
stornieren	neg 1.0		neg 0.5953650373832605 off 0.3975073918824811 __DUMMY__ 0.007127570734258333	false	1.0
besteuerung	neg 1.0		neg 0.5997348841629888 off 0.3932035723295196 __DUMMY__ 0.0070615435074915965	false	1.0
ungeschminkt	neg 1.0		neg 0.5941281628431991 off 0.39880906169131675 __DUMMY__ 0.007062775465483976	false	1.0
kritisch	neg 1.0		neg 0.6061772584093132 off 0.38676498478991167 __DUMMY__ 0.007057756800775061	false	1.0
schlamperei	off 1.0		neg 0.6061042677828327 off 0.38685323321944615 __DUMMY__ 0.007042498997721274	false	0.5
sucht	neg 1.0	neg 1.0	neg 0.7853125550218291 off 0.21127693090935765 __DUMMY__ 0.0034105140688132558	false	1.0
egoistisch	off 1.0		neg 0.5897644220038564 off 0.4031980256945297 __DUMMY__ 0.00703755230161406	false	0.5
ausbeuter	off 1.0		neg 0.6077563343939159 off 0.38520246641262196 __DUMMY__ 0.007041199193462188	false	0.5
arschgeburt	off 1.0		neg 0.5829161669581515 off 0.4101278711796028 __DUMMY__ 0.006955961862245517	false	0.5
schubs	neg 1.0	neg 1.0	neg 0.7885314396903307 off 0.20805522671742355 __DUMMY__ 0.0034133335922457795	false	1.0
unsolide	neg 1.0		neg 0.6014034600720445 off 0.39165896791267396 __DUMMY__ 0.006937572015281614	false	1.0
beschwerde	neg 1.0		neg 0.6044087760242322 off 0.38853433203561283 __DUMMY__ 0.0070568919401549765	false	1.0
stocken	neg 1.0		neg 0.6035866925884973 off 0.38932351007797006 __DUMMY__ 0.007089797333532738	false	1.0
isolieren	neg 1.0		neg 0.6000117621089147 off 0.3928703758846693 __DUMMY__ 0.007117862006416056	false	1.0
unheilbar	neg 1.0		neg 0.6010165715300212 off 0.39191992554414556 __DUMMY__ 0.007063502925833301	false	1.0
pisser	off 1.0		neg 0.5927543324845156 off 0.400226963718714 __DUMMY__ 0.00701870379677036	false	0.5
löschen	neg 1.0		neg 0.5994182519627639 off 0.39350409570885364 __DUMMY__ 0.007077652328382653	false	1.0
durchfallen	neg 1.0		neg 0.6046917204709341 off 0.3882242405762887 __DUMMY__ 0.007084038952777109	false	1.0
wichser	off 1.0		neg 0.5847607734362353 off 0.4082177867853016 __DUMMY__ 0.00702143977846312	false	0.5
terror	neg 1.0		neg 0.5945207548981929 off 0.3983635124323011 __DUMMY__ 0.00711573266950601	false	1.0
krass	neg 1.0		neg 0.5908598379937224 off 0.4020768381914142 __DUMMY__ 0.0070633238148634	false	1.0
revolte	neg 1.0	neg 1.0	neg 0.7891126412764342 off 0.207573406201658 __DUMMY__ 0.003313952521907745	false	1.0
besorgt	neg 1.0		neg 0.599421913225577 off 0.3934195780766288 __DUMMY__ 0.00715850869779421	false	1.0
nachlassen	neg 1.0		neg 0.6022054654048146 off 0.3906873038292609 __DUMMY__ 0.007107230765924571	false	1.0
alt	neg 1.0		neg 0.6027579905375521 off 0.3901023890447191 __DUMMY__ 0.007139620417728812	false	1.0
hundesohn	off 1.0		neg 0.5875146430010699 off 0.40550591181338236 __DUMMY__ 0.006979445185547735	false	0.5
als			neg 0.601926044318154 off 0.3909511877208737 __DUMMY__ 0.007122767960972258	false	0.0
abschreckung	neg 1.0		neg 0.6080892742488854 off 0.3848512091402294 __DUMMY__ 0.00705951661088527	false	1.0
unqualifiziert	neg 1.0	neg 1.0	neg 0.7880066134521204 off 0.20863671068138198 __DUMMY__ 0.0033566758664975984	false	1.0
abgewichst	off 1.0		neg 0.6021074217784952 off 0.3908210320490651 __DUMMY__ 0.0070715461724397116	false	0.5
schwer	neg 1.0		neg 0.6003992059711959 off 0.39249230855729583 __DUMMY__ 0.007108485471508287	false	1.0
bedeutungslosigkeit	neg 1.0		neg 0.6069432434846511 off 0.38599109037387913 __DUMMY__ 0.007065666141469877	false	1.0
kapitulation	neg 1.0		neg 0.6075680096790407 off 0.3854369054265255 __DUMMY__ 0.006995084894433821	false	1.0
unscharf	neg 1.0		neg 0.5966392939486103 off 0.39627120739097366 __DUMMY__ 0.007089498660416096	false	1.0
schwinden	neg 1.0		neg 0.6059009744005417 off 0.3870174170200751 __DUMMY__ 0.0070816085793830846	false	1.0
versklavung	neg 1.0	neg 1.0	neg 0.7898687070371462 off 0.20680176058394464 __DUMMY__ 0.003329532378909164	false	1.0
schlecht	neg 1.0		neg 0.5934821735680795 off 0.39942839359622384 __DUMMY__ 0.007089432835696627	false	1.0
verhasst	neg 1.0		neg 0.60202715471486 off 0.39092679431732935 __DUMMY__ 0.007046050967810681	false	1.0
beschweren	neg 1.0		neg 0.5983999909665306 off 0.39450313879197507 __DUMMY__ 0.007096870241494319	false	1.0
scheiden	neg 1.0		neg 0.5999664764652899 off 0.3929210369885153 __DUMMY__ 0.007112486546194785	false	1.0
frustriert	neg 1.0		neg 0.6019598468026774 off 0.3909414247550526 __DUMMY__ 0.007098728442270034	false	1.0
schimmelig	neg 1.0		neg 0.60411948353613 off 0.38879517972145866 __DUMMY__ 0.007085336742411274	false	1.0
fisch	neg 1.0	neg 1.0	neg 0.7887768588642876 off 0.2078154071452736 __DUMMY__ 0.003407733990438733	false	1.0
schmuggel	neg 1.0		neg 0.6047738362031874 off 0.38810742931680625 __DUMMY__ 0.007118734480006319	false	1.0
auffallen	neg 1.0		neg 0.5979510660373635 off 0.3949564627248428 __DUMMY__ 0.007092471237793682	false	1.0
konkurrenz	neg 1.0		neg 0.6055915138741964 off 0.3872868944954323 __DUMMY__ 0.007121591630371413	false	1.0
teufelskreis	neg 1.0	neg 1.0	neg 0.7897622884100061 off 0.20686759422626996 __DUMMY__ 0.0033701173637240493	false	1.0
aufschreien	neg 1.0		neg 0.5996521115162904 off 0.39329323587349346 __DUMMY__ 0.007054652610216164	false	1.0
schuldner	neg 1.0		neg 0.6065806233490026 off 0.38637255178649754 __DUMMY__ 0.007046824864499826	false	1.0
missgeburt	off 1.0	off 1.0	off 0.6839622297464991 neg 0.31270118689783033 __DUMMY__ 0.003336583355670641	false	1.0
arbeitslos	neg 1.0		neg 0.6039444533476102 off 0.388981471796943 __DUMMY__ 0.007074074855447058	false	1.0
befallen	neg 1.0		neg 0.6074623210743428 off 0.3855486772600149 __DUMMY__ 0.006989001665642186	false	1.0
miesepetrig	off 1.0		neg 0.593329275786899 off 0.3995707805761121 __DUMMY__ 0.007099943636988803	false	0.5
alarmieren	neg 1.0		neg 0.5974823606684572 off 0.39549859052640435 __DUMMY__ 0.007019048805138524	false	1.0
ungeduscht	off 1.0		neg 0.5962912638109533 off 0.3966144004072689 __DUMMY__ 0.0070943357817777105	false	0.5
knappheit	neg 1.0		neg 0.6043294249824804 off 0.3886155850204742 __DUMMY__ 0.0070549899970452894	false	1.0
schlange	neg 1.0		neg 0.5969406899069185 off 0.3959271942887809 __DUMMY__ 0.0071321158043004115	false	1.0
harsch	neg 1.0		neg 0.5865572036567956 off 0.4063637022590744 __DUMMY__ 0.007079094084129846	false	1.0
lang	neg 1.0		neg 0.5988528250122099 off 0.3940583415007127 __DUMMY__ 0.007088833487077157	false	1.0
ziellos	neg 1.0		neg 0.6029358725634695 off 0.3899530316971161 __DUMMY__ 0.007111095739414544	false	1.0
selbstverliebt	neg 1.0		neg 0.5858818776252852 off 0.4071535210625951 __DUMMY__ 0.006964601312119653	false	1.0
beseitigen	neg 1.0		neg 0.5977481938724878 off 0.3951319318927192 __DUMMY__ 0.0071198742347929654	false	1.0
dumm	off 1.0		neg 0.5895260713870536 off 0.403451444777013 __DUMMY__ 0.007022483835933401	false	0.5
arbeitsloser	neg 1.0		neg 0.6045215508571362 off 0.38839576921428864 __DUMMY__ 0.007082679928575133	false	1.0
blitzen	neg 1.0		neg 0.5973583786177936 off 0.39558578205043626 __DUMMY__ 0.007055839331770209	false	1.0
hilflos	neg 1.0		neg 0.6023602918650078 off 0.39053982325055697 __DUMMY__ 0.0070998848844351856	false	1.0
eklig	off 1.0		neg 0.5888831429643875 off 0.40410661667439834 __DUMMY__ 0.007010240361214162	false	0.5
begriff			neg 0.6028757391000944 off 0.3900469934646802 __DUMMY__ 0.0070772674352253375	false	0.0
hungersnot	neg 1.0		neg 0.605226874251599 off 0.3877884432646907 __DUMMY__ 0.006984682483710261	false	1.0
ungesetzlich	neg 1.0		neg 0.601916334116682 off 0.39109975423989957 __DUMMY__ 0.006983911643418367	false	1.0
verschwendung	neg 1.0		neg 0.6058159596796848 off 0.3870903392794583 __DUMMY__ 0.007093701040856834	false	1.0
schmerzvoll	neg 1.0		neg 0.598213648020945 off 0.39468590050533037 __DUMMY__ 0.007100451473724594	false	1.0
vorzeitig	neg 1.0		neg 0.5946184849725463 off 0.3983133460190623 __DUMMY__ 0.0070681690083915	false	1.0
unvollkommenheit	neg 1.0		neg 0.6004927305191137 off 0.3924264377533491 __DUMMY__ 0.007080831727537188	false	1.0
intervenieren	neg 1.0		neg 0.6077887563744905 off 0.38518176074112115 __DUMMY__ 0.007029482884388536	false	1.0
banause	off 1.0		neg 0.5870953167725387 off 0.4058967123226455 __DUMMY__ 0.007007970904815816	false	0.5
rebell	neg 1.0		neg 0.6057811694362765 off 0.38710659307337314 __DUMMY__ 0.007112237490350303	false	1.0
unlogisch	neg 1.0		neg 0.5928574378383223 off 0.40009975042476514 __DUMMY__ 0.007042811736912603	false	1.0
leiden	neg 1.0	neg 1.0	neg 0.7890681703919178 off 0.20748944914093545 __DUMMY__ 0.0034423804671466717	false	1.0
abschaffung	neg 1.0		neg 0.6016047130094614 off 0.3913632931652397 __DUMMY__ 0.007031993825299001	false	1.0
sturz	neg 1.0		neg 0.6015808281061505 off 0.39140123740013605 __DUMMY__ 0.007017934493713322	false	1.0
verkleinerung	neg 1.0		neg 0.5985717375344164 off 0.39441540902494227 __DUMMY__ 0.0070128534406413805	false	1.0
schmarotzer	off 1.0		neg 0.6055174045851225 off 0.38743199054854016 __DUMMY__ 0.007050604866337259	false	0.5
bestrafung	neg 1.0		neg 0.5998343494896232 off 0.39309306667410226 __DUMMY__ 0.007072583836274464	false	1.0
achtlos	neg 1.0		neg 0.5994344316578591 off 0.3934369739530865 __DUMMY__ 0.0071285943890544495	false	1.0
ungeheuer	neg 1.0		neg 0.5980462685090208 off 0.3948734941982126 __DUMMY__ 0.007080237292766607	false	1.0
