unsolidarisch	neg 1.0		neg 0.5684930779731915 off 0.36465122333036953 __DUMMY__ 0.06685569869643901	false	1.0
nachteilig	neg 1.0		neg 0.5671232557959658 off 0.3649824382627349 __DUMMY__ 0.06789430594129936	false	1.0
skeptisch	neg 1.0		neg 0.5692307921983268 off 0.3626299809483016 __DUMMY__ 0.06813922685337169	false	1.0
schrecklich	neg 1.0		neg 0.5543200813307935 off 0.37794192600725185 __DUMMY__ 0.0677379926619546	false	1.0
schlapp	neg 1.0		neg 0.5569282970725535 off 0.3748235105588234 __DUMMY__ 0.06824819236862295	false	1.0
abfall	neg 1.0		neg 0.5709828939719342 off 0.360823037781437 __DUMMY__ 0.06819406824662892	false	1.0
widerspenstig	neg 1.0		neg 0.5622263902866187 off 0.36944311420773895 __DUMMY__ 0.06833049550564226	false	1.0
abrupt	neg 1.0		neg 0.5632553639307443 off 0.368283226469067 __DUMMY__ 0.06846140960018855	false	1.0
unwirksam	neg 1.0		neg 0.5657278840925895 off 0.36697789277167236 __DUMMY__ 0.06729422313573807	false	1.0
angreifen	neg 1.0		neg 0.5689678325669647 off 0.363156541001245 __DUMMY__ 0.06787562643179029	false	1.0
inkonsistent	neg 1.0		neg 0.5628266116375039 off 0.3695998918483495 __DUMMY__ 0.06757349651414651	false	1.0
abrutschen	neg 1.0		neg 0.569947521592391 off 0.36168961221807944 __DUMMY__ 0.06836286618952946	false	1.0
unsicher	neg 1.0		neg 0.5631250318397956 off 0.3687522717128446 __DUMMY__ 0.06812269644735983	false	1.0
bauernkind	off 1.0		neg 0.5529108724825123 off 0.37994156704617554 __DUMMY__ 0.06714756047131229	false	0.5
angreifer	neg 1.0		neg 0.5625730576770145 off 0.37003989388809494 __DUMMY__ 0.06738704843489048	false	1.0
trennen	neg 1.0		neg 0.5651482232233023 off 0.3660958571251311 __DUMMY__ 0.06875591965156665	false	1.0
schmutz	neg 1.0		neg 0.5542207838887017 off 0.37721419406394613 __DUMMY__ 0.0685650220473522	false	1.0
inkonsistenz	neg 1.0	neg 1.0	neg 0.7699245218188996 off 0.19782125855327254 __DUMMY__ 0.032254219627827756	false	1.0
erschreckend	neg 1.0		neg 0.5656648321268662 off 0.36643898081679405 __DUMMY__ 0.0678961870563397	false	1.0
ertrinken	neg 1.0		neg 0.5659408200419328 off 0.36571906197482834 __DUMMY__ 0.06834011798323882	false	1.0
pickelface	off 1.0		neg 0.5642393605176225 off 0.3681553493021977 __DUMMY__ 0.06760529018018	false	0.5
seiner			neg 0.5676578769666538 off 0.36418547101741033 __DUMMY__ 0.06815665201593576	false	0.0
lauch	neg 1.0		neg 0.5696545950232703 off 0.36223871952863257 __DUMMY__ 0.06810668544809705	false	1.0
unwichtig	neg 1.0		neg 0.559429123625111 off 0.37280787832750184 __DUMMY__ 0.0677629980473872	false	1.0
steuerhinterziehung	neg 1.0		neg 0.5678665406083827 off 0.36486914016449684 __DUMMY__ 0.0672643192271205	false	1.0
schock	neg 1.0		neg 0.5633918783573667 off 0.36815729424583366 __DUMMY__ 0.06845082739679977	false	1.0
beule	neg 1.0		neg 0.5556821456865668 off 0.37615211259908293 __DUMMY__ 0.06816574171435037	false	1.0
vergelten	neg 1.0		neg 0.5544030012558043 off 0.3782532432166112 __DUMMY__ 0.06734375552758444	false	1.0
verdorbenheit	neg 1.0	neg 1.0	neg 0.7689607937486213 off 0.19836704701905608 __DUMMY__ 0.03267215923232261	false	1.0
trauma	neg 1.0		neg 0.56186808867203 off 0.37024511702508656 __DUMMY__ 0.06788679430288352	false	1.0
sinnlos	neg 1.0		neg 0.5613572872578259 off 0.3707023696216426 __DUMMY__ 0.06794034312053163	false	1.0
fettsack	off 1.0	off 1.0	off 0.6723026508425419 neg 0.2955866246386604 __DUMMY__ 0.03211072451879774	false	1.0
feige	off 1.0		neg 0.5610032374206358 off 0.37146588461389063 __DUMMY__ 0.06753087796547362	false	0.5
abdanken	neg 1.0		neg 0.5686170522195186 off 0.3643141387550295 __DUMMY__ 0.06706880902545204	false	1.0
wichtigtuer	off 1.0	off 1.0	off 0.6668757145275639 neg 0.30087233354269527 __DUMMY__ 0.03225195192974088	false	1.0
misslingen	neg 1.0		neg 0.55938098850221 off 0.37230237490205875 __DUMMY__ 0.06831663659573133	false	1.0
untreu	off 1.0		neg 0.5581588122216724 off 0.3740219055096024 __DUMMY__ 0.0678192822687252	false	0.5
missmutig	neg 1.0		neg 0.5580370032885082 off 0.37378213717832753 __DUMMY__ 0.06818085953316418	false	1.0
hurenbock	off 1.0		neg 0.5594817005623103 off 0.3721167510847012 __DUMMY__ 0.06840154835298838	false	0.5
betrunken	neg 1.0		neg 0.554863815859185 off 0.37704254829982325 __DUMMY__ 0.0680936358409918	false	1.0
korrupt	off 1.0		neg 0.5703703726023766 off 0.36250262611939754 __DUMMY__ 0.06712700127822592	false	0.5
unmut	neg 1.0		neg 0.5707445973931086 off 0.3612108690810718 __DUMMY__ 0.06804453352581946	false	1.0
hackfresse	off 1.0		neg 0.5514215036476738 off 0.3810799444171658 __DUMMY__ 0.06749855193516027	false	0.5
aufblasen	neg 1.0		neg 0.5602238371699406 off 0.3714313975675163 __DUMMY__ 0.06834476526254304	false	1.0
gewaltsam	neg 1.0		neg 0.5654229448776283 off 0.36725519725899586 __DUMMY__ 0.06732185786337586	false	1.0
unbeliebtheit	neg 1.0		neg 0.5628091046271967 off 0.3706686351930313 __DUMMY__ 0.06652226017977209	false	1.0
sturheit	neg 1.0		neg 0.5673697020240416 off 0.36509924400634075 __DUMMY__ 0.06753105396961782	false	1.0
kuh	neg 1.0		neg 0.5625409028264983 off 0.36974304751231213 __DUMMY__ 0.0677160496611896	false	1.0
erschrecken	neg 1.0		neg 0.5587065115099693 off 0.3731738744313554 __DUMMY__ 0.06811961405867537	false	1.0
opfer	neg 1.0	neg 1.0	neg 0.7732948375849227 off 0.194255372774776 __DUMMY__ 0.0324497896403013	false	1.0
sinken	neg 1.0		neg 0.5696097869012637 off 0.3623075760001545 __DUMMY__ 0.06808263709858173	false	1.0
stinktier	neg 1.0		neg 0.5554624091186768 off 0.37715375495967 __DUMMY__ 0.06738383592165308	false	1.0
tucke	off 1.0		neg 0.5506850726107144 off 0.3818011810372337 __DUMMY__ 0.06751374635205186	false	0.5
ein			neg 0.5596448205240715 off 0.3717282612973049 __DUMMY__ 0.0686269181786236	false	0.0
abstieg	neg 1.0		neg 0.5669805858567288 off 0.36534158439846365 __DUMMY__ 0.06767782974480759	false	1.0
missverstehen	neg 1.0		neg 0.5632252178568358 off 0.36917968150342434 __DUMMY__ 0.06759510063973984	false	1.0
ergebnislos	neg 1.0		neg 0.5669991691277266 off 0.3652037569790621 __DUMMY__ 0.06779707389321125	false	1.0
unter			neg 0.5707037603916247 off 0.3602337822647318 __DUMMY__ 0.06906245734364345	false	0.0
manipulieren	neg 1.0		neg 0.5696744644412577 off 0.36252592336426703 __DUMMY__ 0.06779961219447517	false	1.0
unbewiesen	neg 1.0		neg 0.5694364323858141 off 0.36382821149677297 __DUMMY__ 0.06673535611741303	false	1.0
verschleppen	neg 1.0		neg 0.5682045856061998 off 0.36417236775599743 __DUMMY__ 0.06762304663780272	false	1.0
weib	off 1.0		neg 0.5501941845876661 off 0.3823972522209428 __DUMMY__ 0.06740856319139098	false	0.5
opposition	neg 1.0		neg 0.5649215582911502 off 0.3678611730664613 __DUMMY__ 0.0672172686423885	false	1.0
verkehrswidrig	neg 1.0		neg 0.5517051445108594 off 0.3804305986089256 __DUMMY__ 0.06786425688021495	false	1.0
inkorrekt	neg 1.0		neg 0.5618086409175028 off 0.3711881160797889 __DUMMY__ 0.06700324300270827	false	1.0
vermeiden	neg 1.0		neg 0.570051207863082 off 0.36132210812729715 __DUMMY__ 0.0686266840096207	false	1.0
abweichung	neg 1.0		neg 0.5704195546876395 off 0.362426932826306 __DUMMY__ 0.06715351248605436	false	1.0
alkoholisiert	neg 1.0		neg 0.5646979858403651 off 0.3670540928580349 __DUMMY__ 0.06824792130159994	false	1.0
scheiss	off 1.0	off 1.0	off 0.6705658177226451 neg 0.29701819061036044 __DUMMY__ 0.03241599166699446	false	1.0
herausforderung	neg 1.0		neg 0.5627228245562517 off 0.368551195215733 __DUMMY__ 0.06872598022801528	false	1.0
pervers	off 1.0		neg 0.5474504150067825 off 0.3852415567284773 __DUMMY__ 0.06730802826474007	false	0.5
wackelig	neg 1.0		neg 0.5622148643169681 off 0.36897299751361795 __DUMMY__ 0.06881213816941395	false	1.0
verwickeln	neg 1.0		neg 0.5628773788045242 off 0.36938475922639213 __DUMMY__ 0.0677378619690837	false	1.0
vorwand	neg 1.0		neg 0.5705807864011426 off 0.36153332646222397 __DUMMY__ 0.0678858871366334	false	1.0
muschi	off 1.0		neg 0.5644771299271186 off 0.3678652591504092 __DUMMY__ 0.06765761092247222	false	0.5
entmutigung	neg 1.0		neg 0.567756211204559 off 0.3657438799579452 __DUMMY__ 0.06649990883749578	false	1.0
unangemessen	neg 1.0		neg 0.5685142355915365 off 0.36393083188685194 __DUMMY__ 0.06755493252161153	false	1.0
unstetig	neg 1.0		neg 0.5611854277146353 off 0.37128204018665784 __DUMMY__ 0.06753253209870698	false	1.0
entmutigen	neg 1.0		neg 0.5622113750052714 off 0.36976072750400074 __DUMMY__ 0.068027897490728	false	1.0
schwanz	neg 1.0		neg 0.5660470066424862 off 0.3660664424848453 __DUMMY__ 0.06788655087266851	false	1.0
verbot	neg 1.0		neg 0.569090386324681 off 0.3636669972438076 __DUMMY__ 0.06724261643151153	false	1.0
leid	neg 1.0		neg 0.5533833321135507 off 0.37905824020752094 __DUMMY__ 0.06755842767892836	false	1.0
archaisch	neg 1.0		neg 0.5672234213381415 off 0.36509530534608403 __DUMMY__ 0.06768127331577428	false	1.0
gegen			neg 0.5699260800233886 off 0.3621889213065675 __DUMMY__ 0.06788499867004373	false	0.0
scheidung	neg 1.0	neg 1.0	neg 0.7574933762200615 off 0.2103968261534912 __DUMMY__ 0.032109797626447265	false	1.0
einschlag	neg 1.0		neg 0.5538612292163488 off 0.3785688504848149 __DUMMY__ 0.06756992029883624	false	1.0
m			neg 0.563561274276122 off 0.36817407761561016 __DUMMY__ 0.06826464810826786	false	0.0
abgestanden	neg 1.0		neg 0.5622480880087495 off 0.369544516687916 __DUMMY__ 0.0682073953033346	false	1.0
schmierig	off 1.0		neg 0.5538766031565976 off 0.3783947816381919 __DUMMY__ 0.0677286152052106	false	0.5
unpraktisch	neg 1.0		neg 0.5600010275017895 off 0.3716016217374112 __DUMMY__ 0.06839735076079936	false	1.0
wixxer	off 1.0		neg 0.5483861976064087 off 0.38453167380721226 __DUMMY__ 0.06708212858637898	false	0.5
bezeichnet			neg 0.5661479358346238 off 0.36620592814154385 __DUMMY__ 0.0676461360238324	false	0.0
jammerlappen	off 1.0		neg 0.5587846118566151 off 0.3733314126400826 __DUMMY__ 0.0678839755033022	false	0.5
farce	neg 1.0		neg 0.5706161407846865 off 0.36254835621118814 __DUMMY__ 0.06683550300412545	false	1.0
zwecklos	neg 1.0		neg 0.5680888975764964 off 0.3641898879188654 __DUMMY__ 0.0677212145046382	false	1.0
turbulent	neg 1.0		neg 0.5566614259508238 off 0.37596816665987015 __DUMMY__ 0.06737040738930604	false	1.0
invasion	neg 1.0		neg 0.5588591389193006 off 0.3730081684722071 __DUMMY__ 0.06813269260849245	false	1.0
schuld	neg 1.0		neg 0.5635569223479605 off 0.3686221178697878 __DUMMY__ 0.06782095978225165	false	1.0
risiko	neg 1.0		neg 0.5581553224563274 off 0.37360385348225567 __DUMMY__ 0.06824082406141697	false	1.0
finster	neg 1.0		neg 0.5605037240968425 off 0.37102521460256976 __DUMMY__ 0.06847106130058764	false	1.0
geisteskrank	off 1.0		neg 0.5598396897749859 off 0.37287336124951453 __DUMMY__ 0.06728694897549951	false	0.5
zusammenbrechen	neg 1.0		neg 0.5645061502309839 off 0.3673149048744765 __DUMMY__ 0.0681789448945394	false	1.0
ausbeute	neg 1.0		neg 0.5635878633015863 off 0.36784569461454636 __DUMMY__ 0.0685664420838673	false	1.0
hinterhalt	neg 1.0		neg 0.5627645112962962 off 0.3693903233850593 __DUMMY__ 0.06784516531864444	false	1.0
kritik	neg 1.0		neg 0.5696975462056004 off 0.36328020279480056 __DUMMY__ 0.06702225099959908	false	1.0
einschrumpfen	neg 1.0		neg 0.5631508164066381 off 0.369750737784536 __DUMMY__ 0.06709844580882596	false	1.0
riskant	neg 1.0		neg 0.5678225452673927 off 0.36411945878509633 __DUMMY__ 0.06805799594751107	false	1.0
frustrieren	neg 1.0		neg 0.5682996580077262 off 0.36372972368549233 __DUMMY__ 0.06797061830678137	false	1.0
groll	neg 1.0		neg 0.5676758995309175 off 0.3645688080233072 __DUMMY__ 0.06775529244577537	false	1.0
gibt			neg 0.5656137828271111 off 0.3663407354535172 __DUMMY__ 0.06804548171937183	false	0.0
qualvoll	neg 1.0		neg 0.5597596077755271 off 0.3720590058585926 __DUMMY__ 0.06818138636588027	false	1.0
wackeln	neg 1.0		neg 0.5599220527332919 off 0.37153359189205326 __DUMMY__ 0.06854435537465495	false	1.0
klagen	neg 1.0		neg 0.5715422139631805 off 0.36073142851087714 __DUMMY__ 0.06772635752594237	false	1.0
bankrott	neg 1.0		neg 0.5569650757590904 off 0.37491674758347915 __DUMMY__ 0.06811817665743035	false	1.0
trauern	neg 1.0		neg 0.5674966101965381 off 0.364449548169848 __DUMMY__ 0.06805384163361403	false	1.0
ablehnung	neg 1.0	neg 1.0	neg 0.7738647287974615 off 0.19409180743647994 __DUMMY__ 0.03204346376605865	false	1.0
stur	neg 1.0		neg 0.5629048224226556 off 0.36923609340840907 __DUMMY__ 0.06785908416893525	false	1.0
aufruhr	neg 1.0		neg 0.5662067783582236 off 0.3665107328962416 __DUMMY__ 0.06728248874553487	false	1.0
melancholie	neg 1.0		neg 0.5629046760033645 off 0.3684561061410979 __DUMMY__ 0.06863921785553766	false	1.0
ist			neg 0.5621200880054109 off 0.3699367245514257 __DUMMY__ 0.06794318744316347	false	0.0
torheit	neg 1.0		neg 0.5665534482188492 off 0.3663609933103872 __DUMMY__ 0.06708555847076357	false	1.0
dreckskind	off 1.0		neg 0.5552767482992562 off 0.3777679165851266 __DUMMY__ 0.06695533511561713	false	0.5
umtauschen	neg 1.0		neg 0.5617913889872593 off 0.3698030766719206 __DUMMY__ 0.06840553434081992	false	1.0
zum			neg 0.5663218706232279 off 0.36447204543682377 __DUMMY__ 0.06920608393994829	false	0.0
zersetzen	neg 1.0		neg 0.5702943329519549 off 0.36190919768794805 __DUMMY__ 0.06779646936009716	false	1.0
zur			neg 0.5708239839513857 off 0.3608012086797406 __DUMMY__ 0.06837480736887383	false	0.0
frust	neg 1.0		neg 0.5647395776297479 off 0.3670823425086379 __DUMMY__ 0.06817807986161423	false	1.0
unerbittlichkeit	neg 1.0		neg 0.5694314247257668 off 0.36281442435476746 __DUMMY__ 0.06775415091946581	false	1.0
zwei			neg 0.5658575121091005 off 0.3652302511752695 __DUMMY__ 0.06891223671563008	false	0.0
unkorrekt	neg 1.0		neg 0.559817189690952 off 0.3729846635540692 __DUMMY__ 0.06719814675497894	false	1.0
hexe	off 1.0		neg 0.5579732286565984 off 0.37417533975826006 __DUMMY__ 0.06785143158514165	false	0.5
lasch	neg 1.0		neg 0.5619605585433329 off 0.37047782895936676 __DUMMY__ 0.0675616124973002	false	1.0
rivale	neg 1.0		neg 0.5551067632543146 off 0.3774226778030255 __DUMMY__ 0.06747055894265983	false	1.0
mutlos	off 1.0	off 1.0	off 0.663657484815474 neg 0.3041070026990012 __DUMMY__ 0.03223551248552487	false	1.0
wirr	off 1.0		neg 0.5579346560326736 off 0.3748685044124433 __DUMMY__ 0.06719683955488312	false	0.5
jahr			neg 0.5641261534543404 off 0.3671499534517481 __DUMMY__ 0.06872389309391148	false	0.0
wird			neg 0.5667017595758161 off 0.36517896948905476 __DUMMY__ 0.06811927093512908	false	0.0
strafbar	neg 1.0		neg 0.5702616544771467 off 0.3622253155315133 __DUMMY__ 0.06751302999133987	false	1.0
erosion	neg 1.0		neg 0.5600331996526775 off 0.37169181994479716 __DUMMY__ 0.06827498040252544	false	1.0
eingehen	neg 1.0		neg 0.5678651928938663 off 0.3642948865465948 __DUMMY__ 0.06783992055953876	false	1.0
faul	off 1.0		neg 0.5570609482899607 off 0.3746680132746494 __DUMMY__ 0.06827103843539006	false	0.5
provisorium	neg 1.0		neg 0.5724880316960675 off 0.3586823560115837 __DUMMY__ 0.06882961229234875	false	1.0
schmerzen	neg 1.0		neg 0.5631420475573337 off 0.3685367324931854 __DUMMY__ 0.06832121994948075	false	1.0
schrumpfen	neg 1.0		neg 0.5717494490585308 off 0.3599405838417349 __DUMMY__ 0.06830996709973432	false	1.0
geistlos	off 1.0		neg 0.5662023476001888 off 0.3669658313246148 __DUMMY__ 0.0668318210751963	false	0.5
fehlkauf	neg 1.0		neg 0.5617290022939117 off 0.3706355750276031 __DUMMY__ 0.06763542267848537	false	1.0
frustrierend	neg 1.0	neg 1.0	neg 0.7687900276865208 off 0.1987359306156873 __DUMMY__ 0.032474041697791896	false	1.0
unzufrieden	neg 1.0		neg 0.5670330595841777 off 0.3650522386026603 __DUMMY__ 0.06791470181316202	false	1.0
verzweifeln	neg 1.0		neg 0.5636407580782611 off 0.3682035200083287 __DUMMY__ 0.06815572191341034	false	1.0
verzweifelt	neg 1.0		neg 0.5623928840502196 off 0.36964059491519 __DUMMY__ 0.06796652103459051	false	1.0
misstrauensantrag	neg 1.0		neg 0.562132857294221 off 0.37032154095106035 __DUMMY__ 0.06754560175471849	false	1.0
abfallen	neg 1.0		neg 0.5593815317203591 off 0.3720030547740322 __DUMMY__ 0.06861541350560875	false	1.0
fucker	off 1.0		neg 0.5562429821073436 off 0.3762064061341134 __DUMMY__ 0.06755061175854304	false	0.5
ungezogen	neg 1.0		neg 0.5490436841090317 off 0.38337708112997304 __DUMMY__ 0.06757923476099532	false	1.0
irrsinnig	neg 1.0	neg 1.0	neg 0.7709590630933004 off 0.1966580991416077 __DUMMY__ 0.03238283776509192	false	1.0
unfassbar	neg 1.0		neg 0.558445296261746 off 0.3737203862078973 __DUMMY__ 0.06783431753035665	false	1.0
hart	neg 1.0		neg 0.5597141023913061 off 0.37278144621123593 __DUMMY__ 0.06750445139745806	false	1.0
widerlich	off 1.0		neg 0.5589307326436799 off 0.3735259615290669 __DUMMY__ 0.06754330582725308	false	0.5
fatal	neg 1.0		neg 0.5613774801607823 off 0.3708934689401888 __DUMMY__ 0.06772905089902909	false	1.0
bruch	neg 1.0		neg 0.5723817502227694 off 0.35996308264787935 __DUMMY__ 0.06765516712935125	false	1.0
aushungern	neg 1.0		neg 0.5673754211868012 off 0.36545599454653066 __DUMMY__ 0.06716858426666819	false	1.0
anspannung	neg 1.0		neg 0.5688546706618222 off 0.36259730900642934 __DUMMY__ 0.06854802033174867	false	1.0
von			neg 0.5651806871084125 off 0.3660887735232219 __DUMMY__ 0.06873053936836562	false	0.0
kraftlos	neg 1.0		neg 0.5637152122253233 off 0.3676717667882957 __DUMMY__ 0.06861302098638093	false	1.0
vom			neg 0.5696145299639277 off 0.36128968200088224 __DUMMY__ 0.06909578803519004	false	0.0
grenzdebil	off 1.0		neg 0.55670647303654 off 0.3753783521829311 __DUMMY__ 0.06791517478052894	false	0.5
vor			neg 0.5679838898900939 off 0.36354704551220646 __DUMMY__ 0.06846906459769961	false	0.0
unterwerfen	neg 1.0		neg 0.5687114905210283 off 0.36352986757929057 __DUMMY__ 0.06775864189968109	false	1.0
versenkung	neg 1.0		neg 0.5682370536358048 off 0.3637945312700296 __DUMMY__ 0.06796841509416571	false	1.0
entziehen	neg 1.0		neg 0.5707967579242467 off 0.3612361970146803 __DUMMY__ 0.06796704506107294	false	1.0
finanzkrise	neg 1.0		neg 0.5678407955378569 off 0.3650217404026659 __DUMMY__ 0.06713746405947726	false	1.0
schimpfend	neg 1.0		neg 0.5575025397586217 off 0.3737186319359033 __DUMMY__ 0.06877882830547505	false	1.0
profan	neg 1.0		neg 0.5609092816342773 off 0.37107400734287493 __DUMMY__ 0.06801671102284756	false	1.0
korruption	neg 1.0		neg 0.5698231769502595 off 0.3629797510850824 __DUMMY__ 0.06719707196465802	false	1.0
â			neg 0.5650113363219228 off 0.36679542454935354 __DUMMY__ 0.06819323912872374	false	0.0
schmutzig	neg 1.0		neg 0.5554432499642522 off 0.37628494141953056 __DUMMY__ 0.06827180861621703	false	1.0
sexy	neg 1.0		neg 0.5585511258987199 off 0.3734974589831178 __DUMMY__ 0.0679514151181623	false	1.0
abraten	neg 1.0		neg 0.5612407981092553 off 0.3705980672866827 __DUMMY__ 0.06816113460406197	false	1.0
schwarz	neg 1.0		neg 0.5619166287751685 off 0.37026432579417556 __DUMMY__ 0.0678190454306558	false	1.0
fotze	off 1.0		neg 0.5665139082931333 off 0.3657928584640443 __DUMMY__ 0.0676932332428224	false	0.5
verwirren	neg 1.0		neg 0.5601756576748607 off 0.3718474005264267 __DUMMY__ 0.06797694179871265	false	1.0
zahnlos	off 1.0		neg 0.5676392946252173 off 0.3646388242952628 __DUMMY__ 0.06772188107951989	false	0.5
verheeren	neg 1.0		neg 0.5504883982890514 off 0.38267122496401873 __DUMMY__ 0.06684037674692997	false	1.0
hippie	neg 1.0		neg 0.5592233885602728 off 0.3729006087860514 __DUMMY__ 0.0678760026536758	false	1.0
rammen	neg 1.0		neg 0.5596456405032337 off 0.37231629006167244 __DUMMY__ 0.06803806943509372	false	1.0
unlauter	neg 1.0	neg 1.0	neg 0.770639636819375 off 0.1971562013628244 __DUMMY__ 0.03220416181780065	false	1.0
unheilvoll	neg 1.0		neg 0.5605301325020371 off 0.37135358317374584 __DUMMY__ 0.06811628432421703	false	1.0
niedrig	neg 1.0		neg 0.5668158157128104 off 0.3652652608317118 __DUMMY__ 0.06791892345547805	false	1.0
explosion	neg 1.0		neg 0.5590415999692748 off 0.3729255657785656 __DUMMY__ 0.06803283425215947	false	1.0
weichei	off 1.0		neg 0.5526557884007536 off 0.3798183681804366 __DUMMY__ 0.06752584341880967	false	0.5
minusmensch	off 1.0		neg 0.5511950088132731 off 0.38206981382679683 __DUMMY__ 0.06673517735993001	false	0.5
farblos	neg 1.0		neg 0.5637252852435393 off 0.3685933290655761 __DUMMY__ 0.06768138569088453	false	1.0
unwissend	neg 1.0	neg 1.0	neg 0.7686366012682643 off 0.19906106851942434 __DUMMY__ 0.03230233021231135	false	1.0
traurig	neg 1.0		neg 0.554653216529768 off 0.377433342183309 __DUMMY__ 0.06791344128692305	false	1.0
senkung	neg 1.0		neg 0.5610632694575232 off 0.3712702296664489 __DUMMY__ 0.06766650087602803	false	1.0
ungleich	neg 1.0	neg 1.0	neg 0.774033923808556 off 0.19364563450092206 __DUMMY__ 0.032320441690521964	false	1.0
heikel	neg 1.0		neg 0.5694994639414596 off 0.36255179481274846 __DUMMY__ 0.06794874124579206	false	1.0
drosselung	neg 1.0		neg 0.5539568475020453 off 0.3780964116686018 __DUMMY__ 0.06794674082935293	false	1.0
falsch	neg 1.0		neg 0.5598051814008732 off 0.3723670138836225 __DUMMY__ 0.06782780471550438	false	1.0
unzufriedenheit	neg 1.0		neg 0.5701554588576028 off 0.3619823587790044 __DUMMY__ 0.06786218236339281	false	1.0
kurz	neg 1.0		neg 0.5626460683590354 off 0.3688014676804084 __DUMMY__ 0.06855246396055632	false	1.0
unsinnig	neg 1.0		neg 0.5666775737404262 off 0.3654573475491537 __DUMMY__ 0.06786507871042013	false	1.0
penner	off 1.0	off 1.0	off 0.6740189571485617 neg 0.29370856157875624 __DUMMY__ 0.032272481272682	false	1.0
seicht	neg 1.0		neg 0.5523297175139057 off 0.3806329973837972 __DUMMY__ 0.06703728510229721	false	1.0
dummheit	off 1.0	off 1.0	off 0.66731629309554 neg 0.30043607773315295 __DUMMY__ 0.032247629171306996	false	1.0
unerfreulich	neg 1.0		neg 0.5691689389388738 off 0.36268848287492056 __DUMMY__ 0.06814257818620569	false	1.0
motherfucker	off 1.0	off 1.0	off 0.6707642246245993 neg 0.2970064167344466 __DUMMY__ 0.03222935864095413	false	1.0
pikiert	neg 1.0		neg 0.5600395975480835 off 0.37234584570757073 __DUMMY__ 0.06761455674434572	false	1.0
wrack	neg 1.0		neg 0.5649619341386138 off 0.36688636092820065 __DUMMY__ 0.06815170493318552	false	1.0
gangster	neg 1.0		neg 0.5602674820463068 off 0.37187111752106516 __DUMMY__ 0.06786140043262799	false	1.0
krank	neg 1.0		neg 0.5550885154530245 off 0.3766779478876086 __DUMMY__ 0.06823353665936686	false	1.0
reich	neg 1.0		neg 0.5624680155638253 off 0.37070415412004254 __DUMMY__ 0.06682783031613225	false	1.0
gnadenlos	neg 1.0		neg 0.5625661276819842 off 0.36946528343096 __DUMMY__ 0.0679685888870558	false	1.0
niedergeschlagen	neg 1.0		neg 0.5644365548363939 off 0.36739708964477247 __DUMMY__ 0.06816635551883353	false	1.0
terrorisieren	off 1.0	off 1.0	off 0.6643210244043378 neg 0.30321970749903987 __DUMMY__ 0.03245926809662224	false	1.0
sinnlosigkeit	neg 1.0		neg 0.5672747419747908 off 0.3649440369420403 __DUMMY__ 0.06778122108316889	false	1.0
behindern	neg 1.0		neg 0.5623330038120088 off 0.36943332541209745 __DUMMY__ 0.06823367077589379	false	1.0
undemokratisch	neg 1.0		neg 0.5665685738297428 off 0.36639255092445644 __DUMMY__ 0.06703887524580089	false	1.0
wirtschaftskrise	neg 1.0		neg 0.56854192894752 off 0.36401100256443775 __DUMMY__ 0.0674470684880423	false	1.0
neid	neg 1.0		neg 0.5580767908297439 off 0.3736766491686095 __DUMMY__ 0.06824656000164661	false	1.0
rutschen	neg 1.0		neg 0.5660318202438313 off 0.36473714672958496 __DUMMY__ 0.06923103302658386	false	1.0
rezession	neg 1.0		neg 0.5572746546219486 off 0.3757948172373116 __DUMMY__ 0.0669305281407398	false	1.0
fehlgeburt	neg 1.0		neg 0.5628932109371638 off 0.3691855339544465 __DUMMY__ 0.06792125510838977	false	1.0
charakterschwach	off 1.0		neg 0.5589008461079565 off 0.37351296565580994 __DUMMY__ 0.06758618823623361	false	0.5
isolation	neg 1.0		neg 0.5571127375113931 off 0.3748938238076221 __DUMMY__ 0.06799343868098486	false	1.0
ablenkung	neg 1.0		neg 0.5617824457580152 off 0.36993886415873134 __DUMMY__ 0.0682786900832536	false	1.0
pech	neg 1.0		neg 0.5592703328276549 off 0.3726421208792581 __DUMMY__ 0.068087546293087	false	1.0
vermeidung	neg 1.0		neg 0.5547341888771576 off 0.3771889881566603 __DUMMY__ 0.06807682296618209	false	1.0
dominieren	neg 1.0		neg 0.5649074974886173 off 0.3671245656845604 __DUMMY__ 0.06796793682682233	false	1.0
schwindlig	neg 1.0		neg 0.5579040239803752 off 0.3736615152170095 __DUMMY__ 0.06843446080261519	false	1.0
lutscher	neg 1.0		neg 0.5505640089976518 off 0.3822737522393166 __DUMMY__ 0.0671622387630316	false	1.0
pflicht	neg 1.0		neg 0.5697085434535272 off 0.3623494884447794 __DUMMY__ 0.06794196810169355	false	1.0
faschist	off 1.0		neg 0.565138173560437 off 0.3677868112656433 __DUMMY__ 0.06707501517391957	false	0.5
verschleudern	neg 1.0		neg 0.5687942205392986 off 0.3636700129732485 __DUMMY__ 0.06753576648745278	false	1.0
wenn			neg 0.5592562814269704 off 0.37281354774950676 __DUMMY__ 0.06793017082352286	false	0.0
ehebruch	neg 1.0		neg 0.5694167017848467 off 0.3630434437881561 __DUMMY__ 0.0675398544269973	false	1.0
spott	off 1.0		neg 0.56956301874713 off 0.36279070527436047 __DUMMY__ 0.0676462759785095	false	0.5
trostlosigkeit	neg 1.0		neg 0.5722959578047584 off 0.3603157449263536 __DUMMY__ 0.06738829726888798	false	1.0
lutschen	neg 1.0		neg 0.5606123511214455 off 0.37194980761740265 __DUMMY__ 0.06743784126115196	false	1.0
undiszipliniert	neg 1.0		neg 0.5563344953014457 off 0.3759286719820807 __DUMMY__ 0.0677368327164735	false	1.0
kopfschmerz	neg 1.0		neg 0.563069920740246 off 0.36874788463146424 __DUMMY__ 0.0681821946282898	false	1.0
unvorhergesehen	neg 1.0		neg 0.5621223855962814 off 0.36918079334493664 __DUMMY__ 0.068696821058782	false	1.0
desinteressiert	neg 1.0		neg 0.5572660853168786 off 0.37511999347698255 __DUMMY__ 0.06761392120613896	false	1.0
armselig	off 1.0		neg 0.5572645318938458 off 0.37533653185881777 __DUMMY__ 0.06739893624733637	false	0.5
desaster	neg 1.0		neg 0.5730279468570957 off 0.35935551187219356 __DUMMY__ 0.06761654127071072	false	1.0
tod	neg 1.0		neg 0.5713190163066447 off 0.36145910813211685 __DUMMY__ 0.06722187556123839	false	1.0
herzlos	neg 1.0		neg 0.5545978215187769 off 0.3776288586732472 __DUMMY__ 0.06777331980797592	false	1.0
unwissenheit	neg 1.0		neg 0.5683946740240293 off 0.3640244212881214 __DUMMY__ 0.06758090468784939	false	1.0
widersinnig	neg 1.0		neg 0.5690786141128635 off 0.36376870948791085 __DUMMY__ 0.06715267639922555	false	1.0
bedenklich	neg 1.0		neg 0.5685614197141099 off 0.36354358295285977 __DUMMY__ 0.06789499733303045	false	1.0
beanstanden	neg 1.0		neg 0.5699699722485584 off 0.3620570531615583 __DUMMY__ 0.06797297458988329	false	1.0
panisch	neg 1.0	neg 1.0	neg 0.7677702971842131 off 0.19937891442073144 __DUMMY__ 0.032850788395055626	false	1.0
debil	off 1.0		neg 0.5722182445013622 off 0.3596373251161024 __DUMMY__ 0.06814443038253545	false	0.5
abstrich	neg 1.0		neg 0.5607314581647045 off 0.3708347025946373 __DUMMY__ 0.06843383924065831	false	1.0
primitiv	neg 1.0		neg 0.5583168468545344 off 0.3741538448122916 __DUMMY__ 0.06752930833317407	false	1.0
abschaum	off 1.0	off 1.0	off 0.6685559666984543 neg 0.2992698554088369 __DUMMY__ 0.03217417789270882	false	1.0
provozieren	neg 1.0		neg 0.5648823315910412 off 0.36745823192934174 __DUMMY__ 0.06765943647961704	false	1.0
tot	neg 1.0		neg 0.5648499745884811 off 0.36727645841727885 __DUMMY__ 0.0678735669942401	false	1.0
instabil	neg 1.0		neg 0.5565447982610823 off 0.3762180999691731 __DUMMY__ 0.06723710176974453	false	1.0
schwuchtel	off 1.0		neg 0.5467200872437595 off 0.38658725880526396 __DUMMY__ 0.06669265395097661	false	0.5
zerren	neg 1.0		neg 0.5644115902126448 off 0.36739015609047887 __DUMMY__ 0.0681982536968763	false	1.0
kinderficker	off 1.0		neg 0.5556835784368943 off 0.37714271551292244 __DUMMY__ 0.0671737060501832	false	0.5
gefahr	neg 1.0		neg 0.5685997080345738 off 0.3636602232367201 __DUMMY__ 0.06774006872870605	false	1.0
rabiat	neg 1.0		neg 0.5636780398386669 off 0.3683612790978679 __DUMMY__ 0.06796068106346526	false	1.0
verlangsamung	neg 1.0		neg 0.5538161754125783 off 0.37933611709711074 __DUMMY__ 0.06684770749031096	false	1.0
ausgestorben	neg 1.0		neg 0.5644892920021762 off 0.3673570582265795 __DUMMY__ 0.06815364977124434	false	1.0
anklagen	neg 1.0		neg 0.5664711087241902 off 0.36602745993788316 __DUMMY__ 0.06750143133792663	false	1.0
trott	neg 1.0		neg 0.5627169903933595 off 0.3691592278014987 __DUMMY__ 0.06812378180514166	false	1.0
verminderung	neg 1.0		neg 0.5556909841840564 off 0.37659614384463497 __DUMMY__ 0.06771287197130868	false	1.0
nach			neg 0.5682913124328502 off 0.3628598163959766 __DUMMY__ 0.06884887117117318	false	0.0
rost	neg 1.0		neg 0.5519009731884612 off 0.38095278048715897 __DUMMY__ 0.06714624632437995	false	1.0
destruktiv	neg 1.0	neg 1.0	neg 0.7727890447938411 off 0.19499204445596002 __DUMMY__ 0.0322189107501989	false	1.0
unzumutbarkeit	neg 1.0		neg 0.5559811408917653 off 0.3761772698574614 __DUMMY__ 0.06784158925077337	false	1.0
labil	off 1.0	off 1.0	off 0.6695040284555044 neg 0.2982581421046888 __DUMMY__ 0.032237829439806735	false	1.0
ziemlich	neg 1.0		neg 0.5572499041863099 off 0.37482865175974295 __DUMMY__ 0.06792144405394723	false	1.0
lachnummer	off 1.0		neg 0.5667758320485697 off 0.36566328629109 __DUMMY__ 0.06756088166034029	false	0.5
oder			neg 0.5619077533282617 off 0.36976042779946083 __DUMMY__ 0.06833181887227738	false	0.0
verfall	neg 1.0		neg 0.5726474697139646 off 0.3592285595926391 __DUMMY__ 0.06812397069339615	false	1.0
ausgrenzung	neg 1.0		neg 0.5652490861962891 off 0.36762951367278407 __DUMMY__ 0.06712140013092684	false	1.0
unordnung	neg 1.0		neg 0.5547488952455464 off 0.3778409306740291 __DUMMY__ 0.06741017408042449	false	1.0
fehlverhalten	neg 1.0		neg 0.5697298406047703 off 0.3625925994625883 __DUMMY__ 0.06767755993264143	false	1.0
eine			neg 0.5678431110857365 off 0.36374169215457414 __DUMMY__ 0.06841519675968931	false	0.0
nille	neg 1.0		neg 0.5654612239270189 off 0.3670098824514372 __DUMMY__ 0.06752889362154382	false	1.0
qual	neg 1.0		neg 0.5631228682504222 off 0.36881161719254 __DUMMY__ 0.06806551455703769	false	1.0
verschwenden	neg 1.0		neg 0.5673487129826903 off 0.3645635231642246 __DUMMY__ 0.06808776385308514	false	1.0
riesig	neg 1.0		neg 0.5646508067038607 off 0.36738926580104625 __DUMMY__ 0.06795992749509303	false	1.0
verurteilen	neg 1.0		neg 0.5688404179638491 off 0.36370477635607984 __DUMMY__ 0.06745480568007105	false	1.0
klischee	neg 1.0	neg 1.0	neg 0.7699983630804429 off 0.19776669192200458 __DUMMY__ 0.032234944997552445	false	1.0
diktatorisch	neg 1.0		neg 0.5677556940590459 off 0.3654145565583066 __DUMMY__ 0.06682974938264742	false	1.0
vorhersehbar	neg 1.0		neg 0.5636608738330185 off 0.36885026993877196 __DUMMY__ 0.06748885622820945	false	1.0
sowie			neg 0.5541369156003662 off 0.3787584222615938 __DUMMY__ 0.06710466213803999	false	0.0
stornieren	neg 1.0		neg 0.5583780365223054 off 0.37329681077396004 __DUMMY__ 0.06832515270373443	false	1.0
besteuerung	neg 1.0		neg 0.5630592442973307 off 0.36924514026205707 __DUMMY__ 0.0676956154406122	false	1.0
ungeschminkt	neg 1.0		neg 0.5574982689161216 off 0.37479443229986653 __DUMMY__ 0.06770729878401174	false	1.0
kritisch	neg 1.0		neg 0.569456376042101 off 0.3628852501441394 __DUMMY__ 0.0676583738137596	false	1.0
schlamperei	off 1.0		neg 0.5694589408924213 off 0.36302650986384455 __DUMMY__ 0.06751454924373405	false	0.5
sucht	neg 1.0	neg 1.0	neg 0.7675527839203515 off 0.19967740884052948 __DUMMY__ 0.03276980723911897	false	1.0
egoistisch	off 1.0		neg 0.5532880448531553 off 0.37924555584575825 __DUMMY__ 0.06746639930108632	false	0.5
ausbeuter	off 1.0		neg 0.5711052463456647 off 0.36139351783364926 __DUMMY__ 0.06750123582068589	false	0.5
arschgeburt	off 1.0		neg 0.5469089841793705 off 0.38640033644805394 __DUMMY__ 0.06669067937257561	false	0.5
schubs	neg 1.0	neg 1.0	neg 0.770758909066432 off 0.19644496965211453 __DUMMY__ 0.03279612128145359	false	1.0
unsolide	neg 1.0		neg 0.5653392281044896 off 0.3681448390184479 __DUMMY__ 0.0665159328770627	false	1.0
beschwerde	neg 1.0		neg 0.5677042539724589 off 0.36464409499261036 __DUMMY__ 0.06765165103493066	false	1.0
stocken	neg 1.0		neg 0.5667228508008669 off 0.36531250234671253 __DUMMY__ 0.06796464685242058	false	1.0
isolieren	neg 1.0		neg 0.5630244470919774 off 0.3687430744169596 __DUMMY__ 0.0682324784910631	false	1.0
unheilbar	neg 1.0		neg 0.5643082908398258 off 0.3679779855175502 __DUMMY__ 0.06771372364262396	false	1.0
pisser	off 1.0		neg 0.5563488410612423 off 0.3763628339825337 __DUMMY__ 0.06728832495622415	false	0.5
löschen	neg 1.0		neg 0.5626570068340244 off 0.3694956057499526 __DUMMY__ 0.06784738741602289	false	1.0
durchfallen	neg 1.0		neg 0.5678524427133523 off 0.36423913288677195 __DUMMY__ 0.06790842439987567	false	1.0
wichser	off 1.0		neg 0.5484104713991567 off 0.38427667312219616 __DUMMY__ 0.06731285547864711	false	0.5
terror	neg 1.0		neg 0.5576082363986828 off 0.37418146693743526 __DUMMY__ 0.0682102966638819	false	1.0
krass	neg 1.0		neg 0.5542520993367221 off 0.37803560531696406 __DUMMY__ 0.0677122953463138	false	1.0
revolte	neg 1.0	neg 1.0	neg 0.7718441727927254 off 0.19631185738659587 __DUMMY__ 0.03184396982067867	false	1.0
besorgt	neg 1.0		neg 0.5622397351184667 off 0.3691421759417029 __DUMMY__ 0.06861808893983026	false	1.0
nachlassen	neg 1.0		neg 0.5652691815813744 off 0.3666002525795142 __DUMMY__ 0.06813056583911152	false	1.0
alt	neg 1.0		neg 0.5656613829440819 off 0.3658982111369038 __DUMMY__ 0.06844040591901426	false	1.0
hundesohn	off 1.0		neg 0.5513471062537559 off 0.38173851478529935 __DUMMY__ 0.06691437896094457	false	0.5
als			neg 0.56491056264385 off 0.36681227411054507 __DUMMY__ 0.06827716324560508	false	0.0
abschreckung	neg 1.0		neg 0.5713393469853304 off 0.36098470122276605 __DUMMY__ 0.06767595179190362	false	1.0
unqualifiziert	neg 1.0	neg 1.0	neg 0.7705183443144521 off 0.19722870504572962 __DUMMY__ 0.032252950639818416	false	1.0
abgewichst	off 1.0		neg 0.565355355016186 off 0.36685478896040635 __DUMMY__ 0.0677898560234077	false	0.5
schwer	neg 1.0		neg 0.5634719200252505 off 0.3683874738423852 __DUMMY__ 0.06814060613236435	false	1.0
bedeutungslosigkeit	neg 1.0		neg 0.5701731991698907 off 0.362092967833057 __DUMMY__ 0.06773383299705207	false	1.0
kapitulation	neg 1.0		neg 0.5711561080035515 off 0.3617811326980922 __DUMMY__ 0.0670627592983563	false	1.0
unscharf	neg 1.0		neg 0.5598533849193524 off 0.3721844371707226 __DUMMY__ 0.0679621779099249	false	1.0
schwinden	neg 1.0		neg 0.5690605131976929 off 0.363052943405463 __DUMMY__ 0.06788654339684409	false	1.0
versklavung	neg 1.0	neg 1.0	neg 0.772517459937097 off 0.19548930266568118 __DUMMY__ 0.0319932373972218	false	1.0
schlecht	neg 1.0		neg 0.5567092897608767 off 0.37533128310459996 __DUMMY__ 0.06795942713452324	false	1.0
verhasst	neg 1.0		neg 0.565404960805578 off 0.36704830140474176 __DUMMY__ 0.06754673778968025	false	1.0
beschweren	neg 1.0		neg 0.5615479073598965 off 0.3704220253643272 __DUMMY__ 0.06803006727577617	false	1.0
scheiden	neg 1.0		neg 0.5630286917900258 off 0.36878956675405333 __DUMMY__ 0.06818174145592092	false	1.0
frustriert	neg 1.0		neg 0.5650682431975983 off 0.36688409113595066 __DUMMY__ 0.06804766566645101	false	1.0
schimmelig	neg 1.0		neg 0.5672982861861285 off 0.36477846267797914 __DUMMY__ 0.06792325113589232	false	1.0
fisch	neg 1.0	neg 1.0	neg 0.771030700823414 off 0.1962261405339309 __DUMMY__ 0.03274315864265514	false	1.0
schmuggel	neg 1.0		neg 0.5677492782289811 off 0.3640090969769687 __DUMMY__ 0.06824162479405022	false	1.0
auffallen	neg 1.0		neg 0.561127439140626 off 0.3708843038176304 __DUMMY__ 0.06798825704174359	false	1.0
konkurrenz	neg 1.0		neg 0.5685438452082007 off 0.3631890737967445 __DUMMY__ 0.06826708099505482	false	1.0
teufelskreis	neg 1.0	neg 1.0	neg 0.7722044508190931 off 0.19541420417987698 __DUMMY__ 0.032381345001029994	false	1.0
aufschreien	neg 1.0		neg 0.5630086961440451 off 0.3693630166298538 __DUMMY__ 0.067628287226101	false	1.0
schuldner	neg 1.0		neg 0.5699120826826719 off 0.36253226177105036 __DUMMY__ 0.06755565554627767	false	1.0
missgeburt	off 1.0	off 1.0	off 0.6726083708855676 neg 0.2953304938170219 __DUMMY__ 0.03206113529741056	false	1.0
arbeitslos	neg 1.0		neg 0.5671600906321772 off 0.36502665712543453 __DUMMY__ 0.0678132522423883	false	1.0
befallen	neg 1.0		neg 0.5710952104140947 off 0.36189901317548345 __DUMMY__ 0.06700577641042191	false	1.0
miesepetrig	off 1.0		neg 0.5565119967747456 off 0.3754275950369214 __DUMMY__ 0.06806040818833288	false	0.5
alarmieren	neg 1.0		neg 0.5610309676137099 off 0.37167748213699253 __DUMMY__ 0.06729155024929767	false	1.0
ungeduscht	off 1.0		neg 0.5594872389822834 off 0.3725052592875115 __DUMMY__ 0.06800750173020507	false	0.5
knappheit	neg 1.0		neg 0.5676406976615682 off 0.3647257325640529 __DUMMY__ 0.06763356977437873	false	1.0
schlange	neg 1.0		neg 0.5599241312740801 off 0.3717098056175478 __DUMMY__ 0.06836606310837218	false	1.0
harsch	neg 1.0		neg 0.549894295551149 off 0.38224303166067153 __DUMMY__ 0.06786267278817937	false	1.0
lang	neg 1.0		neg 0.5620392353430526 off 0.37000716452339705 __DUMMY__ 0.0679536001335503	false	1.0
ziellos	neg 1.0		neg 0.5659760632858828 off 0.36585829436044265 __DUMMY__ 0.06816564235367446	false	1.0
selbstverliebt	neg 1.0		neg 0.549814463553459 off 0.3834136237940123 __DUMMY__ 0.06677191265252863	false	1.0
beseitigen	neg 1.0		neg 0.5607756320724258 off 0.3709724905296357 __DUMMY__ 0.06825187739793857	false	1.0
dumm	off 1.0		neg 0.553133649455738 off 0.3795438240592871 __DUMMY__ 0.06732252648497485	false	0.5
arbeitsloser	neg 1.0		neg 0.5676821121458847 off 0.3644215197309974 __DUMMY__ 0.0678963681231179	false	1.0
blitzen	neg 1.0		neg 0.5607240662677714 off 0.3716357794241447 __DUMMY__ 0.06764015430808401	false	1.0
hilflos	neg 1.0		neg 0.5654605735197807 off 0.36648054177101275 __DUMMY__ 0.06805888470920671	false	1.0
eklig	off 1.0		neg 0.5525634979685994 off 0.3802301861203461 __DUMMY__ 0.06720631591105448	false	0.5
begriff			neg 0.5660828389646668 off 0.36607290175152263 __DUMMY__ 0.06784425928381045	false	0.0
hungersnot	neg 1.0		neg 0.5688927222404441 off 0.36414283438621603 __DUMMY__ 0.06696444337334004	false	1.0
ungesetzlich	neg 1.0		neg 0.5656002568394521 off 0.36744306750965905 __DUMMY__ 0.06695667565088874	false	1.0
verschwendung	neg 1.0		neg 0.5689177614849927 off 0.36308211407325713 __DUMMY__ 0.06800012444175015	false	1.0
schmerzvoll	neg 1.0		neg 0.5613464258337371 off 0.37058937660079616 __DUMMY__ 0.06806419756546664	false	1.0
vorzeitig	neg 1.0		neg 0.5579416062684532 off 0.3742989026064442 __DUMMY__ 0.06775949112510271	false	1.0
unvollkommenheit	neg 1.0		neg 0.5637025918288768 off 0.36841727766494176 __DUMMY__ 0.06788013050618147	false	1.0
intervenieren	neg 1.0		neg 0.5711976887567357 off 0.36141234942555667 __DUMMY__ 0.0673899618177075	false	1.0
banause	off 1.0		neg 0.5508006976799315 off 0.3820140143315177 __DUMMY__ 0.0671852879885509	false	0.5
rebell	neg 1.0		neg 0.5687925358972228 off 0.3630281911347093 __DUMMY__ 0.06817927296806786	false	1.0
unlogisch	neg 1.0		neg 0.5563320907817559 off 0.37615193148843307 __DUMMY__ 0.06751597772981104	false	1.0
leiden	neg 1.0	neg 1.0	neg 0.7711380507709367 off 0.19578769013191638 __DUMMY__ 0.03307425909714687	false	1.0
abschaffung	neg 1.0		neg 0.5650567818876356 off 0.36752891595024684 __DUMMY__ 0.06741430216211765	false	1.0
sturz	neg 1.0		neg 0.5651103807463499 off 0.3676084912673555 __DUMMY__ 0.06728112798629475	false	1.0
verkleinerung	neg 1.0		neg 0.5621490788009292 off 0.37061821831614733 __DUMMY__ 0.06723270288292349	false	1.0
schmarotzer	off 1.0		neg 0.5688396192146074 off 0.3635700335409279 __DUMMY__ 0.06759034724446471	false	0.5
bestrafung	neg 1.0		neg 0.5630891991754869 off 0.3691110731885474 __DUMMY__ 0.06779972763596563	false	1.0
achtlos	neg 1.0		neg 0.5624109527824336 off 0.36925667246810173 __DUMMY__ 0.06833237474946466	false	1.0
ungeheuer	neg 1.0		neg 0.5612889173828033 off 0.37083776143429953 __DUMMY__ 0.0678733211828971	false	1.0
unaufrichtig	neg 1.0		neg 0.563741273396519 off 0.3690606956988242 __DUMMY__ 0.06719803090465686	false	1.0
groggy	neg 1.0		neg 0.5605381588099747 off 0.3717547983279058 __DUMMY__ 0.06770704286211955	false	1.0
verletzlich	neg 1.0		neg 0.557286688468325 off 0.3749340286188295 __DUMMY__ 0.06777928291284548	false	1.0
ablehnen	neg 1.0		neg 0.5681909258826686 off 0.3641859321489038 __DUMMY__ 0.06762314196842766	false	1.0
