unsolidarisch	neg 1.0		__DUMMY__ 0.8723875174121515 neg 0.07965304515440194 off 0.047959437433446606	false	1.0
nachteilig	neg 1.0		__DUMMY__ 0.8815280201226453 neg 0.0737259051248483 off 0.044746074752506415	false	1.0
skeptisch	neg 1.0		__DUMMY__ 0.8835143050367004 neg 0.07405420455467278 off 0.04243149040862685	false	1.0
schrecklich	neg 1.0		__DUMMY__ 0.8798160578426 neg 0.06663437334622484 off 0.053549568811175126	false	1.0
schlapp	neg 1.0		__DUMMY__ 0.8844335873973743 neg 0.06595579846003573 off 0.04961061414258998	false	1.0
abfall	neg 1.0		__DUMMY__ 0.8839032956506322 neg 0.07504468484272306 off 0.041052019506644805	false	1.0
widerspenstig	neg 1.0		__DUMMY__ 0.8851890083389619 neg 0.06884323555903979 off 0.04596775610199833	false	1.0
abrupt	neg 1.0		__DUMMY__ 0.8865215186657066 neg 0.06858172303608615 off 0.04489675829820714	false	1.0
unwirksam	neg 1.0		__DUMMY__ 0.8762904755132741 neg 0.07610754429639643 off 0.04760198019032942	false	1.0
angreifen	neg 1.0		__DUMMY__ 0.8810103046753779 neg 0.07522071054011234 off 0.043768984784509794	false	1.0
inkonsistent	neg 1.0		__DUMMY__ 0.8788897978910695 neg 0.07275624555115806 off 0.048353956557772436	false	1.0
abrutschen	neg 1.0		__DUMMY__ 0.8852971846890331 neg 0.07358306544542939 off 0.04111974986553751	false	1.0
unsicher	neg 1.0		__DUMMY__ 0.88301690698991 neg 0.07047611880334018 off 0.04650697420674989	false	1.0
bauernkind	off 1.0		__DUMMY__ 0.875278624536966 neg 0.06839867826756116 off 0.056322697195472796	false	0.5
angreifer	neg 1.0		__DUMMY__ 0.8771905965873108 neg 0.07324644094880908 off 0.04956296246388004	false	1.0
trennen	neg 1.0		__DUMMY__ 0.8886810976195928 neg 0.06863971169702134 off 0.042679190683385805	false	1.0
schmutz	neg 1.0		__DUMMY__ 0.8879301297789659 neg 0.06165503678262032 off 0.050414833438413804	false	1.0
inkonsistenz	neg 1.0	neg 1.0	neg 0.5245463395896076 __DUMMY__ 0.4379551326229497 off 0.03749852778744264	false	1.0
erschreckend	neg 1.0		__DUMMY__ 0.8812076694381017 neg 0.07303044926297315 off 0.045761881298925236	false	1.0
ertrinken	neg 1.0		__DUMMY__ 0.8851017944064026 neg 0.07109323967225144 off 0.043804965921345994	false	1.0
pickelface	off 1.0		__DUMMY__ 0.8792132668383608 neg 0.07319882496182377 off 0.04758790819981557	false	0.5
seiner			__DUMMY__ 0.8835185542057977 neg 0.07304975926835916 off 0.04343168652584302	false	0.0
lauch	neg 1.0		__DUMMY__ 0.883640227900711 neg 0.07441041827596452 off 0.041949353823324494	false	1.0
unwichtig	neg 1.0		__DUMMY__ 0.8801013127625499 neg 0.06964439322620156 off 0.05025429401124855	false	1.0
steuerhinterziehung	neg 1.0		__DUMMY__ 0.87624981729212 neg 0.07711644069197804 off 0.04663374201590188	false	1.0
schock	neg 1.0		__DUMMY__ 0.8860844198363341 neg 0.06901616088092334 off 0.044899419282742575	false	1.0
beule	neg 1.0		__DUMMY__ 0.8839907562327681 neg 0.06538599327725908 off 0.050623250489972856	false	1.0
vergelten	neg 1.0		__DUMMY__ 0.877042442618268 neg 0.06782008456960328 off 0.0551374728121287	false	1.0
verdorbenheit	neg 1.0	neg 1.0	neg 0.5210403517922555 __DUMMY__ 0.4431670520111232 off 0.03579259619662127	false	1.0
trauma	neg 1.0		__DUMMY__ 0.8812015500492738 neg 0.07067467756009839 off 0.048123772390627755	false	1.0
sinnlos	neg 1.0		__DUMMY__ 0.8815119122414943 neg 0.07014075440993085 off 0.048347333348574786	false	1.0
fettsack	off 1.0	off 1.0	off 0.5119761329827218 __DUMMY__ 0.4361806842195646 neg 0.05184318279771363	false	1.0
feige	off 1.0		__DUMMY__ 0.8781707821776592 neg 0.07172737403834685 off 0.05010184378399388	false	0.5
abdanken	neg 1.0		__DUMMY__ 0.8744356537474245 neg 0.07849944710739266 off 0.047064899145182956	false	1.0
wichtigtuer	off 1.0	off 1.0	off 0.5066440668254246 __DUMMY__ 0.4376987389189588 neg 0.055657194255616604	false	1.0
misslingen	neg 1.0		__DUMMY__ 0.8855843222714425 neg 0.06649135145667145 off 0.04792432627188614	false	1.0
untreu	off 1.0		__DUMMY__ 0.8804675005212558 neg 0.06871322865314478 off 0.050819270825599526	false	0.5
missmutig	neg 1.0		__DUMMY__ 0.8837783294514525 neg 0.06680840836835691 off 0.049413262180190584	false	1.0
hurenbock	off 1.0		__DUMMY__ 0.8865615353431452 neg 0.06624822230691005 off 0.04719024234994476	false	0.5
betrunken	neg 1.0		__DUMMY__ 0.8830298809024306 neg 0.06531863997806842 off 0.05165147911950086	false	1.0
korrupt	off 1.0		__DUMMY__ 0.874882484347086 neg 0.079462927732954 off 0.045654587919959994	false	0.5
unmut	neg 1.0		__DUMMY__ 0.8828547666660226 neg 0.07525003595709495 off 0.0418951973768825	false	1.0
hackfresse	off 1.0		__DUMMY__ 0.8778739584164361 neg 0.0658482214392222 off 0.056277820144341684	false	0.5
aufblasen	neg 1.0		__DUMMY__ 0.8850664868632012 neg 0.0675675901082769 off 0.04736592302852191	false	1.0
gewaltsam	neg 1.0		__DUMMY__ 0.8766709496404366 neg 0.07542973904180118 off 0.047899311317762275	false	1.0
unbeliebtheit	neg 1.0		__DUMMY__ 0.8695847806386675 neg 0.07768617898906736 off 0.05272904037226504	false	1.0
sturheit	neg 1.0		__DUMMY__ 0.8782206629823356 neg 0.07566036159943212 off 0.0461189754182323	false	1.0
kuh	neg 1.0		__DUMMY__ 0.8805267332125656 neg 0.07186333640789247 off 0.04760993037954203	false	1.0
erschrecken	neg 1.0		__DUMMY__ 0.8830716552575226 neg 0.06766197302032705 off 0.04926637172215045	false	1.0
opfer	neg 1.0	neg 1.0	neg 0.5263386063453507 __DUMMY__ 0.44030747083190025 off 0.03335392282274909	false	1.0
sinken	neg 1.0		__DUMMY__ 0.883230691235023 neg 0.07453354932980506 off 0.04223575943517201	false	1.0
stinktier	neg 1.0		__DUMMY__ 0.8772215631339925 neg 0.0689331486615092 off 0.053845288204498305	false	1.0
tucke	off 1.0		__DUMMY__ 0.8785655337470349 neg 0.06509561223515378 off 0.05633885401781121	false	0.5
ein			__DUMMY__ 0.8877418139043641 neg 0.06570705396821457 off 0.046551132127421214	false	0.0
abstieg	neg 1.0		__DUMMY__ 0.8797093205604051 neg 0.07462925711135003 off 0.04566142232824492	false	1.0
missverstehen	neg 1.0		__DUMMY__ 0.8786550518153036 neg 0.07291218127690109 off 0.04843276690779527	false	1.0
ergebnislos	neg 1.0		__DUMMY__ 0.8808473911372496 neg 0.07394413873511275 off 0.04520847012763764	false	1.0
unter			__DUMMY__ 0.8915563789076906 neg 0.070620034892335 off 0.03782358619997449	false	0.0
manipulieren	neg 1.0		__DUMMY__ 0.8805981166494355 neg 0.07584381633409822 off 0.04355806701646623	false	1.0
unbewiesen	neg 1.0		__DUMMY__ 0.8713324464848391 neg 0.08087753327358763 off 0.047790020241573326	false	1.0
verschleppen	neg 1.0		__DUMMY__ 0.8794521025891456 neg 0.07549443595484395 off 0.04505346145601038	false	1.0
weib	off 1.0		__DUMMY__ 0.8773997264246648 neg 0.06525301770064702 off 0.0573472558746882	false	0.5
opposition	neg 1.0		__DUMMY__ 0.8754595996075264 neg 0.07616909970107028 off 0.04837130069140339	false	1.0
verkehrswidrig	neg 1.0		__DUMMY__ 0.8816420324249421 neg 0.06392093010370353 off 0.054437037471354324	false	1.0
inkorrekt	neg 1.0		__DUMMY__ 0.8737738341974135 neg 0.0746639484358826 off 0.05156221736670385	false	1.0
vermeiden	neg 1.0		__DUMMY__ 0.8879863484578463 neg 0.07218850629509103 off 0.039825145247062745	false	1.0
abweichung	neg 1.0		__DUMMY__ 0.8749994763636134 neg 0.0796718966570662 off 0.0453286269793204	false	1.0
alkoholisiert	neg 1.0		__DUMMY__ 0.8849997223035859 neg 0.07068050506877684 off 0.04431977262763721	false	1.0
scheiss	off 1.0	off 1.0	off 0.5088235897356828 __DUMMY__ 0.4399719348933586 neg 0.05120447537095851	false	1.0
herausforderung	neg 1.0		__DUMMY__ 0.8889776259158406 neg 0.06657501247269651 off 0.04444736161146287	false	1.0
pervers	off 1.0		__DUMMY__ 0.8764533728704939 neg 0.06394695131597268 off 0.05959967581353344	false	0.5
wackelig	neg 1.0		__DUMMY__ 0.8892712077080434 neg 0.06655862433049775 off 0.044170167961458964	false	1.0
verwickeln	neg 1.0		__DUMMY__ 0.8798376322847868 neg 0.0719878115266446 off 0.0481745561885685	false	1.0
vorwand	neg 1.0		__DUMMY__ 0.8813373104528944 neg 0.07611025413519158 off 0.04255243541191403	false	1.0
muschi	off 1.0		__DUMMY__ 0.8795344939201083 neg 0.07317918994059196 off 0.047286316139299685	false	0.5
entmutigung	neg 1.0		__DUMMY__ 0.86939485623436 neg 0.08088849949203604 off 0.049716644273604005	false	1.0
unangemessen	neg 1.0		__DUMMY__ 0.8784247123667033 neg 0.07639256557103687 off 0.04518272206225981	false	1.0
unstetig	neg 1.0		__DUMMY__ 0.8786070997157053 neg 0.07179240948358 off 0.049600490800714735	false	1.0
entmutigen	neg 1.0		__DUMMY__ 0.8825077982021413 neg 0.07007671766889063 off 0.04741548412896804	false	1.0
schwanz	neg 1.0		__DUMMY__ 0.8817876355986187 neg 0.07307547102660596 off 0.04513689337477531	false	1.0
verbot	neg 1.0		__DUMMY__ 0.8759901037168906 neg 0.07797684917865999 off 0.046033047104449484	false	1.0
leid	neg 1.0		__DUMMY__ 0.8783832201164549 neg 0.06686594234792394 off 0.0547508375356212	false	1.0
archaisch	neg 1.0		__DUMMY__ 0.8794853358439368 neg 0.07504552414696328 off 0.04546914000909978	false	1.0
gegen			__DUMMY__ 0.88141413577704 neg 0.07546408306619642 off 0.043121781156763635	false	0.0
scheidung	neg 1.0	neg 1.0	neg 0.5137083841640213 __DUMMY__ 0.4362466843138757 off 0.050044931522102924	false	1.0
einschlag	neg 1.0		__DUMMY__ 0.8788684628178325 neg 0.06666430190421385 off 0.05446723527795369	false	1.0
m			__DUMMY__ 0.8845128581958179 neg 0.0700019519604137 off 0.04548518984376833	false	0.0
abgestanden	neg 1.0		__DUMMY__ 0.8845487626921834 neg 0.0695803513897536 off 0.045870885918062924	false	1.0
schmierig	off 1.0		__DUMMY__ 0.8798432003940851 neg 0.06636396596642315 off 0.05379283363949166	false	0.5
unpraktisch	neg 1.0		__DUMMY__ 0.8857193683252748 neg 0.06712936178007974 off 0.04715126989464559	false	1.0
wixxer	off 1.0		__DUMMY__ 0.874446709163314 neg 0.06573465791158507 off 0.059818632925100874	false	0.5
bezeichnet			__DUMMY__ 0.8791902258673573 neg 0.07445565119582964 off 0.04635412293681308	false	0.0
jammerlappen	off 1.0		__DUMMY__ 0.8810881941281826 neg 0.06870236303299072 off 0.05020944283882664	false	0.5
farce	neg 1.0		__DUMMY__ 0.8723547133948424 neg 0.08113182511226567 off 0.046513461492892046	false	1.0
zwecklos	neg 1.0		__DUMMY__ 0.8796779655099507 neg 0.07549780240816689 off 0.04482423208188232	false	1.0
turbulent	neg 1.0		__DUMMY__ 0.8774534136110631 neg 0.06933380646553618 off 0.0532127799234007	false	1.0
invasion	neg 1.0		__DUMMY__ 0.8834103801962994 neg 0.06743176119655188 off 0.04915785860714873	false	1.0
schuld	neg 1.0		__DUMMY__ 0.8805509480527907 neg 0.07204752999028084 off 0.04740152195692863	false	1.0
risiko	neg 1.0		__DUMMY__ 0.8849699281808648 neg 0.06583437182656904 off 0.049195699992566184	false	1.0
finster	neg 1.0		__DUMMY__ 0.8864686689985671 neg 0.0672948253722377 off 0.04623650562919514	false	1.0
geisteskrank	off 1.0		__DUMMY__ 0.8759892951395577 neg 0.07218717623760726 off 0.05182352862283493	false	0.5
zusammenbrechen	neg 1.0		__DUMMY__ 0.8835215817647303 neg 0.07104517141777535 off 0.045433246817494256	false	1.0
ausbeute	neg 1.0		__DUMMY__ 0.8876282959102169 neg 0.06837586679890165 off 0.043995837290881516	false	1.0
hinterhalt	neg 1.0		__DUMMY__ 0.881517773429497 neg 0.07104042963178489 off 0.04744179693871819	false	1.0
kritik	neg 1.0		__DUMMY__ 0.8740168743483379 neg 0.07953035309963101 off 0.04645277255203123	false	1.0
einschrumpfen	neg 1.0		__DUMMY__ 0.8746247709275833 neg 0.0752268175827213 off 0.0501484114896955	false	1.0
riskant	neg 1.0		__DUMMY__ 0.8826114876124932 neg 0.07367055634660606 off 0.043717956040900806	false	1.0
frustrieren	neg 1.0		__DUMMY__ 0.8818545780437537 neg 0.0744278367754893 off 0.04371758518075703	false	1.0
groll	neg 1.0		__DUMMY__ 0.8802320575390224 neg 0.07478474367843006 off 0.0449831987825475	false	1.0
gibt			__DUMMY__ 0.8823194909632296 neg 0.07242112914034496 off 0.04525937989642533	false	0.0
qualvoll	neg 1.0		__DUMMY__ 0.8837199536345619 neg 0.06803888082912532 off 0.04824116553631282	false	1.0
wackeln	neg 1.0		__DUMMY__ 0.8867905861513665 neg 0.06634950535080866 off 0.046859908497824926	false	1.0
klagen	neg 1.0		__DUMMY__ 0.8801554679607095 neg 0.07732525741645059 off 0.04251927462283992	false	1.0
bankrott	neg 1.0		__DUMMY__ 0.8832579688963987 neg 0.0664856144225152 off 0.05025641668108606	false	1.0
trauern	neg 1.0		__DUMMY__ 0.8830086268855 neg 0.07313870214439397 off 0.04385267097010612	false	1.0
ablehnung	neg 1.0	neg 1.0	neg 0.52954416041951 __DUMMY__ 0.4353569253981156 off 0.03509891418237431	false	1.0
stur	neg 1.0		__DUMMY__ 0.8808767805330969 neg 0.07144675615333398 off 0.04767646331356902	false	1.0
aufruhr	neg 1.0		__DUMMY__ 0.8762944511017471 neg 0.07610673076653798 off 0.04759881813171488	false	1.0
melancholie	neg 1.0		__DUMMY__ 0.8879907857643446 neg 0.06773938225640173 off 0.04426983197925368	false	1.0
ist			__DUMMY__ 0.8814217573843949 neg 0.07078900844785765 off 0.047789234167747476	false	0.0
torheit	neg 1.0		__DUMMY__ 0.874487779586135 neg 0.07724274461985432 off 0.04826947579401077	false	1.0
dreckskind	off 1.0		__DUMMY__ 0.8733384459755098 neg 0.07095913681391947 off 0.055702417210570745	false	0.5
umtauschen	neg 1.0		__DUMMY__ 0.8858094358506162 neg 0.06842060732356249 off 0.04576995682582133	false	1.0
zum			__DUMMY__ 0.8928272151011958 neg 0.06709325790898515 off 0.04007952698981909	false	0.0
zersetzen	neg 1.0		__DUMMY__ 0.8805225998396895 neg 0.07640168816232201 off 0.04307571199798849	false	1.0
zur			__DUMMY__ 0.8856615453891018 neg 0.07386214189014208 off 0.04047631272075605	false	0.0
frust	neg 1.0		__DUMMY__ 0.8834880370405778 neg 0.07117959133578067 off 0.045332371623641544	false	1.0
unerbittlichkeit	neg 1.0		__DUMMY__ 0.8802606955992954 neg 0.07588731372416581 off 0.04385199067653884	false	1.0
zwei			__DUMMY__ 0.8900653207453979 neg 0.06841833755744572 off 0.04151634169715635	false	0.0
unkorrekt	neg 1.0		__DUMMY__ 0.8756417397972259 neg 0.07238453648044238 off 0.05197372372233163	false	1.0
hexe	off 1.0		__DUMMY__ 0.8812689089377549 neg 0.06841545888129714 off 0.050315632180948054	false	0.5
lasch	neg 1.0		__DUMMY__ 0.878459823845035 neg 0.0721287768082692 off 0.049411399346695896	false	1.0
rivale	neg 1.0		__DUMMY__ 0.8779316803851168 neg 0.06813466598861267 off 0.05393365362627057	false	1.0
mutlos	off 1.0	off 1.0	off 0.5038436312234761 __DUMMY__ 0.43763683955593385 neg 0.05851952922059002	false	1.0
wirr	off 1.0		__DUMMY__ 0.8755421516574582 neg 0.07138132402213763 off 0.053076524320404106	false	0.5
jahr			__DUMMY__ 0.8886188284830916 neg 0.06806996988838013 off 0.04331120162852834	false	0.0
wird			__DUMMY__ 0.8830279662612778 neg 0.0728591472063817 off 0.044112886532340544	false	0.0
strafbar	neg 1.0		__DUMMY__ 0.8781764395717974 neg 0.07759354678048391 off 0.044230013647718745	false	1.0
erosion	neg 1.0		__DUMMY__ 0.8846362021118344 neg 0.06757959334054697 off 0.04778420454761859	false	1.0
eingehen	neg 1.0		__DUMMY__ 0.8806315122819875 neg 0.07478758225561831 off 0.04458090546239421	false	1.0
faul	off 1.0		__DUMMY__ 0.8846651088725654 neg 0.0658254454447839 off 0.0495094456826506	false	0.5
provisorium	neg 1.0		__DUMMY__ 0.8894805204144 neg 0.07313771464071046 off 0.03738176494488963	false	1.0
schmerzen	neg 1.0		__DUMMY__ 0.8850705795500093 neg 0.06976392595610934 off 0.04516549449388129	false	1.0
schrumpfen	neg 1.0		__DUMMY__ 0.8851937918285433 neg 0.07471100425355584 off 0.040095203917900855	false	1.0
geistlos	off 1.0		__DUMMY__ 0.8721391071788545 neg 0.07834706652749801 off 0.04951382629364746	false	0.5
fehlkauf	neg 1.0		__DUMMY__ 0.8792402452452003 neg 0.07162591450732517 off 0.049133840247474525	false	1.0
frustrierend	neg 1.0	neg 1.0	neg 0.522360331429626 __DUMMY__ 0.44027609861766287 off 0.03736356995271107	false	1.0
unzufrieden	neg 1.0		__DUMMY__ 0.8813040317164629 neg 0.07387972430277089 off 0.04481624398076621	false	1.0
verzweifeln	neg 1.0		__DUMMY__ 0.8833452578300512 neg 0.07056769658703631 off 0.04608704558291238	false	1.0
verzweifelt	neg 1.0		__DUMMY__ 0.8816435750365454 neg 0.07079172668280237 off 0.047564698280652254	false	1.0
misstrauensantrag	neg 1.0		__DUMMY__ 0.8782875800239798 neg 0.07271422376636325 off 0.04899819620965704	false	1.0
abfallen	neg 1.0		__DUMMY__ 0.8875451349999334 neg 0.06571293728281859 off 0.046741927717248	false	1.0
fucker	off 1.0		__DUMMY__ 0.8781541858664733 neg 0.06865174135735792 off 0.05319407277616875	false	0.5
ungezogen	neg 1.0		__DUMMY__ 0.8788046844491018 neg 0.06374622963820309 off 0.05744908591269515	false	1.0
irrsinnig	neg 1.0	neg 1.0	neg 0.5250102805010797 __DUMMY__ 0.4391385442327189 off 0.035851175266201386	false	1.0
unfassbar	neg 1.0		__DUMMY__ 0.8806013418886766 neg 0.06884687988783739 off 0.05055177822348606	false	1.0
hart	neg 1.0		__DUMMY__ 0.8786315478549918 neg 0.07084713405547978 off 0.05052131808952844	false	1.0
widerlich	off 1.0		__DUMMY__ 0.8782004465990841 neg 0.07044454608715021 off 0.05135500731376574	false	0.5
fatal	neg 1.0		__DUMMY__ 0.8798194548301369 neg 0.07109984742734855 off 0.04908069774251446	false	1.0
bruch	neg 1.0		__DUMMY__ 0.8794295996140176 neg 0.07831937431857142 off 0.04225102606741096	false	1.0
aushungern	neg 1.0		__DUMMY__ 0.8753281010761704 neg 0.07707297368184694 off 0.04759892524198266	false	1.0
anspannung	neg 1.0		__DUMMY__ 0.8870124098965484 neg 0.071919980167728 off 0.04106760993572362	false	1.0
von			__DUMMY__ 0.8889008438542114 neg 0.06850252245927647 off 0.04259663368651211	false	0.0
kraftlos	neg 1.0		__DUMMY__ 0.8875318590002748 neg 0.06835993135721052 off 0.044108209642514835	false	1.0
vom			__DUMMY__ 0.8918503231892909 neg 0.06993824674411415 off 0.03821143006659487	false	0.0
grenzdebil	off 1.0		__DUMMY__ 0.8813830985460845 neg 0.06725949494273453 off 0.05135740651118094	false	0.5
vor			__DUMMY__ 0.8861926947913527 neg 0.07181357610725903 off 0.04199372910138837	false	0.0
unterwerfen	neg 1.0		__DUMMY__ 0.8803596087113379 neg 0.07536099456217733 off 0.04427939672648472	false	1.0
versenkung	neg 1.0		__DUMMY__ 0.8817979834939147 neg 0.07432177033347553 off 0.04388024617260985	false	1.0
entziehen	neg 1.0		__DUMMY__ 0.8820248029920928 neg 0.0758503241833673 off 0.04212487282453991	false	1.0
finanzkrise	neg 1.0		__DUMMY__ 0.8750377829460665 neg 0.07800648038560651 off 0.046955736668327065	false	1.0
schimpfend	neg 1.0		__DUMMY__ 0.8893186189313913 neg 0.06349333916304682 off 0.047188041905561924	false	1.0
profan	neg 1.0		__DUMMY__ 0.8822157716064609 neg 0.06955378037614658 off 0.048230448017392485	false	1.0
korruption	neg 1.0		__DUMMY__ 0.8756053836046379 neg 0.07875729890588835 off 0.0456373174894738	false	1.0
â			__DUMMY__ 0.8839450898588816 neg 0.07129688582152863 off 0.044758024319589744	false	0.0
schmutzig	neg 1.0		__DUMMY__ 0.8845392505047048 neg 0.06466755572833145 off 0.050793193766963673	false	1.0
sexy	neg 1.0		__DUMMY__ 0.8817298295750542 neg 0.06822064895330855 off 0.05004952147163726	false	1.0
abraten	neg 1.0		__DUMMY__ 0.8835338934178328 neg 0.0690718527901334 off 0.047394253792033755	false	1.0
schwarz	neg 1.0		__DUMMY__ 0.880650401949583 neg 0.07102372078129701 off 0.04832587726912001	false	1.0
fotze	off 1.0		__DUMMY__ 0.8798656771553498 neg 0.0744025729968212 off 0.045731749847829004	false	0.5
verwirren	neg 1.0		__DUMMY__ 0.8818247652899521 neg 0.06921727886758233 off 0.048957955842465546	false	1.0
zahnlos	off 1.0		__DUMMY__ 0.8797384700897056 neg 0.07509734908390936 off 0.04516418082638494	false	0.5
verheeren	neg 1.0		__DUMMY__ 0.872268289952001 neg 0.06821786616029298 off 0.05951384388770597	false	1.0
hippie	neg 1.0		__DUMMY__ 0.8810813033409927 neg 0.06897205040926307 off 0.049946646249744237	false	1.0
rammen	neg 1.0		__DUMMY__ 0.8829315085834711 neg 0.0685255254129607 off 0.04854296600356824	false	1.0
unlauter	neg 1.0	neg 1.0	neg 0.5255314292987275 __DUMMY__ 0.43738963761474514 off 0.03707893308652723	false	1.0
unheilvoll	neg 1.0		__DUMMY__ 0.8834586519332585 neg 0.06873806877765397 off 0.04780327928908766	false	1.0
niedrig	neg 1.0		__DUMMY__ 0.8819519127568929 neg 0.07356081755019701 off 0.044487269692910204	false	1.0
explosion	neg 1.0		__DUMMY__ 0.8825951728511057 neg 0.06804024442825893 off 0.04936458272063547	false	1.0
weichei	off 1.0		__DUMMY__ 0.8780601062877132 neg 0.06664093941571833 off 0.05529895429656843	false	0.5
minusmensch	off 1.0		__DUMMY__ 0.8715263988760521 neg 0.06888528293399043 off 0.05958831818995753	false	0.5
farblos	neg 1.0		__DUMMY__ 0.88031353811933 neg 0.07261283729272366 off 0.0470736245879463	false	1.0
unwissend	neg 1.0	neg 1.0	neg 0.5233831503095714 __DUMMY__ 0.4382357100666122 off 0.038381139623816424	false	1.0
traurig	neg 1.0		__DUMMY__ 0.8814189658981584 neg 0.06589631183932476 off 0.052684722262516887	false	1.0
senkung	neg 1.0		__DUMMY__ 0.8795946256659066 neg 0.07119702941640216 off 0.049208344917691244	false	1.0
ungleich	neg 1.0	neg 1.0	neg 0.5279531034667865 __DUMMY__ 0.4386492087645167 off 0.03339768776869673	false	1.0
heikel	neg 1.0		__DUMMY__ 0.8818099266256204 neg 0.07520962572889149 off 0.04298044764548807	false	1.0
drosselung	neg 1.0		__DUMMY__ 0.882214107861648 neg 0.06497842448327822 off 0.05280746765507376	false	1.0
falsch	neg 1.0		__DUMMY__ 0.8806398993665502 neg 0.06966659207194956 off 0.04969350856150024	false	1.0
unzufriedenheit	neg 1.0		__DUMMY__ 0.8811412629081741 neg 0.07588755960569793 off 0.042971177486127984	false	1.0
kurz	neg 1.0		__DUMMY__ 0.8868349740458384 neg 0.06820755243977963 off 0.04495747351438196	false	1.0
unsinnig	neg 1.0		__DUMMY__ 0.8810558983020327 neg 0.07377747967675738 off 0.04516662202121	false	1.0
penner	off 1.0	off 1.0	off 0.5130835904037653 __DUMMY__ 0.43787282998366067 neg 0.04904357961257411	false	1.0
seicht	neg 1.0		__DUMMY__ 0.8738897679996452 neg 0.06845856909903487 off 0.057651662901319845	false	1.0
dummheit	off 1.0	off 1.0	off 0.5070790394504331 __DUMMY__ 0.43762798674409287 neg 0.05529297380547409	false	1.0
unerfreulich	neg 1.0		__DUMMY__ 0.8834164560726993 neg 0.07419590719672588 off 0.042387636730574926	false	1.0
motherfucker	off 1.0	off 1.0	off 0.5104013468750833 __DUMMY__ 0.43738386466726537 neg 0.05221478845765134	false	1.0
pikiert	neg 1.0		__DUMMY__ 0.8789119541287719 neg 0.07076329356491595 off 0.050324752306312136	false	1.0
wrack	neg 1.0		__DUMMY__ 0.8842733846497434 neg 0.07106655488956501 off 0.04466006046069156	false	1.0
gangster	neg 1.0		__DUMMY__ 0.8809740394328693 neg 0.06980272026602222 off 0.04922324030110843	false	1.0
krank	neg 1.0		__DUMMY__ 0.8842841026580402 neg 0.06469275727763146 off 0.05102314006432833	false	1.0
reich	neg 1.0		__DUMMY__ 0.8723770734352488 neg 0.07619605048850657 off 0.051426876076244486	false	1.0
gnadenlos	neg 1.0		__DUMMY__ 0.8817339648433592 neg 0.07074329239407239 off 0.04752274276256828	false	1.0
niedergeschlagen	neg 1.0		__DUMMY__ 0.8836347486149734 neg 0.07104335090817868 off 0.04532190047684799	false	1.0
terrorisieren	off 1.0	off 1.0	off 0.5034566866832243 __DUMMY__ 0.4403677830108713 neg 0.05617553030590445	false	1.0
sinnlosigkeit	neg 1.0		__DUMMY__ 0.8802018948978578 neg 0.0746741874709437 off 0.04512391763119839	false	1.0
behindern	neg 1.0		__DUMMY__ 0.8843549850343744 neg 0.06926534556256835 off 0.04637966940305733	false	1.0
undemokratisch	neg 1.0		__DUMMY__ 0.874181505003897 neg 0.07733758729997546 off 0.048480907696127507	false	1.0
wirtschaftskrise	neg 1.0		__DUMMY__ 0.8778351329000631 neg 0.07671863411850065 off 0.045446232981436165	false	1.0
neid	neg 1.0		__DUMMY__ 0.8844805011041461 neg 0.06648258167325284 off 0.04903691722260109	false	1.0
rutschen	neg 1.0		__DUMMY__ 0.892938283519412 neg 0.0669660369271086 off 0.0400956795534795	false	1.0
rezession	neg 1.0		__DUMMY__ 0.8729574474640476 neg 0.0723532661198264 off 0.05468928641612601	false	1.0
fehlgeburt	neg 1.0		__DUMMY__ 0.8823210370041935 neg 0.07082107120223649 off 0.046857891793569986	false	1.0
charakterschwach	off 1.0		__DUMMY__ 0.8787566210801073 neg 0.06994499159468132 off 0.05129838732521126	false	0.5
isolation	neg 1.0		__DUMMY__ 0.882167815137772 neg 0.06706801024454605 off 0.050764174617682026	false	1.0
ablenkung	neg 1.0		__DUMMY__ 0.8844304295677207 neg 0.06882155512375591 off 0.04674801530852336	false	1.0
pech	neg 1.0		__DUMMY__ 0.8831487152244502 neg 0.06827778018902149 off 0.04857350458652845	false	1.0
vermeidung	neg 1.0		__DUMMY__ 0.8830935477531289 neg 0.06508037080585624 off 0.05182608144101495	false	1.0
dominieren	neg 1.0		__DUMMY__ 0.8822307392339265 neg 0.07198788789041485 off 0.04578137287565875	false	1.0
schwindlig	neg 1.0		__DUMMY__ 0.886116360465077 neg 0.06564827034069665 off 0.04823536919422621	false	1.0
lutscher	neg 1.0		__DUMMY__ 0.8751863975104531 neg 0.06680141455170269 off 0.05801218793784414	false	1.0
pflicht	neg 1.0		__DUMMY__ 0.8816510560264139 neg 0.07532900022781597 off 0.043019943745770145	false	1.0
faschist	off 1.0		__DUMMY__ 0.8746166010586839 neg 0.07612808710813657 off 0.04925531183317949	false	0.5
verschleudern	neg 1.0		__DUMMY__ 0.8784733385911451 neg 0.07660190379120582 off 0.044924757617649136	false	1.0
wenn			__DUMMY__ 0.8813763684909339 neg 0.06893983363518125 off 0.049683797873884945	false	0.0
ehebruch	neg 1.0		__DUMMY__ 0.8785274973107158 neg 0.07680640861292114 off 0.04466609407636302	false	1.0
spott	off 1.0		__DUMMY__ 0.8794325898860951 neg 0.0763891102914521 off 0.044178299822452874	false	0.5
trostlosigkeit	neg 1.0		__DUMMY__ 0.8769213602635706 neg 0.07983212966871586 off 0.04324651006771347	false	1.0
lutschen	neg 1.0		__DUMMY__ 0.8777875136103134 neg 0.07170928688193179 off 0.05050319950775486	false	1.0
undiszipliniert	neg 1.0		__DUMMY__ 0.879968047983686 neg 0.06786644349327442 off 0.052165508523039694	false	1.0
kopfschmerz	neg 1.0		__DUMMY__ 0.8838388860970061 neg 0.07035234460482631 off 0.04580876929816756	false	1.0
unvorhergesehen	neg 1.0		__DUMMY__ 0.8883815921987791 neg 0.06701025071221556 off 0.044608157089005215	false	1.0
desinteressiert	neg 1.0		__DUMMY__ 0.8787970572683357 neg 0.0690638158598815 off 0.05213912687178284	false	1.0
armselig	off 1.0		__DUMMY__ 0.8769348644583586 neg 0.06999500329779347 off 0.05307013224384796	false	0.5
desaster	neg 1.0		__DUMMY__ 0.8790338752832305 neg 0.07896601945260087 off 0.04200010526416858	false	1.0
tod	neg 1.0		__DUMMY__ 0.8758182056768319 neg 0.08015843099260923 off 0.044023363330558875	false	1.0
herzlos	neg 1.0		__DUMMY__ 0.8802095912755138 neg 0.06647720953926788 off 0.05331319918521836	false	1.0
unwissenheit	neg 1.0		__DUMMY__ 0.87872267373184 neg 0.07611399279278534 off 0.04516333347537466	false	1.0
widersinnig	neg 1.0		__DUMMY__ 0.8750824905773026 neg 0.07850708094511917 off 0.04641042847757828	false	1.0
bedenklich	neg 1.0		__DUMMY__ 0.8813184404200615 neg 0.07486570248843787 off 0.04381585709150065	false	1.0
beanstanden	neg 1.0		__DUMMY__ 0.8821435688505221 neg 0.07521110939408596 off 0.042645321755391874	false	1.0
panisch	neg 1.0	neg 1.0	neg 0.5188182804423308 __DUMMY__ 0.44508668441326316 off 0.036095035144405915	false	1.0
debil	off 1.0		__DUMMY__ 0.8839066051448329 neg 0.07602187970867018 off 0.04007151514649687	false	0.5
abstrich	neg 1.0		__DUMMY__ 0.8871434972252776 neg 0.06704544734847023 off 0.04581105542625216	false	1.0
primitiv	neg 1.0		__DUMMY__ 0.8781403324718592 neg 0.07000645813897306 off 0.051853209389167695	false	1.0
abschaum	off 1.0	off 1.0	off 0.5086192118896833 __DUMMY__ 0.4368104111707984 neg 0.05457037693951834	false	1.0
provozieren	neg 1.0		__DUMMY__ 0.8791522962158569 neg 0.0737179101134381 off 0.047129793670705064	false	1.0
tot	neg 1.0		__DUMMY__ 0.8818727063800981 neg 0.07246997995490907 off 0.04565731366499275	false	1.0
instabil	neg 1.0		__DUMMY__ 0.8758680665767331 neg 0.07017772687157506 off 0.053954206551691745	false	1.0
schwuchtel	off 1.0		__DUMMY__ 0.8709765382685658 neg 0.06639030593689342 off 0.0626331557945407	false	0.5
zerren	neg 1.0		__DUMMY__ 0.8837771007682398 neg 0.07085820525257301 off 0.04536469397918713	false	1.0
kinderficker	off 1.0		__DUMMY__ 0.8754397426154116 neg 0.069627910330756 off 0.05493234705383254	false	0.5
gefahr	neg 1.0		__DUMMY__ 0.8802693821679921 neg 0.07525566175475706 off 0.044474956077250875	false	1.0
rabiat	neg 1.0		__DUMMY__ 0.8817345557273455 neg 0.07149756378698771 off 0.046767880485666845	false	1.0
verlangsamung	neg 1.0		__DUMMY__ 0.8724094818778274 neg 0.07030551990478343 off 0.05728499821738922	false	1.0
ausgestorben	neg 1.0		__DUMMY__ 0.883418820137852 neg 0.07115025574651967 off 0.04543092411562831	false	1.0
anklagen	neg 1.0		__DUMMY__ 0.8784006005482611 neg 0.07492798562953722 off 0.04667141382220181	false	1.0
trott	neg 1.0		__DUMMY__ 0.8832663179080997 neg 0.07015786383347107 off 0.04657581825842926	false	1.0
verminderung	neg 1.0		__DUMMY__ 0.8797519703387385 neg 0.06764295093581316 off 0.052605078725448305	false	1.0
nach			__DUMMY__ 0.8895996558458755 neg 0.07022339689409503 off 0.04017694726002947	false	0.0
rost	neg 1.0		__DUMMY__ 0.875430942779422 neg 0.06727571546014473 off 0.05729334176043323	false	1.0
destruktiv	neg 1.0	neg 1.0	neg 0.5275641190353277 __DUMMY__ 0.43736986261017274 off 0.0350660183544995	false	1.0
unzumutbarkeit	neg 1.0		__DUMMY__ 0.8812545501982992 neg 0.06678602779003937 off 0.0519594220116613	false	1.0
labil	off 1.0	off 1.0	off 0.5092257701453922 __DUMMY__ 0.43748875132913656 neg 0.05328547852547132	false	1.0
ziemlich	neg 1.0		__DUMMY__ 0.8813441712453549 neg 0.06766882966999098 off 0.05098699908465411	false	1.0
lachnummer	off 1.0		__DUMMY__ 0.8783791064595681 neg 0.07524929624429866 off 0.04637159729613317	false	0.5
oder			__DUMMY__ 0.8849032687174783 neg 0.0688168641208857 off 0.046279867161636006	false	0.0
verfall	neg 1.0		__DUMMY__ 0.8836340182512569 neg 0.07616121212605201 off 0.0402047696226911	false	1.0
ausgrenzung	neg 1.0		__DUMMY__ 0.8749799328196384 neg 0.07600978222771003 off 0.04901028495265167	false	1.0
unordnung	neg 1.0		__DUMMY__ 0.8778752330660322 neg 0.06784633207657466 off 0.05427843485739303	false	1.0
fehlverhalten	neg 1.0		__DUMMY__ 0.8795979749448714 neg 0.07638640107818191 off 0.044015623976946625	false	1.0
eine			__DUMMY__ 0.885650590039616 neg 0.0721238347322734 off 0.042225575228110594	false	0.0
nille	neg 1.0		__DUMMY__ 0.8782560414064439 neg 0.07454757556178317 off 0.04719638303177303	false	1.0
qual	neg 1.0		__DUMMY__ 0.8827690722345276 neg 0.07066623307040074 off 0.046564694695071566	false	1.0
verschwenden	neg 1.0		__DUMMY__ 0.882813558890887 neg 0.07339807951836633 off 0.04378836159074663	false	1.0
riesig	neg 1.0		__DUMMY__ 0.8824678875511724 neg 0.07175795793915506 off 0.04577415450967238	false	1.0
verurteilen	neg 1.0		__DUMMY__ 0.8777444683514286 neg 0.07684020015438842 off 0.0454153314941829	false	1.0
klischee	neg 1.0	neg 1.0	neg 0.5251218179068446 __DUMMY__ 0.4373228054617414 off 0.03755537663141396	false	1.0
diktatorisch	neg 1.0		__DUMMY__ 0.872380169348155 neg 0.07909708908014466 off 0.048522741571700244	false	1.0
vorhersehbar	neg 1.0		__DUMMY__ 0.8776282928306397 neg 0.07380830712952578 off 0.048563400039834566	false	1.0
sowie			__DUMMY__ 0.8745134304084357 neg 0.0693612997337361 off 0.05612526985782824	false	0.0
stornieren	neg 1.0		__DUMMY__ 0.8854765392261879 neg 0.06596881363892075 off 0.048554647134891306	false	1.0
besteuerung	neg 1.0		__DUMMY__ 0.8799149922394178 neg 0.07231394057044507 off 0.04777106719013711	false	1.0
ungeschminkt	neg 1.0		__DUMMY__ 0.8800514322094157 neg 0.06879292637778278 off 0.051155641412801475	false	1.0
kritisch	neg 1.0		__DUMMY__ 0.8793128970181634 neg 0.07647750677723666 off 0.04420959620459996	false	1.0
schlamperei	off 1.0		__DUMMY__ 0.8784306889949697 neg 0.076874270101263 off 0.044695040903767386	false	0.5
sucht	neg 1.0	neg 1.0	neg 0.5186462734609197 __DUMMY__ 0.4447539286190114 off 0.036599797920068816	false	1.0
egoistisch	off 1.0		__DUMMY__ 0.8776562511052125 neg 0.06702780142571532 off 0.05531594746907219	false	0.5
ausbeuter	off 1.0		__DUMMY__ 0.878102303919146 neg 0.07815627212505839 off 0.04374142395579549	false	0.5
arschgeburt	off 1.0		__DUMMY__ 0.8710493850560659 neg 0.06635588287528164 off 0.06259473206865247	false	0.5
schubs	neg 1.0	neg 1.0	neg 0.5219522511876793 __DUMMY__ 0.444704126032989 off 0.03334362277933174	false	1.0
unsolide	neg 1.0		__DUMMY__ 0.8694718907472604 neg 0.07924885973286634 off 0.051279249519873275	false	1.0
beschwerde	neg 1.0		__DUMMY__ 0.8796184012699675 neg 0.07509664727244737 off 0.04528495145758519	false	1.0
stocken	neg 1.0		__DUMMY__ 0.8822277261316785 neg 0.07310110051681451 off 0.044671173351506895	false	1.0
isolieren	neg 1.0		__DUMMY__ 0.8848102807771633 neg 0.06901921194525178 off 0.04617050727758489	false	1.0
unheilbar	neg 1.0		__DUMMY__ 0.8797663211169006 neg 0.07287084101957039 off 0.04736283786352902	false	1.0
pisser	off 1.0		__DUMMY__ 0.876506653871674 neg 0.06962982832438774 off 0.05386351780393824	false	0.5
löschen	neg 1.0		__DUMMY__ 0.8809004803410049 neg 0.07134335379113739 off 0.04775616586785773	false	1.0
durchfallen	neg 1.0		__DUMMY__ 0.881366131330601 neg 0.07442511847253676 off 0.044208750196862164	false	1.0
wichser	off 1.0		__DUMMY__ 0.8761817524775443 neg 0.06472793571163823 off 0.05909031181081752	false	0.5
terror	neg 1.0		__DUMMY__ 0.8840710051898714 neg 0.06642103566941515 off 0.0495079591407136	false	1.0
krass	neg 1.0		__DUMMY__ 0.879985332766781 neg 0.06665948878888031 off 0.05335517844433866	false	1.0
revolte	neg 1.0	neg 1.0	neg 0.5291602834946946 __DUMMY__ 0.43283775789993745 off 0.03800195860536804	false	1.0
besorgt	neg 1.0		__DUMMY__ 0.8876738656908725 neg 0.06718195744474662 off 0.04514417686438092	false	1.0
nachlassen	neg 1.0		__DUMMY__ 0.8835289268077239 neg 0.07160667067859881 off 0.04486440251367728	false	1.0
alt	neg 1.0		__DUMMY__ 0.8869255574153851 neg 0.07029270236916284 off 0.04278174021545191	false	1.0
hundesohn	off 1.0		__DUMMY__ 0.8731103861161262 neg 0.06805255894925377 off 0.058837054934619895	false	0.5
als			__DUMMY__ 0.8845265689910143 neg 0.07076144757370743 off 0.04471198343527819	false	0.0
abschreckung	neg 1.0		__DUMMY__ 0.8797476425773219 neg 0.0773430928457133 off 0.042909264576964826	false	1.0
unqualifiziert	neg 1.0	neg 1.0	neg 0.5251365134898266 __DUMMY__ 0.4378364061842269 off 0.03702708032594649	false	1.0
abgewichst	off 1.0		__DUMMY__ 0.8805725327920416 neg 0.07328697002887498 off 0.04614049717908348	false	0.5
schwer	neg 1.0		__DUMMY__ 0.8831777736498337 neg 0.0706295177507966 off 0.04619270859936961	false	1.0
bedeutungslosigkeit	neg 1.0		__DUMMY__ 0.8800455737691459 neg 0.07647558601713612 off 0.043478840213717854	false	1.0
kapitulation	neg 1.0		__DUMMY__ 0.874363390066691 neg 0.08027851030654506 off 0.04535809962676399	false	1.0
unscharf	neg 1.0		__DUMMY__ 0.8823037107761412 neg 0.069139642738783 off 0.048556646485075725	false	1.0
schwinden	neg 1.0		__DUMMY__ 0.8814674646180842 neg 0.07505554870337908 off 0.04347698667853665	false	1.0
versklavung	neg 1.0	neg 1.0	neg 0.5287016152038773 __DUMMY__ 0.43473430615249564 off 0.036564078643627144	false	1.0
schlecht	neg 1.0		__DUMMY__ 0.8816607609748265 neg 0.06704778273247974 off 0.05129145629269379	false	1.0
verhasst	neg 1.0		__DUMMY__ 0.878248239005481 neg 0.07455449019334609 off 0.04719727080117296	false	1.0
beschweren	neg 1.0		__DUMMY__ 0.8822581274019419 neg 0.06985791840245882 off 0.04788395419559936	false	1.0
scheiden	neg 1.0		__DUMMY__ 0.8842037681902871 neg 0.06998541536486257 off 0.04581081644485041	false	1.0
frustriert	neg 1.0		__DUMMY__ 0.8824087868761157 neg 0.07204773920695476 off 0.04554347391692954	false	1.0
schimmelig	neg 1.0		__DUMMY__ 0.8822236083737449 neg 0.07417830250032101 off 0.04359808912593401	false	1.0
fisch	neg 1.0	neg 1.0	neg 0.5222879236953627 __DUMMY__ 0.44439708123162125 off 0.03331499507301604	false	1.0
schmuggel	neg 1.0		__DUMMY__ 0.8848831753082823 neg 0.07225069491423507 off 0.0428661297774826	false	1.0
auffallen	neg 1.0		__DUMMY__ 0.8818894902698806 neg 0.06984832370080767 off 0.048262186029311684	false	1.0
konkurrenz	neg 1.0		__DUMMY__ 0.884687250634939 neg 0.07281537780218779 off 0.04249737156287324	false	1.0
teufelskreis	neg 1.0	neg 1.0	neg 0.5260890435315142 __DUMMY__ 0.4391585038707543 off 0.03475245259773156	false	1.0
aufschreien	neg 1.0		__DUMMY__ 0.8788380713725228 neg 0.07276327359009012 off 0.048398655037387044	false	1.0
schuldner	neg 1.0		__DUMMY__ 0.8787605303968876 neg 0.07707196749663614 off 0.044167502106476283	false	1.0
missgeburt	off 1.0	off 1.0	off 0.5125895134705861 __DUMMY__ 0.4357449162254277 neg 0.05166557030398615	false	1.0
arbeitslos	neg 1.0		__DUMMY__ 0.8804423171556035 neg 0.07441407030807552 off 0.04514361253632106	false	1.0
befallen	neg 1.0		__DUMMY__ 0.8737323133163122 neg 0.08096818101076426 off 0.04529950567292352	false	1.0
miesepetrig	off 1.0		__DUMMY__ 0.8828044899756758 neg 0.06653586598424499 off 0.0506596440400792	false	0.5
alarmieren	neg 1.0		__DUMMY__ 0.8764022879738758 neg 0.07258068698399621 off 0.05101702504212804	false	1.0
ungeduscht	off 1.0		__DUMMY__ 0.8825712268827786 neg 0.06885632214492586 off 0.04857245097229568	false	0.5
knappheit	neg 1.0		__DUMMY__ 0.8793981612542975 neg 0.07533290562922232 off 0.04526893311648019	false	1.0
schlange	neg 1.0		__DUMMY__ 0.8852122448661517 neg 0.06729987338030463 off 0.04748788175354367	false	1.0
harsch	neg 1.0		__DUMMY__ 0.8810923172408827 neg 0.0629333896944185 off 0.05597429306469893	false	1.0
lang	neg 1.0		__DUMMY__ 0.881785972537413 neg 0.07046258716915176 off 0.04775144029343532	false	1.0
ziellos	neg 1.0		__DUMMY__ 0.8833520366579011 neg 0.07221462827783356 off 0.0444333350642653	false	1.0
selbstverliebt	neg 1.0		__DUMMY__ 0.8714838474217007 neg 0.06824563498291941 off 0.06027051759537987	false	1.0
beseitigen	neg 1.0		__DUMMY__ 0.8849190511595235 neg 0.067682391145706 off 0.04739855769477053	false	1.0
dumm	off 1.0		__DUMMY__ 0.8762428393087733 neg 0.0678372563563347 off 0.05591990433489204	false	0.5
arbeitsloser	neg 1.0		__DUMMY__ 0.8814914644464864 neg 0.07400681362456529 off 0.04450172192894829	false	1.0
blitzen	neg 1.0		__DUMMY__ 0.8792366891082086 neg 0.0709498852427705 off 0.049813425649020936	false	1.0
hilflos	neg 1.0		__DUMMY__ 0.882634920110764 neg 0.07221077756590681 off 0.04515430232332924	false	1.0
eklig	off 1.0		__DUMMY__ 0.8752789304500659 neg 0.06812950802432591 off 0.05659156152560828	false	0.5
begriff			__DUMMY__ 0.8810075087751599 neg 0.0733757824429696 off 0.04561670878187058	false	0.0
hungersnot	neg 1.0		__DUMMY__ 0.873512627802605 neg 0.07942436894552019 off 0.04706300325187484	false	1.0
ungesetzlich	neg 1.0		__DUMMY__ 0.8733966578069349 neg 0.07697019599458721 off 0.04963314619847794	false	1.0
verschwendung	neg 1.0		__DUMMY__ 0.8821806694436231 neg 0.07466353154432817 off 0.043155799012048766	false	1.0
schmerzvoll	neg 1.0		__DUMMY__ 0.8825731921566631 neg 0.06959913725792273 off 0.04782767058541417	false	1.0
vorzeitig	neg 1.0		__DUMMY__ 0.8805465927987636 neg 0.06837522921991611 off 0.05107817798132029	false	1.0
unvollkommenheit	neg 1.0		__DUMMY__ 0.8816579854773305 neg 0.0715196950310559 off 0.04682231949161353	false	1.0
intervenieren	neg 1.0		__DUMMY__ 0.8771936220501512 neg 0.07872289258272483 off 0.04408348536712395	false	1.0
banause	off 1.0		__DUMMY__ 0.8752296240315831 neg 0.06697677384852639 off 0.05779360211989052	false	0.5
rebell	neg 1.0		__DUMMY__ 0.884504124334482 neg 0.0734433882407166 off 0.042052487424801326	false	1.0
unlogisch	neg 1.0		__DUMMY__ 0.8779160116421119 neg 0.06896110883446314 off 0.05312287952342497	false	1.0
leiden	neg 1.0	neg 1.0	neg 0.5201481657277858 __DUMMY__ 0.44813077860763595 off 0.031721055664578335	false	1.0
abschaffung	neg 1.0		__DUMMY__ 0.8774961015546175 neg 0.07470103489586016 off 0.04780286354952232	false	1.0
sturz	neg 1.0		__DUMMY__ 0.8762038034843991 neg 0.07560979735679327 off 0.04818639915880774	false	1.0
verkleinerung	neg 1.0		__DUMMY__ 0.8758881682639502 neg 0.07376335394640694 off 0.050348477789642875	false	1.0
schmarotzer	off 1.0		__DUMMY__ 0.8787199280242041 neg 0.07643260610096564 off 0.04484746587483031	false	0.5
bestrafung	neg 1.0		__DUMMY__ 0.880531717339562 neg 0.07165402840900241 off 0.04781425425143547	false	1.0
achtlos	neg 1.0		__DUMMY__ 0.8849446754883656 neg 0.06893835002643761 off 0.04611697448519673	false	1.0
ungeheuer	neg 1.0		__DUMMY__ 0.8810996082807031 neg 0.07052527907435459 off 0.04837511264494237	false	1.0
unaufrichtig	neg 1.0		__DUMMY__ 0.875588457063326 neg 0.07481270462587601 off 0.049598838310798046	false	1.0
