unsolidarisch	neg 1.0		neg 0.584237189856712 off 0.37489564920677676 __DUMMY__ 0.040867160936511174	false	1.0
nachteilig	neg 1.0		neg 0.5831063196456315 off 0.37538968323521055 __DUMMY__ 0.04150399711915783	false	1.0
skeptisch	neg 1.0		neg 0.585278354886149 off 0.373067219242179 __DUMMY__ 0.04165442587167194	false	1.0
schrecklich	neg 1.0		neg 0.5702146784185139 off 0.3883769089541286 __DUMMY__ 0.04140841262735734	false	1.0
schlapp	neg 1.0		neg 0.5729496978236905 off 0.3853291780119486 __DUMMY__ 0.041721124164360815	false	1.0
abfall	neg 1.0		neg 0.5870488289986409 off 0.3712632582416045 __DUMMY__ 0.041687912759754635	false	1.0
widerspenstig	neg 1.0		neg 0.5782889696140326 off 0.3799394987958422 __DUMMY__ 0.04177153159012515	false	1.0
abrupt	neg 1.0		neg 0.5793555036709973 off 0.37879315439467187 __DUMMY__ 0.04185134193433071	false	1.0
unwirksam	neg 1.0		neg 0.5815585297789639 off 0.377305545679198 __DUMMY__ 0.04113592454183806	false	1.0
angreifen	neg 1.0		neg 0.5849531890570462 off 0.37355396107729055 __DUMMY__ 0.04149284986566327	false	1.0
inkonsistent	neg 1.0		neg 0.5787127068769854 off 0.37998029781694115 __DUMMY__ 0.04130699530607342	false	1.0
abrutschen	neg 1.0		neg 0.5860495880066787 off 0.3721588076539689 __DUMMY__ 0.04179160433935251	false	1.0
unsicher	neg 1.0		neg 0.5791444001989741 off 0.37921117614484146 __DUMMY__ 0.04164442365618458	false	1.0
bauernkind	off 1.0		neg 0.5686588660266505 off 0.39029538372149675 __DUMMY__ 0.041045750251852815	false	0.5
angreifer	neg 1.0		neg 0.5784187540036656 off 0.38038859563586613 __DUMMY__ 0.0411926503604682	false	1.0
trennen	neg 1.0		neg 0.5813243371478105 off 0.37664310392612044 __DUMMY__ 0.04203255892606912	false	1.0
schmutz	neg 1.0		neg 0.5703161508438406 off 0.387769298731892 __DUMMY__ 0.04191455042426751	false	1.0
inkonsistenz	neg 1.0	neg 1.0	neg 0.7775234679958531 off 0.20277961674913395 __DUMMY__ 0.01969691525501283	false	1.0
erschreckend	neg 1.0		neg 0.5816417894023502 off 0.3768527032928259 __DUMMY__ 0.04150550730482391	false	1.0
ertrinken	neg 1.0		neg 0.5820226263111731 off 0.3761998309248791 __DUMMY__ 0.041777542763947885	false	1.0
pickelface	off 1.0		neg 0.5801427797346111 off 0.3785305554672617 __DUMMY__ 0.041326664798127015	false	0.5
seiner			neg 0.5837034920231685 off 0.3746313625927429 __DUMMY__ 0.041665145384088664	false	0.0
lauch	neg 1.0		neg 0.5856937400225328 off 0.37267216062830105 __DUMMY__ 0.04163409934916605	false	1.0
unwichtig	neg 1.0		neg 0.5753508856548749 off 0.38322534739504327 __DUMMY__ 0.04142376695008197	false	1.0
steuerhinterziehung	neg 1.0		neg 0.5837042187139326 off 0.37517830135598357 __DUMMY__ 0.0411174799300839	false	1.0
schock	neg 1.0		neg 0.579488479840593 off 0.3786661397946976 __DUMMY__ 0.04184538036470945	false	1.0
beule	neg 1.0		neg 0.5716796134743519 off 0.386650032745632 __DUMMY__ 0.04167035378001601	false	1.0
vergelten	neg 1.0		neg 0.5702113625571686 off 0.38862278803790445 __DUMMY__ 0.04116584940492688	false	1.0
verdorbenheit	neg 1.0	neg 1.0	neg 0.7766540119941304 off 0.2033935640473169 __DUMMY__ 0.019952423958552633	false	1.0
trauma	neg 1.0		neg 0.5778270557426063 off 0.3806731522965161 __DUMMY__ 0.041499791960877504	false	1.0
sinnlos	neg 1.0		neg 0.5773274663178611 off 0.3811399229284529 __DUMMY__ 0.04153261075368586	false	1.0
fettsack	off 1.0	off 1.0	off 0.6772460331596448 neg 0.3031448266998514 __DUMMY__ 0.01960914014050375	false	1.0
feige	off 1.0		neg 0.5768763664669367 off 0.38184225289594104 __DUMMY__ 0.04128138063712214	false	0.5
abdanken	neg 1.0		neg 0.5844133033170053 off 0.3745890742337092 __DUMMY__ 0.040997622449285495	false	1.0
wichtigtuer	off 1.0	off 1.0	off 0.6718338118705182 neg 0.3084705450072079 __DUMMY__ 0.019695643122274	false	1.0
misslingen	neg 1.0		neg 0.5754341844291766 off 0.3828032752229322 __DUMMY__ 0.04176254034789131	false	1.0
untreu	off 1.0		neg 0.5740876334500564 off 0.38445404922888615 __DUMMY__ 0.04145831732105746	false	0.5
missmutig	neg 1.0		neg 0.5740503358884759 off 0.38426983992058084 __DUMMY__ 0.04167982419094337	false	1.0
hurenbock	off 1.0		neg 0.5755515275153754 off 0.38263411475678194 __DUMMY__ 0.04181435772784257	false	0.5
betrunken	neg 1.0		neg 0.5708423835435723 off 0.3875312191086602 __DUMMY__ 0.041626397347767546	false	1.0
korrupt	off 1.0		neg 0.5861856647111198 off 0.3727808481607731 __DUMMY__ 0.04103348712810724	false	0.5
unmut	neg 1.0		neg 0.5867778114366422 off 0.37162596855894703 __DUMMY__ 0.041596220004410794	false	1.0
hackfresse	off 1.0		neg 0.5672487710223265 off 0.39148975569353156 __DUMMY__ 0.04126147328414194	false	0.5
aufblasen	neg 1.0		neg 0.5762829476991199 off 0.3819365763751058 __DUMMY__ 0.04178047592577424	false	1.0
gewaltsam	neg 1.0		neg 0.5812631670606401 off 0.37758415683170715 __DUMMY__ 0.04115267610765278	false	1.0
unbeliebtheit	neg 1.0		neg 0.5784510380002912 off 0.3808866310752433 __DUMMY__ 0.040662330924465515	false	1.0
sturheit	neg 1.0		neg 0.583269149425533 off 0.3754494406281289 __DUMMY__ 0.041281409946338096	false	1.0
kuh	neg 1.0		neg 0.5784564497838873 off 0.38014941503590344 __DUMMY__ 0.04139413518020925	false	1.0
erschrecken	neg 1.0		neg 0.5747074014280714 off 0.38365009925992183 __DUMMY__ 0.04164249931200678	false	1.0
opfer	neg 1.0	neg 1.0	neg 0.7809426543598642 off 0.19924081006607464 __DUMMY__ 0.019816535574061007	false	1.0
sinken	neg 1.0		neg 0.5856442773433042 off 0.37273644505615156 __DUMMY__ 0.04161927760054433	false	1.0
stinktier	neg 1.0		neg 0.5712760789593785 off 0.38753311711110106 __DUMMY__ 0.04119080392952045	false	1.0
tucke	off 1.0		neg 0.5665116098402835 off 0.39221815404079674 __DUMMY__ 0.041270236118919786	false	0.5
ein			neg 0.5757683460037758 off 0.38227848762124483 __DUMMY__ 0.04195316637497918	false	0.0
abstieg	neg 1.0		neg 0.5829124060951295 off 0.37571664195492294 __DUMMY__ 0.0413709519499476	false	1.0
missverstehen	neg 1.0		neg 0.5791215163541178 off 0.37955769209765045 __DUMMY__ 0.04132079154823166	false	1.0
ergebnislos	neg 1.0		neg 0.5829600301455582 off 0.37559578023398627 __DUMMY__ 0.041444189620455436	false	1.0
unter			neg 0.5869731233549471 off 0.3708064667376614 __DUMMY__ 0.04222040990739172	false	0.0
manipulieren	neg 1.0		neg 0.5856455410213413 off 0.3729084550726168 __DUMMY__ 0.04144600390604193	false	1.0
unbewiesen	neg 1.0		neg 0.5851552900722178 off 0.3740514105653839 __DUMMY__ 0.04079329936239846	false	1.0
verschleppen	neg 1.0		neg 0.5841290106405576 off 0.37453361548915626 __DUMMY__ 0.041337373870286305	false	1.0
weib	off 1.0		neg 0.5659966747210168 off 0.392797308270504 __DUMMY__ 0.04120601700847933	false	0.5
opposition	neg 1.0		neg 0.580729134938082 off 0.3781819826401065 __DUMMY__ 0.04108888242181141	false	1.0
verkehrswidrig	neg 1.0		neg 0.5676198455963303 off 0.3908950488620031 __DUMMY__ 0.04148510554166678	false	1.0
inkorrekt	neg 1.0		neg 0.5775609489755688 off 0.38148153244685146 __DUMMY__ 0.04095751857757984	false	1.0
vermeiden	neg 1.0		neg 0.5862153347347936 off 0.37183162461133384 __DUMMY__ 0.041953040653872675	false	1.0
abweichung	neg 1.0		neg 0.5862375579003003 off 0.3727128153037652 __DUMMY__ 0.04104962679593451	false	1.0
alkoholisiert	neg 1.0		neg 0.5807483955250179 off 0.37753143770030206 __DUMMY__ 0.04172016677467995	false	1.0
scheiss	off 1.0	off 1.0	off 0.6755564779536591 neg 0.30464770874984765 __DUMMY__ 0.019795813296493228	false	1.0
herausforderung	neg 1.0		neg 0.5788879120047664 off 0.3790984076184033 __DUMMY__ 0.042013680376830335	false	1.0
pervers	off 1.0		neg 0.5632198478998794 off 0.39563572409871084 __DUMMY__ 0.04114442800140981	false	0.5
wackelig	neg 1.0		neg 0.5783908728387414 off 0.3795421489524333 __DUMMY__ 0.04206697820882537	false	1.0
verwickeln	neg 1.0		neg 0.5788067042585912 off 0.3797849481804998 __DUMMY__ 0.04140834756090898	false	1.0
vorwand	neg 1.0		neg 0.586574137995054 off 0.37192683485715883 __DUMMY__ 0.041499027147787255	false	1.0
muschi	off 1.0		neg 0.5803936611537255 off 0.3782474817470349 __DUMMY__ 0.04135885709923959	false	0.5
entmutigung	neg 1.0		neg 0.5834129629465056 off 0.3759382677785788 __DUMMY__ 0.04064876927491557	false	1.0
unangemessen	neg 1.0		neg 0.5844219092333679 off 0.37428199446837696 __DUMMY__ 0.041296096298255154	false	1.0
unstetig	neg 1.0		neg 0.5770566968915231 off 0.3816616799749965 __DUMMY__ 0.04128162313348054	false	1.0
entmutigen	neg 1.0		neg 0.5782064551388686 off 0.3802075000773733 __DUMMY__ 0.0415860447837582	false	1.0
schwanz	neg 1.0		neg 0.5820212938701789 off 0.37647966543795347 __DUMMY__ 0.04149904069186768	false	1.0
verbot	neg 1.0		neg 0.5849287314257264 off 0.3739670009089088 __DUMMY__ 0.04110426766536481	false	1.0
leid	neg 1.0		neg 0.5692315757859594 off 0.38947024185706447 __DUMMY__ 0.0412981823569762	false	1.0
archaisch	neg 1.0		neg 0.5831548198890011 off 0.37547167822301375 __DUMMY__ 0.04137350188798529	false	1.0
gegen			neg 0.5859195650576409 off 0.3725821691883198 __DUMMY__ 0.0414982657540392	false	0.0
scheidung	neg 1.0	neg 1.0	neg 0.7650513337727547 off 0.21534022196449712 __DUMMY__ 0.019608444262748152	false	1.0
einschlag	neg 1.0		neg 0.5697176475528734 off 0.38897746114901477 __DUMMY__ 0.04130489129811178	false	1.0
m			neg 0.5796144692635199 off 0.378654035780254 __DUMMY__ 0.041731494956226044	false	0.0
abgestanden	neg 1.0		neg 0.5782760140049444 off 0.3800283578460052 __DUMMY__ 0.04169562814905036	false	1.0
schmierig	off 1.0		neg 0.5697668305002679 off 0.38883059803232095 __DUMMY__ 0.0414025714674111	false	0.5
unpraktisch	neg 1.0		neg 0.5760705562763662 off 0.3821168211390626 __DUMMY__ 0.04181262258457129	false	1.0
wixxer	off 1.0		neg 0.5641049005041238 off 0.3948891924350114 __DUMMY__ 0.041005907060864724	false	0.5
bezeichnet			neg 0.5820679915665111 off 0.376579953234343 __DUMMY__ 0.04135205519914589	false	0.0
jammerlappen	off 1.0		neg 0.5747320851575255 off 0.38376992243449365 __DUMMY__ 0.04149799240798076	false	0.5
farce	neg 1.0		neg 0.5863620043171455 off 0.3727833403372684 __DUMMY__ 0.04085465534558601	false	1.0
zwecklos	neg 1.0		neg 0.5840329931187345 off 0.37456882736999986 __DUMMY__ 0.041398179511265676	false	1.0
turbulent	neg 1.0		neg 0.5724803187607899 off 0.3863376886445309 __DUMMY__ 0.041181992594679244	false	1.0
invasion	neg 1.0		neg 0.5748658910765194 off 0.3834836203031811 __DUMMY__ 0.04165048862029956	false	1.0
schuld	neg 1.0		neg 0.5795080277726437 off 0.3790325862892333 __DUMMY__ 0.041459385938123004	false	1.0
risiko	neg 1.0		neg 0.5741891387811644 off 0.38409483756674 __DUMMY__ 0.04171602365209557	false	1.0
finster	neg 1.0		neg 0.5765886046767331 off 0.3815537842125552 __DUMMY__ 0.04185761111071161	false	1.0
geisteskrank	off 1.0		neg 0.5756510309644997 off 0.38321715607735585 __DUMMY__ 0.041131812958144345	false	0.5
zusammenbrechen	neg 1.0		neg 0.5805445851425276 off 0.37777647542914533 __DUMMY__ 0.04167893942832715	false	1.0
ausbeute	neg 1.0		neg 0.5797110083619158 off 0.37837322882695623 __DUMMY__ 0.041915762811127986	false	1.0
hinterhalt	neg 1.0		neg 0.5787175874419201 off 0.3798091671030658 __DUMMY__ 0.041473245455014025	false	1.0
kritik	neg 1.0		neg 0.585485256647361 off 0.3735455703829939 __DUMMY__ 0.040969172969645064	false	1.0
einschrumpfen	neg 1.0		neg 0.5789278763664123 off 0.3800561552066318 __DUMMY__ 0.041015968426956095	false	1.0
riskant	neg 1.0		neg 0.5838453133270896 off 0.37454996594569806 __DUMMY__ 0.041604720727212476	false	1.0
frustrieren	neg 1.0		neg 0.5843032056598892 off 0.37414567633527546 __DUMMY__ 0.041551118004835366	false	1.0
groll	neg 1.0		neg 0.5836286195181525 off 0.3749524901935249 __DUMMY__ 0.041418890288322664	false	1.0
gibt			neg 0.5816250767750355 off 0.3767778143776003 __DUMMY__ 0.04159710884736425	false	0.0
qualvoll	neg 1.0		neg 0.5757781558444206 off 0.3825416793890646 __DUMMY__ 0.041680164766514795	false	1.0
wackeln	neg 1.0		neg 0.5760280816588561 off 0.3820690690076007 __DUMMY__ 0.04190284933354329	false	1.0
klagen	neg 1.0		neg 0.5875025201334992 off 0.37109648129434536 __DUMMY__ 0.041400998572155435	false	1.0
bankrott	neg 1.0		neg 0.5729583226215866 off 0.3854001955894479 __DUMMY__ 0.041641481788965436	false	1.0
trauern	neg 1.0		neg 0.5835187503097138 off 0.3748795409967804 __DUMMY__ 0.041601708693505886	false	1.0
ablehnung	neg 1.0	neg 1.0	neg 0.7814182984154671 off 0.19901367139822557 __DUMMY__ 0.019568030186307372	false	1.0
stur	neg 1.0		neg 0.5788624553646443 off 0.3796548063967937 __DUMMY__ 0.04148273823856185	false	1.0
aufruhr	neg 1.0		neg 0.5820411813680889 off 0.3768301924159937 __DUMMY__ 0.04112862621591751	false	1.0
melancholie	neg 1.0		neg 0.5790422095993963 off 0.3789970726211714 __DUMMY__ 0.04196071777943238	false	1.0
ist			neg 0.5780921834295113 off 0.3803734271802713 __DUMMY__ 0.04153438939021738	false	0.0
torheit	neg 1.0		neg 0.582344353869661 off 0.3766476835259765 __DUMMY__ 0.04100796260436249	false	1.0
dreckskind	off 1.0		neg 0.5709890548757829 off 0.38808278253876555 __DUMMY__ 0.04092816258545148	false	0.5
umtauschen	neg 1.0		neg 0.5778667796187827 off 0.3803156896469859 __DUMMY__ 0.04181753073423134	false	1.0
zum			neg 0.5826084606225702 off 0.37508319109666766 __DUMMY__ 0.04230834828076214	false	0.0
zersetzen	neg 1.0		neg 0.5862652021794837 off 0.3722906056331446 __DUMMY__ 0.041444192187371685	false	1.0
zur			neg 0.5869335031266966 off 0.3712678440124851 __DUMMY__ 0.041798652860818415	false	0.0
frust	neg 1.0		neg 0.5807792393794307 off 0.37754236287628956 __DUMMY__ 0.04167839774427958	false	1.0
unerbittlichkeit	neg 1.0		neg 0.585390696054065 off 0.37319114133675035 __DUMMY__ 0.041418162609184433	false	1.0
zwei			neg 0.5820717207430802 off 0.37579997133789617 __DUMMY__ 0.04212830791902368	false	0.0
unkorrekt	neg 1.0		neg 0.5756072794633262 off 0.3833158501157991 __DUMMY__ 0.04107687042087479	false	1.0
hexe	off 1.0		neg 0.5739047668180588 off 0.38461779020910525 __DUMMY__ 0.041477442972835954	false	0.5
lasch	neg 1.0		neg 0.5778454060448436 off 0.38085446867412664 __DUMMY__ 0.041300125281029804	false	1.0
rivale	neg 1.0		neg 0.5709421732070332 off 0.3878138688021703 __DUMMY__ 0.04124395799079646	false	1.0
mutlos	off 1.0	off 1.0	off 0.668608730516117 neg 0.31170574866185696 __DUMMY__ 0.01968552082202609	false	1.0
wirr	off 1.0		neg 0.5737149615200021 off 0.3852090356621082 __DUMMY__ 0.04107600281788966	false	0.5
jahr			neg 0.5802900280303691 off 0.37769742101952397 __DUMMY__ 0.04201255095010701	false	0.0
wird			neg 0.5827325020988741 off 0.3756251436894577 __DUMMY__ 0.041642354211668356	false	0.0
strafbar	neg 1.0		neg 0.5861670258282126 off 0.3725627018900913 __DUMMY__ 0.0412702722816962	false	1.0
erosion	neg 1.0		neg 0.5760767897680197 off 0.38218549676417557 __DUMMY__ 0.04173771346780484	false	1.0
eingehen	neg 1.0		neg 0.5838369442105404 off 0.3746920508913364 __DUMMY__ 0.04147100489812336	false	1.0
faul	off 1.0		neg 0.5730895468553859 off 0.38517530541104705 __DUMMY__ 0.04173514773356712	false	0.5
provisorium	neg 1.0		neg 0.5887059186314023 off 0.3692164428581295 __DUMMY__ 0.04207763851046818	false	1.0
schmerzen	neg 1.0		neg 0.5792017409855355 off 0.37903242080347743 __DUMMY__ 0.041765838210987234	false	1.0
schrumpfen	neg 1.0		neg 0.5878472560873114 off 0.370393918928136 __DUMMY__ 0.0417588249845526	false	1.0
geistlos	off 1.0		neg 0.5819317652147776 off 0.3772157426877041 __DUMMY__ 0.04085249209751823	false	0.5
fehlkauf	neg 1.0		neg 0.5776290285709051 off 0.3810255666105344 __DUMMY__ 0.04134540481856054	false	1.0
frustrierend	neg 1.0	neg 1.0	neg 0.7764379689430397 off 0.2037305335036959 __DUMMY__ 0.019831497553264417	false	1.0
unzufrieden	neg 1.0		neg 0.5830192556667608 off 0.3754638805728449 __DUMMY__ 0.04151686376039438	false	1.0
verzweifeln	neg 1.0		neg 0.5796707370273111 off 0.3786645619032155 __DUMMY__ 0.04166470106947335	false	1.0
verzweifelt	neg 1.0		neg 0.5783723088488071 off 0.3800789845912287 __DUMMY__ 0.04154870655996423	false	1.0
misstrauensantrag	neg 1.0		neg 0.5780086064012505 off 0.38070112185877536 __DUMMY__ 0.04129027173997414	false	1.0
abfallen	neg 1.0		neg 0.5755001675831218 off 0.38255342898110184 __DUMMY__ 0.04194640343577623	false	1.0
fucker	off 1.0		neg 0.5721029430466182 off 0.3866034220744277 __DUMMY__ 0.04129363487895398	false	0.5
ungezogen	neg 1.0		neg 0.5648817754905125 off 0.39380747985506753 __DUMMY__ 0.04131074465441979	false	1.0
irrsinnig	neg 1.0	neg 1.0	neg 0.778587240853633 off 0.20163702385368162 __DUMMY__ 0.019775735292685413	false	1.0
unfassbar	neg 1.0		neg 0.5743784104045996 off 0.3841540766536849 __DUMMY__ 0.04146751294171547	false	1.0
hart	neg 1.0		neg 0.5755729766201754 off 0.3831626178354324 __DUMMY__ 0.04126440554439232	false	1.0
widerlich	off 1.0		neg 0.5747978752359554 off 0.38391309671827567 __DUMMY__ 0.04128902804576904	false	0.5
fatal	neg 1.0		neg 0.5772978504082665 off 0.3812990877649829 __DUMMY__ 0.04140306182675053	false	1.0
bruch	neg 1.0		neg 0.5883277816854885 off 0.3703150087251021 __DUMMY__ 0.04135720958940957	false	1.0
aushungern	neg 1.0		neg 0.5831924642251095 off 0.3757487051052928 __DUMMY__ 0.04105883066959762	false	1.0
anspannung	neg 1.0		neg 0.5849963257544446 off 0.37309883104945407 __DUMMY__ 0.041904843196101285	false	1.0
von			neg 0.5813515243216846 off 0.3766320839058169 __DUMMY__ 0.04201639177249856	false	0.0
kraftlos	neg 1.0		neg 0.579852071630149 off 0.37820300951736513 __DUMMY__ 0.041944918852485955	false	1.0
vom			neg 0.5858848116046373 off 0.3718744843611333 __DUMMY__ 0.04224070403422936	false	0.0
grenzdebil	off 1.0		neg 0.5726524752715259 off 0.3858304317107444 __DUMMY__ 0.041517093017729635	false	0.5
vor			neg 0.5841036576972094 off 0.37403958227520934 __DUMMY__ 0.04185676002758127	false	0.0
unterwerfen	neg 1.0		neg 0.5846692013145742 off 0.3739099251030946 __DUMMY__ 0.04142087358233123	false	1.0
versenkung	neg 1.0		neg 0.5842413667501899 off 0.37420892144659434 __DUMMY__ 0.0415497118032158	false	1.0
entziehen	neg 1.0		neg 0.5868103254126763 off 0.3716408516885816 __DUMMY__ 0.041548822898742066	false	1.0
finanzkrise	neg 1.0		neg 0.5836448827537826 off 0.37531536648462877 __DUMMY__ 0.041039750761588764	false	1.0
schimpfend	neg 1.0		neg 0.5736530341414616 off 0.3843008033124292 __DUMMY__ 0.042046162546109274	false	1.0
profan	neg 1.0		neg 0.5768943363758167 off 0.38152632179230267 __DUMMY__ 0.0415793418318807	false	1.0
korruption	neg 1.0		neg 0.585652073035932 off 0.3732715655096062 __DUMMY__ 0.04107636145446165	false	1.0
â			neg 0.581052469584888 off 0.3772598628236128 __DUMMY__ 0.041687667591499195	false	0.0
schmutzig	neg 1.0		neg 0.5714688042908125 off 0.3867954701351107 __DUMMY__ 0.04173572557407675	false	1.0
sexy	neg 1.0		neg 0.5745131460201917 off 0.3839474344672024 __DUMMY__ 0.041539419512605855	false	1.0
abraten	neg 1.0		neg 0.5772605767374213 off 0.3810715771120396 __DUMMY__ 0.041667846150539166	false	1.0
schwarz	neg 1.0		neg 0.577859678197852 off 0.3806821342411099 __DUMMY__ 0.04145818756103806	false	1.0
fotze	off 1.0		neg 0.5824450630110017 off 0.3761742639860439 __DUMMY__ 0.04138067300295443	false	0.5
verwirren	neg 1.0		neg 0.5761498210000838 off 0.38229512987918346 __DUMMY__ 0.04155504912073265	false	1.0
zahnlos	off 1.0		neg 0.583583003973044 off 0.37501842584926287 __DUMMY__ 0.04139857017769331	false	0.5
verheeren	neg 1.0		neg 0.5661592726581256 off 0.39298323007290664 __DUMMY__ 0.04085749726896774	false	1.0
hippie	neg 1.0		neg 0.5751708180279871 off 0.383335998619404 __DUMMY__ 0.04149318335260912	false	1.0
rammen	neg 1.0		neg 0.575628117932091 off 0.38278010320948713 __DUMMY__ 0.041591778858421774	false	1.0
unlauter	neg 1.0	neg 1.0	neg 0.7782272240149561 off 0.20210653652929372 __DUMMY__ 0.019666239455750092	false	1.0
unheilvoll	neg 1.0		neg 0.5765354105969038 off 0.38182456158776357 __DUMMY__ 0.041640027815332645	false	1.0
niedrig	neg 1.0		neg 0.582799371036719 off 0.3756819477440873 __DUMMY__ 0.04151868121919375	false	1.0
explosion	neg 1.0		neg 0.5750249198595476 off 0.38338588908316373 __DUMMY__ 0.041589191057288574	false	1.0
weichei	off 1.0		neg 0.5684925338040135 off 0.3902292442423761 __DUMMY__ 0.04127822195361034	false	0.5
minusmensch	off 1.0		neg 0.5668470005214732 off 0.39236004684963255 __DUMMY__ 0.040792952628894354	false	0.5
farblos	neg 1.0		neg 0.5796391313656595 off 0.3789881481133929 __DUMMY__ 0.04137272052094782	false	1.0
unwissend	neg 1.0	neg 1.0	neg 0.776243792887261 off 0.20402973162272725 __DUMMY__ 0.01972647549001177	false	1.0
traurig	neg 1.0		neg 0.5705913829783178 off 0.38789263932090073 __DUMMY__ 0.04151597770078133	false	1.0
senkung	neg 1.0		neg 0.5769649900141551 off 0.38167079322771574 __DUMMY__ 0.041364216758129124	false	1.0
ungleich	neg 1.0	neg 1.0	neg 0.7816518410657153 off 0.19861069176549143 __DUMMY__ 0.0197374671687933	false	1.0
heikel	neg 1.0		neg 0.5855026242105279 off 0.3729597470808271 __DUMMY__ 0.04153762870864504	false	1.0
drosselung	neg 1.0		neg 0.5699006003326503 off 0.3885635099471569 __DUMMY__ 0.04153588972019288	false	1.0
falsch	neg 1.0		neg 0.575742382035871 off 0.38279409148417054 __DUMMY__ 0.04146352647995842	false	1.0
unzufriedenheit	neg 1.0		neg 0.5861425299357653 off 0.37237300427049524 __DUMMY__ 0.041484465793739385	false	1.0
kurz	neg 1.0		neg 0.5787623348803282 off 0.37932977192750356 __DUMMY__ 0.04190789319216809	false	1.0
unsinnig	neg 1.0		neg 0.5826508843629029 off 0.37586278483203195 __DUMMY__ 0.04148633080506503	false	1.0
penner	off 1.0	off 1.0	off 0.6789872611680915 neg 0.30130454458483047 __DUMMY__ 0.019708194247078082	false	1.0
seicht	neg 1.0		neg 0.5680547262591368 off 0.39096675260874203 __DUMMY__ 0.040978521132121096	false	1.0
dummheit	off 1.0	off 1.0	off 0.6722740863279779 neg 0.30803291075617945 __DUMMY__ 0.019693002915842663	false	1.0
unerfreulich	neg 1.0		neg 0.5852150812096599 off 0.373128455691099 __DUMMY__ 0.04165646309924115	false	1.0
motherfucker	off 1.0	off 1.0	off 0.6757215930238182 neg 0.3045965780750151 __DUMMY__ 0.0196818289011666	false	1.0
pikiert	neg 1.0		neg 0.5759277463941888 off 0.3827396087577413 __DUMMY__ 0.041332644848070026	false	1.0
wrack	neg 1.0		neg 0.5809934387880972 off 0.3773453685293087 __DUMMY__ 0.04166119268259408	false	1.0
gangster	neg 1.0		neg 0.5762139089095606 off 0.38230187608437205 __DUMMY__ 0.04148421500606726	false	1.0
krank	neg 1.0		neg 0.5711020105819026 off 0.38718581873572455 __DUMMY__ 0.04171217068237294	false	1.0
reich	neg 1.0		neg 0.5781763890141015 off 0.3809742645669981 __DUMMY__ 0.04084934641890044	false	1.0
gnadenlos	neg 1.0		neg 0.5785483833734288 off 0.37990165976496143 __DUMMY__ 0.04154995686160964	false	1.0
niedergeschlagen	neg 1.0		neg 0.5804702201949772 off 0.3778588401678829 __DUMMY__ 0.04167093963714006	false	1.0
terrorisieren	off 1.0	off 1.0	off 0.6693072986825463 neg 0.3108703403397054 __DUMMY__ 0.019822360977748203	false	1.0
sinnlosigkeit	neg 1.0		neg 0.5832299729794784 off 0.3753350632114362 __DUMMY__ 0.0414349638090853	false	1.0
behindern	neg 1.0		neg 0.5783747774033309 off 0.37991283222947597 __DUMMY__ 0.04171239036719321	false	1.0
undemokratisch	neg 1.0		neg 0.5823497192378104 off 0.3766709438971551 __DUMMY__ 0.040979336865034424	false	1.0
wirtschaftskrise	neg 1.0		neg 0.584424486168441 off 0.37434594583937697 __DUMMY__ 0.04122956799218204	false	1.0
neid	neg 1.0		neg 0.5741051409072222 off 0.3841747698720388 __DUMMY__ 0.04172008922073908	false	1.0
rutschen	neg 1.0		neg 0.5823211994002718 off 0.37535499276463213 __DUMMY__ 0.04232380783509607	false	1.0
rezession	neg 1.0		neg 0.5729901226479746 off 0.3860969423607936 __DUMMY__ 0.04091293499123178	false	1.0
fehlgeburt	neg 1.0		neg 0.5788626241732415 off 0.37961765781958723 __DUMMY__ 0.04151971800717126	false	1.0
charakterschwach	off 1.0		neg 0.5747806550430232 off 0.3839042096958341 __DUMMY__ 0.041315135261142596	false	0.5
isolation	neg 1.0		neg 0.5730789973714507 off 0.3853559734928367 __DUMMY__ 0.04156502913571274	false	1.0
ablenkung	neg 1.0		neg 0.5778335142830281 off 0.38042641255336396 __DUMMY__ 0.0417400731636081	false	1.0
pech	neg 1.0		neg 0.5752613294815729 off 0.38311626845875824 __DUMMY__ 0.04162240205966868	false	1.0
vermeidung	neg 1.0		neg 0.5707101590318043 off 0.3876739601812576 __DUMMY__ 0.04161588078693792	false	1.0
dominieren	neg 1.0		neg 0.5808983288379117 off 0.37755279986300466 __DUMMY__ 0.041548871299083606	false	1.0
schwindlig	neg 1.0		neg 0.573972990968529 off 0.3841916760921536 __DUMMY__ 0.04183533293931725	false	1.0
lutscher	neg 1.0		neg 0.5663086447932618 off 0.3926363486027177 __DUMMY__ 0.041055006604020686	false	1.0
pflicht	neg 1.0		neg 0.5857125482878062 off 0.37275396066269983 __DUMMY__ 0.04153349104949413	false	1.0
faschist	off 1.0		neg 0.5809232386791436 off 0.37807536137009906 __DUMMY__ 0.04100139995075745	false	0.5
verschleudern	neg 1.0		neg 0.5846975816937309 off 0.37401847684291517 __DUMMY__ 0.04128394146335392	false	1.0
wenn			neg 0.5752149493051558 off 0.38325867475999686 __DUMMY__ 0.041526375934847426	false	0.0
ehebruch	neg 1.0		neg 0.5853259625877031 off 0.3733874452731702 __DUMMY__ 0.04128659213912677	false	1.0
spott	off 1.0		neg 0.5854980273414393 off 0.37315003812834474 __DUMMY__ 0.041351934530216045	false	0.5
trostlosigkeit	neg 1.0		neg 0.5881760564125544 off 0.37063020516798334 __DUMMY__ 0.04119373841946235	false	1.0
lutschen	neg 1.0		neg 0.5764617638647856 off 0.38231435195454616 __DUMMY__ 0.04122388418066819	false	1.0
undiszipliniert	neg 1.0		neg 0.5722361588300606 off 0.3863562864619525 __DUMMY__ 0.04140755470798683	false	1.0
kopfschmerz	neg 1.0		neg 0.5790972844237555 off 0.3792222674746212 __DUMMY__ 0.041680448101623344	false	1.0
unvorhergesehen	neg 1.0		neg 0.5782706551853972 off 0.3797333324388131 __DUMMY__ 0.041996012375789704	false	1.0
desinteressiert	neg 1.0		neg 0.5731431818276521 off 0.38552448367022535 __DUMMY__ 0.04133233450212251	false	1.0
armselig	off 1.0		neg 0.573092639407746 off 0.3857068630511591 __DUMMY__ 0.04120049754109496	false	0.5
desaster	neg 1.0		neg 0.5889670612646258 off 0.3696991996604593 __DUMMY__ 0.04133373907491484	false	1.0
tod	neg 1.0		neg 0.5871509332482693 off 0.3717579106542849 __DUMMY__ 0.0410911560974458	false	1.0
herzlos	neg 1.0		neg 0.5705036559298108 off 0.3880662828258631 __DUMMY__ 0.04143006124432607	false	1.0
unwissenheit	neg 1.0		neg 0.5843085885734967 off 0.3743794579037689 __DUMMY__ 0.04131195352273446	false	1.0
widersinnig	neg 1.0		neg 0.584895280879513 off 0.37405550715371627 __DUMMY__ 0.04104921196677081	false	1.0
bedenklich	neg 1.0		neg 0.5845485771072997 off 0.3739467169087124 __DUMMY__ 0.041504705983988	false	1.0
beanstanden	neg 1.0		neg 0.5859824417906664 off 0.3724652068783426 __DUMMY__ 0.04155235133099102	false	1.0
panisch	neg 1.0	neg 1.0	neg 0.7755050864983931 off 0.20443311093105293 __DUMMY__ 0.020061802570553962	false	1.0
debil	off 1.0		neg 0.588274324971603 off 0.37006848611656823 __DUMMY__ 0.04165718891182866	false	0.5
abstrich	neg 1.0		neg 0.5768088139632546 off 0.38135735997772924 __DUMMY__ 0.04183382605901621	false	1.0
primitiv	neg 1.0		neg 0.5741795617776414 off 0.3845400193350561 __DUMMY__ 0.04128041888730251	false	1.0
abschaum	off 1.0	off 1.0	off 0.6735023780746077 neg 0.30684956869833185 __DUMMY__ 0.019648053227060557	false	1.0
provozieren	neg 1.0		neg 0.5807998474014485 off 0.3778398359970872 __DUMMY__ 0.04136031660146429	false	1.0
tot	neg 1.0		neg 0.5808133960424395 off 0.37769604161158365 __DUMMY__ 0.04149056234597694	false	1.0
instabil	neg 1.0		neg 0.5723312448480685 off 0.38656818638139784 __DUMMY__ 0.04110056877053362	false	1.0
schwuchtel	off 1.0		neg 0.5623438506975409 off 0.39688905326485197 __DUMMY__ 0.040767096037607246	false	0.5
zerren	neg 1.0		neg 0.5804539805764398 off 0.3778552894715381 __DUMMY__ 0.041690729952022096	false	1.0
kinderficker	off 1.0		neg 0.5714555093034549 off 0.3874825384093454 __DUMMY__ 0.04106195228719979	false	0.5
gefahr	neg 1.0		neg 0.58455388492289 off 0.37403680588687427 __DUMMY__ 0.04140930919023576	false	1.0
rabiat	neg 1.0		neg 0.5796621187169901 off 0.37879293461022084 __DUMMY__ 0.04154494667278902	false	1.0
verlangsamung	neg 1.0		neg 0.5695010160966888 off 0.3896370639078756 __DUMMY__ 0.040861919995435585	false	1.0
ausgestorben	neg 1.0		neg 0.5805207850196457 off 0.37781588372578817 __DUMMY__ 0.04166333125456607	false	1.0
anklagen	neg 1.0		neg 0.5823608221006821 off 0.3763763372757846 __DUMMY__ 0.04126284062353326	false	1.0
trott	neg 1.0		neg 0.5787336939131346 off 0.3796211801644282 __DUMMY__ 0.04164512592243726	false	1.0
verminderung	neg 1.0		neg 0.5715834607986863 off 0.3870237354467025 __DUMMY__ 0.041392803754611296	false	1.0
nach			neg 0.5845001490652235 off 0.3734103823234575 __DUMMY__ 0.04208946861131893	false	0.0
rost	neg 1.0		neg 0.5676507476326234 off 0.3913045137337709 __DUMMY__ 0.04104473863360566	false	1.0
destruktiv	neg 1.0	neg 1.0	neg 0.7803815672099477 off 0.19994303242228412 __DUMMY__ 0.019675400367768228	false	1.0
unzumutbarkeit	neg 1.0		neg 0.5719082450808061 off 0.3866203586223031 __DUMMY__ 0.04147139629689076	false	1.0
labil	off 1.0	off 1.0	off 0.674461361963091 neg 0.3058516235201696 __DUMMY__ 0.0196870145167393	false	1.0
ziemlich	neg 1.0		neg 0.5731988154849432 off 0.38528023254664434 __DUMMY__ 0.04152095196841237	false	1.0
lachnummer	off 1.0		neg 0.5826791125039092 off 0.3760211074528536 __DUMMY__ 0.04129978004323705	false	0.5
oder			neg 0.5779690429167642 off 0.38025834511925666 __DUMMY__ 0.04177261196397923	false	0.0
verfall	neg 1.0		neg 0.5887047477393091 off 0.3696503855423571 __DUMMY__ 0.04164486671833357	false	1.0
ausgrenzung	neg 1.0		neg 0.581045162096061 off 0.3779249293463863 __DUMMY__ 0.04102990855755275	false	1.0
unordnung	neg 1.0		neg 0.5705701631858086 off 0.38822345537589203 __DUMMY__ 0.041206381438299515	false	1.0
fehlverhalten	neg 1.0		neg 0.5856730981196822 off 0.37295568846257104 __DUMMY__ 0.041371213417746806	false	1.0
eine			neg 0.5839481572108998 off 0.3742281071812464 __DUMMY__ 0.04182373560785382	false	0.0
nille	neg 1.0		neg 0.5813507927288659 off 0.37736917118820557 __DUMMY__ 0.04128003608292856	false	1.0
qual	neg 1.0		neg 0.579127842473184 off 0.3792627674046269 __DUMMY__ 0.04160939012218901	false	1.0
verschwenden	neg 1.0		neg 0.5833744674766173 off 0.37500259671460995 __DUMMY__ 0.04162293580877289	false	1.0
riesig	neg 1.0		neg 0.5806376488007862 off 0.37781842274097643 __DUMMY__ 0.04154392845823737	false	1.0
verurteilen	neg 1.0		neg 0.5847278897161545 off 0.37403758318215025 __DUMMY__ 0.04123452710169524	false	1.0
klischee	neg 1.0	neg 1.0	neg 0.7775911423809594 off 0.20272356065978525 __DUMMY__ 0.019685296959255333	false	1.0
diktatorisch	neg 1.0		neg 0.5834921630152803 off 0.3756567775618636 __DUMMY__ 0.04085105942285608	false	1.0
vorhersehbar	neg 1.0		neg 0.5795330751221881 off 0.37921128369875 __DUMMY__ 0.041255641179061865	false	1.0
sowie			neg 0.5698831778768274 off 0.3890969834343818 __DUMMY__ 0.04101983868879086	false	0.0
stornieren	neg 1.0		neg 0.5744284176918653 off 0.38380376857887427 __DUMMY__ 0.04176781372926049	false	1.0
besteuerung	neg 1.0		neg 0.5789752340421942 off 0.3796427210997723 __DUMMY__ 0.04138204485803338	false	1.0
ungeschminkt	neg 1.0		neg 0.5733939612731025 off 0.385216818023537 __DUMMY__ 0.041389220703360444	false	1.0
kritisch	neg 1.0		neg 0.5853923998021399 off 0.37324806962169715 __DUMMY__ 0.041359530576163143	false	1.0
schlamperei	off 1.0		neg 0.5853625207862694 off 0.3733665269081526 __DUMMY__ 0.041270952305578104	false	0.5
sucht	neg 1.0	neg 1.0	neg 0.7752700355116963 off 0.2047180182824188 __DUMMY__ 0.02001194620588491	false	1.0
egoistisch	off 1.0		neg 0.5691170240821788 off 0.389641261886706 __DUMMY__ 0.041241714031115366	false	0.5
ausbeuter	off 1.0		neg 0.587011321951439 off 0.37172563581061396 __DUMMY__ 0.041263042237947085	false	0.5
arschgeburt	off 1.0		neg 0.5625347981353742 off 0.3966994263989037 __DUMMY__ 0.04076577546572195	false	0.5
schubs	neg 1.0	neg 1.0	neg 0.7784815891650744 off 0.20149018524506837 __DUMMY__ 0.02002822558985722	false	1.0
unsolide	neg 1.0		neg 0.5809912847262301 off 0.3783501790503224 __DUMMY__ 0.04065853622344749	false	1.0
beschwerde	neg 1.0		neg 0.5836332791633257 off 0.37501172067652566 __DUMMY__ 0.041355000160148626	false	1.0
stocken	neg 1.0		neg 0.5827206026287554 off 0.3757323995409519 __DUMMY__ 0.041546997830292795	false	1.0
isolieren	neg 1.0		neg 0.5790754207415383 off 0.3792135278447831 __DUMMY__ 0.041711051413678646	false	1.0
unheilbar	neg 1.0		neg 0.580238523508854 off 0.37836817866695516 __DUMMY__ 0.04139329782419099	false	1.0
pisser	off 1.0		neg 0.5721476237243912 off 0.38672022474118545 __DUMMY__ 0.041132151534423185	false	0.5
löschen	neg 1.0		neg 0.578609805521191 off 0.37991465722211787 __DUMMY__ 0.04147553725669106	false	1.0
durchfallen	neg 1.0		neg 0.583839453010608 off 0.37464764496583575 __DUMMY__ 0.04151290202355614	false	1.0
wichser	off 1.0		neg 0.5641845063042659 off 0.39466788894641436 __DUMMY__ 0.041147604749319694	false	0.5
terror	neg 1.0		neg 0.5736260188130763 off 0.3846760144990599 __DUMMY__ 0.04169796668786393	false	1.0
krass	neg 1.0		neg 0.5701379297921975 off 0.3884697246121878 __DUMMY__ 0.04139234559561475	false	1.0
revolte	neg 1.0	neg 1.0	neg 0.7793482811783691 off 0.20120569510368005 __DUMMY__ 0.019446023717950872	false	1.0
besorgt	neg 1.0		neg 0.5783746233346618 off 0.3796775073663772 __DUMMY__ 0.04194786929896106	false	1.0
nachlassen	neg 1.0		neg 0.5812980704754833 off 0.37705317760744783 __DUMMY__ 0.04164875191706892	false	1.0
alt	neg 1.0		neg 0.5817597123151704 off 0.3764019510021302 __DUMMY__ 0.04183833668269936	false	1.0
hundesohn	off 1.0		neg 0.5670426413830622 off 0.3920544509998953 __DUMMY__ 0.04090290761704252	false	0.5
als			neg 0.5809734987993468 off 0.3772875019670831 __DUMMY__ 0.04173899923357025	false	0.0
abschreckung	neg 1.0		neg 0.5872882274276569 off 0.3713416869489049 __DUMMY__ 0.0413700856234383	false	1.0
unqualifiziert	neg 1.0	neg 1.0	neg 0.7781177436541646 off 0.20218606504438819 __DUMMY__ 0.01969619130144727	false	1.0
abgewichst	off 1.0		neg 0.5813044903648419 off 0.3772554121878827 __DUMMY__ 0.041440097447275386	false	0.5
schwer	neg 1.0		neg 0.5794965163279969 off 0.3788480609733613 __DUMMY__ 0.04165542269864175	false	1.0
bedeutungslosigkeit	neg 1.0		neg 0.5861305739461775 off 0.372463668864637 __DUMMY__ 0.04140575718918536	false	1.0
kapitulation	neg 1.0		neg 0.5869588596166632 off 0.37204711068475016 __DUMMY__ 0.0409940296985866	false	1.0
unscharf	neg 1.0		neg 0.5758167606798128 off 0.38263785650069443 __DUMMY__ 0.04154538281949264	false	1.0
schwinden	neg 1.0		neg 0.5850483318406833 off 0.373452522543544 __DUMMY__ 0.041499145615772684	false	1.0
versklavung	neg 1.0	neg 1.0	neg 0.7800574947669648 off 0.20040521070186273 __DUMMY__ 0.019537294531172412	false	1.0
schlecht	neg 1.0		neg 0.5726666074692839 off 0.38578912165801554 __DUMMY__ 0.041544270872700635	false	1.0
verhasst	neg 1.0		neg 0.5812979226213958 off 0.37741094731387825 __DUMMY__ 0.04129113006472589	false	1.0
beschweren	neg 1.0		neg 0.5775398477842244 off 0.38087252148753215 __DUMMY__ 0.0415876307282434	false	1.0
scheiden	neg 1.0		neg 0.5790581311814972 off 0.3792620440523692 __DUMMY__ 0.04167982476613372	false	1.0
frustriert	neg 1.0		neg 0.5810775553073978 off 0.37732399826861407 __DUMMY__ 0.04159844642398811	false	1.0
schimmelig	neg 1.0		neg 0.5832775886794781 off 0.3752010866478568 __DUMMY__ 0.04152132467266518	false	1.0
fisch	neg 1.0	neg 1.0	neg 0.7787420522714744 off 0.2012622924066843 __DUMMY__ 0.019995655321841284	false	1.0
schmuggel	neg 1.0		neg 0.5838168022003769 off 0.3744667627217997 __DUMMY__ 0.041716435077823556	false	1.0
auffallen	neg 1.0		neg 0.5771070346575259 off 0.38133099044108404 __DUMMY__ 0.041561974901390235	false	1.0
konkurrenz	neg 1.0		neg 0.5846212125915284 off 0.3736462718870175 __DUMMY__ 0.04173251552145419	false	1.0
teufelskreis	neg 1.0	neg 1.0	neg 0.7798339787406416 off 0.20039121694174244 __DUMMY__ 0.01977480431761587	false	1.0
aufschreien	neg 1.0		neg 0.5789105578174167 off 0.3797482150655853 __DUMMY__ 0.04134122711699803	false	1.0
schuldner	neg 1.0		neg 0.5858257002922116 off 0.3728781208149909 __DUMMY__ 0.041296178892797374	false	1.0
missgeburt	off 1.0	off 1.0	off 0.6775424173971111 neg 0.30287886418627796 __DUMMY__ 0.01957871841661094	false	1.0
arbeitslos	neg 1.0		neg 0.5831232843844968 off 0.3754220872265551 __DUMMY__ 0.04145462838894808	false	1.0
befallen	neg 1.0		neg 0.5868786093902201 off 0.3721625495436032 __DUMMY__ 0.04095884106617667	false	1.0
miesepetrig	off 1.0		neg 0.5724885373694801 off 0.3859055195906583 __DUMMY__ 0.041605943039861634	false	0.5
alarmieren	neg 1.0		neg 0.5768500219958175 off 0.3820158315993614 __DUMMY__ 0.04113414640482123	false	1.0
ungeduscht	off 1.0		neg 0.5754582880779427 off 0.3829683415112729 __DUMMY__ 0.04157337041078452	false	0.5
knappheit	neg 1.0		neg 0.5835628480744813 off 0.3750932450928775 __DUMMY__ 0.041343906832641275	false	1.0
schlange	neg 1.0		neg 0.575987054494981 off 0.38221940832144174 __DUMMY__ 0.04179353718357723	false	1.0
harsch	neg 1.0		neg 0.5658037226191462 off 0.3927117852316859 __DUMMY__ 0.0414844921491678	false	1.0
lang	neg 1.0		neg 0.5780145749948772 off 0.38044469669250175 __DUMMY__ 0.041540728312620914	false	1.0
ziellos	neg 1.0		neg 0.5820149382239957 off 0.37631433654747043 __DUMMY__ 0.04167072522853376	false	1.0
selbstverliebt	neg 1.0		neg 0.5654663529013175 off 0.393717785909573 __DUMMY__ 0.04081586118910942	false	1.0
beseitigen	neg 1.0		neg 0.57682001756638 off 0.38145710003390626 __DUMMY__ 0.0417228823997138	false	1.0
dumm	off 1.0		neg 0.5689262315506702 off 0.3899201614637262 __DUMMY__ 0.041153606985603476	false	0.5
arbeitsloser	neg 1.0		neg 0.5836693643286968 off 0.3748253647482134 __DUMMY__ 0.04150527092308985	false	1.0
blitzen	neg 1.0		neg 0.5766219068499172 off 0.3820297447766743 __DUMMY__ 0.041348348373408506	false	1.0
hilflos	neg 1.0		neg 0.5814734440547242 off 0.3769212875692501 __DUMMY__ 0.041605268376025725	false	1.0
eklig	off 1.0		neg 0.5683245808288225 off 0.3905931648064149 __DUMMY__ 0.04108225436476243	false	0.5
begriff			neg 0.5820497205151107 off 0.37647680513490495 __DUMMY__ 0.041473474349984295	false	0.0
hungersnot	neg 1.0		neg 0.5846617271935165 off 0.374404720854396 __DUMMY__ 0.04093355195208757	false	1.0
ungesetzlich	neg 1.0		neg 0.5813612259352283 off 0.377709869832429 __DUMMY__ 0.04092890423234258	false	1.0
verschwendung	neg 1.0		neg 0.5849302938025657 off 0.373500499058314 __DUMMY__ 0.041569207139120344	false	1.0
schmerzvoll	neg 1.0		neg 0.5773448841290546 off 0.381046566854599 __DUMMY__ 0.04160854901634636	false	1.0
vorzeitig	neg 1.0		neg 0.5738578849502287 off 0.3847211173204824 __DUMMY__ 0.041420997729288964	false	1.0
unvollkommenheit	neg 1.0		neg 0.5796683216537364 off 0.3788367305418521 __DUMMY__ 0.041494947804411576	false	1.0
intervenieren	neg 1.0		neg 0.5870778612180527 off 0.37172740027606094 __DUMMY__ 0.0411947385058865	false	1.0
banause	off 1.0		neg 0.5665509011359193 off 0.3923798944637122 __DUMMY__ 0.0410692044003684	false	0.5
rebell	neg 1.0		neg 0.5848444615783889 off 0.37347720468461393 __DUMMY__ 0.04167833373699726	false	1.0
unlogisch	neg 1.0		neg 0.5721824002382919 off 0.3865453514560583 __DUMMY__ 0.04127224830564984	false	1.0
leiden	neg 1.0	neg 1.0	neg 0.7789291320687628 off 0.20087253080915118 __DUMMY__ 0.020198337122086046	false	1.0
abschaffung	neg 1.0		neg 0.5809178081751449 off 0.3778726457357958 __DUMMY__ 0.04120954608905929	false	1.0
sturz	neg 1.0		neg 0.5809379621935914 off 0.3779343308509464 __DUMMY__ 0.041127706955462154	false	1.0
verkleinerung	neg 1.0		neg 0.5779557738510483 off 0.380946199816105 __DUMMY__ 0.041098026332846475	false	1.0
schmarotzer	off 1.0		neg 0.5847569616499856 off 0.37392523698389274 __DUMMY__ 0.04131780136612168	false	0.5
bestrafung	neg 1.0		neg 0.5790352077263744 off 0.37951863839338473 __DUMMY__ 0.04144615388024084	false	1.0
achtlos	neg 1.0		neg 0.5784770916237026 off 0.3797499848304927 __DUMMY__ 0.041772923545804565	false	1.0
ungeheuer	neg 1.0		neg 0.5772400419321757 off 0.3812688726129772 __DUMMY__ 0.04149108545484706	false	1.0
unaufrichtig	neg 1.0		neg 0.5795480870639284 off 0.3793750670393363 __DUMMY__ 0.04107684589673533	false	1.0
groggy	neg 1.0		neg 0.5764535394269142 off 0.38215705131494593 __DUMMY__ 0.04138940925813982	false	1.0
verletzlich	neg 1.0		neg 0.5732018469278196 off 0.3853645976965601 __DUMMY__ 0.04143355537562039	false	1.0
