unsolidarisch	neg 1.0		neg 0.5842371898567119 off 0.37489564920677704 __DUMMY__ 0.04086716093651115	false	1.0
nachteilig	neg 1.0		neg 0.5831063196456312 off 0.3753896832352111 __DUMMY__ 0.0415039971191578	false	1.0
skeptisch	neg 1.0		neg 0.5852783548861497 off 0.3730672192421785 __DUMMY__ 0.0416544258716719	false	1.0
schrecklich	neg 1.0		neg 0.5702146784185139 off 0.3883769089541287 __DUMMY__ 0.04140841262735739	false	1.0
schlapp	neg 1.0		neg 0.57294969782369 off 0.3853291780119491 __DUMMY__ 0.041721124164360815	false	1.0
abfall	neg 1.0		neg 0.5870488289986411 off 0.37126325824160417 __DUMMY__ 0.04168791275975469	false	1.0
widerspenstig	neg 1.0		neg 0.5782889696140326 off 0.37993949879584216 __DUMMY__ 0.04177153159012515	false	1.0
abrupt	neg 1.0		neg 0.5793555036709974 off 0.37879315439467204 __DUMMY__ 0.041851341934330696	false	1.0
unwirksam	neg 1.0		neg 0.5815585297789643 off 0.3773055456791978 __DUMMY__ 0.04113592454183802	false	1.0
angreifen	neg 1.0		neg 0.5849531890570466 off 0.37355396107728994 __DUMMY__ 0.04149284986566332	false	1.0
inkonsistent	neg 1.0		neg 0.5787127068769852 off 0.3799802978169414 __DUMMY__ 0.041306995306073485	false	1.0
abrutschen	neg 1.0		neg 0.5860495880066781 off 0.37215880765396947 __DUMMY__ 0.04179160433935249	false	1.0
unsicher	neg 1.0		neg 0.5791444001989744 off 0.3792111761448412 __DUMMY__ 0.041644423656184544	false	1.0
bauernkind	off 1.0		neg 0.5686588660266502 off 0.3902953837214969 __DUMMY__ 0.04104575025185279	false	0.5
angreifer	neg 1.0		neg 0.578418754003666 off 0.38038859563586574 __DUMMY__ 0.04119265036046824	false	1.0
trennen	neg 1.0		neg 0.5813243371478108 off 0.3766431039261201 __DUMMY__ 0.04203255892606908	false	1.0
schmutz	neg 1.0		neg 0.5703161508438401 off 0.3877692987318924 __DUMMY__ 0.04191455042426754	false	1.0
inkonsistenz	neg 1.0	neg 1.0	neg 0.777523467995853 off 0.20277961674913417 __DUMMY__ 0.01969691525501282	false	1.0
erschreckend	neg 1.0		neg 0.5816417894023508 off 0.37685270329282533 __DUMMY__ 0.0415055073048239	false	1.0
ertrinken	neg 1.0		neg 0.5820226263111732 off 0.37619983092487896 __DUMMY__ 0.04177754276394789	false	1.0
pickelface	off 1.0		neg 0.5801427797346113 off 0.37853055546726183 __DUMMY__ 0.041326664798127	false	0.5
seiner			neg 0.5837034920231678 off 0.37463136259274354 __DUMMY__ 0.04166514538408867	false	0.0
lauch	neg 1.0		neg 0.5856937400225325 off 0.37267216062830144 __DUMMY__ 0.041634099349166044	false	1.0
unwichtig	neg 1.0		neg 0.5753508856548746 off 0.3832253473950434 __DUMMY__ 0.041423766950082014	false	1.0
steuerhinterziehung	neg 1.0		neg 0.5837042187139324 off 0.37517830135598357 __DUMMY__ 0.04111747993008392	false	1.0
schock	neg 1.0		neg 0.5794884798405928 off 0.37866613979469765 __DUMMY__ 0.04184538036470946	false	1.0
beule	neg 1.0		neg 0.5716796134743518 off 0.3866500327456321 __DUMMY__ 0.04167035378001602	false	1.0
vergelten	neg 1.0		neg 0.5702113625571686 off 0.3886227880379045 __DUMMY__ 0.04116584940492694	false	1.0
verdorbenheit	neg 1.0	neg 1.0	neg 0.7766540119941306 off 0.20339356404731676 __DUMMY__ 0.019952423958552633	false	1.0
trauma	neg 1.0		neg 0.577827055742606 off 0.3806731522965165 __DUMMY__ 0.0414997919608775	false	1.0
sinnlos	neg 1.0		neg 0.5773274663178609 off 0.3811399229284533 __DUMMY__ 0.04153261075368581	false	1.0
fettsack	off 1.0	off 1.0	off 0.677246033159645 neg 0.30314482669985116 __DUMMY__ 0.01960914014050378	false	1.0
feige	off 1.0		neg 0.5768763664669373 off 0.3818422528959406 __DUMMY__ 0.04128138063712206	false	0.5
abdanken	neg 1.0		neg 0.5844133033170045 off 0.3745890742337101 __DUMMY__ 0.040997622449285544	false	1.0
wichtigtuer	off 1.0	off 1.0	off 0.6718338118705182 neg 0.3084705450072079 __DUMMY__ 0.019695643122273968	false	1.0
misslingen	neg 1.0		neg 0.5754341844291762 off 0.3828032752229326 __DUMMY__ 0.04176254034789124	false	1.0
untreu	off 1.0		neg 0.5740876334500572 off 0.3844540492288855 __DUMMY__ 0.041458317321057474	false	0.5
missmutig	neg 1.0		neg 0.5740503358884753 off 0.3842698399205812 __DUMMY__ 0.041679824190943335	false	1.0
hurenbock	off 1.0		neg 0.5755515275153754 off 0.38263411475678194 __DUMMY__ 0.04181435772784261	false	0.5
betrunken	neg 1.0		neg 0.5708423835435721 off 0.38753121910866034 __DUMMY__ 0.04162639734776754	false	1.0
korrupt	off 1.0		neg 0.5861856647111197 off 0.37278084816077306 __DUMMY__ 0.04103348712810726	false	0.5
unmut	neg 1.0		neg 0.5867778114366425 off 0.3716259685589467 __DUMMY__ 0.04159622000441092	false	1.0
hackfresse	off 1.0		neg 0.5672487710223262 off 0.3914897556935319 __DUMMY__ 0.041261473284141946	false	0.5
aufblasen	neg 1.0		neg 0.5762829476991197 off 0.3819365763751061 __DUMMY__ 0.041780475925774135	false	1.0
gewaltsam	neg 1.0		neg 0.5812631670606406 off 0.37758415683170665 __DUMMY__ 0.04115267610765278	false	1.0
unbeliebtheit	neg 1.0		neg 0.5784510380002914 off 0.38088663107524307 __DUMMY__ 0.04066233092446548	false	1.0
sturheit	neg 1.0		neg 0.5832691494255324 off 0.37544944062812935 __DUMMY__ 0.041281409946338096	false	1.0
kuh	neg 1.0		neg 0.5784564497838874 off 0.38014941503590327 __DUMMY__ 0.04139413518020923	false	1.0
erschrecken	neg 1.0		neg 0.5747074014280713 off 0.38365009925992194 __DUMMY__ 0.041642499312006795	false	1.0
opfer	neg 1.0	neg 1.0	neg 0.7809426543598641 off 0.1992408100660748 __DUMMY__ 0.01981653557406105	false	1.0
sinken	neg 1.0		neg 0.5856442773433045 off 0.37273644505615117 __DUMMY__ 0.041619277600544395	false	1.0
stinktier	neg 1.0		neg 0.5712760789593783 off 0.3875331171111011 __DUMMY__ 0.041190803929520514	false	1.0
tucke	off 1.0		neg 0.5665116098402835 off 0.3922181540407967 __DUMMY__ 0.04127023611891974	false	0.5
ein			neg 0.5757683460037762 off 0.38227848762124456 __DUMMY__ 0.04195316637497924	false	0.0
abstieg	neg 1.0		neg 0.5829124060951294 off 0.375716641954923 __DUMMY__ 0.04137095194994759	false	1.0
missverstehen	neg 1.0		neg 0.5791215163541176 off 0.37955769209765067 __DUMMY__ 0.04132079154823167	false	1.0
ergebnislos	neg 1.0		neg 0.5829600301455584 off 0.3755957802339862 __DUMMY__ 0.04144418962045543	false	1.0
unter			neg 0.5869731233549468 off 0.3708064667376616 __DUMMY__ 0.04222040990739174	false	0.0
manipulieren	neg 1.0		neg 0.5856455410213419 off 0.3729084550726161 __DUMMY__ 0.041446003906041896	false	1.0
unbewiesen	neg 1.0		neg 0.5851552900722178 off 0.37405141056538377 __DUMMY__ 0.04079329936239846	false	1.0
verschleppen	neg 1.0		neg 0.5841290106405571 off 0.37453361548915665 __DUMMY__ 0.04133737387028629	false	1.0
weib	off 1.0		neg 0.5659966747210163 off 0.39279730827050413 __DUMMY__ 0.04120601700847936	false	0.5
opposition	neg 1.0		neg 0.5807291349380824 off 0.3781819826401061 __DUMMY__ 0.041088882421811454	false	1.0
verkehrswidrig	neg 1.0		neg 0.5676198455963298 off 0.3908950488620033 __DUMMY__ 0.041485105541666706	false	1.0
inkorrekt	neg 1.0		neg 0.5775609489755691 off 0.381481532446851 __DUMMY__ 0.04095751857757983	false	1.0
vermeiden	neg 1.0		neg 0.5862153347347937 off 0.3718316246113337 __DUMMY__ 0.04195304065387264	false	1.0
abweichung	neg 1.0		neg 0.5862375579003003 off 0.37271281530376527 __DUMMY__ 0.04104962679593452	false	1.0
alkoholisiert	neg 1.0		neg 0.5807483955250181 off 0.3775314377003019 __DUMMY__ 0.04172016677467994	false	1.0
scheiss	off 1.0	off 1.0	off 0.6755564779536588 neg 0.30464770874984803 __DUMMY__ 0.019795813296493204	false	1.0
herausforderung	neg 1.0		neg 0.5788879120047664 off 0.3790984076184032 __DUMMY__ 0.04201368037683031	false	1.0
pervers	off 1.0		neg 0.5632198478998798 off 0.3956357240987105 __DUMMY__ 0.04114442800140977	false	0.5
wackelig	neg 1.0		neg 0.5783908728387416 off 0.37954214895243304 __DUMMY__ 0.04206697820882539	false	1.0
verwickeln	neg 1.0		neg 0.5788067042585909 off 0.3797849481805002 __DUMMY__ 0.04140834756090896	false	1.0
vorwand	neg 1.0		neg 0.5865741379950542 off 0.3719268348571586 __DUMMY__ 0.04149902714778728	false	1.0
muschi	off 1.0		neg 0.580393661153725 off 0.37824748174703543 __DUMMY__ 0.04135885709923954	false	0.5
entmutigung	neg 1.0		neg 0.583412962946505 off 0.37593826777857947 __DUMMY__ 0.04064876927491552	false	1.0
unangemessen	neg 1.0		neg 0.5844219092333683 off 0.37428199446837673 __DUMMY__ 0.04129609629825513	false	1.0
unstetig	neg 1.0		neg 0.5770566968915231 off 0.3816616799749965 __DUMMY__ 0.041281623133480536	false	1.0
entmutigen	neg 1.0		neg 0.578206455138869 off 0.3802075000773728 __DUMMY__ 0.04158604478375818	false	1.0
schwanz	neg 1.0		neg 0.5820212938701786 off 0.37647966543795364 __DUMMY__ 0.04149904069186762	false	1.0
verbot	neg 1.0		neg 0.5849287314257264 off 0.37396700090890883 __DUMMY__ 0.04110426766536482	false	1.0
leid	neg 1.0		neg 0.5692315757859598 off 0.3894702418570642 __DUMMY__ 0.04129818235697612	false	1.0
archaisch	neg 1.0		neg 0.5831548198890012 off 0.3754716782230135 __DUMMY__ 0.041373501887985255	false	1.0
gegen			neg 0.5859195650576408 off 0.37258216918832 __DUMMY__ 0.04149826575403924	false	0.0
scheidung	neg 1.0	neg 1.0	neg 0.7650513337727548 off 0.21534022196449715 __DUMMY__ 0.019608444262748163	false	1.0
einschlag	neg 1.0		neg 0.5697176475528732 off 0.388977461149015 __DUMMY__ 0.04130489129811182	false	1.0
m			neg 0.5796144692635199 off 0.37865403578025403 __DUMMY__ 0.041731494956226176	false	0.0
abgestanden	neg 1.0		neg 0.5782760140049442 off 0.38002835784600547 __DUMMY__ 0.0416956281490503	false	1.0
schmierig	off 1.0		neg 0.5697668305002674 off 0.38883059803232145 __DUMMY__ 0.0414025714674111	false	0.5
unpraktisch	neg 1.0		neg 0.5760705562763663 off 0.3821168211390625 __DUMMY__ 0.04181262258457133	false	1.0
wixxer	off 1.0		neg 0.5641049005041242 off 0.394889192435011 __DUMMY__ 0.041005907060864634	false	0.5
bezeichnet			neg 0.5820679915665113 off 0.37657995323434273 __DUMMY__ 0.04135205519914596	false	0.0
jammerlappen	off 1.0		neg 0.5747320851575256 off 0.3837699224344937 __DUMMY__ 0.04149799240798071	false	0.5
farce	neg 1.0		neg 0.5863620043171456 off 0.37278334033726845 __DUMMY__ 0.040854655345586056	false	1.0
zwecklos	neg 1.0		neg 0.5840329931187346 off 0.37456882736999975 __DUMMY__ 0.041398179511265676	false	1.0
turbulent	neg 1.0		neg 0.5724803187607896 off 0.386337688644531 __DUMMY__ 0.0411819925946792	false	1.0
invasion	neg 1.0		neg 0.5748658910765191 off 0.3834836203031815 __DUMMY__ 0.0416504886202995	false	1.0
schuld	neg 1.0		neg 0.5795080277726435 off 0.3790325862892334 __DUMMY__ 0.04145938593812301	false	1.0
risiko	neg 1.0		neg 0.5741891387811644 off 0.38409483756674 __DUMMY__ 0.04171602365209559	false	1.0
finster	neg 1.0		neg 0.5765886046767331 off 0.3815537842125552 __DUMMY__ 0.04185761111071157	false	1.0
geisteskrank	off 1.0		neg 0.5756510309645 off 0.3832171560773555 __DUMMY__ 0.04113181295814433	false	0.5
zusammenbrechen	neg 1.0		neg 0.5805445851425275 off 0.37777647542914533 __DUMMY__ 0.04167893942832711	false	1.0
ausbeute	neg 1.0		neg 0.5797110083619164 off 0.37837322882695573 __DUMMY__ 0.04191576281112801	false	1.0
hinterhalt	neg 1.0		neg 0.5787175874419204 off 0.3798091671030655 __DUMMY__ 0.04147324545501404	false	1.0
kritik	neg 1.0		neg 0.5854852566473606 off 0.3735455703829943 __DUMMY__ 0.040969172969645085	false	1.0
einschrumpfen	neg 1.0		neg 0.5789278763664121 off 0.3800561552066319 __DUMMY__ 0.04101596842695602	false	1.0
riskant	neg 1.0		neg 0.5838453133270896 off 0.3745499659456979 __DUMMY__ 0.0416047207272126	false	1.0
frustrieren	neg 1.0		neg 0.5843032056598885 off 0.3741456763352762 __DUMMY__ 0.04155111800483539	false	1.0
groll	neg 1.0		neg 0.5836286195181521 off 0.3749524901935252 __DUMMY__ 0.041418890288322616	false	1.0
gibt			neg 0.5816250767750356 off 0.37677781437760016 __DUMMY__ 0.041597108847364304	false	0.0
qualvoll	neg 1.0		neg 0.5757781558444205 off 0.38254167938906486 __DUMMY__ 0.04168016476651474	false	1.0
wackeln	neg 1.0		neg 0.5760280816588556 off 0.3820690690076012 __DUMMY__ 0.04190284933354331	false	1.0
klagen	neg 1.0		neg 0.5875025201334985 off 0.37109648129434625 __DUMMY__ 0.0414009985721554	false	1.0
bankrott	neg 1.0		neg 0.5729583226215866 off 0.385400195589448 __DUMMY__ 0.04164148178896543	false	1.0
trauern	neg 1.0		neg 0.5835187503097135 off 0.37487954099678084 __DUMMY__ 0.04160170869350581	false	1.0
ablehnung	neg 1.0	neg 1.0	neg 0.7814182984154672 off 0.19901367139822546 __DUMMY__ 0.01956803018630737	false	1.0
stur	neg 1.0		neg 0.5788624553646442 off 0.37965480639679394 __DUMMY__ 0.041482738238561884	false	1.0
aufruhr	neg 1.0		neg 0.5820411813680886 off 0.3768301924159938 __DUMMY__ 0.04112862621591755	false	1.0
melancholie	neg 1.0		neg 0.5790422095993961 off 0.3789970726211715 __DUMMY__ 0.04196071777943237	false	1.0
ist			neg 0.5780921834295112 off 0.38037342718027134 __DUMMY__ 0.04153438939021732	false	0.0
torheit	neg 1.0		neg 0.5823443538696612 off 0.3766476835259764 __DUMMY__ 0.04100796260436241	false	1.0
dreckskind	off 1.0		neg 0.5709890548757831 off 0.3880827825387655 __DUMMY__ 0.040928162585451434	false	0.5
umtauschen	neg 1.0		neg 0.5778667796187831 off 0.38031568964698564 __DUMMY__ 0.041817530734231244	false	1.0
zum			neg 0.5826084606225698 off 0.37508319109666816 __DUMMY__ 0.0423083482807622	false	0.0
zersetzen	neg 1.0		neg 0.5862652021794842 off 0.37229060563314414 __DUMMY__ 0.04144419218737172	false	1.0
zur			neg 0.5869335031266965 off 0.3712678440124849 __DUMMY__ 0.041798652860818436	false	0.0
frust	neg 1.0		neg 0.5807792393794313 off 0.377542362876289 __DUMMY__ 0.04167839774427956	false	1.0
unerbittlichkeit	neg 1.0		neg 0.5853906960540645 off 0.37319114133675096 __DUMMY__ 0.04141816260918454	false	1.0
zwei			neg 0.5820717207430799 off 0.37579997133789644 __DUMMY__ 0.04212830791902366	false	0.0
unkorrekt	neg 1.0		neg 0.5756072794633263 off 0.3833158501157989 __DUMMY__ 0.04107687042087479	false	1.0
hexe	off 1.0		neg 0.5739047668180587 off 0.3846177902091053 __DUMMY__ 0.04147744297283593	false	0.5
lasch	neg 1.0		neg 0.5778454060448435 off 0.3808544686741267 __DUMMY__ 0.04130012528102978	false	1.0
rivale	neg 1.0		neg 0.5709421732070332 off 0.3878138688021702 __DUMMY__ 0.041243957990796526	false	1.0
mutlos	off 1.0	off 1.0	off 0.6686087305161168 neg 0.31170574866185713 __DUMMY__ 0.01968552082202609	false	1.0
wirr	off 1.0		neg 0.5737149615200019 off 0.38520903566210835 __DUMMY__ 0.04107600281788973	false	0.5
jahr			neg 0.5802900280303691 off 0.37769742101952386 __DUMMY__ 0.04201255095010695	false	0.0
wird			neg 0.5827325020988738 off 0.37562514368945793 __DUMMY__ 0.041642354211668405	false	0.0
strafbar	neg 1.0		neg 0.5861670258282122 off 0.37256270189009155 __DUMMY__ 0.04127027228169626	false	1.0
erosion	neg 1.0		neg 0.576076789768019 off 0.38218549676417635 __DUMMY__ 0.041737713467804693	false	1.0
eingehen	neg 1.0		neg 0.5838369442105406 off 0.3746920508913363 __DUMMY__ 0.041471004898123345	false	1.0
faul	off 1.0		neg 0.573089546855386 off 0.385175305411047 __DUMMY__ 0.04173514773356702	false	0.5
provisorium	neg 1.0		neg 0.5887059186314015 off 0.3692164428581303 __DUMMY__ 0.042077638510468085	false	1.0
schmerzen	neg 1.0		neg 0.5792017409855349 off 0.3790324208034778 __DUMMY__ 0.04176583821098731	false	1.0
schrumpfen	neg 1.0		neg 0.5878472560873113 off 0.3703939189281361 __DUMMY__ 0.041758824984552606	false	1.0
geistlos	off 1.0		neg 0.581931765214778 off 0.37721574268770375 __DUMMY__ 0.04085249209751823	false	0.5
fehlkauf	neg 1.0		neg 0.5776290285709048 off 0.38102556661053466 __DUMMY__ 0.04134540481856052	false	1.0
frustrierend	neg 1.0	neg 1.0	neg 0.7764379689430401 off 0.20373053350369555 __DUMMY__ 0.019831497553264403	false	1.0
unzufrieden	neg 1.0		neg 0.5830192556667606 off 0.37546388057284513 __DUMMY__ 0.04151686376039431	false	1.0
verzweifeln	neg 1.0		neg 0.5796707370273111 off 0.3786645619032155 __DUMMY__ 0.04166470106947341	false	1.0
verzweifelt	neg 1.0		neg 0.5783723088488075 off 0.3800789845912279 __DUMMY__ 0.04154870655996439	false	1.0
misstrauensantrag	neg 1.0		neg 0.5780086064012506 off 0.380701121858775 __DUMMY__ 0.04129027173997416	false	1.0
abfallen	neg 1.0		neg 0.5755001675831222 off 0.3825534289811016 __DUMMY__ 0.04194640343577624	false	1.0
fucker	off 1.0		neg 0.5721029430466181 off 0.386603422074428 __DUMMY__ 0.0412936348789539	false	0.5
ungezogen	neg 1.0		neg 0.5648817754905124 off 0.39380747985506764 __DUMMY__ 0.04131074465441977	false	1.0
irrsinnig	neg 1.0	neg 1.0	neg 0.7785872408536327 off 0.20163702385368187 __DUMMY__ 0.019775735292685396	false	1.0
unfassbar	neg 1.0		neg 0.5743784104045994 off 0.384154076653685 __DUMMY__ 0.04146751294171554	false	1.0
hart	neg 1.0		neg 0.5755729766201754 off 0.3831626178354324 __DUMMY__ 0.041264405544392195	false	1.0
widerlich	off 1.0		neg 0.574797875235956 off 0.3839130967182749 __DUMMY__ 0.04128902804576898	false	0.5
fatal	neg 1.0		neg 0.5772978504082666 off 0.3812990877649827 __DUMMY__ 0.041403061826750534	false	1.0
bruch	neg 1.0		neg 0.5883277816854887 off 0.37031500872510165 __DUMMY__ 0.04135720958940957	false	1.0
aushungern	neg 1.0		neg 0.5831924642251093 off 0.3757487051052931 __DUMMY__ 0.041058830669597646	false	1.0
anspannung	neg 1.0		neg 0.5849963257544446 off 0.37309883104945407 __DUMMY__ 0.041904843196101285	false	1.0
von			neg 0.5813515243216844 off 0.3766320839058171 __DUMMY__ 0.04201639177249853	false	0.0
kraftlos	neg 1.0		neg 0.5798520716301488 off 0.3782030095173652 __DUMMY__ 0.041944918852485975	false	1.0
vom			neg 0.585884811604637 off 0.3718744843611335 __DUMMY__ 0.04224070403422936	false	0.0
grenzdebil	off 1.0		neg 0.572652475271526 off 0.3858304317107444 __DUMMY__ 0.04151709301772963	false	0.5
vor			neg 0.58410365769721 off 0.3740395822752088 __DUMMY__ 0.04185676002758124	false	0.0
unterwerfen	neg 1.0		neg 0.5846692013145744 off 0.3739099251030943 __DUMMY__ 0.0414208735823313	false	1.0
versenkung	neg 1.0		neg 0.5842413667501892 off 0.37420892144659496 __DUMMY__ 0.04154971180321583	false	1.0
entziehen	neg 1.0		neg 0.5868103254126761 off 0.3716408516885819 __DUMMY__ 0.04154882289874206	false	1.0
finanzkrise	neg 1.0		neg 0.5836448827537829 off 0.3753153664846285 __DUMMY__ 0.04103975076158867	false	1.0
schimpfend	neg 1.0		neg 0.5736530341414614 off 0.3843008033124294 __DUMMY__ 0.042046162546109274	false	1.0
profan	neg 1.0		neg 0.5768943363758163 off 0.381526321792303 __DUMMY__ 0.04157934183188076	false	1.0
korruption	neg 1.0		neg 0.5856520730359313 off 0.37327156550960716 __DUMMY__ 0.041076361454461724	false	1.0
â			neg 0.5810524695848879 off 0.37725986282361307 __DUMMY__ 0.04168766759149905	false	0.0
schmutzig	neg 1.0		neg 0.5714688042908133 off 0.38679547013510995 __DUMMY__ 0.04173572557407671	false	1.0
sexy	neg 1.0		neg 0.574513146020192 off 0.38394743446720236 __DUMMY__ 0.04153941951260583	false	1.0
abraten	neg 1.0		neg 0.5772605767374216 off 0.38107157711203915 __DUMMY__ 0.041667846150539194	false	1.0
schwarz	neg 1.0		neg 0.5778596781978523 off 0.38068213424110975 __DUMMY__ 0.041458187561038	false	1.0
fotze	off 1.0		neg 0.5824450630110017 off 0.3761742639860438 __DUMMY__ 0.041380673002954366	false	0.5
verwirren	neg 1.0		neg 0.5761498210000834 off 0.382295129879184 __DUMMY__ 0.041555049120732566	false	1.0
zahnlos	off 1.0		neg 0.5835830039730435 off 0.3750184258492631 __DUMMY__ 0.041398570177693314	false	0.5
verheeren	neg 1.0		neg 0.5661592726581255 off 0.39298323007290686 __DUMMY__ 0.040857497268967785	false	1.0
hippie	neg 1.0		neg 0.5751708180279872 off 0.3833359986194037 __DUMMY__ 0.04149318335260914	false	1.0
rammen	neg 1.0		neg 0.575628117932091 off 0.3827801032094873 __DUMMY__ 0.0415917788584218	false	1.0
unlauter	neg 1.0	neg 1.0	neg 0.7782272240149561 off 0.20210653652929378 __DUMMY__ 0.0196662394557501	false	1.0
unheilvoll	neg 1.0		neg 0.5765354105969042 off 0.3818245615877632 __DUMMY__ 0.04164002781533262	false	1.0
niedrig	neg 1.0		neg 0.5827993710367191 off 0.3756819477440871 __DUMMY__ 0.041518681219193734	false	1.0
explosion	neg 1.0		neg 0.5750249198595474 off 0.38338588908316407 __DUMMY__ 0.041589191057288616	false	1.0
weichei	off 1.0		neg 0.5684925338040133 off 0.39022924424237626 __DUMMY__ 0.04127822195361039	false	0.5
minusmensch	off 1.0		neg 0.5668470005214734 off 0.3923600468496322 __DUMMY__ 0.04079295262889437	false	0.5
farblos	neg 1.0		neg 0.5796391313656597 off 0.3789881481133925 __DUMMY__ 0.04137272052094779	false	1.0
unwissend	neg 1.0	neg 1.0	neg 0.7762437928872605 off 0.20402973162272758 __DUMMY__ 0.019726475490011823	false	1.0
traurig	neg 1.0		neg 0.5705913829783182 off 0.38789263932090046 __DUMMY__ 0.0415159777007813	false	1.0
senkung	neg 1.0		neg 0.5769649900141552 off 0.38167079322771563 __DUMMY__ 0.04136421675812914	false	1.0
ungleich	neg 1.0	neg 1.0	neg 0.7816518410657152 off 0.1986106917654915 __DUMMY__ 0.019737467168793304	false	1.0
heikel	neg 1.0		neg 0.5855026242105287 off 0.3729597470808265 __DUMMY__ 0.04153762870864498	false	1.0
drosselung	neg 1.0		neg 0.5699006003326502 off 0.3885635099471568 __DUMMY__ 0.04153588972019288	false	1.0
falsch	neg 1.0		neg 0.5757423820358709 off 0.3827940914841707 __DUMMY__ 0.0414635264799584	false	1.0
unzufriedenheit	neg 1.0		neg 0.5861425299357654 off 0.3723730042704953 __DUMMY__ 0.04148446579373929	false	1.0
kurz	neg 1.0		neg 0.5787623348803285 off 0.3793297719275035 __DUMMY__ 0.04190789319216809	false	1.0
unsinnig	neg 1.0		neg 0.5826508843629029 off 0.3758627848320319 __DUMMY__ 0.041486330805065155	false	1.0
penner	off 1.0	off 1.0	off 0.6789872611680916 neg 0.3013045445848304 __DUMMY__ 0.019708194247078082	false	1.0
seicht	neg 1.0		neg 0.5680547262591369 off 0.39096675260874203 __DUMMY__ 0.04097852113212107	false	1.0
dummheit	off 1.0	off 1.0	off 0.672274086327978 neg 0.30803291075617933 __DUMMY__ 0.01969300291584267	false	1.0
unerfreulich	neg 1.0		neg 0.5852150812096603 off 0.3731284556910987 __DUMMY__ 0.04165646309924115	false	1.0
motherfucker	off 1.0	off 1.0	off 0.6757215930238184 neg 0.304596578075015 __DUMMY__ 0.01968182890116664	false	1.0
pikiert	neg 1.0		neg 0.575927746394189 off 0.3827396087577408 __DUMMY__ 0.04133264484807006	false	1.0
wrack	neg 1.0		neg 0.5809934387880971 off 0.37734536852930883 __DUMMY__ 0.041661192682594037	false	1.0
gangster	neg 1.0		neg 0.576213908909561 off 0.3823018760843716 __DUMMY__ 0.04148421500606729	false	1.0
krank	neg 1.0		neg 0.5711020105819029 off 0.38718581873572405 __DUMMY__ 0.04171217068237304	false	1.0
reich	neg 1.0		neg 0.5781763890141014 off 0.3809742645669981 __DUMMY__ 0.04084934641890047	false	1.0
gnadenlos	neg 1.0		neg 0.5785483833734293 off 0.37990165976496115 __DUMMY__ 0.04154995686160961	false	1.0
niedergeschlagen	neg 1.0		neg 0.5804702201949777 off 0.37785884016788235 __DUMMY__ 0.0416709396371401	false	1.0
terrorisieren	off 1.0	off 1.0	off 0.6693072986825463 neg 0.3108703403397055 __DUMMY__ 0.01982236097774821	false	1.0
sinnlosigkeit	neg 1.0		neg 0.5832299729794785 off 0.3753350632114362 __DUMMY__ 0.041434963809085325	false	1.0
behindern	neg 1.0		neg 0.578374777403331 off 0.37991283222947586 __DUMMY__ 0.04171239036719319	false	1.0
undemokratisch	neg 1.0		neg 0.5823497192378102 off 0.3766709438971553 __DUMMY__ 0.040979336865034424	false	1.0
wirtschaftskrise	neg 1.0		neg 0.584424486168441 off 0.37434594583937686 __DUMMY__ 0.041229567992182026	false	1.0
neid	neg 1.0		neg 0.5741051409072221 off 0.3841747698720388 __DUMMY__ 0.04172008922073897	false	1.0
rutschen	neg 1.0		neg 0.5823211994002716 off 0.3753549927646324 __DUMMY__ 0.042323807835096046	false	1.0
rezession	neg 1.0		neg 0.5729901226479742 off 0.3860969423607939 __DUMMY__ 0.040912934991231754	false	1.0
fehlgeburt	neg 1.0		neg 0.5788626241732414 off 0.37961765781958734 __DUMMY__ 0.04151971800717129	false	1.0
charakterschwach	off 1.0		neg 0.5747806550430231 off 0.3839042096958344 __DUMMY__ 0.04131513526114256	false	0.5
isolation	neg 1.0		neg 0.5730789973714508 off 0.38535597349283646 __DUMMY__ 0.041565029135712694	false	1.0
ablenkung	neg 1.0		neg 0.5778335142830279 off 0.3804264125533642 __DUMMY__ 0.041740073163608095	false	1.0
pech	neg 1.0		neg 0.5752613294815727 off 0.3831162684587585 __DUMMY__ 0.04162240205966866	false	1.0
vermeidung	neg 1.0		neg 0.5707101590318047 off 0.38767396018125727 __DUMMY__ 0.04161588078693801	false	1.0
dominieren	neg 1.0		neg 0.5808983288379118 off 0.37755279986300455 __DUMMY__ 0.04154887129908361	false	1.0
schwindlig	neg 1.0		neg 0.5739729909685297 off 0.384191676092153 __DUMMY__ 0.04183533293931732	false	1.0
lutscher	neg 1.0		neg 0.5663086447932618 off 0.3926363486027175 __DUMMY__ 0.04105500660402066	false	1.0
pflicht	neg 1.0		neg 0.5857125482878058 off 0.3727539606627 __DUMMY__ 0.041533491049494095	false	1.0
faschist	off 1.0		neg 0.5809232386791433 off 0.3780753613700992 __DUMMY__ 0.04100139995075749	false	0.5
verschleudern	neg 1.0		neg 0.5846975816937311 off 0.374018476842915 __DUMMY__ 0.04128394146335396	false	1.0
wenn			neg 0.5752149493051563 off 0.38325867475999637 __DUMMY__ 0.04152637593484733	false	0.0
ehebruch	neg 1.0		neg 0.5853259625877034 off 0.3733874452731698 __DUMMY__ 0.04128659213912677	false	1.0
spott	off 1.0		neg 0.5854980273414392 off 0.3731500381283449 __DUMMY__ 0.041351934530216	false	0.5
trostlosigkeit	neg 1.0		neg 0.5881760564125545 off 0.37063020516798306 __DUMMY__ 0.041193738419462424	false	1.0
lutschen	neg 1.0		neg 0.5764617638647853 off 0.38231435195454655 __DUMMY__ 0.041223884180668205	false	1.0
undiszipliniert	neg 1.0		neg 0.5722361588300613 off 0.3863562864619521 __DUMMY__ 0.04140755470798676	false	1.0
kopfschmerz	neg 1.0		neg 0.5790972844237555 off 0.37922226747462107 __DUMMY__ 0.041680448101623344	false	1.0
unvorhergesehen	neg 1.0		neg 0.5782706551853973 off 0.379733332438813 __DUMMY__ 0.041996012375789676	false	1.0
desinteressiert	neg 1.0		neg 0.5731431818276521 off 0.38552448367022524 __DUMMY__ 0.04133233450212253	false	1.0
armselig	off 1.0		neg 0.5730926394077462 off 0.38570686305115903 __DUMMY__ 0.04120049754109487	false	0.5
desaster	neg 1.0		neg 0.5889670612646254 off 0.3696991996604598 __DUMMY__ 0.0413337390749148	false	1.0
tod	neg 1.0		neg 0.5871509332482698 off 0.3717579106542843 __DUMMY__ 0.041091156097445736	false	1.0
herzlos	neg 1.0		neg 0.5705036559298103 off 0.38806628282586353 __DUMMY__ 0.041430061244326126	false	1.0
unwissenheit	neg 1.0		neg 0.5843085885734972 off 0.3743794579037683 __DUMMY__ 0.041311953522734424	false	1.0
widersinnig	neg 1.0		neg 0.5848952808795131 off 0.3740555071537162 __DUMMY__ 0.04104921196677079	false	1.0
bedenklich	neg 1.0		neg 0.5845485771072989 off 0.373946716908713 __DUMMY__ 0.04150470598398806	false	1.0
beanstanden	neg 1.0		neg 0.5859824417906664 off 0.3724652068783428 __DUMMY__ 0.04155235133099093	false	1.0
panisch	neg 1.0	neg 1.0	neg 0.775505086498393 off 0.20443311093105293 __DUMMY__ 0.02006180257055398	false	1.0
debil	off 1.0		neg 0.5882743249716026 off 0.3700684861165688 __DUMMY__ 0.04165718891182861	false	0.5
abstrich	neg 1.0		neg 0.5768088139632545 off 0.3813573599777294 __DUMMY__ 0.04183382605901626	false	1.0
primitiv	neg 1.0		neg 0.5741795617776411 off 0.3845400193350564 __DUMMY__ 0.04128041888730259	false	1.0
abschaum	off 1.0	off 1.0	off 0.6735023780746078 neg 0.30684956869833174 __DUMMY__ 0.019648053227060536	false	1.0
provozieren	neg 1.0		neg 0.5807998474014492 off 0.3778398359970865 __DUMMY__ 0.041360316601464275	false	1.0
tot	neg 1.0		neg 0.5808133960424396 off 0.37769604161158354 __DUMMY__ 0.04149056234597698	false	1.0
instabil	neg 1.0		neg 0.5723312448480684 off 0.38656818638139795 __DUMMY__ 0.041100568770533655	false	1.0
schwuchtel	off 1.0		neg 0.5623438506975406 off 0.39688905326485213 __DUMMY__ 0.040767096037607246	false	0.5
zerren	neg 1.0		neg 0.58045398057644 off 0.37785528947153774 __DUMMY__ 0.04169072995202214	false	1.0
kinderficker	off 1.0		neg 0.5714555093034552 off 0.3874825384093451 __DUMMY__ 0.041061952287199804	false	0.5
gefahr	neg 1.0		neg 0.5845538849228905 off 0.3740368058868738 __DUMMY__ 0.04140930919023577	false	1.0
rabiat	neg 1.0		neg 0.5796621187169904 off 0.3787929346102205 __DUMMY__ 0.04154494667278908	false	1.0
verlangsamung	neg 1.0		neg 0.569501016096689 off 0.3896370639078755 __DUMMY__ 0.040861919995435626	false	1.0
ausgestorben	neg 1.0		neg 0.5805207850196458 off 0.3778158837257883 __DUMMY__ 0.04166333125456602	false	1.0
anklagen	neg 1.0		neg 0.5823608221006813 off 0.3763763372757855 __DUMMY__ 0.041262840623533276	false	1.0
trott	neg 1.0		neg 0.5787336939131347 off 0.37962118016442803 __DUMMY__ 0.04164512592243726	false	1.0
verminderung	neg 1.0		neg 0.571583460798686 off 0.38702373544670265 __DUMMY__ 0.04139280375461133	false	1.0
nach			neg 0.5845001490652235 off 0.3734103823234576 __DUMMY__ 0.04208946861131886	false	0.0
rost	neg 1.0		neg 0.5676507476326237 off 0.3913045137337705 __DUMMY__ 0.04104473863360568	false	1.0
destruktiv	neg 1.0	neg 1.0	neg 0.7803815672099476 off 0.1999430324222842 __DUMMY__ 0.019675400367768194	false	1.0
unzumutbarkeit	neg 1.0		neg 0.5719082450808062 off 0.38662035862230293 __DUMMY__ 0.04147139629689078	false	1.0
labil	off 1.0	off 1.0	off 0.6744613619630911 neg 0.3058516235201696 __DUMMY__ 0.019687014516739324	false	1.0
ziemlich	neg 1.0		neg 0.573198815484943 off 0.3852802325466446 __DUMMY__ 0.04152095196841245	false	1.0
lachnummer	off 1.0		neg 0.5826791125039099 off 0.37602110745285305 __DUMMY__ 0.04129978004323703	false	0.5
oder			neg 0.5779690429167641 off 0.38025834511925666 __DUMMY__ 0.04177261196397923	false	0.0
verfall	neg 1.0		neg 0.5887047477393095 off 0.3696503855423571 __DUMMY__ 0.041644866718333534	false	1.0
ausgrenzung	neg 1.0		neg 0.5810451620960606 off 0.3779249293463867 __DUMMY__ 0.0410299085575528	false	1.0
unordnung	neg 1.0		neg 0.5705701631858082 off 0.3882234553758923 __DUMMY__ 0.041206381438299494	false	1.0
fehlverhalten	neg 1.0		neg 0.5856730981196828 off 0.37295568846257043 __DUMMY__ 0.041371213417746806	false	1.0
eine			neg 0.5839481572108994 off 0.3742281071812467 __DUMMY__ 0.04182373560785385	false	0.0
nille	neg 1.0		neg 0.5813507927288651 off 0.37736917118820623 __DUMMY__ 0.041280036082928656	false	1.0
qual	neg 1.0		neg 0.5791278424731836 off 0.3792627674046275 __DUMMY__ 0.04160939012218895	false	1.0
verschwenden	neg 1.0		neg 0.5833744674766171 off 0.3750025967146101 __DUMMY__ 0.041622935808772805	false	1.0
riesig	neg 1.0		neg 0.5806376488007859 off 0.3778184227409767 __DUMMY__ 0.041543928458237414	false	1.0
verurteilen	neg 1.0		neg 0.584727889716155 off 0.3740375831821499 __DUMMY__ 0.04123452710169518	false	1.0
klischee	neg 1.0	neg 1.0	neg 0.7775911423809595 off 0.2027235606597852 __DUMMY__ 0.019685296959255312	false	1.0
diktatorisch	neg 1.0		neg 0.5834921630152804 off 0.37565677756186344 __DUMMY__ 0.04085105942285609	false	1.0
vorhersehbar	neg 1.0		neg 0.5795330751221884 off 0.37921128369874973 __DUMMY__ 0.04125564117906188	false	1.0
sowie			neg 0.5698831778768277 off 0.3890969834343815 __DUMMY__ 0.04101983868879084	false	0.0
stornieren	neg 1.0		neg 0.5744284176918649 off 0.38380376857887466 __DUMMY__ 0.041767813729260556	false	1.0
besteuerung	neg 1.0		neg 0.5789752340421939 off 0.37964272109977293 __DUMMY__ 0.04138204485803331	false	1.0
ungeschminkt	neg 1.0		neg 0.5733939612731022 off 0.38521681802353747 __DUMMY__ 0.04138922070336049	false	1.0
kritisch	neg 1.0		neg 0.5853923998021396 off 0.37324806962169726 __DUMMY__ 0.041359530576163143	false	1.0
schlamperei	off 1.0		neg 0.5853625207862692 off 0.3733665269081529 __DUMMY__ 0.041270952305578035	false	0.5
sucht	neg 1.0	neg 1.0	neg 0.7752700355116963 off 0.20471801828241887 __DUMMY__ 0.020011946205884923	false	1.0
egoistisch	off 1.0		neg 0.5691170240821785 off 0.38964126188670606 __DUMMY__ 0.04124171403111539	false	0.5
ausbeuter	off 1.0		neg 0.5870113219514393 off 0.3717256358106136 __DUMMY__ 0.04126304223794704	false	0.5
arschgeburt	off 1.0		neg 0.5625347981353749 off 0.3966994263989031 __DUMMY__ 0.04076577546572198	false	0.5
schubs	neg 1.0	neg 1.0	neg 0.7784815891650746 off 0.2014901852450681 __DUMMY__ 0.02002822558985724	false	1.0
unsolide	neg 1.0		neg 0.5809912847262303 off 0.37835017905032203 __DUMMY__ 0.04065853622344752	false	1.0
beschwerde	neg 1.0		neg 0.5836332791633255 off 0.37501172067652583 __DUMMY__ 0.041355000160148696	false	1.0
stocken	neg 1.0		neg 0.5827206026287558 off 0.3757323995409512 __DUMMY__ 0.04154699783029293	false	1.0
isolieren	neg 1.0		neg 0.5790754207415391 off 0.37921352784478246 __DUMMY__ 0.04171105141367858	false	1.0
unheilbar	neg 1.0		neg 0.5802385235088542 off 0.37836817866695477 __DUMMY__ 0.04139329782419097	false	1.0
pisser	off 1.0		neg 0.5721476237243912 off 0.3867202247411856 __DUMMY__ 0.04113215153442321	false	0.5
löschen	neg 1.0		neg 0.5786098055211911 off 0.3799146572221179 __DUMMY__ 0.04147553725669093	false	1.0
durchfallen	neg 1.0		neg 0.5838394530106077 off 0.3746476449658361 __DUMMY__ 0.041512902023556106	false	1.0
wichser	off 1.0		neg 0.564184506304266 off 0.3946678889464142 __DUMMY__ 0.04114760474931968	false	0.5
terror	neg 1.0		neg 0.5736260188130754 off 0.3846760144990606 __DUMMY__ 0.04169796668786407	false	1.0
krass	neg 1.0		neg 0.5701379297921977 off 0.3884697246121875 __DUMMY__ 0.04139234559561481	false	1.0
revolte	neg 1.0	neg 1.0	neg 0.7793482811783692 off 0.2012056951036799 __DUMMY__ 0.019446023717950837	false	1.0
besorgt	neg 1.0		neg 0.5783746233346618 off 0.3796775073663771 __DUMMY__ 0.041947869298961014	false	1.0
nachlassen	neg 1.0		neg 0.5812980704754827 off 0.37705317760744833 __DUMMY__ 0.04164875191706894	false	1.0
alt	neg 1.0		neg 0.5817597123151709 off 0.37640195100212975 __DUMMY__ 0.04183833668269934	false	1.0
hundesohn	off 1.0		neg 0.5670426413830622 off 0.3920544509998952 __DUMMY__ 0.04090290761704254	false	0.5
als			neg 0.5809734987993467 off 0.377287501967083 __DUMMY__ 0.041738999233570176	false	0.0
abschreckung	neg 1.0		neg 0.587288227427657 off 0.3713416869489047 __DUMMY__ 0.04137008562343825	false	1.0
unqualifiziert	neg 1.0	neg 1.0	neg 0.7781177436541641 off 0.20218606504438855 __DUMMY__ 0.019696191301447348	false	1.0
abgewichst	off 1.0		neg 0.5813044903648414 off 0.37725541218788317 __DUMMY__ 0.0414400974472754	false	0.5
schwer	neg 1.0		neg 0.579496516327997 off 0.37884806097336127 __DUMMY__ 0.041655422698641704	false	1.0
bedeutungslosigkeit	neg 1.0		neg 0.5861305739461774 off 0.3724636688646371 __DUMMY__ 0.04140575718918541	false	1.0
kapitulation	neg 1.0		neg 0.586958859616663 off 0.3720471106847503 __DUMMY__ 0.040994029698586724	false	1.0
unscharf	neg 1.0		neg 0.5758167606798128 off 0.3826378565006945 __DUMMY__ 0.04154538281949269	false	1.0
schwinden	neg 1.0		neg 0.5850483318406826 off 0.3734525225435447 __DUMMY__ 0.04149914561577264	false	1.0
versklavung	neg 1.0	neg 1.0	neg 0.7800574947669651 off 0.2004052107018625 __DUMMY__ 0.019537294531172422	false	1.0
schlecht	neg 1.0		neg 0.5726666074692839 off 0.38578912165801543 __DUMMY__ 0.04154427087270068	false	1.0
verhasst	neg 1.0		neg 0.581297922621396 off 0.37741094731387803 __DUMMY__ 0.04129113006472584	false	1.0
beschweren	neg 1.0		neg 0.5775398477842237 off 0.3808725214875328 __DUMMY__ 0.04158763072824335	false	1.0
scheiden	neg 1.0		neg 0.5790581311814971 off 0.37926204405236924 __DUMMY__ 0.04167982476613371	false	1.0
frustriert	neg 1.0		neg 0.5810775553073977 off 0.3773239982686141 __DUMMY__ 0.041598446423988196	false	1.0
schimmelig	neg 1.0		neg 0.5832775886794781 off 0.37520108664785673 __DUMMY__ 0.04152132467266514	false	1.0
fisch	neg 1.0	neg 1.0	neg 0.7787420522714744 off 0.20126229240668422 __DUMMY__ 0.019995655321841277	false	1.0
schmuggel	neg 1.0		neg 0.5838168022003772 off 0.37446676272179924 __DUMMY__ 0.04171643507782353	false	1.0
auffallen	neg 1.0		neg 0.5771070346575256 off 0.38133099044108415 __DUMMY__ 0.04156197490139019	false	1.0
konkurrenz	neg 1.0		neg 0.5846212125915279 off 0.37364627188701793 __DUMMY__ 0.04173251552145418	false	1.0
teufelskreis	neg 1.0	neg 1.0	neg 0.7798339787406418 off 0.20039121694174233 __DUMMY__ 0.01977480431761591	false	1.0
aufschreien	neg 1.0		neg 0.5789105578174156 off 0.37974821506558615 __DUMMY__ 0.04134122711699812	false	1.0
schuldner	neg 1.0		neg 0.5858257002922117 off 0.37287812081499105 __DUMMY__ 0.04129617889279728	false	1.0
missgeburt	off 1.0	off 1.0	off 0.6775424173971111 neg 0.302878864186278 __DUMMY__ 0.01957871841661098	false	1.0
arbeitslos	neg 1.0		neg 0.5831232843844962 off 0.3754220872265556 __DUMMY__ 0.04145462838894812	false	1.0
befallen	neg 1.0		neg 0.5868786093902203 off 0.37216254954360306 __DUMMY__ 0.04095884106617667	false	1.0
miesepetrig	off 1.0		neg 0.5724885373694804 off 0.3859055195906581 __DUMMY__ 0.04160594303986172	false	0.5
alarmieren	neg 1.0		neg 0.5768500219958175 off 0.3820158315993613 __DUMMY__ 0.04113414640482123	false	1.0
ungeduscht	off 1.0		neg 0.5754582880779423 off 0.3829683415112732 __DUMMY__ 0.041573370410784544	false	0.5
knappheit	neg 1.0		neg 0.5835628480744807 off 0.3750932450928781 __DUMMY__ 0.041343906832641365	false	1.0
schlange	neg 1.0		neg 0.5759870544949814 off 0.3822194083214413 __DUMMY__ 0.04179353718357722	false	1.0
harsch	neg 1.0		neg 0.5658037226191461 off 0.392711785231686 __DUMMY__ 0.04148449214916779	false	1.0
lang	neg 1.0		neg 0.5780145749948769 off 0.3804446966925022 __DUMMY__ 0.041540728312620984	false	1.0
ziellos	neg 1.0		neg 0.5820149382239959 off 0.3763143365474704 __DUMMY__ 0.04167072522853372	false	1.0
selbstverliebt	neg 1.0		neg 0.5654663529013181 off 0.3937177859095725 __DUMMY__ 0.040815861189109424	false	1.0
beseitigen	neg 1.0		neg 0.5768200175663805 off 0.3814571000339058 __DUMMY__ 0.04172288239971378	false	1.0
dumm	off 1.0		neg 0.5689262315506698 off 0.3899201614637267 __DUMMY__ 0.04115360698560347	false	0.5
arbeitsloser	neg 1.0		neg 0.5836693643286969 off 0.3748253647482133 __DUMMY__ 0.04150527092308987	false	1.0
blitzen	neg 1.0		neg 0.5766219068499174 off 0.38202974477667406 __DUMMY__ 0.041348348373408464	false	1.0
hilflos	neg 1.0		neg 0.5814734440547239 off 0.37692128756925053 __DUMMY__ 0.04160526837602567	false	1.0
eklig	off 1.0		neg 0.5683245808288225 off 0.3905931648064152 __DUMMY__ 0.04108225436476237	false	0.5
begriff			neg 0.5820497205151107 off 0.37647680513490495 __DUMMY__ 0.04147347434998437	false	0.0
hungersnot	neg 1.0		neg 0.5846617271935168 off 0.3744047208543957 __DUMMY__ 0.040933551952087505	false	1.0
ungesetzlich	neg 1.0		neg 0.5813612259352284 off 0.3777098698324289 __DUMMY__ 0.04092890423234258	false	1.0
verschwendung	neg 1.0		neg 0.5849302938025658 off 0.37350049905831384 __DUMMY__ 0.04156920713912028	false	1.0
schmerzvoll	neg 1.0		neg 0.5773448841290547 off 0.38104656685459887 __DUMMY__ 0.0416085490163464	false	1.0
vorzeitig	neg 1.0		neg 0.5738578849502287 off 0.3847211173204823 __DUMMY__ 0.041420997729288984	false	1.0
unvollkommenheit	neg 1.0		neg 0.5796683216537365 off 0.3788367305418518 __DUMMY__ 0.04149494780441156	false	1.0
intervenieren	neg 1.0		neg 0.5870778612180525 off 0.3717274002760612 __DUMMY__ 0.041194738505886466	false	1.0
banause	off 1.0		neg 0.5665509011359197 off 0.3923798944637119 __DUMMY__ 0.041069204400368424	false	0.5
rebell	neg 1.0		neg 0.5848444615783882 off 0.3734772046846146 __DUMMY__ 0.04167833373699728	false	1.0
unlogisch	neg 1.0		neg 0.5721824002382916 off 0.3865453514560585 __DUMMY__ 0.04127224830564984	false	1.0
leiden	neg 1.0	neg 1.0	neg 0.7789291320687631 off 0.2008725308091509 __DUMMY__ 0.02019833712208605	false	1.0
abschaffung	neg 1.0		neg 0.5809178081751452 off 0.3778726457357957 __DUMMY__ 0.0412095460890593	false	1.0
sturz	neg 1.0		neg 0.5809379621935915 off 0.3779343308509465 __DUMMY__ 0.04112770695546214	false	1.0
verkleinerung	neg 1.0		neg 0.5779557738510488 off 0.38094619981610484 __DUMMY__ 0.04109802633284654	false	1.0
schmarotzer	off 1.0		neg 0.5847569616499863 off 0.3739252369838923 __DUMMY__ 0.0413178013661216	false	0.5
bestrafung	neg 1.0		neg 0.5790352077263753 off 0.379518638393384 __DUMMY__ 0.041446153880240755	false	1.0
achtlos	neg 1.0		neg 0.5784770916237022 off 0.37974998483049327 __DUMMY__ 0.041772923545804565	false	1.0
ungeheuer	neg 1.0		neg 0.5772400419321755 off 0.38126887261297737 __DUMMY__ 0.041491085454847046	false	1.0
unaufrichtig	neg 1.0		neg 0.5795480870639281 off 0.37937506703933643 __DUMMY__ 0.0410768458967354	false	1.0
groggy	neg 1.0		neg 0.5764535394269145 off 0.3821570513149456 __DUMMY__ 0.041389409258139914	false	1.0
verletzlich	neg 1.0		neg 0.5732018469278196 off 0.38536459769656006 __DUMMY__ 0.041433555375620386	false	1.0
