unsolidarisch	neg 1.0		neg 0.6047699592005508 off 0.388256667920314 __DUMMY__ 0.0069733728791352406	false	1.0
nachteilig	neg 1.0		neg 0.6039531749091568 off 0.38896436520416616 __DUMMY__ 0.007082459886676998	false	1.0
skeptisch	neg 1.0		neg 0.6062098305999866 off 0.38668188667904146 __DUMMY__ 0.007108282720972052	false	1.0
schrecklich	neg 1.0		neg 0.5909483267727321 off 0.40198553014049304 __DUMMY__ 0.0070661430867746825	false	1.0
schlapp	neg 1.0		neg 0.5938493479120639 off 0.39903097000342286 __DUMMY__ 0.007119682084513172	false	1.0
abfall	neg 1.0		neg 0.6080039734767323 off 0.38488203898709783 __DUMMY__ 0.00711398753616981	false	1.0
widerspenstig	neg 1.0		neg 0.599241507446673 off 0.39363018858286253 __DUMMY__ 0.007128303970464474	false	1.0
abrupt	neg 1.0		neg 0.6003565098007948 off 0.3925016164506518 __DUMMY__ 0.007141873748553423	false	1.0
unwirksam	neg 1.0		neg 0.6022056147689594 off 0.39077500158601675 __DUMMY__ 0.007019383645023814	false	1.0
angreifen	neg 1.0		neg 0.6058030486658639 off 0.387116334579134 __DUMMY__ 0.007080616755002109	false	1.0
inkonsistent	neg 1.0		neg 0.5994329633100738 off 0.3935183863999482 __DUMMY__ 0.007048650289978001	false	1.0
abrutschen	neg 1.0		neg 0.6070525902005026 off 0.38581561853697477 __DUMMY__ 0.007131791262522811	false	1.0
unsicher	neg 1.0		neg 0.6000402598553335 off 0.3928531426360966 __DUMMY__ 0.007106597508569882	false	1.0
bauernkind	off 1.0		neg 0.5891996585974273 off 0.4037964575423413 __DUMMY__ 0.007003883860231275	false	0.5
angreifer	neg 1.0		neg 0.5990857867941862 off 0.3938851546849523 __DUMMY__ 0.007029058520861546	false	1.0
trennen	neg 1.0		neg 0.6024254861049827 off 0.39040145997632536 __DUMMY__ 0.007173053918692067	false	1.0
schmutz	neg 1.0		neg 0.5913120969599651 off 0.401535271382761 __DUMMY__ 0.007152631657273717	false	1.0
inkonsistenz	neg 1.0	neg 1.0	neg 0.7874117209609857 off 0.2092314907484251 __DUMMY__ 0.003356788290589277	false	1.0
erschreckend	neg 1.0		neg 0.6024813635762253 off 0.39043584029339273 __DUMMY__ 0.007082796130381923	false	1.0
ertrinken	neg 1.0		neg 0.6029996740592348 off 0.389870968401111 __DUMMY__ 0.007129357539654102	false	1.0
pickelface	off 1.0		neg 0.6008855139816817 off 0.3920624275617626 __DUMMY__ 0.007052058456555624	false	0.5
seiner			neg 0.6046327653560631 off 0.388257108580664 __DUMMY__ 0.007110126063272825	false	0.0
lauch	neg 1.0		neg 0.6066137586152083 off 0.3862815214052249 __DUMMY__ 0.00710471997956674	false	1.0
unwichtig	neg 1.0		neg 0.5961191387153776 off 0.39681208294626313 __DUMMY__ 0.007068778338359338	false	1.0
steuerhinterziehung	neg 1.0		neg 0.6043597314220314 off 0.38862406752711703 __DUMMY__ 0.007016201050851527	false	1.0
schock	neg 1.0		neg 0.6004854826947819 off 0.392373549525252 __DUMMY__ 0.007140967779966156	false	1.0
beule	neg 1.0		neg 0.5925478306867998 off 0.40034123028259144 __DUMMY__ 0.0071109390306086095	false	1.0
vergelten	neg 1.0		neg 0.5908305293062112 off 0.40214505859792954 __DUMMY__ 0.007024412095859339	false	1.0
verdorbenheit	neg 1.0	neg 1.0	neg 0.7866654214890795 off 0.20993418500985506 __DUMMY__ 0.0034003935010653843	false	1.0
trauma	neg 1.0		neg 0.5986438686083747 off 0.3942743042173649 __DUMMY__ 0.007081827174260485	false	1.0
sinnlos	neg 1.0		neg 0.5981590606221614 off 0.3947534945907993 __DUMMY__ 0.0070874447870393625	false	1.0
fettsack	off 1.0	off 1.0	off 0.6836780304645076 neg 0.3129801717404801 __DUMMY__ 0.0033417977950123677	false	1.0
feige	off 1.0		neg 0.5975803745014857 off 0.3953752497915284 __DUMMY__ 0.007044375706985838	false	0.5
abdanken	neg 1.0		neg 0.6050142143096405 off 0.3879901111293572 __DUMMY__ 0.006995674561002244	false	1.0
wichtigtuer	off 1.0	off 1.0	off 0.6782854274198729 neg 0.31835797688978107 __DUMMY__ 0.003356595690346106	false	1.0
misslingen	neg 1.0		neg 0.5963742023973385 off 0.3964991408503073 __DUMMY__ 0.007126656752354238	false	1.0
untreu	off 1.0		neg 0.5948655115179322 off 0.3980597837405696 __DUMMY__ 0.007074704741498249	false	0.5
missmutig	neg 1.0		neg 0.5949390001341308 off 0.3979483956034001 __DUMMY__ 0.007112604262469105	false	1.0
hurenbock	off 1.0		neg 0.5965132450023236 off 0.39635127597496633 __DUMMY__ 0.0071354790227100865	false	0.5
betrunken	neg 1.0		neg 0.5916861816644066 off 0.40121035346842154 __DUMMY__ 0.007103464867172119	false	1.0
korrupt	off 1.0		neg 0.6068114992952747 off 0.3861866424047036 __DUMMY__ 0.007001858300021785	false	0.5
unmut	neg 1.0		neg 0.6076898849854875 off 0.3852118336872916 __DUMMY__ 0.00709828132722079	false	1.0
hackfresse	off 1.0		neg 0.5878944373975616 off 0.40506461607111505 __DUMMY__ 0.0070409465313233405	false	0.5
aufblasen	neg 1.0		neg 0.5972315113969765 off 0.39563861045014176 __DUMMY__ 0.007129878152881604	false	1.0
gewaltsam	neg 1.0		neg 0.6019224854802068 off 0.39105530356905654 __DUMMY__ 0.007022210950736679	false	1.0
unbeliebtheit	neg 1.0		neg 0.598850411756216 off 0.39421138476813167 __DUMMY__ 0.006938203475652274	false	1.0
sturheit	neg 1.0		neg 0.6040062737272328 off 0.3889493627215377 __DUMMY__ 0.007044363551229537	false	1.0
kuh	neg 1.0		neg 0.5992152711184519 off 0.39372120980069136 __DUMMY__ 0.007063519080856734	false	1.0
erschrecken	neg 1.0		neg 0.5955798752207291 off 0.39731386417706344 __DUMMY__ 0.007106260602207492	false	1.0
opfer	neg 1.0	neg 1.0	neg 0.790894603770167 off 0.20572818096507103 __DUMMY__ 0.0033772152647619717	false	1.0
sinken	neg 1.0		neg 0.606558049603172 off 0.3863397869802182 __DUMMY__ 0.0071021634166099105	false	1.0
stinktier	neg 1.0		neg 0.5919027967994488 off 0.40106843346291826 __DUMMY__ 0.007028769737632944	false	1.0
tucke	off 1.0		neg 0.5871559052634077 off 0.40580176743724067 __DUMMY__ 0.007042327299351631	false	0.5
ein			neg 0.5968012513224445 off 0.39603935850651634 __DUMMY__ 0.007159390171039173	false	0.0
abstieg	neg 1.0		neg 0.6036916298023749 off 0.38924876850793844 __DUMMY__ 0.007059601689686855	false	1.0
missverstehen	neg 1.0		neg 0.5998555613523693 off 0.3930933053054029 __DUMMY__ 0.007051133342228001	false	1.0
ergebnislos	neg 1.0		neg 0.6037774865251186 off 0.38915033927320053 __DUMMY__ 0.007072174201680806	false	1.0
unter			neg 0.6081955068899044 off 0.3845992841015793 __DUMMY__ 0.007205209008516291	false	0.0
manipulieren	neg 1.0		neg 0.6064761991509318 off 0.3864512599262821 __DUMMY__ 0.007072540922786175	false	1.0
unbewiesen	neg 1.0		neg 0.6056546467335292 off 0.3873846484089137 __DUMMY__ 0.006960704857557214	false	1.0
verschleppen	neg 1.0		neg 0.6048982576089148 off 0.38804788868096507 __DUMMY__ 0.007053853710120173	false	1.0
weib	off 1.0		neg 0.5866096856450342 off 0.40635892751917313 __DUMMY__ 0.00703138683579255	false	0.5
opposition	neg 1.0		neg 0.6013463289154303 off 0.3916423144028481 __DUMMY__ 0.007011356681721672	false	1.0
verkehrswidrig	neg 1.0		neg 0.588379577228899 off 0.4045413006241154 __DUMMY__ 0.007079122146985586	false	1.0
inkorrekt	neg 1.0		neg 0.5981057358560636 off 0.3949054377025965 __DUMMY__ 0.00698882644133983	false	1.0
vermeiden	neg 1.0		neg 0.607299465994053 off 0.38554116036598746 __DUMMY__ 0.007159373639959362	false	1.0
abweichung	neg 1.0		neg 0.6068669700503783 off 0.38612843315155965 __DUMMY__ 0.007004596798062115	false	1.0
alkoholisiert	neg 1.0		neg 0.6016837208862131 off 0.39119693373998254 __DUMMY__ 0.0071193453738043816	false	1.0
scheiss	off 1.0	off 1.0	off 0.6820501687127088 neg 0.3145761654324468 __DUMMY__ 0.003373665854844416	false	1.0
herausforderung	neg 1.0		neg 0.5999742443399944 off 0.3928560484887314 __DUMMY__ 0.0071697071712741745	false	1.0
pervers	off 1.0		neg 0.5837900101957642 off 0.4091891408842587 __DUMMY__ 0.007020848919977198	false	0.5
wackelig	neg 1.0		neg 0.5994925003961257 off 0.3933285609223754 __DUMMY__ 0.007178938681498957	false	1.0
verwickeln	neg 1.0		neg 0.5995841808046652 off 0.39334968380860114 __DUMMY__ 0.007066135386733617	false	1.0
vorwand	neg 1.0		neg 0.6074340725900388 off 0.38548427682026853 __DUMMY__ 0.0070816505896926915	false	1.0
muschi	off 1.0		neg 0.6011536966824081 off 0.3917887064468945 __DUMMY__ 0.00705759687069731	false	0.5
entmutigung	neg 1.0		neg 0.6038309218121398 off 0.38923316601516866 __DUMMY__ 0.006935912172691561	false	1.0
unangemessen	neg 1.0		neg 0.6051697352100657 off 0.3877833756288301 __DUMMY__ 0.007046889161104267	false	1.0
unstetig	neg 1.0		neg 0.5977574732441021 off 0.3951982785394185 __DUMMY__ 0.007044248216479289	false	1.0
entmutigen	neg 1.0		neg 0.5990702526357438 off 0.3938332042294949 __DUMMY__ 0.007096543134761423	false	1.0
schwanz	neg 1.0		neg 0.6028567370680802 off 0.3900616952437549 __DUMMY__ 0.0070815676881649265	false	1.0
verbot	neg 1.0		neg 0.6055849367731035 off 0.38740110461608274 __DUMMY__ 0.007013958610813628	false	1.0
leid	neg 1.0		neg 0.5899044188193914 off 0.403048347645953 __DUMMY__ 0.007047233534655589	false	1.0
archaisch	neg 1.0		neg 0.6039340344245444 off 0.38900583114443427 __DUMMY__ 0.007060134431021207	false	1.0
gegen			neg 0.6067794337031461 off 0.3861390937001978 __DUMMY__ 0.007081472596656204	false	0.0
scheidung	neg 1.0	neg 1.0	neg 0.7748862115072379 off 0.22177213764547796 __DUMMY__ 0.003341650847284206	false	1.0
einschlag	neg 1.0		neg 0.5904005880772606 off 0.40255110233418967 __DUMMY__ 0.007048309588549783	false	1.0
m			neg 0.6005547578344498 off 0.39232372170328234 __DUMMY__ 0.007121520462267818	false	0.0
abgestanden	neg 1.0		neg 0.5991828105417027 off 0.39370197914488697 __DUMMY__ 0.007115210313410262	false	1.0
schmierig	off 1.0		neg 0.5904947459300421 off 0.4024401312912217 __DUMMY__ 0.007065122778736222	false	0.5
unpraktisch	neg 1.0		neg 0.5970327844170863 off 0.39583185151958156 __DUMMY__ 0.007135364063332151	false	1.0
wixxer	off 1.0		neg 0.5846082966602804 off 0.4083945841306173 __DUMMY__ 0.006997119209102437	false	0.5
bezeichnet			neg 0.6028325950179418 off 0.39011092246824863 __DUMMY__ 0.0070564825138095975	false	0.0
jammerlappen	off 1.0		neg 0.5955342966970938 off 0.3973842005247867 __DUMMY__ 0.007081502778119593	false	0.5
farce	neg 1.0		neg 0.606896579511368 off 0.3861322162204964 __DUMMY__ 0.00697120426813551	false	1.0
zwecklos	neg 1.0		neg 0.604828923240763 off 0.3881066743966094 __DUMMY__ 0.007064402362627606	false	1.0
turbulent	neg 1.0		neg 0.593112833914622 off 0.3998600319986783 __DUMMY__ 0.007027134086699602	false	1.0
invasion	neg 1.0		neg 0.5957459076159479 off 0.3971464689404545 __DUMMY__ 0.007107623443597442	false	1.0
schuld	neg 1.0		neg 0.6003140835372714 off 0.39261101952000993 __DUMMY__ 0.00707489694271871	false	1.0
risiko	neg 1.0		neg 0.5951037761470481 off 0.3977775418532644 __DUMMY__ 0.007118681999687421	false	1.0
finster	neg 1.0		neg 0.5975708281584599 off 0.395286147095408 __DUMMY__ 0.007143024746132259	false	1.0
geisteskrank	off 1.0		neg 0.5962741272382419 off 0.3967071172770949 __DUMMY__ 0.007018755484663086	false	0.5
zusammenbrechen	neg 1.0		neg 0.6014652134227123 off 0.39142227082547937 __DUMMY__ 0.007112515751808377	false	1.0
ausbeute	neg 1.0		neg 0.6007423157118338 off 0.39210477064909194 __DUMMY__ 0.007152913639074317	false	1.0
hinterhalt	neg 1.0		neg 0.599525299234666 off 0.39339764404784916 __DUMMY__ 0.007077056717484776	false	1.0
kritik	neg 1.0		neg 0.6060749214723719 off 0.3869342555252461 __DUMMY__ 0.006990823002382261	false	1.0
einschrumpfen	neg 1.0		neg 0.5995051056260093 off 0.3934960390803619 __DUMMY__ 0.006998855293628584	false	1.0
riskant	neg 1.0		neg 0.6047446368653742 off 0.3881555727117086 __DUMMY__ 0.0070997904229172385	false	1.0
frustrieren	neg 1.0		neg 0.6051771845033609 off 0.38773221266081725 __DUMMY__ 0.0070906028358219166	false	1.0
groll	neg 1.0		neg 0.6044356552057221 off 0.3884964345792867 __DUMMY__ 0.007067910214991311	false	1.0
gibt			neg 0.6025098444816067 off 0.39039165614053395 __DUMMY__ 0.007098499377859272	false	0.0
qualvoll	neg 1.0		neg 0.5966734075842254 off 0.396213926185029 __DUMMY__ 0.007112666230745505	false	1.0
wackeln	neg 1.0		neg 0.5970382637212182 off 0.39581089803701264 __DUMMY__ 0.007150838241769081	false	1.0
klagen	neg 1.0		neg 0.608318590104735 off 0.38461659685810196 __DUMMY__ 0.007064813037163084	false	1.0
bankrott	neg 1.0		neg 0.5938209836262063 off 0.39907295937126097 __DUMMY__ 0.0071060570025327585	false	1.0
trauern	neg 1.0		neg 0.6044167178765467 off 0.3884841087208029 __DUMMY__ 0.007099173402650489	false	1.0
ablehnung	neg 1.0	neg 1.0	neg 0.7912471278790926 off 0.20541808787966223 __DUMMY__ 0.0033347842412450777	false	1.0
stur	neg 1.0		neg 0.5996771839883075 off 0.3932439243275411 __DUMMY__ 0.0070788916841514945	false	1.0
aufruhr	neg 1.0		neg 0.6026927821360555 off 0.390289106791656 __DUMMY__ 0.007018111072288529	false	1.0
melancholie	neg 1.0		neg 0.6000929288218875 off 0.39274638475363 __DUMMY__ 0.007160686424482318	false	1.0
ist			neg 0.5989262527992157 off 0.393985990555619 __DUMMY__ 0.007087756645165179	false	0.0
torheit	neg 1.0		neg 0.6029387997794736 off 0.3900637393488489 __DUMMY__ 0.0069974608716773	false	1.0
dreckskind	off 1.0		neg 0.5914828024314458 off 0.40153339542779903 __DUMMY__ 0.0069838021407551895	false	0.5
umtauschen	neg 1.0		neg 0.5988363506781381 off 0.39402746872472394 __DUMMY__ 0.007136180597137962	false	1.0
zum			neg 0.6038541877418246 off 0.3889255681874354 __DUMMY__ 0.007220244070739996	false	0.0
zersetzen	neg 1.0		neg 0.6070956760921503 off 0.3858320679976114 __DUMMY__ 0.007072255910238343	false	1.0
zur			neg 0.6079457520548693 off 0.384921308730745 __DUMMY__ 0.007132939214385592	false	0.0
frust	neg 1.0		neg 0.6017013954760966 off 0.3911861841605739 __DUMMY__ 0.007112420363329622	false	1.0
unerbittlichkeit	neg 1.0		neg 0.606205948083077 off 0.3867262723237913 __DUMMY__ 0.007067779593131729	false	1.0
zwei			neg 0.6032227027086834 off 0.3895878638844587 __DUMMY__ 0.007189433406857839	false	0.0
unkorrekt	neg 1.0		neg 0.5962019258453376 off 0.39678883721152636 __DUMMY__ 0.007009236943136101	false	1.0
hexe	off 1.0		neg 0.594685763253264 off 0.3982363836709464 __DUMMY__ 0.007077853075789499	false	0.5
lasch	neg 1.0		neg 0.5985644604931327 off 0.3943879751292605 __DUMMY__ 0.0070475643776068695	false	1.0
rivale	neg 1.0		neg 0.5915973679056853 off 0.4013647622398443 __DUMMY__ 0.007037869854470456	false	1.0
mutlos	off 1.0	off 1.0	off 0.6750515403989936 neg 0.32159360682640425 __DUMMY__ 0.0033548527746019895	false	1.0
wirr	off 1.0		neg 0.5942971574173342 off 0.3986937692270625 __DUMMY__ 0.007009073355603253	false	0.5
jahr			neg 0.6013749201286054 off 0.3914555343057292 __DUMMY__ 0.00716954556566544	false	0.0
wird			neg 0.603642684750507 off 0.38925106520129626 __DUMMY__ 0.007106250048196654	false	0.0
strafbar	neg 1.0		neg 0.6069112919093448 off 0.38604627092754734 __DUMMY__ 0.007042437163107795	false	1.0
erosion	neg 1.0		neg 0.59700497391284 off 0.39587246617020205 __DUMMY__ 0.0071225599169578695	false	1.0
eingehen	neg 1.0		neg 0.6046692554397378 off 0.38825385925889455 __DUMMY__ 0.007076885301367566	false	1.0
faul	off 1.0		neg 0.5939985826966495 off 0.3988793295588425 __DUMMY__ 0.007122087744508131	false	0.5
provisorium	neg 1.0		neg 0.6098604967252748 off 0.38295875028222254 __DUMMY__ 0.007180752992502812	false	1.0
schmerzen	neg 1.0		neg 0.6001504800261137 off 0.39272219271946673 __DUMMY__ 0.007127327254419577	false	1.0
schrumpfen	neg 1.0		neg 0.6088438584518382 off 0.38403003976872957 __DUMMY__ 0.007126101779432368	false	1.0
geistlos	off 1.0		neg 0.6024456784874466 off 0.39058346768940655 __DUMMY__ 0.006970853823146715	false	0.5
fehlkauf	neg 1.0		neg 0.598368144907329 off 0.3945765291510314 __DUMMY__ 0.007055325941639453	false	1.0
frustrierend	neg 1.0	neg 1.0	neg 0.7863904710231053 off 0.21022973140146506 __DUMMY__ 0.003379797575429571	false	1.0
unzufrieden	neg 1.0		neg 0.6038707085114858 off 0.3890445494593914 __DUMMY__ 0.0070847420291228	false	1.0
verzweifeln	neg 1.0		neg 0.6005804218148029 off 0.3923095010327982 __DUMMY__ 0.007110077152398826	false	1.0
verzweifelt	neg 1.0		neg 0.5992159267863217 off 0.39369386184949207 __DUMMY__ 0.007090211364186223	false	1.0
misstrauensantrag	neg 1.0		neg 0.5987158937505203 off 0.39423823787660656 __DUMMY__ 0.007045868372873167	false	1.0
abfallen	neg 1.0		neg 0.5965270852819868 off 0.3963146189232745 __DUMMY__ 0.007158295794738567	false	1.0
fucker	off 1.0		neg 0.5927907642567659 off 0.400162727573304 __DUMMY__ 0.007046508169930201	false	0.5
ungezogen	neg 1.0		neg 0.5855418642182121 off 0.4074087927381721 __DUMMY__ 0.00704934304361583	false	1.0
irrsinnig	neg 1.0	neg 1.0	neg 0.7885138827615432 off 0.20811583706358291 __DUMMY__ 0.0033702801748738734	false	1.0
unfassbar	neg 1.0		neg 0.5951618574971823 off 0.3977618677866364 __DUMMY__ 0.007076274716181316	false	1.0
hart	neg 1.0		neg 0.5962577833222308 off 0.3967009165298869 __DUMMY__ 0.007041300147882181	false	1.0
widerlich	off 1.0		neg 0.5954945083561434 off 0.39745980030698674 __DUMMY__ 0.007045691336869928	false	0.5
fatal	neg 1.0		neg 0.5980640482588668 off 0.3948706956389684 __DUMMY__ 0.007065256102164612	false	1.0
bruch	neg 1.0		neg 0.609124811530714 off 0.3838179071423068 __DUMMY__ 0.007057281326979137	false	1.0
aushungern	neg 1.0		neg 0.6038208718751984 off 0.38917296225046516 __DUMMY__ 0.007006165874336449	false	1.0
anspannung	neg 1.0		neg 0.606051194112993 off 0.38679768137811976 __DUMMY__ 0.007151124508887265	false	1.0
von			neg 0.6024450241267345 off 0.390384823360143 __DUMMY__ 0.007170152513122464	false	0.0
kraftlos	neg 1.0		neg 0.6009019392665672 off 0.3919400230878744 __DUMMY__ 0.007158037645558451	false	1.0
vom			neg 0.6071085754845715 off 0.38568277088257535 __DUMMY__ 0.00720865363285316	false	0.0
grenzdebil	off 1.0		neg 0.5934531734153805 off 0.39946205844943916 __DUMMY__ 0.007084768135180364	false	0.5
vor			neg 0.6051303331143267 off 0.38772670636276896 __DUMMY__ 0.007142960522904407	false	0.0
unterwerfen	neg 1.0		neg 0.6054824935405705 off 0.38744927170406773 __DUMMY__ 0.007068234755361784	false	1.0
versenkung	neg 1.0		neg 0.6051162328401146 off 0.387793417582103 __DUMMY__ 0.007090349577782415	false	1.0
entziehen	neg 1.0		neg 0.6076967901602446 off 0.38521302234790356 __DUMMY__ 0.007090187491851852	false	1.0
finanzkrise	neg 1.0		neg 0.6042565065142577 off 0.3887405955613068 __DUMMY__ 0.00700289792443562	false	1.0
schimpfend	neg 1.0		neg 0.5947216408245265 off 0.3981030713233274 __DUMMY__ 0.007175287852146207	false	1.0
profan	neg 1.0		neg 0.5977455075638927 off 0.39515906372658766 __DUMMY__ 0.0070954287095197155	false	1.0
korruption	neg 1.0		neg 0.6062958125462201 off 0.3866950045567462 __DUMMY__ 0.007009182897033742	false	1.0
â			neg 0.6019766154086686 off 0.39090938059083563 __DUMMY__ 0.0071140040004957945	false	0.0
schmutzig	neg 1.0		neg 0.592374156267447 off 0.4005036341718267 __DUMMY__ 0.007122209560726218	false	1.0
sexy	neg 1.0		neg 0.5953346128984559 off 0.3975767711044025 __DUMMY__ 0.007088615997141542	false	1.0
abraten	neg 1.0		neg 0.5981572484556336 off 0.39473217355256385 __DUMMY__ 0.007110577991802616	false	1.0
schwarz	neg 1.0		neg 0.5986555135638293 off 0.39426979971316406 __DUMMY__ 0.007074686723006605	false	1.0
fotze	off 1.0		neg 0.6032239331384924 off 0.3897147387988329 __DUMMY__ 0.007061328062674546	false	0.5
verwirren	neg 1.0		neg 0.5969868857668948 off 0.39592182647916624 __DUMMY__ 0.00709128775393891	false	1.0
zahnlos	off 1.0		neg 0.6043784446622436 off 0.38855708982734327 __DUMMY__ 0.007064465510413309	false	0.5
verheeren	neg 1.0		neg 0.5865991866789337 off 0.4064291551972436 __DUMMY__ 0.006971658123822585	false	1.0
hippie	neg 1.0		neg 0.5959729682425688 off 0.39694633484148395 __DUMMY__ 0.007080696915947221	false	1.0
rammen	neg 1.0		neg 0.5964755286175741 off 0.39642705596712946 __DUMMY__ 0.007097415415296532	false	1.0
unlauter	neg 1.0	neg 1.0	neg 0.7881005555424136 off 0.20854790716967597 __DUMMY__ 0.003351537287910366	false	1.0
unheilvoll	neg 1.0		neg 0.5974128757885286 off 0.3954813803807849 __DUMMY__ 0.007105743830686497	false	1.0
niedrig	neg 1.0		neg 0.60364664447851 off 0.389268470288286 __DUMMY__ 0.007084885233204196	false	1.0
explosion	neg 1.0		neg 0.5958740776182593 off 0.39702881372323795 __DUMMY__ 0.0070971086585029115	false	1.0
weichei	off 1.0		neg 0.5891504871334245 off 0.4038056943762248 __DUMMY__ 0.007043818490350782	false	0.5
minusmensch	off 1.0		neg 0.5872617979771247 off 0.4057776082415626 __DUMMY__ 0.006960593781312794	false	0.5
farblos	neg 1.0		neg 0.6003952139360257 off 0.3925449702222224 __DUMMY__ 0.0070598158417519465	false	1.0
unwissend	neg 1.0	neg 1.0	neg 0.7861431000332803 off 0.21049503529818556 __DUMMY__ 0.003361864668534249	false	1.0
traurig	neg 1.0		neg 0.5913821239406327 off 0.4015333103638981 __DUMMY__ 0.007084565695469194	false	1.0
senkung	neg 1.0		neg 0.5977063170857905 off 0.395235188253507 __DUMMY__ 0.0070584946607024635	false	1.0
ungleich	neg 1.0	neg 1.0	neg 0.7915647710846768 off 0.20507150566010926 __DUMMY__ 0.0033637232552138855	false	1.0
heikel	neg 1.0		neg 0.6063757627214563 off 0.3865359610998098 __DUMMY__ 0.007088276178733952	false	1.0
drosselung	neg 1.0		neg 0.5906982239587639 off 0.4022139094015607 __DUMMY__ 0.007087866639675303	false	1.0
falsch	neg 1.0		neg 0.5965309137353063 off 0.396393492471899 __DUMMY__ 0.007075593792794671	false	1.0
unzufriedenheit	neg 1.0		neg 0.6069942317119801 off 0.3859266177865305 __DUMMY__ 0.007079150501489399	false	1.0
kurz	neg 1.0		neg 0.5997855905134458 off 0.39306269143932254 __DUMMY__ 0.00715171804723165	false	1.0
unsinnig	neg 1.0		neg 0.6034853608832811 off 0.389435149898219 __DUMMY__ 0.007079489218500026	false	1.0
penner	off 1.0	off 1.0	off 0.68545189035522 neg 0.3111893721032507 __DUMMY__ 0.0033587375415291766	false	1.0
seicht	neg 1.0		neg 0.5885656618180645 off 0.40444188628210265 __DUMMY__ 0.006992451899832936	false	1.0
dummheit	off 1.0	off 1.0	off 0.678725291971752 neg 0.31791856240965505 __DUMMY__ 0.003356145618592838	false	1.0
unerfreulich	neg 1.0		neg 0.6061447669795235 off 0.3867466057746794 __DUMMY__ 0.007108627245797065	false	1.0
motherfucker	off 1.0	off 1.0	off 0.6821721400069498 neg 0.3144736223391018 __DUMMY__ 0.003354237653948344	false	1.0
pikiert	neg 1.0		neg 0.5966516639283743 off 0.39629518889372894 __DUMMY__ 0.007053147177896816	false	1.0
wrack	neg 1.0		neg 0.6019037895244793 off 0.39098696165969743 __DUMMY__ 0.007109248815823285	false	1.0
gangster	neg 1.0		neg 0.5970145854584319 off 0.3959062570513585 __DUMMY__ 0.007079157490209553	false	1.0
krank	neg 1.0		neg 0.5919915718460853 off 0.40089027256852877 __DUMMY__ 0.00711815558538584	false	1.0
reich	neg 1.0		neg 0.5986628670877848 off 0.39436697138069304 __DUMMY__ 0.006970161531522237	false	1.0
gnadenlos	neg 1.0		neg 0.5993955916926824 off 0.3935139863753171 __DUMMY__ 0.007090421932000504	false	1.0
niedergeschlagen	neg 1.0		neg 0.6013843497747846 off 0.3915045659482938 __DUMMY__ 0.00711108427692154	false	1.0
terrorisieren	off 1.0	off 1.0	off 0.675795811289406 neg 0.320825972668683 __DUMMY__ 0.0033782160419110127	false	1.0
sinnlosigkeit	neg 1.0		neg 0.6040406715308713 off 0.3888886272661325 __DUMMY__ 0.0070707012029961975	false	1.0
behindern	neg 1.0		neg 0.5993001629458463 off 0.39358161309463124 __DUMMY__ 0.007118223959522306	false	1.0
undemokratisch	neg 1.0		neg 0.6029312903623633 off 0.39007615206011736 __DUMMY__ 0.006992557577519473	false	1.0
wirtschaftskrise	neg 1.0		neg 0.6051388699265388 off 0.3878257217029251 __DUMMY__ 0.007035408370536249	false	1.0
neid	neg 1.0		neg 0.5950135237864315 off 0.39786697868815446 __DUMMY__ 0.007119497525414024	false	1.0
rutschen	neg 1.0		neg 0.6035709146119494 off 0.3892061578324303 __DUMMY__ 0.007222927555620201	false	1.0
rezession	neg 1.0		neg 0.5934875360304789 off 0.39953127460785165 __DUMMY__ 0.006981189361669455	false	1.0
fehlgeburt	neg 1.0		neg 0.5996916508182871 off 0.39322337187624584 __DUMMY__ 0.007084977305467091	false	1.0
charakterschwach	off 1.0		neg 0.5954935997039318 off 0.3974562775075897 __DUMMY__ 0.0070501227884786485	false	0.5
isolation	neg 1.0		neg 0.5939061469969168 off 0.39900088482586926 __DUMMY__ 0.00709296817721401	false	1.0
ablenkung	neg 1.0		neg 0.5987712667064826 off 0.39410575134158854 __DUMMY__ 0.007122981951928834	false	1.0
pech	neg 1.0		neg 0.5961204035642659 off 0.39677687308501525 __DUMMY__ 0.007102723350718825	false	1.0
vermeidung	neg 1.0		neg 0.5915502561016681 off 0.4013481254935538 __DUMMY__ 0.007101618404778044	false	1.0
dominieren	neg 1.0		neg 0.6017555618903957 off 0.39115435180416386 __DUMMY__ 0.0070900863054405155	false	1.0
schwindlig	neg 1.0		neg 0.5949349074431205 off 0.39792584780853163 __DUMMY__ 0.007139244748348039	false	1.0
lutscher	neg 1.0		neg 0.5868456921035005 off 0.4061487826941789 __DUMMY__ 0.007005525202320719	false	1.0
pflicht	neg 1.0		neg 0.6065866996626883 off 0.38632572991550357 __DUMMY__ 0.007087570421808133	false	1.0
faschist	off 1.0		neg 0.6015100982953547 off 0.39149358574174886 __DUMMY__ 0.006996315962896282	false	0.5
verschleudern	neg 1.0		neg 0.6054392665828201 off 0.38751601456443097 __DUMMY__ 0.007044718852748925	false	1.0
wenn			neg 0.5960318966306896 off 0.39688172622491735 __DUMMY__ 0.007086377144392966	false	0.0
ehebruch	neg 1.0		neg 0.6060753256656528 off 0.38687946949438373 __DUMMY__ 0.007045204839963444	false	1.0
spott	off 1.0		neg 0.606281269235399 off 0.3866623136145089 __DUMMY__ 0.00705641715009213	false	0.5
trostlosigkeit	neg 1.0		neg 0.6088868242377523 off 0.3840838607023071 __DUMMY__ 0.0070293150599406995	false	1.0
lutschen	neg 1.0		neg 0.5971342091178781 off 0.3958313617457469 __DUMMY__ 0.007034429136375079	false	1.0
undiszipliniert	neg 1.0		neg 0.5929785346414871 off 0.39995550102230515 __DUMMY__ 0.007065964336207775	false	1.0
kopfschmerz	neg 1.0		neg 0.6000033829085404 off 0.3928839488320122 __DUMMY__ 0.007112668259447453	false	1.0
unvorhergesehen	neg 1.0		neg 0.5993355904644732 off 0.3934976834519589 __DUMMY__ 0.007166726083567972	false	1.0
desinteressiert	neg 1.0		neg 0.5938532403109839 off 0.39909364857018387 __DUMMY__ 0.007053111118832501	false	1.0
armselig	off 1.0		neg 0.5937382776099469 off 0.3992311977342819 __DUMMY__ 0.007030524655771247	false	0.5
desaster	neg 1.0		neg 0.6097551333834523 off 0.3831915586716068 __DUMMY__ 0.007053307944940775	false	1.0
tod	neg 1.0		neg 0.6077982394094578 off 0.385190135075381 __DUMMY__ 0.007011625515161178	false	1.0
herzlos	neg 1.0		neg 0.5912519131610129 off 0.4016782379167792 __DUMMY__ 0.007069848922207883	false	1.0
unwissenheit	neg 1.0		neg 0.6050645322154569 off 0.3878858771134903 __DUMMY__ 0.007049590671052712	false	1.0
widersinnig	neg 1.0		neg 0.6055231461725719 off 0.38747230606152744 __DUMMY__ 0.0070045477659006405	false	1.0
bedenklich	neg 1.0		neg 0.6054009130736302 off 0.3875164434492431 __DUMMY__ 0.007082643477126659	false	1.0
beanstanden	neg 1.0		neg 0.6068674784806232 off 0.38604175310191285 __DUMMY__ 0.007090768417464067	false	1.0
panisch	neg 1.0	neg 1.0	neg 0.7855709418575676 off 0.2110099607574827 __DUMMY__ 0.003419097384949645	false	1.0
debil	off 1.0		neg 0.6092160844916389 off 0.3836752526656524 __DUMMY__ 0.007108662842708828	false	0.5
abstrich	neg 1.0		neg 0.5977800064031107 off 0.3950812518520376 __DUMMY__ 0.007138741744851836	false	1.0
primitiv	neg 1.0		neg 0.5948704212290448 off 0.39808536772847436 __DUMMY__ 0.007044211042480882	false	1.0
abschaum	off 1.0	off 1.0	off 0.679938705312935 neg 0.31671282984223265 __DUMMY__ 0.003348464844832405	false	1.0
provozieren	neg 1.0		neg 0.6015615234731407 off 0.3913805560434624 __DUMMY__ 0.007057920483396949	false	1.0
tot	neg 1.0		neg 0.6016343584028039 off 0.39128563982526754 __DUMMY__ 0.007080001771928677	false	1.0
instabil	neg 1.0		neg 0.5929215549312885 off 0.40006519064149054 __DUMMY__ 0.007013254427221001	false	1.0
schwuchtel	off 1.0		neg 0.5827227672375453 off 0.4103210207687383 __DUMMY__ 0.006956211993716489	false	0.5
zerren	neg 1.0		neg 0.6013797777124202 off 0.3915056973498228 __DUMMY__ 0.0071145249377570045	false	1.0
kinderficker	off 1.0		neg 0.5920270664967832 off 0.4009662368646763 __DUMMY__ 0.007006696638540568	false	0.5
gefahr	neg 1.0		neg 0.6053623012385613 off 0.3875714835513134 __DUMMY__ 0.0070662152101254256	false	1.0
rabiat	neg 1.0		neg 0.600511341077178 off 0.39239913064435683 __DUMMY__ 0.007089528278465197	false	1.0
verlangsamung	neg 1.0		neg 0.5899585454084874 off 0.4030690545343792 __DUMMY__ 0.006972400057133326	false	1.0
ausgestorben	neg 1.0		neg 0.6014322295850048 off 0.3914579495019934 __DUMMY__ 0.007109820913001863	false	1.0
anklagen	neg 1.0		neg 0.603084849215784 off 0.3898740560357642 __DUMMY__ 0.007041094748451685	false	1.0
trott	neg 1.0		neg 0.5996262395866783 off 0.393267033470761 __DUMMY__ 0.007106726942560787	false	1.0
verminderung	neg 1.0		neg 0.5923138797355445 off 0.40062269577148574 __DUMMY__ 0.00706342449296966	false	1.0
nach			neg 0.6056435981082828 off 0.3871736179616545 __DUMMY__ 0.007182783930062521	false	0.0
rost	neg 1.0		neg 0.5881935845819394 off 0.4048027497010926 __DUMMY__ 0.007003665716967996	false	1.0
destruktiv	neg 1.0	neg 1.0	neg 0.7902614389021201 off 0.20638542925687053 __DUMMY__ 0.003353131841009489	false	1.0
unzumutbarkeit	neg 1.0		neg 0.5926835631717561 off 0.40023962179252365 __DUMMY__ 0.007076815035720245	false	1.0
labil	off 1.0	off 1.0	off 0.6809119261002556 neg 0.3157329497349097 __DUMMY__ 0.003355124164834612	false	1.0
ziemlich	neg 1.0		neg 0.5940032675524709 off 0.3989113003903721 __DUMMY__ 0.007085432057156985	false	1.0
lachnummer	off 1.0		neg 0.6034215196453114 off 0.38953095263297166 __DUMMY__ 0.007047527721717037	false	0.5
oder			neg 0.5989202693510424 off 0.3939511833126855 __DUMMY__ 0.007128547336272088	false	0.0
verfall	neg 1.0		neg 0.6096480564690514 off 0.38324534248518694 __DUMMY__ 0.007106601045761588	false	1.0
ausgrenzung	neg 1.0		neg 0.6016465461406334 off 0.3913522398365993 __DUMMY__ 0.0070012140227672425	false	1.0
unordnung	neg 1.0		neg 0.5912061705993339 off 0.4017625161480788 __DUMMY__ 0.0070313132525874015	false	1.0
fehlverhalten	neg 1.0		neg 0.6064672370463983 off 0.386473022464318 __DUMMY__ 0.007059740489283703	false	1.0
eine			neg 0.6049555994904986 off 0.38790709600661455 __DUMMY__ 0.007137304502886879	false	0.0
nille	neg 1.0		neg 0.6020753592518823 off 0.39088052318336103 __DUMMY__ 0.007044117564756654	false	1.0
qual	neg 1.0		neg 0.6000048755193498 off 0.39289452071568265 __DUMMY__ 0.007100603764967638	false	1.0
verschwenden	neg 1.0		neg 0.6042778599246458 off 0.3886192380529607 __DUMMY__ 0.007102902022393461	false	1.0
riesig	neg 1.0		neg 0.6014897099888797 off 0.3914210561725564 __DUMMY__ 0.00708923383856378	false	1.0
verurteilen	neg 1.0		neg 0.605448829696409 off 0.38751486556462567 __DUMMY__ 0.007036304738965285	false	1.0
klischee	neg 1.0	neg 1.0	neg 0.7874716050229528 off 0.20917355417536745 __DUMMY__ 0.0033548408016798596	false	1.0
diktatorisch	neg 1.0		neg 0.6040147700637529 off 0.3890146563746353 __DUMMY__ 0.006970573561611788	false	1.0
vorhersehbar	neg 1.0		neg 0.600235412346419 off 0.3927246157821126 __DUMMY__ 0.007039971871468362	false	1.0
sowie			neg 0.5904217312623063 off 0.40257873820686196 __DUMMY__ 0.00699953053083168	false	0.0
stornieren	neg 1.0		neg 0.5953650373832603 off 0.39750739188248124 __DUMMY__ 0.0071275707342583275	false	1.0
besteuerung	neg 1.0		neg 0.5997348841629887 off 0.39320357232951963 __DUMMY__ 0.007061543507491592	false	1.0
ungeschminkt	neg 1.0		neg 0.5941281628431998 off 0.39880906169131614 __DUMMY__ 0.0070627754654839685	false	1.0
kritisch	neg 1.0		neg 0.6061772584093135 off 0.38676498478991156 __DUMMY__ 0.007057756800775054	false	1.0
schlamperei	off 1.0		neg 0.6061042677828328 off 0.38685323321944604 __DUMMY__ 0.0070424989977212835	false	0.5
sucht	neg 1.0	neg 1.0	neg 0.785312555021829 off 0.21127693090935776 __DUMMY__ 0.0034105140688132584	false	1.0
egoistisch	off 1.0		neg 0.5897644220038561 off 0.4031980256945297 __DUMMY__ 0.007037552301614044	false	0.5
ausbeuter	off 1.0		neg 0.607756334393916 off 0.38520246641262185 __DUMMY__ 0.007041199193462184	false	0.5
arschgeburt	off 1.0		neg 0.5829161669581521 off 0.4101278711796025 __DUMMY__ 0.006955961862245524	false	0.5
schubs	neg 1.0	neg 1.0	neg 0.7885314396903307 off 0.2080552267174235 __DUMMY__ 0.0034133335922457756	false	1.0
unsolide	neg 1.0		neg 0.6014034600720443 off 0.3916589679126741 __DUMMY__ 0.006937572015281612	false	1.0
beschwerde	neg 1.0		neg 0.6044087760242315 off 0.38853433203561355 __DUMMY__ 0.007056891940154979	false	1.0
stocken	neg 1.0		neg 0.6035866925884974 off 0.3893235100779699 __DUMMY__ 0.007089797333532753	false	1.0
isolieren	neg 1.0		neg 0.6000117621089144 off 0.39287037588466966 __DUMMY__ 0.0071178620064160526	false	1.0
unheilbar	neg 1.0		neg 0.6010165715300209 off 0.3919199255441459 __DUMMY__ 0.007063502925833315	false	1.0
pisser	off 1.0		neg 0.592754332484516 off 0.40022696371871364 __DUMMY__ 0.007018703796770363	false	0.5
löschen	neg 1.0		neg 0.5994182519627637 off 0.39350409570885386 __DUMMY__ 0.007077652328382658	false	1.0
durchfallen	neg 1.0		neg 0.6046917204709341 off 0.38822424057628874 __DUMMY__ 0.007084038952777126	false	1.0
wichser	off 1.0		neg 0.5847607734362349 off 0.40821778678530196 __DUMMY__ 0.007021439778463117	false	0.5
terror	neg 1.0		neg 0.5945207548981922 off 0.39836351243230167 __DUMMY__ 0.007115732669506008	false	1.0
krass	neg 1.0		neg 0.5908598379937222 off 0.40207683819141427 __DUMMY__ 0.0070633238148634075	false	1.0
revolte	neg 1.0	neg 1.0	neg 0.7891126412764341 off 0.20757340620165812 __DUMMY__ 0.0033139525219077486	false	1.0
besorgt	neg 1.0		neg 0.5994219132255769 off 0.3934195780766289 __DUMMY__ 0.007158508697794222	false	1.0
nachlassen	neg 1.0		neg 0.6022054654048143 off 0.3906873038292611 __DUMMY__ 0.0071072307659245685	false	1.0
alt	neg 1.0		neg 0.6027579905375523 off 0.3901023890447188 __DUMMY__ 0.007139620417728826	false	1.0
hundesohn	off 1.0		neg 0.5875146430010703 off 0.40550591181338197 __DUMMY__ 0.006979445185547738	false	0.5
als			neg 0.6019260443181532 off 0.39095118772087445 __DUMMY__ 0.007122767960972264	false	0.0
abschreckung	neg 1.0		neg 0.6080892742488857 off 0.3848512091402291 __DUMMY__ 0.007059516610885257	false	1.0
unqualifiziert	neg 1.0	neg 1.0	neg 0.7880066134521208 off 0.20863671068138162 __DUMMY__ 0.0033566758664975976	false	1.0
abgewichst	off 1.0		neg 0.6021074217784949 off 0.3908210320490655 __DUMMY__ 0.007071546172439697	false	0.5
schwer	neg 1.0		neg 0.600399205971196 off 0.3924923085572958 __DUMMY__ 0.007108485471508286	false	1.0
bedeutungslosigkeit	neg 1.0		neg 0.6069432434846507 off 0.3859910903738796 __DUMMY__ 0.007065666141469873	false	1.0
kapitulation	neg 1.0		neg 0.6075680096790402 off 0.3854369054265259 __DUMMY__ 0.006995084894433831	false	1.0
unscharf	neg 1.0		neg 0.5966392939486107 off 0.39627120739097327 __DUMMY__ 0.007089498660416079	false	1.0
schwinden	neg 1.0		neg 0.6059009744005411 off 0.38701741702007575 __DUMMY__ 0.007081608579383087	false	1.0
versklavung	neg 1.0	neg 1.0	neg 0.7898687070371462 off 0.20680176058394464 __DUMMY__ 0.0033295323789091706	false	1.0
schlecht	neg 1.0		neg 0.59348217356808 off 0.3994283935962234 __DUMMY__ 0.007089432835696615	false	1.0
verhasst	neg 1.0		neg 0.6020271547148605 off 0.39092679431732896 __DUMMY__ 0.007046050967810679	false	1.0
beschweren	neg 1.0		neg 0.5983999909665315 off 0.3945031387919742 __DUMMY__ 0.007096870241494311	false	1.0
scheiden	neg 1.0		neg 0.5999664764652899 off 0.3929210369885154 __DUMMY__ 0.007112486546194779	false	1.0
frustriert	neg 1.0		neg 0.6019598468026766 off 0.3909414247550532 __DUMMY__ 0.007098728442270041	false	1.0
schimmelig	neg 1.0		neg 0.6041194835361304 off 0.3887951797214581 __DUMMY__ 0.007085336742411274	false	1.0
fisch	neg 1.0	neg 1.0	neg 0.7887768588642876 off 0.20781540714527358 __DUMMY__ 0.003407733990438735	false	1.0
schmuggel	neg 1.0		neg 0.6047738362031876 off 0.38810742931680603 __DUMMY__ 0.007118734480006328	false	1.0
auffallen	neg 1.0		neg 0.597951066037364 off 0.3949564627248422 __DUMMY__ 0.007092471237793693	false	1.0
konkurrenz	neg 1.0		neg 0.6055915138741961 off 0.3872868944954325 __DUMMY__ 0.0071215916303714166	false	1.0
teufelskreis	neg 1.0	neg 1.0	neg 0.7897622884100063 off 0.20686759422626974 __DUMMY__ 0.0033701173637240445	false	1.0
aufschreien	neg 1.0		neg 0.5996521115162908 off 0.39329323587349313 __DUMMY__ 0.00705465261021617	false	1.0
schuldner	neg 1.0		neg 0.6065806233490022 off 0.38637255178649804 __DUMMY__ 0.007046824864499833	false	1.0
missgeburt	off 1.0	off 1.0	off 0.6839622297464991 neg 0.3127011868978303 __DUMMY__ 0.003336583355670636	false	1.0
arbeitslos	neg 1.0		neg 0.6039444533476106 off 0.3889814717969425 __DUMMY__ 0.007074074855447051	false	1.0
befallen	neg 1.0		neg 0.607462321074343 off 0.3855486772600148 __DUMMY__ 0.00698900166564219	false	1.0
miesepetrig	off 1.0		neg 0.593329275786899 off 0.3995707805761122 __DUMMY__ 0.007099943636988821	false	0.5
alarmieren	neg 1.0		neg 0.5974823606684574 off 0.39549859052640407 __DUMMY__ 0.007019048805138521	false	1.0
ungeduscht	off 1.0		neg 0.5962912638109534 off 0.3966144004072688 __DUMMY__ 0.007094335781777689	false	0.5
knappheit	neg 1.0		neg 0.6043294249824804 off 0.3886155850204744 __DUMMY__ 0.007054989997045299	false	1.0
schlange	neg 1.0		neg 0.5969406899069183 off 0.3959271942887812 __DUMMY__ 0.007132115804300407	false	1.0
harsch	neg 1.0		neg 0.5865572036567958 off 0.4063637022590745 __DUMMY__ 0.007079094084129845	false	1.0
lang	neg 1.0		neg 0.598852825012211 off 0.394058341500712 __DUMMY__ 0.007088833487077145	false	1.0
ziellos	neg 1.0		neg 0.6029358725634695 off 0.38995303169711615 __DUMMY__ 0.00711109573941454	false	1.0
selbstverliebt	neg 1.0		neg 0.585881877625286 off 0.4071535210625944 __DUMMY__ 0.006964601312119645	false	1.0
beseitigen	neg 1.0		neg 0.5977481938724878 off 0.3951319318927191 __DUMMY__ 0.00711987423479297	false	1.0
dumm	off 1.0		neg 0.5895260713870534 off 0.4034514447770132 __DUMMY__ 0.0070224838359333975	false	0.5
arbeitsloser	neg 1.0		neg 0.6045215508571369 off 0.388395769214288 __DUMMY__ 0.007082679928575138	false	1.0
blitzen	neg 1.0		neg 0.5973583786177937 off 0.3955857820504361 __DUMMY__ 0.007055839331770203	false	1.0
hilflos	neg 1.0		neg 0.6023602918650075 off 0.3905398232505572 __DUMMY__ 0.007099884884435195	false	1.0
eklig	off 1.0		neg 0.5888831429643869 off 0.4041066166743988 __DUMMY__ 0.007010240361214184	false	0.5
begriff			neg 0.6028757391000942 off 0.39004699346468036 __DUMMY__ 0.0070772674352253245	false	0.0
hungersnot	neg 1.0		neg 0.605226874251599 off 0.38778844326469075 __DUMMY__ 0.0069846824837102705	false	1.0
ungesetzlich	neg 1.0		neg 0.6019163341166819 off 0.3910997542398996 __DUMMY__ 0.006983911643418363	false	1.0
verschwendung	neg 1.0		neg 0.6058159596796848 off 0.3870903392794582 __DUMMY__ 0.007093701040856841	false	1.0
schmerzvoll	neg 1.0		neg 0.5982136480209451 off 0.3946859005053303 __DUMMY__ 0.007100451473724588	false	1.0
vorzeitig	neg 1.0		neg 0.5946184849725461 off 0.3983133460190623 __DUMMY__ 0.007068169008391499	false	1.0
unvollkommenheit	neg 1.0		neg 0.6004927305191138 off 0.392426437753349 __DUMMY__ 0.007080831727537192	false	1.0
intervenieren	neg 1.0		neg 0.6077887563744906 off 0.385181760741121 __DUMMY__ 0.007029482884388545	false	1.0
banause	off 1.0		neg 0.5870953167725388 off 0.40589671232264546 __DUMMY__ 0.007007970904815833	false	0.5
rebell	neg 1.0		neg 0.6057811694362767 off 0.387106593073373 __DUMMY__ 0.007112237490350314	false	1.0
unlogisch	neg 1.0		neg 0.5928574378383223 off 0.4000997504247652 __DUMMY__ 0.007042811736912606	false	1.0
leiden	neg 1.0	neg 1.0	neg 0.7890681703919179 off 0.20748944914093537 __DUMMY__ 0.003442380467146673	false	1.0
abschaffung	neg 1.0		neg 0.6016047130094618 off 0.39136329316523927 __DUMMY__ 0.007031993825299003	false	1.0
sturz	neg 1.0		neg 0.6015808281061504 off 0.3914012374001364 __DUMMY__ 0.007017934493713322	false	1.0
verkleinerung	neg 1.0		neg 0.5985717375344158 off 0.3944154090249427 __DUMMY__ 0.0070128534406414	false	1.0
schmarotzer	off 1.0		neg 0.605517404585122 off 0.3874319905485407 __DUMMY__ 0.007050604866337266	false	0.5
bestrafung	neg 1.0		neg 0.5998343494896229 off 0.39309306667410265 __DUMMY__ 0.007072583836274459	false	1.0
achtlos	neg 1.0		neg 0.599434431657859 off 0.3934369739530867 __DUMMY__ 0.0071285943890544564	false	1.0
ungeheuer	neg 1.0		neg 0.5980462685090213 off 0.394873494198212 __DUMMY__ 0.007080237292766595	false	1.0
