unsolidarisch	neg 1.0		neg 0.6047699592005505 off 0.38825666792031416 __DUMMY__ 0.006973372879135254	false	1.0
nachteilig	neg 1.0		neg 0.6039531749091571 off 0.3889643652041658 __DUMMY__ 0.007082459886676998	false	1.0
skeptisch	neg 1.0		neg 0.6062098305999868 off 0.3866818866790411 __DUMMY__ 0.007108282720972056	false	1.0
schrecklich	neg 1.0		neg 0.5909483267727322 off 0.4019855301404931 __DUMMY__ 0.007066143086774677	false	1.0
schlapp	neg 1.0		neg 0.5938493479120638 off 0.3990309700034229 __DUMMY__ 0.007119682084513171	false	1.0
abfall	neg 1.0		neg 0.6080039734767325 off 0.3848820389870978 __DUMMY__ 0.007113987536169793	false	1.0
widerspenstig	neg 1.0		neg 0.5992415074466724 off 0.3936301885828632 __DUMMY__ 0.007128303970464469	false	1.0
abrupt	neg 1.0		neg 0.6003565098007947 off 0.392501616450652 __DUMMY__ 0.00714187374855343	false	1.0
unwirksam	neg 1.0		neg 0.6022056147689596 off 0.39077500158601663 __DUMMY__ 0.007019383645023826	false	1.0
angreifen	neg 1.0		neg 0.6058030486658641 off 0.38711633457913375 __DUMMY__ 0.007080616755002108	false	1.0
inkonsistent	neg 1.0		neg 0.5994329633100737 off 0.39351838639994824 __DUMMY__ 0.007048650289977992	false	1.0
abrutschen	neg 1.0		neg 0.6070525902005021 off 0.38581561853697527 __DUMMY__ 0.007131791262522806	false	1.0
unsicher	neg 1.0		neg 0.6000402598553338 off 0.3928531426360964 __DUMMY__ 0.007106597508569892	false	1.0
bauernkind	off 1.0		neg 0.5891996585974275 off 0.4037964575423413 __DUMMY__ 0.007003883860231257	false	0.5
angreifer	neg 1.0		neg 0.5990857867941858 off 0.39388515468495267 __DUMMY__ 0.007029058520861543	false	1.0
trennen	neg 1.0		neg 0.6024254861049819 off 0.39040145997632597 __DUMMY__ 0.007173053918692055	false	1.0
schmutz	neg 1.0		neg 0.5913120969599652 off 0.4015352713827609 __DUMMY__ 0.007152631657273699	false	1.0
inkonsistenz	neg 1.0	neg 1.0	neg 0.7874117209609858 off 0.20923149074842498 __DUMMY__ 0.0033567882905892734	false	1.0
erschreckend	neg 1.0		neg 0.6024813635762261 off 0.39043584029339196 __DUMMY__ 0.00708279613038192	false	1.0
ertrinken	neg 1.0		neg 0.6029996740592349 off 0.38987096840111085 __DUMMY__ 0.007129357539654112	false	1.0
pickelface	off 1.0		neg 0.6008855139816811 off 0.39206242756176307 __DUMMY__ 0.007052058456555618	false	0.5
seiner			neg 0.6046327653560629 off 0.38825710858066426 __DUMMY__ 0.007110126063272821	false	0.0
lauch	neg 1.0		neg 0.6066137586152077 off 0.38628152140522554 __DUMMY__ 0.007104719979566742	false	1.0
unwichtig	neg 1.0		neg 0.5961191387153773 off 0.3968120829462634 __DUMMY__ 0.00706877833835935	false	1.0
steuerhinterziehung	neg 1.0		neg 0.6043597314220313 off 0.3886240675271172 __DUMMY__ 0.007016201050851542	false	1.0
schock	neg 1.0		neg 0.6004854826947816 off 0.3923735495252521 __DUMMY__ 0.007140967779966149	false	1.0
beule	neg 1.0		neg 0.5925478306868001 off 0.40034123028259133 __DUMMY__ 0.0071109390306085965	false	1.0
vergelten	neg 1.0		neg 0.5908305293062114 off 0.40214505859792926 __DUMMY__ 0.007024412095859336	false	1.0
verdorbenheit	neg 1.0	neg 1.0	neg 0.7866654214890795 off 0.20993418500985514 __DUMMY__ 0.0034003935010653865	false	1.0
trauma	neg 1.0		neg 0.598643868608375 off 0.3942743042173645 __DUMMY__ 0.007081827174260496	false	1.0
sinnlos	neg 1.0		neg 0.5981590606221617 off 0.394753494590799 __DUMMY__ 0.007087444787039366	false	1.0
fettsack	off 1.0	off 1.0	off 0.6836780304645077 neg 0.31298017174048004 __DUMMY__ 0.003341797795012371	false	1.0
feige	off 1.0		neg 0.5975803745014857 off 0.3953752497915285 __DUMMY__ 0.007044375706985844	false	0.5
abdanken	neg 1.0		neg 0.6050142143096409 off 0.3879901111293568 __DUMMY__ 0.006995674561002263	false	1.0
wichtigtuer	off 1.0	off 1.0	off 0.6782854274198727 neg 0.3183579768897813 __DUMMY__ 0.0033565956903460997	false	1.0
misslingen	neg 1.0		neg 0.5963742023973385 off 0.39649914085030724 __DUMMY__ 0.00712665675235423	false	1.0
untreu	off 1.0		neg 0.5948655115179325 off 0.3980597837405692 __DUMMY__ 0.007074704741498237	false	0.5
missmutig	neg 1.0		neg 0.5949390001341306 off 0.39794839560340045 __DUMMY__ 0.007112604262469107	false	1.0
hurenbock	off 1.0		neg 0.5965132450023234 off 0.3963512759749665 __DUMMY__ 0.007135479022710091	false	0.5
betrunken	neg 1.0		neg 0.5916861816644071 off 0.401210353468421 __DUMMY__ 0.007103464867172121	false	1.0
korrupt	off 1.0		neg 0.6068114992952743 off 0.38618664240470374 __DUMMY__ 0.007001858300021789	false	0.5
unmut	neg 1.0		neg 0.6076898849854874 off 0.3852118336872918 __DUMMY__ 0.007098281327220798	false	1.0
hackfresse	off 1.0		neg 0.5878944373975619 off 0.4050646160711147 __DUMMY__ 0.007040946531323348	false	0.5
aufblasen	neg 1.0		neg 0.5972315113969763 off 0.395638610450142 __DUMMY__ 0.007129878152881619	false	1.0
gewaltsam	neg 1.0		neg 0.6019224854802064 off 0.3910553035690569 __DUMMY__ 0.007022210950736674	false	1.0
unbeliebtheit	neg 1.0		neg 0.5988504117562164 off 0.39421138476813133 __DUMMY__ 0.006938203475652278	false	1.0
sturheit	neg 1.0		neg 0.6040062737272325 off 0.3889493627215381 __DUMMY__ 0.0070443635512295365	false	1.0
kuh	neg 1.0		neg 0.5992152711184521 off 0.3937212098006912 __DUMMY__ 0.007063519080856739	false	1.0
erschrecken	neg 1.0		neg 0.5955798752207282 off 0.3973138641770643 __DUMMY__ 0.007106260602207494	false	1.0
opfer	neg 1.0	neg 1.0	neg 0.790894603770167 off 0.20572818096507106 __DUMMY__ 0.0033772152647619665	false	1.0
sinken	neg 1.0		neg 0.606558049603172 off 0.38633978698021815 __DUMMY__ 0.00710216341660991	false	1.0
stinktier	neg 1.0		neg 0.5919027967994492 off 0.4010684334629179 __DUMMY__ 0.007028769737632933	false	1.0
tucke	off 1.0		neg 0.5871559052634079 off 0.40580176743724045 __DUMMY__ 0.007042327299351632	false	0.5
ein			neg 0.596801251322444 off 0.39603935850651684 __DUMMY__ 0.007159390171039179	false	0.0
abstieg	neg 1.0		neg 0.603691629802375 off 0.3892487685079382 __DUMMY__ 0.0070596016896868575	false	1.0
missverstehen	neg 1.0		neg 0.5998555613523692 off 0.39309330530540276 __DUMMY__ 0.007051133342228014	false	1.0
ergebnislos	neg 1.0		neg 0.6037774865251188 off 0.38915033927320053 __DUMMY__ 0.007072174201680794	false	1.0
unter			neg 0.6081955068899041 off 0.3845992841015797 __DUMMY__ 0.0072052090085162855	false	0.0
manipulieren	neg 1.0		neg 0.6064761991509319 off 0.38645125992628193 __DUMMY__ 0.007072540922786182	false	1.0
unbewiesen	neg 1.0		neg 0.6056546467335294 off 0.3873846484089134 __DUMMY__ 0.006960704857557208	false	1.0
verschleppen	neg 1.0		neg 0.6048982576089149 off 0.38804788868096507 __DUMMY__ 0.00705385371012017	false	1.0
weib	off 1.0		neg 0.586609685645034 off 0.4063589275191733 __DUMMY__ 0.007031386835792558	false	0.5
opposition	neg 1.0		neg 0.6013463289154307 off 0.3916423144028477 __DUMMY__ 0.007011356681721676	false	1.0
verkehrswidrig	neg 1.0		neg 0.5883795772288987 off 0.4045413006241158 __DUMMY__ 0.007079122146985593	false	1.0
inkorrekt	neg 1.0		neg 0.5981057358560631 off 0.3949054377025971 __DUMMY__ 0.0069888264413398345	false	1.0
vermeiden	neg 1.0		neg 0.607299465994053 off 0.38554116036598757 __DUMMY__ 0.007159373639959365	false	1.0
abweichung	neg 1.0		neg 0.6068669700503786 off 0.38612843315155937 __DUMMY__ 0.007004596798062115	false	1.0
alkoholisiert	neg 1.0		neg 0.6016837208862136 off 0.3911969337399821 __DUMMY__ 0.0071193453738043885	false	1.0
scheiss	off 1.0	off 1.0	off 0.682050168712709 neg 0.3145761654324467 __DUMMY__ 0.0033736658548444223	false	1.0
herausforderung	neg 1.0		neg 0.5999742443399942 off 0.3928560484887314 __DUMMY__ 0.007169707171274188	false	1.0
pervers	off 1.0		neg 0.5837900101957633 off 0.40918914088425956 __DUMMY__ 0.0070208489199772	false	0.5
wackelig	neg 1.0		neg 0.5994925003961256 off 0.3933285609223756 __DUMMY__ 0.007178938681498948	false	1.0
verwickeln	neg 1.0		neg 0.5995841808046658 off 0.39334968380860047 __DUMMY__ 0.007066135386733612	false	1.0
vorwand	neg 1.0		neg 0.6074340725900387 off 0.3854842768202685 __DUMMY__ 0.007081650589692703	false	1.0
muschi	off 1.0		neg 0.6011536966824085 off 0.39178870644689434 __DUMMY__ 0.007057596870697304	false	0.5
entmutigung	neg 1.0		neg 0.6038309218121399 off 0.38923316601516844 __DUMMY__ 0.006935912172691551	false	1.0
unangemessen	neg 1.0		neg 0.6051697352100655 off 0.3877833756288302 __DUMMY__ 0.007046889161104281	false	1.0
unstetig	neg 1.0		neg 0.5977574732441021 off 0.39519827853941863 __DUMMY__ 0.0070442482164792914	false	1.0
entmutigen	neg 1.0		neg 0.5990702526357436 off 0.393833204229495 __DUMMY__ 0.007096543134761419	false	1.0
schwanz	neg 1.0		neg 0.6028567370680801 off 0.3900616952437551 __DUMMY__ 0.0070815676881649135	false	1.0
verbot	neg 1.0		neg 0.6055849367731032 off 0.3874011046160831 __DUMMY__ 0.0070139586108136165	false	1.0
leid	neg 1.0		neg 0.5899044188193919 off 0.4030483476459524 __DUMMY__ 0.007047233534655593	false	1.0
archaisch	neg 1.0		neg 0.6039340344245441 off 0.38900583114443454 __DUMMY__ 0.007060134431021208	false	1.0
gegen			neg 0.6067794337031458 off 0.386139093700198 __DUMMY__ 0.007081472596656204	false	0.0
scheidung	neg 1.0	neg 1.0	neg 0.7748862115072379 off 0.2217721376454779 __DUMMY__ 0.0033416508472842066	false	1.0
einschlag	neg 1.0		neg 0.5904005880772608 off 0.4025511023341894 __DUMMY__ 0.007048309588549777	false	1.0
m			neg 0.6005547578344499 off 0.39232372170328217 __DUMMY__ 0.0071215204622678335	false	0.0
abgestanden	neg 1.0		neg 0.5991828105417037 off 0.393701979144886 __DUMMY__ 0.0071152103134102624	false	1.0
schmierig	off 1.0		neg 0.5904947459300431 off 0.40244013129122064 __DUMMY__ 0.0070651227787361884	false	0.5
unpraktisch	neg 1.0		neg 0.5970327844170871 off 0.3958318515195807 __DUMMY__ 0.007135364063332151	false	1.0
wixxer	off 1.0		neg 0.5846082966602804 off 0.4083945841306173 __DUMMY__ 0.0069971192091024485	false	0.5
bezeichnet			neg 0.6028325950179425 off 0.3901109224682479 __DUMMY__ 0.007056482513809605	false	0.0
jammerlappen	off 1.0		neg 0.595534296697094 off 0.39738420052478635 __DUMMY__ 0.0070815027781195765	false	0.5
farce	neg 1.0		neg 0.6068965795113678 off 0.38613221622049676 __DUMMY__ 0.006971204268135517	false	1.0
zwecklos	neg 1.0		neg 0.6048289232407633 off 0.3881066743966091 __DUMMY__ 0.007064402362627608	false	1.0
turbulent	neg 1.0		neg 0.5931128339146223 off 0.39986003199867803 __DUMMY__ 0.00702713408669961	false	1.0
invasion	neg 1.0		neg 0.5957459076159483 off 0.3971464689404542 __DUMMY__ 0.007107623443597427	false	1.0
schuld	neg 1.0		neg 0.6003140835372718 off 0.39261101952000954 __DUMMY__ 0.007074896942718715	false	1.0
risiko	neg 1.0		neg 0.5951037761470483 off 0.39777754185326425 __DUMMY__ 0.007118681999687413	false	1.0
finster	neg 1.0		neg 0.5975708281584604 off 0.39528614709540727 __DUMMY__ 0.00714302474613225	false	1.0
geisteskrank	off 1.0		neg 0.5962741272382414 off 0.39670711727709534 __DUMMY__ 0.007018755484663094	false	0.5
zusammenbrechen	neg 1.0		neg 0.6014652134227124 off 0.3914222708254792 __DUMMY__ 0.007112515751808376	false	1.0
ausbeute	neg 1.0		neg 0.6007423157118341 off 0.39210477064909155 __DUMMY__ 0.007152913639074318	false	1.0
hinterhalt	neg 1.0		neg 0.5995252992346656 off 0.3933976440478496 __DUMMY__ 0.007077056717484777	false	1.0
kritik	neg 1.0		neg 0.6060749214723717 off 0.3869342555252461 __DUMMY__ 0.006990823002382267	false	1.0
einschrumpfen	neg 1.0		neg 0.5995051056260097 off 0.3934960390803618 __DUMMY__ 0.006998855293628583	false	1.0
riskant	neg 1.0		neg 0.6047446368653742 off 0.3881555727117087 __DUMMY__ 0.007099790422917213	false	1.0
frustrieren	neg 1.0		neg 0.6051771845033613 off 0.38773221266081676 __DUMMY__ 0.007090602835821904	false	1.0
groll	neg 1.0		neg 0.604435655205722 off 0.38849643457928684 __DUMMY__ 0.007067910214991311	false	1.0
gibt			neg 0.6025098444816066 off 0.39039165614053417 __DUMMY__ 0.0070984993778592746	false	0.0
qualvoll	neg 1.0		neg 0.5966734075842253 off 0.3962139261850292 __DUMMY__ 0.00711266623074551	false	1.0
wackeln	neg 1.0		neg 0.5970382637212187 off 0.3958108980370122 __DUMMY__ 0.0071508382417690905	false	1.0
klagen	neg 1.0		neg 0.6083185901047359 off 0.3846165968581012 __DUMMY__ 0.007064813037163081	false	1.0
bankrott	neg 1.0		neg 0.5938209836262067 off 0.3990729593712606 __DUMMY__ 0.007106057002532757	false	1.0
trauern	neg 1.0		neg 0.6044167178765466 off 0.38848410872080286 __DUMMY__ 0.0070991734026504905	false	1.0
ablehnung	neg 1.0	neg 1.0	neg 0.7912471278790929 off 0.20541808787966195 __DUMMY__ 0.003334784241245083	false	1.0
stur	neg 1.0		neg 0.5996771839883075 off 0.3932439243275409 __DUMMY__ 0.007078891684151503	false	1.0
aufruhr	neg 1.0		neg 0.6026927821360551 off 0.39028910679165635 __DUMMY__ 0.007018111072288539	false	1.0
melancholie	neg 1.0		neg 0.6000929288218877 off 0.3927463847536298 __DUMMY__ 0.007160686424482321	false	1.0
ist			neg 0.5989262527992153 off 0.39398599055561956 __DUMMY__ 0.007087756645165179	false	0.0
torheit	neg 1.0		neg 0.6029387997794736 off 0.3900637393488491 __DUMMY__ 0.006997460871677306	false	1.0
dreckskind	off 1.0		neg 0.5914828024314467 off 0.4015333954277981 __DUMMY__ 0.006983802140755198	false	0.5
umtauschen	neg 1.0		neg 0.5988363506781383 off 0.3940274687247236 __DUMMY__ 0.007136180597137964	false	1.0
zum			neg 0.6038541877418246 off 0.38892556818743546 __DUMMY__ 0.007220244070739995	false	0.0
zersetzen	neg 1.0		neg 0.607095676092151 off 0.38583206799761066 __DUMMY__ 0.00707225591023835	false	1.0
zur			neg 0.6079457520548687 off 0.38492130873074565 __DUMMY__ 0.007132939214385592	false	0.0
frust	neg 1.0		neg 0.601701395476096 off 0.3911861841605743 __DUMMY__ 0.007112420363329627	false	1.0
unerbittlichkeit	neg 1.0		neg 0.6062059480830767 off 0.3867262723237916 __DUMMY__ 0.007067779593131741	false	1.0
zwei			neg 0.603222702708684 off 0.3895878638844582 __DUMMY__ 0.007189433406857834	false	0.0
unkorrekt	neg 1.0		neg 0.5962019258453372 off 0.39678883721152675 __DUMMY__ 0.007009236943136084	false	1.0
hexe	off 1.0		neg 0.5946857632532642 off 0.3982363836709464 __DUMMY__ 0.007077853075789516	false	0.5
lasch	neg 1.0		neg 0.5985644604931321 off 0.3943879751292611 __DUMMY__ 0.0070475643776068695	false	1.0
rivale	neg 1.0		neg 0.5915973679056854 off 0.40136476223984413 __DUMMY__ 0.007037869854470462	false	1.0
mutlos	off 1.0	off 1.0	off 0.6750515403989937 neg 0.32159360682640425 __DUMMY__ 0.0033548527746019925	false	1.0
wirr	off 1.0		neg 0.5942971574173346 off 0.3986937692270623 __DUMMY__ 0.007009073355603253	false	0.5
jahr			neg 0.6013749201286056 off 0.39145553430572905 __DUMMY__ 0.007169545565665435	false	0.0
wird			neg 0.603642684750508 off 0.38925106520129527 __DUMMY__ 0.007106250048196657	false	0.0
strafbar	neg 1.0		neg 0.606911291909345 off 0.38604627092754723 __DUMMY__ 0.007042437163107809	false	1.0
erosion	neg 1.0		neg 0.5970049739128409 off 0.3958724661702011 __DUMMY__ 0.007122559916957873	false	1.0
eingehen	neg 1.0		neg 0.6046692554397379 off 0.3882538592588945 __DUMMY__ 0.007076885301367554	false	1.0
faul	off 1.0		neg 0.5939985826966495 off 0.3988793295588423 __DUMMY__ 0.007122087744508132	false	0.5
provisorium	neg 1.0		neg 0.609860496725275 off 0.38295875028222226 __DUMMY__ 0.00718075299250281	false	1.0
schmerzen	neg 1.0		neg 0.6001504800261139 off 0.3927221927194665 __DUMMY__ 0.007127327254419558	false	1.0
schrumpfen	neg 1.0		neg 0.6088438584518381 off 0.3840300397687295 __DUMMY__ 0.007126101779432357	false	1.0
geistlos	off 1.0		neg 0.6024456784874467 off 0.39058346768940644 __DUMMY__ 0.00697085382314672	false	0.5
fehlkauf	neg 1.0		neg 0.5983681449073288 off 0.39457652915103164 __DUMMY__ 0.007055325941639459	false	1.0
frustrierend	neg 1.0	neg 1.0	neg 0.7863904710231049 off 0.21022973140146545 __DUMMY__ 0.003379797575429577	false	1.0
unzufrieden	neg 1.0		neg 0.603870708511486 off 0.3890445494593911 __DUMMY__ 0.007084742029122789	false	1.0
verzweifeln	neg 1.0		neg 0.6005804218148032 off 0.39230950103279805 __DUMMY__ 0.007110077152398838	false	1.0
verzweifelt	neg 1.0		neg 0.599215926786322 off 0.3936938618494918 __DUMMY__ 0.007090211364186226	false	1.0
misstrauensantrag	neg 1.0		neg 0.5987158937505206 off 0.39423823787660617 __DUMMY__ 0.007045868372873151	false	1.0
abfallen	neg 1.0		neg 0.596527085281987 off 0.3963146189232745 __DUMMY__ 0.007158295794738569	false	1.0
fucker	off 1.0		neg 0.5927907642567656 off 0.4001627275733041 __DUMMY__ 0.007046508169930195	false	0.5
ungezogen	neg 1.0		neg 0.5855418642182123 off 0.4074087927381718 __DUMMY__ 0.007049343043615816	false	1.0
irrsinnig	neg 1.0	neg 1.0	neg 0.7885138827615433 off 0.20811583706358283 __DUMMY__ 0.0033702801748738726	false	1.0
unfassbar	neg 1.0		neg 0.5951618574971826 off 0.3977618677866361 __DUMMY__ 0.007076274716181322	false	1.0
hart	neg 1.0		neg 0.5962577833222311 off 0.39670091652988676 __DUMMY__ 0.007041300147882179	false	1.0
widerlich	off 1.0		neg 0.5954945083561437 off 0.3974598003069864 __DUMMY__ 0.007045691336869939	false	0.5
fatal	neg 1.0		neg 0.5980640482588664 off 0.394870695638969 __DUMMY__ 0.007065256102164605	false	1.0
bruch	neg 1.0		neg 0.609124811530714 off 0.38381790714230685 __DUMMY__ 0.00705728132697914	false	1.0
aushungern	neg 1.0		neg 0.6038208718751987 off 0.389172962250465 __DUMMY__ 0.0070061658743364435	false	1.0
anspannung	neg 1.0		neg 0.606051194112993 off 0.38679768137811965 __DUMMY__ 0.007151124508887267	false	1.0
von			neg 0.602445024126735 off 0.3903848233601426 __DUMMY__ 0.0071701525131224585	false	0.0
kraftlos	neg 1.0		neg 0.6009019392665673 off 0.39194002308787423 __DUMMY__ 0.007158037645558451	false	1.0
vom			neg 0.6071085754845715 off 0.3856827708825753 __DUMMY__ 0.007208653632853171	false	0.0
grenzdebil	off 1.0		neg 0.5934531734153802 off 0.3994620584494394 __DUMMY__ 0.007084768135180352	false	0.5
vor			neg 0.6051303331143265 off 0.38772670636276907 __DUMMY__ 0.007142960522904419	false	0.0
unterwerfen	neg 1.0		neg 0.6054824935405707 off 0.38744927170406745 __DUMMY__ 0.00706823475536179	false	1.0
versenkung	neg 1.0		neg 0.6051162328401138 off 0.38779341758210367 __DUMMY__ 0.0070903495777823984	false	1.0
entziehen	neg 1.0		neg 0.607696790160244 off 0.385213022347904 __DUMMY__ 0.007090187491851849	false	1.0
finanzkrise	neg 1.0		neg 0.6042565065142579 off 0.38874059556130663 __DUMMY__ 0.007002897924435624	false	1.0
schimpfend	neg 1.0		neg 0.5947216408245266 off 0.3981030713233273 __DUMMY__ 0.007175287852146204	false	1.0
profan	neg 1.0		neg 0.5977455075638938 off 0.39515906372658655 __DUMMY__ 0.007095428709519703	false	1.0
korruption	neg 1.0		neg 0.6062958125462206 off 0.38669500455674577 __DUMMY__ 0.007009182897033747	false	1.0
â			neg 0.6019766154086686 off 0.3909093805908355 __DUMMY__ 0.007114004000495786	false	0.0
schmutzig	neg 1.0		neg 0.5923741562674472 off 0.4005036341718266 __DUMMY__ 0.00712220956072621	false	1.0
sexy	neg 1.0		neg 0.5953346128984556 off 0.39757677110440287 __DUMMY__ 0.007088615997141539	false	1.0
abraten	neg 1.0		neg 0.5981572484556337 off 0.3947321735525637 __DUMMY__ 0.0071105779918026355	false	1.0
schwarz	neg 1.0		neg 0.5986555135638296 off 0.3942697997131637 __DUMMY__ 0.007074686723006612	false	1.0
fotze	off 1.0		neg 0.6032239331384933 off 0.389714738798832 __DUMMY__ 0.007061328062674543	false	0.5
verwirren	neg 1.0		neg 0.5969868857668944 off 0.3959218264791666 __DUMMY__ 0.007091287753938906	false	1.0
zahnlos	off 1.0		neg 0.6043784446622428 off 0.38855708982734394 __DUMMY__ 0.007064465510413308	false	0.5
verheeren	neg 1.0		neg 0.5865991866789328 off 0.40642915519724454 __DUMMY__ 0.006971658123822587	false	1.0
hippie	neg 1.0		neg 0.5959729682425691 off 0.3969463348414837 __DUMMY__ 0.007080696915947203	false	1.0
rammen	neg 1.0		neg 0.5964755286175744 off 0.3964270559671291 __DUMMY__ 0.007097415415296534	false	1.0
unlauter	neg 1.0	neg 1.0	neg 0.7881005555424139 off 0.20854790716967578 __DUMMY__ 0.0033515372879103634	false	1.0
unheilvoll	neg 1.0		neg 0.5974128757885284 off 0.39548138038078506 __DUMMY__ 0.007105743830686495	false	1.0
niedrig	neg 1.0		neg 0.6036466444785099 off 0.3892684702882859 __DUMMY__ 0.007084885233204189	false	1.0
explosion	neg 1.0		neg 0.5958740776182591 off 0.39702881372323806 __DUMMY__ 0.007097108658502915	false	1.0
weichei	off 1.0		neg 0.5891504871334245 off 0.4038056943762246 __DUMMY__ 0.007043818490350767	false	0.5
minusmensch	off 1.0		neg 0.5872617979771247 off 0.4057776082415625 __DUMMY__ 0.006960593781312785	false	0.5
farblos	neg 1.0		neg 0.6003952139360257 off 0.39254497022222246 __DUMMY__ 0.007059815841751949	false	1.0
unwissend	neg 1.0	neg 1.0	neg 0.7861431000332803 off 0.21049503529818556 __DUMMY__ 0.003361864668534245	false	1.0
traurig	neg 1.0		neg 0.5913821239406327 off 0.40153331036389805 __DUMMY__ 0.007084565695469183	false	1.0
senkung	neg 1.0		neg 0.5977063170857909 off 0.3952351882535066 __DUMMY__ 0.007058494660702471	false	1.0
ungleich	neg 1.0	neg 1.0	neg 0.7915647710846767 off 0.20507150566010937 __DUMMY__ 0.0033637232552138924	false	1.0
heikel	neg 1.0		neg 0.6063757627214568 off 0.38653596109980926 __DUMMY__ 0.007088276178733943	false	1.0
drosselung	neg 1.0		neg 0.5906982239587638 off 0.40221390940156093 __DUMMY__ 0.007087866639675306	false	1.0
falsch	neg 1.0		neg 0.5965309137353072 off 0.3963934924718982 __DUMMY__ 0.007075593792794677	false	1.0
unzufriedenheit	neg 1.0		neg 0.60699423171198 off 0.3859266177865306 __DUMMY__ 0.007079150501489394	false	1.0
kurz	neg 1.0		neg 0.5997855905134457 off 0.3930626914393226 __DUMMY__ 0.007151718047231639	false	1.0
unsinnig	neg 1.0		neg 0.6034853608832803 off 0.38943514989821965 __DUMMY__ 0.007079489218500028	false	1.0
penner	off 1.0	off 1.0	off 0.68545189035522 neg 0.31118937210325087 __DUMMY__ 0.00335873754152917	false	1.0
seicht	neg 1.0		neg 0.5885656618180645 off 0.4044418862821026 __DUMMY__ 0.006992451899832946	false	1.0
dummheit	off 1.0	off 1.0	off 0.6787252919717519 neg 0.31791856240965527 __DUMMY__ 0.0033561456185928363	false	1.0
unerfreulich	neg 1.0		neg 0.6061447669795237 off 0.3867466057746792 __DUMMY__ 0.0071086272457970626	false	1.0
motherfucker	off 1.0	off 1.0	off 0.6821721400069496 neg 0.31447362233910214 __DUMMY__ 0.003354237653948344	false	1.0
pikiert	neg 1.0		neg 0.5966516639283748 off 0.39629518889372856 __DUMMY__ 0.007053147177896828	false	1.0
wrack	neg 1.0		neg 0.6019037895244794 off 0.3909869616596973 __DUMMY__ 0.00710924881582329	false	1.0
gangster	neg 1.0		neg 0.5970145854584319 off 0.39590625705135857 __DUMMY__ 0.00707915749020957	false	1.0
krank	neg 1.0		neg 0.5919915718460859 off 0.4008902725685283 __DUMMY__ 0.007118155585385841	false	1.0
reich	neg 1.0		neg 0.5986628670877848 off 0.3943669713806929 __DUMMY__ 0.006970161531522221	false	1.0
gnadenlos	neg 1.0		neg 0.599395591692682 off 0.3935139863753174 __DUMMY__ 0.007090421932000509	false	1.0
niedergeschlagen	neg 1.0		neg 0.6013843497747848 off 0.3915045659482936 __DUMMY__ 0.007111084276921524	false	1.0
terrorisieren	off 1.0	off 1.0	off 0.6757958112894061 neg 0.3208259726686829 __DUMMY__ 0.0033782160419110144	false	1.0
sinnlosigkeit	neg 1.0		neg 0.6040406715308708 off 0.3888886272661331 __DUMMY__ 0.007070701202996188	false	1.0
behindern	neg 1.0		neg 0.599300162945847 off 0.3935816130946308 __DUMMY__ 0.0071182239595222905	false	1.0
undemokratisch	neg 1.0		neg 0.6029312903623634 off 0.39007615206011714 __DUMMY__ 0.00699255757751947	false	1.0
wirtschaftskrise	neg 1.0		neg 0.6051388699265384 off 0.3878257217029253 __DUMMY__ 0.007035408370536261	false	1.0
neid	neg 1.0		neg 0.5950135237864314 off 0.3978669786881546 __DUMMY__ 0.007119497525414019	false	1.0
rutschen	neg 1.0		neg 0.6035709146119499 off 0.38920615783242984 __DUMMY__ 0.0072229275556202075	false	1.0
rezession	neg 1.0		neg 0.5934875360304783 off 0.39953127460785226 __DUMMY__ 0.00698118936166947	false	1.0
fehlgeburt	neg 1.0		neg 0.5996916508182871 off 0.3932233718762458 __DUMMY__ 0.007084977305467089	false	1.0
charakterschwach	off 1.0		neg 0.5954935997039321 off 0.3974562775075892 __DUMMY__ 0.0070501227884786416	false	0.5
isolation	neg 1.0		neg 0.5939061469969159 off 0.3990008848258702 __DUMMY__ 0.007092968177214017	false	1.0
ablenkung	neg 1.0		neg 0.5987712667064826 off 0.39410575134158843 __DUMMY__ 0.0071229819519288366	false	1.0
pech	neg 1.0		neg 0.5961204035642655 off 0.39677687308501547 __DUMMY__ 0.007102723350718824	false	1.0
vermeidung	neg 1.0		neg 0.591550256101668 off 0.4013481254935539 __DUMMY__ 0.007101618404778047	false	1.0
dominieren	neg 1.0		neg 0.6017555618903957 off 0.3911543518041638 __DUMMY__ 0.0070900863054405095	false	1.0
schwindlig	neg 1.0		neg 0.59493490744312 off 0.39792584780853196 __DUMMY__ 0.0071392447483480375	false	1.0
lutscher	neg 1.0		neg 0.5868456921035008 off 0.40614878269417853 __DUMMY__ 0.00700552520232071	false	1.0
pflicht	neg 1.0		neg 0.6065866996626891 off 0.3863257299155029 __DUMMY__ 0.007087570421808135	false	1.0
faschist	off 1.0		neg 0.601510098295355 off 0.39149358574174864 __DUMMY__ 0.006996315962896283	false	0.5
verschleudern	neg 1.0		neg 0.6054392665828197 off 0.3875160145644314 __DUMMY__ 0.0070447188527489315	false	1.0
wenn			neg 0.5960318966306903 off 0.39688172622491663 __DUMMY__ 0.007086377144392963	false	0.0
ehebruch	neg 1.0		neg 0.6060753256656524 off 0.38687946949438423 __DUMMY__ 0.007045204839963446	false	1.0
spott	off 1.0		neg 0.6062812692353986 off 0.3866623136145092 __DUMMY__ 0.007056417150092136	false	0.5
trostlosigkeit	neg 1.0		neg 0.6088868242377524 off 0.38408386070230693 __DUMMY__ 0.007029315059940684	false	1.0
lutschen	neg 1.0		neg 0.5971342091178778 off 0.3958313617457472 __DUMMY__ 0.007034429136375081	false	1.0
undiszipliniert	neg 1.0		neg 0.592978534641487 off 0.3999555010223053 __DUMMY__ 0.007065964336207777	false	1.0
kopfschmerz	neg 1.0		neg 0.6000033829085406 off 0.39288394883201183 __DUMMY__ 0.00711266825944744	false	1.0
unvorhergesehen	neg 1.0		neg 0.5993355904644727 off 0.39349768345195935 __DUMMY__ 0.007166726083567974	false	1.0
desinteressiert	neg 1.0		neg 0.5938532403109839 off 0.39909364857018365 __DUMMY__ 0.007053111118832504	false	1.0
armselig	off 1.0		neg 0.5937382776099465 off 0.39923119773428223 __DUMMY__ 0.007030524655771245	false	0.5
desaster	neg 1.0		neg 0.6097551333834521 off 0.383191558671607 __DUMMY__ 0.0070533079449407645	false	1.0
tod	neg 1.0		neg 0.6077982394094577 off 0.38519013507538113 __DUMMY__ 0.007011625515161179	false	1.0
herzlos	neg 1.0		neg 0.5912519131610123 off 0.4016782379167798 __DUMMY__ 0.007069848922207902	false	1.0
unwissenheit	neg 1.0		neg 0.6050645322154562 off 0.38788587711349115 __DUMMY__ 0.007049590671052724	false	1.0
widersinnig	neg 1.0		neg 0.605523146172572 off 0.3874723060615274 __DUMMY__ 0.007004547765900644	false	1.0
bedenklich	neg 1.0		neg 0.6054009130736302 off 0.3875164434492432 __DUMMY__ 0.007082643477126671	false	1.0
beanstanden	neg 1.0		neg 0.6068674784806225 off 0.38604175310191347 __DUMMY__ 0.007090768417464062	false	1.0
panisch	neg 1.0	neg 1.0	neg 0.7855709418575676 off 0.21100996075748277 __DUMMY__ 0.003419097384949647	false	1.0
debil	off 1.0		neg 0.6092160844916386 off 0.38367525266565244 __DUMMY__ 0.007108662842708835	false	0.5
abstrich	neg 1.0		neg 0.5977800064031105 off 0.3950812518520378 __DUMMY__ 0.00713874174485183	false	1.0
primitiv	neg 1.0		neg 0.5948704212290448 off 0.3980853677284743 __DUMMY__ 0.007044211042480895	false	1.0
abschaum	off 1.0	off 1.0	off 0.6799387053129352 neg 0.3167128298422324 __DUMMY__ 0.003348464844832411	false	1.0
provozieren	neg 1.0		neg 0.6015615234731414 off 0.39138055604346167 __DUMMY__ 0.007057920483396943	false	1.0
tot	neg 1.0		neg 0.6016343584028038 off 0.3912856398252676 __DUMMY__ 0.007080001771928684	false	1.0
instabil	neg 1.0		neg 0.5929215549312884 off 0.40006519064149054 __DUMMY__ 0.007013254427221002	false	1.0
schwuchtel	off 1.0		neg 0.5827227672375452 off 0.4103210207687384 __DUMMY__ 0.006956211993716503	false	0.5
zerren	neg 1.0		neg 0.6013797777124209 off 0.39150569734982216 __DUMMY__ 0.007114524937757007	false	1.0
kinderficker	off 1.0		neg 0.592027066496783 off 0.40096623686467625 __DUMMY__ 0.007006696638540559	false	0.5
gefahr	neg 1.0		neg 0.6053623012385609 off 0.3875714835513136 __DUMMY__ 0.0070662152101254256	false	1.0
rabiat	neg 1.0		neg 0.6005113410771785 off 0.39239913064435633 __DUMMY__ 0.0070895282784652	false	1.0
verlangsamung	neg 1.0		neg 0.5899585454084874 off 0.40306905453437925 __DUMMY__ 0.006972400057133334	false	1.0
ausgestorben	neg 1.0		neg 0.6014322295850052 off 0.391457949501993 __DUMMY__ 0.007109820913001856	false	1.0
anklagen	neg 1.0		neg 0.6030848492157846 off 0.38987405603576375 __DUMMY__ 0.007041094748451676	false	1.0
trott	neg 1.0		neg 0.5996262395866789 off 0.3932670334707604 __DUMMY__ 0.007106726942560765	false	1.0
verminderung	neg 1.0		neg 0.5923138797355445 off 0.40062269577148574 __DUMMY__ 0.007063424492969679	false	1.0
nach			neg 0.6056435981082827 off 0.38717361796165456 __DUMMY__ 0.007182783930062518	false	0.0
rost	neg 1.0		neg 0.5881935845819399 off 0.4048027497010919 __DUMMY__ 0.007003665716967993	false	1.0
destruktiv	neg 1.0	neg 1.0	neg 0.7902614389021201 off 0.20638542925687042 __DUMMY__ 0.0033531318410094987	false	1.0
unzumutbarkeit	neg 1.0		neg 0.5926835631717561 off 0.40023962179252354 __DUMMY__ 0.007076815035720252	false	1.0
labil	off 1.0	off 1.0	off 0.6809119261002556 neg 0.31573294973490973 __DUMMY__ 0.0033551241648346027	false	1.0
ziemlich	neg 1.0		neg 0.5940032675524711 off 0.39891130039037187 __DUMMY__ 0.007085432057156972	false	1.0
lachnummer	off 1.0		neg 0.6034215196453111 off 0.38953095263297205 __DUMMY__ 0.0070475277217170494	false	0.5
oder			neg 0.5989202693510428 off 0.3939511833126851 __DUMMY__ 0.007128547336272073	false	0.0
verfall	neg 1.0		neg 0.6096480564690508 off 0.3832453424851875 __DUMMY__ 0.007106601045761589	false	1.0
ausgrenzung	neg 1.0		neg 0.6016465461406336 off 0.3913522398365991 __DUMMY__ 0.007001214022767237	false	1.0
unordnung	neg 1.0		neg 0.5912061705993339 off 0.4017625161480789 __DUMMY__ 0.007031313252587407	false	1.0
fehlverhalten	neg 1.0		neg 0.6064672370463975 off 0.38647302246431875 __DUMMY__ 0.007059740489283694	false	1.0
eine			neg 0.6049555994904979 off 0.3879070960066151 __DUMMY__ 0.007137304502886883	false	0.0
nille	neg 1.0		neg 0.6020753592518818 off 0.39088052318336153 __DUMMY__ 0.0070441175647566485	false	1.0
qual	neg 1.0		neg 0.6000048755193498 off 0.39289452071568265 __DUMMY__ 0.00710060376496765	false	1.0
verschwenden	neg 1.0		neg 0.6042778599246464 off 0.38861923805296006 __DUMMY__ 0.007102902022393473	false	1.0
riesig	neg 1.0		neg 0.6014897099888805 off 0.39142105617255585 __DUMMY__ 0.007089233838563776	false	1.0
verurteilen	neg 1.0		neg 0.6054488296964092 off 0.38751486556462544 __DUMMY__ 0.007036304738965289	false	1.0
klischee	neg 1.0	neg 1.0	neg 0.787471605022953 off 0.20917355417536723 __DUMMY__ 0.0033548408016798575	false	1.0
diktatorisch	neg 1.0		neg 0.6040147700637531 off 0.389014656374635 __DUMMY__ 0.006970573561611774	false	1.0
vorhersehbar	neg 1.0		neg 0.6002354123464186 off 0.392724615782113 __DUMMY__ 0.007039971871468349	false	1.0
sowie			neg 0.5904217312623065 off 0.4025787382068619 __DUMMY__ 0.006999530530831677	false	0.0
stornieren	neg 1.0		neg 0.5953650373832605 off 0.39750739188248113 __DUMMY__ 0.007127570734258335	false	1.0
besteuerung	neg 1.0		neg 0.5997348841629889 off 0.3932035723295195 __DUMMY__ 0.0070615435074915895	false	1.0
ungeschminkt	neg 1.0		neg 0.5941281628432 off 0.39880906169131597 __DUMMY__ 0.007062775465483965	false	1.0
kritisch	neg 1.0		neg 0.606177258409314 off 0.38676498478991084 __DUMMY__ 0.007057756800775052	false	1.0
schlamperei	off 1.0		neg 0.6061042677828324 off 0.38685323321944637 __DUMMY__ 0.00704249899772127	false	0.5
sucht	neg 1.0	neg 1.0	neg 0.7853125550218291 off 0.2112769309093577 __DUMMY__ 0.003410514068813259	false	1.0
egoistisch	off 1.0		neg 0.589764422003856 off 0.4031980256945298 __DUMMY__ 0.007037552301614051	false	0.5
ausbeuter	off 1.0		neg 0.6077563343939157 off 0.38520246641262207 __DUMMY__ 0.00704119919346219	false	0.5
arschgeburt	off 1.0		neg 0.5829161669581518 off 0.4101278711796026 __DUMMY__ 0.0069559618622455225	false	0.5
schubs	neg 1.0	neg 1.0	neg 0.7885314396903306 off 0.20805522671742355 __DUMMY__ 0.003413333592245776	false	1.0
unsolide	neg 1.0		neg 0.6014034600720446 off 0.3916589679126737 __DUMMY__ 0.006937572015281614	false	1.0
beschwerde	neg 1.0		neg 0.6044087760242329 off 0.38853433203561216 __DUMMY__ 0.007056891940154977	false	1.0
stocken	neg 1.0		neg 0.6035866925884974 off 0.3893235100779699 __DUMMY__ 0.007089797333532745	false	1.0
isolieren	neg 1.0		neg 0.6000117621089145 off 0.39287037588466955 __DUMMY__ 0.0071178620064160664	false	1.0
unheilbar	neg 1.0		neg 0.6010165715300214 off 0.39191992554414534 __DUMMY__ 0.007063502925833294	false	1.0
pisser	off 1.0		neg 0.5927543324845153 off 0.40022696371871425 __DUMMY__ 0.007018703796770353	false	0.5
löschen	neg 1.0		neg 0.5994182519627639 off 0.3935040957088534 __DUMMY__ 0.007077652328382665	false	1.0
durchfallen	neg 1.0		neg 0.604691720470934 off 0.3882242405762889 __DUMMY__ 0.007084038952777095	false	1.0
wichser	off 1.0		neg 0.5847607734362353 off 0.4082177867853015 __DUMMY__ 0.007021439778463125	false	0.5
terror	neg 1.0		neg 0.594520754898192 off 0.39836351243230206 __DUMMY__ 0.007115732669506019	false	1.0
krass	neg 1.0		neg 0.5908598379937225 off 0.4020768381914142 __DUMMY__ 0.007063323814863401	false	1.0
revolte	neg 1.0	neg 1.0	neg 0.7891126412764339 off 0.2075734062016583 __DUMMY__ 0.003313952521907748	false	1.0
besorgt	neg 1.0		neg 0.5994219132255768 off 0.39341957807662903 __DUMMY__ 0.00715850869779421	false	1.0
nachlassen	neg 1.0		neg 0.6022054654048149 off 0.3906873038292606 __DUMMY__ 0.007107230765924573	false	1.0
alt	neg 1.0		neg 0.6027579905375525 off 0.3901023890447187 __DUMMY__ 0.007139620417728822	false	1.0
hundesohn	off 1.0		neg 0.58751464300107 off 0.4055059118133823 __DUMMY__ 0.006979445185547748	false	0.5
als			neg 0.6019260443181532 off 0.3909511877208745 __DUMMY__ 0.007122767960972254	false	0.0
abschreckung	neg 1.0		neg 0.6080892742488855 off 0.3848512091402293 __DUMMY__ 0.007059516610885253	false	1.0
unqualifiziert	neg 1.0	neg 1.0	neg 0.7880066134521205 off 0.20863671068138184 __DUMMY__ 0.0033566758664976006	false	1.0
abgewichst	off 1.0		neg 0.6021074217784956 off 0.3908210320490647 __DUMMY__ 0.0070715461724397055	false	0.5
schwer	neg 1.0		neg 0.6003992059711966 off 0.39249230855729517 __DUMMY__ 0.007108485471508289	false	1.0
bedeutungslosigkeit	neg 1.0		neg 0.6069432434846512 off 0.3859910903738789 __DUMMY__ 0.007065666141469877	false	1.0
kapitulation	neg 1.0		neg 0.6075680096790403 off 0.38543690542652576 __DUMMY__ 0.006995084894433817	false	1.0
unscharf	neg 1.0		neg 0.5966392939486101 off 0.39627120739097377 __DUMMY__ 0.007089498660416079	false	1.0
schwinden	neg 1.0		neg 0.6059009744005414 off 0.3870174170200756 __DUMMY__ 0.007081608579383101	false	1.0
versklavung	neg 1.0	neg 1.0	neg 0.789868707037146 off 0.2068017605839448 __DUMMY__ 0.0033295323789091715	false	1.0
schlecht	neg 1.0		neg 0.59348217356808 off 0.3994283935962234 __DUMMY__ 0.007089432835696618	false	1.0
verhasst	neg 1.0		neg 0.6020271547148606 off 0.39092679431732874 __DUMMY__ 0.0070460509678106804	false	1.0
beschweren	neg 1.0		neg 0.5983999909665312 off 0.3945031387919746 __DUMMY__ 0.007096870241494304	false	1.0
scheiden	neg 1.0		neg 0.5999664764652893 off 0.39292103698851577 __DUMMY__ 0.007112486546194779	false	1.0
frustriert	neg 1.0		neg 0.6019598468026777 off 0.3909414247550524 __DUMMY__ 0.0070987284422700395	false	1.0
schimmelig	neg 1.0		neg 0.6041194835361302 off 0.38879517972145833 __DUMMY__ 0.007085336742411274	false	1.0
fisch	neg 1.0	neg 1.0	neg 0.7887768588642876 off 0.20781540714527363 __DUMMY__ 0.0034077339904387324	false	1.0
schmuggel	neg 1.0		neg 0.6047738362031878 off 0.3881074293168058 __DUMMY__ 0.007118734480006319	false	1.0
auffallen	neg 1.0		neg 0.5979510660373638 off 0.39495646272484247 __DUMMY__ 0.007092471237793689	false	1.0
konkurrenz	neg 1.0		neg 0.605591513874196 off 0.3872868944954326 __DUMMY__ 0.007121591630371423	false	1.0
teufelskreis	neg 1.0	neg 1.0	neg 0.7897622884100056 off 0.20686759422627024 __DUMMY__ 0.003370117363724052	false	1.0
aufschreien	neg 1.0		neg 0.5996521115162906 off 0.39329323587349335 __DUMMY__ 0.007054652610216167	false	1.0
schuldner	neg 1.0		neg 0.6065806233490024 off 0.3863725517864977 __DUMMY__ 0.007046824864499828	false	1.0
missgeburt	off 1.0	off 1.0	off 0.683962229746499 neg 0.31270118689783044 __DUMMY__ 0.0033365833556706337	false	1.0
arbeitslos	neg 1.0		neg 0.6039444533476106 off 0.38898147179694237 __DUMMY__ 0.007074074855447035	false	1.0
befallen	neg 1.0		neg 0.6074623210743433 off 0.3855486772600145 __DUMMY__ 0.006989001665642183	false	1.0
miesepetrig	off 1.0		neg 0.5933292757868985 off 0.39957078057611256 __DUMMY__ 0.00709994363698881	false	0.5
alarmieren	neg 1.0		neg 0.5974823606684572 off 0.39549859052640435 __DUMMY__ 0.007019048805138523	false	1.0
ungeduscht	off 1.0		neg 0.5962912638109539 off 0.39661440040726853 __DUMMY__ 0.007094335781777709	false	0.5
knappheit	neg 1.0		neg 0.6043294249824805 off 0.38861558502047416 __DUMMY__ 0.007054989997045306	false	1.0
schlange	neg 1.0		neg 0.5969406899069192 off 0.3959271942887803 __DUMMY__ 0.007132115804300407	false	1.0
harsch	neg 1.0		neg 0.586557203656796 off 0.40636370225907414 __DUMMY__ 0.0070790940841298465	false	1.0
lang	neg 1.0		neg 0.5988528250122105 off 0.3940583415007122 __DUMMY__ 0.007088833487077151	false	1.0
ziellos	neg 1.0		neg 0.6029358725634693 off 0.3899530316971163 __DUMMY__ 0.007111095739414542	false	1.0
selbstverliebt	neg 1.0		neg 0.5858818776252858 off 0.40715352106259445 __DUMMY__ 0.006964601312119658	false	1.0
beseitigen	neg 1.0		neg 0.5977481938724875 off 0.39513193189271956 __DUMMY__ 0.007119874234792966	false	1.0
dumm	off 1.0		neg 0.5895260713870537 off 0.4034514447770129 __DUMMY__ 0.007022483835933391	false	0.5
arbeitsloser	neg 1.0		neg 0.6045215508571371 off 0.3883957692142879 __DUMMY__ 0.007082679928575135	false	1.0
blitzen	neg 1.0		neg 0.5973583786177936 off 0.3955857820504362 __DUMMY__ 0.0070558393317701916	false	1.0
hilflos	neg 1.0		neg 0.6023602918650085 off 0.3905398232505562 __DUMMY__ 0.007099884884435184	false	1.0
eklig	off 1.0		neg 0.5888831429643868 off 0.404106616674399 __DUMMY__ 0.007010240361214175	false	0.5
begriff			neg 0.6028757391000941 off 0.39004699346468064 __DUMMY__ 0.007077267435225324	false	0.0
hungersnot	neg 1.0		neg 0.6052268742515994 off 0.3877884432646903 __DUMMY__ 0.00698468248371026	false	1.0
ungesetzlich	neg 1.0		neg 0.6019163341166822 off 0.3910997542398993 __DUMMY__ 0.006983911643418365	false	1.0
verschwendung	neg 1.0		neg 0.6058159596796843 off 0.3870903392794588 __DUMMY__ 0.007093701040856838	false	1.0
schmerzvoll	neg 1.0		neg 0.5982136480209449 off 0.3946859005053305 __DUMMY__ 0.007100451473724594	false	1.0
vorzeitig	neg 1.0		neg 0.594618484972546 off 0.3983133460190624 __DUMMY__ 0.007068169008391497	false	1.0
unvollkommenheit	neg 1.0		neg 0.6004927305191134 off 0.39242643775334923 __DUMMY__ 0.007080831727537179	false	1.0
intervenieren	neg 1.0		neg 0.6077887563744909 off 0.38518176074112065 __DUMMY__ 0.007029482884388536	false	1.0
banause	off 1.0		neg 0.5870953167725386 off 0.4058967123226455 __DUMMY__ 0.007007970904815828	false	0.5
rebell	neg 1.0		neg 0.6057811694362769 off 0.38710659307337286 __DUMMY__ 0.0071122374903503155	false	1.0
unlogisch	neg 1.0		neg 0.5928574378383222 off 0.40009975042476503 __DUMMY__ 0.0070428117369125956	false	1.0
leiden	neg 1.0	neg 1.0	neg 0.789068170391918 off 0.20748944914093534 __DUMMY__ 0.003442380467146677	false	1.0
abschaffung	neg 1.0		neg 0.6016047130094615 off 0.3913632931652396 __DUMMY__ 0.007031993825299006	false	1.0
sturz	neg 1.0		neg 0.6015808281061505 off 0.39140123740013627 __DUMMY__ 0.007017934493713316	false	1.0
verkleinerung	neg 1.0		neg 0.5985717375344167 off 0.394415409024942 __DUMMY__ 0.007012853440641399	false	1.0
schmarotzer	off 1.0		neg 0.6055174045851222 off 0.3874319905485405 __DUMMY__ 0.007050604866337269	false	0.5
bestrafung	neg 1.0		neg 0.599834349489623 off 0.3930930666741026 __DUMMY__ 0.007072583836274463	false	1.0
achtlos	neg 1.0		neg 0.5994344316578591 off 0.3934369739530866 __DUMMY__ 0.007128594389054458	false	1.0
ungeheuer	neg 1.0		neg 0.5980462685090213 off 0.3948734941982121 __DUMMY__ 0.007080237292766597	false	1.0
