unsolidarisch	neg 1.0		__DUMMY__ 0.4600339626457756 neg 0.33024192023792726 off 0.2097241171162972	false	1.0
nachteilig	neg 1.0		__DUMMY__ 0.4667073720564525 neg 0.325546406336764 off 0.2077462216067833	false	1.0
skeptisch	neg 1.0		__DUMMY__ 0.46823308590952795 neg 0.3267261444362405 off 0.20504076965423151	false	1.0
schrecklich	neg 1.0		__DUMMY__ 0.4656465084813753 neg 0.3143532130965242 off 0.2200002784221005	false	1.0
schlapp	neg 1.0		__DUMMY__ 0.4689501392502584 neg 0.31511510371779117 off 0.21593475703195036	false	1.0
abfall	neg 1.0		__DUMMY__ 0.4686045152878269 neg 0.3281718612007006 off 0.20322362351147263	false	1.0
widerspenstig	neg 1.0		__DUMMY__ 0.4694897507216685 neg 0.31968769051652135 off 0.21082255876181022	false	1.0
abrupt	neg 1.0		__DUMMY__ 0.47041357533931966 neg 0.3201026396696485 off 0.20948378499103176	false	1.0
unwirksam	neg 1.0		__DUMMY__ 0.46287371183659876 neg 0.3263480891750713 off 0.2107781989883299	false	1.0
angreifen	neg 1.0		__DUMMY__ 0.46652307007719873 neg 0.32734935615348104 off 0.20612757376932028	false	1.0
inkonsistent	neg 1.0		__DUMMY__ 0.4647012533570316 neg 0.32271746014594743 off 0.21258128649702085	false	1.0
abrutschen	neg 1.0		__DUMMY__ 0.46965427771625196 neg 0.3266712181770644 off 0.20367450410668347	false	1.0
unsicher	neg 1.0		__DUMMY__ 0.46809077104527486 neg 0.3211945379654982 off 0.21071469098922713	false	1.0
bauernkind	off 1.0		__DUMMY__ 0.46198239377653805 neg 0.31498334522233845 off 0.22303426100112336	false	0.5
angreifer	neg 1.0		__DUMMY__ 0.4635047060237333 neg 0.3230145742315317 off 0.21348071974473493	false	1.0
trennen	neg 1.0		__DUMMY__ 0.4721850297419809 neg 0.32094841773923755 off 0.2068665525187816	false	1.0
schmutz	neg 1.0		__DUMMY__ 0.4711521833150215 neg 0.31129414493370555 off 0.21755367175127302	false	1.0
inkonsistenz	neg 1.0	neg 1.0	neg 0.6528111934729143 __DUMMY__ 0.22581472874368014 off 0.12137407778340553	false	1.0
erschreckend	neg 1.0		__DUMMY__ 0.4666475669786244 neg 0.32425457323381257 off 0.20909785978756285	false	1.0
ertrinken	neg 1.0		__DUMMY__ 0.46952668251374197 neg 0.32303754941235235 off 0.2074357680739057	false	1.0
pickelface	off 1.0		__DUMMY__ 0.46487898102693426 neg 0.3238428813287645 off 0.21127813764430126	false	0.5
seiner			__DUMMY__ 0.46833329190766504 neg 0.3252268288280812 off 0.20643987926425375	false	0.0
lauch	neg 1.0		__DUMMY__ 0.46810169976590565 neg 0.3272278627293883 off 0.20467043750470607	false	1.0
unwichtig	neg 1.0		__DUMMY__ 0.4658063105515593 neg 0.3189437823643432 off 0.21524990708409758	false	1.0
steuerhinterziehung	neg 1.0		__DUMMY__ 0.4627083288250821 neg 0.3282889217877175 off 0.2090027493872004	false	1.0
schock	neg 1.0		__DUMMY__ 0.4702456955271045 neg 0.3203483185511084 off 0.20940598592178714	false	1.0
beule	neg 1.0		__DUMMY__ 0.46846689911113953 neg 0.31421034570465267 off 0.21732275518420774	false	1.0
vergelten	neg 1.0		__DUMMY__ 0.463277564736041 neg 0.31552536613946763 off 0.22119706912449133	false	1.0
verdorbenheit	neg 1.0	neg 1.0	neg 0.6504508262772816 __DUMMY__ 0.2286764605874048 off 0.12087271313531367	false	1.0
trauma	neg 1.0		__DUMMY__ 0.4665832672022857 neg 0.3208145310635664 off 0.212602201734148	false	1.0
sinnlos	neg 1.0		__DUMMY__ 0.4669231445937737 neg 0.32015816945066944 off 0.21291868595555688	false	1.0
fettsack	off 1.0	off 1.0	off 0.5960389710173923 __DUMMY__ 0.224841038581944 neg 0.1791199904006636	false	1.0
feige	off 1.0		__DUMMY__ 0.4643289857936741 neg 0.32115516282091106 off 0.21451585138541496	false	0.5
abdanken	neg 1.0		__DUMMY__ 0.4614445532789536 neg 0.3295989906841855 off 0.2089564560368608	false	1.0
wichtigtuer	off 1.0	off 1.0	off 0.5904418872772007 __DUMMY__ 0.22577214994323394 neg 0.18378596277956524	false	1.0
misslingen	neg 1.0		__DUMMY__ 0.46950224972520566 neg 0.31696576542325317 off 0.21353198485154135	false	1.0
untreu	off 1.0		__DUMMY__ 0.4661564031390857 neg 0.31761915344246966 off 0.21622444341844452	false	0.5
missmutig	neg 1.0		__DUMMY__ 0.46851728537476983 neg 0.31629167557963583 off 0.21519103904559433	false	1.0
hurenbock	off 1.0		__DUMMY__ 0.47009756840243166 neg 0.3168217981220138 off 0.21308063347555456	false	0.5
betrunken	neg 1.0		__DUMMY__ 0.46794853471305853 neg 0.313702243558989 off 0.21834922172795235	false	1.0
korrupt	off 1.0		__DUMMY__ 0.46178587273173477 neg 0.3310652784949521 off 0.20714884877331313	false	0.5
unmut	neg 1.0		__DUMMY__ 0.46765511827374756 neg 0.3283760502862084 off 0.20396883144004416	false	1.0
hackfresse	off 1.0		__DUMMY__ 0.46413473279239664 neg 0.31245963557301715 off 0.22340563163458638	false	0.5
aufblasen	neg 1.0		__DUMMY__ 0.4695396988855585 neg 0.3178021488948282 off 0.21265815221961332	false	1.0
gewaltsam	neg 1.0		__DUMMY__ 0.4630882957049516 neg 0.32587410020095003 off 0.21103760409409825	false	1.0
unbeliebtheit	neg 1.0		__DUMMY__ 0.45795867706171856 neg 0.32611118140413436 off 0.21593014153414705	false	1.0
sturheit	neg 1.0		__DUMMY__ 0.4643450662074589 neg 0.3269737387853894 off 0.20868119500715168	false	1.0
kuh	neg 1.0		__DUMMY__ 0.4656764806540479 neg 0.32200824252466487 off 0.21231527682128729	false	1.0
erschrecken	neg 1.0		__DUMMY__ 0.46807977407350987 neg 0.31714611008098725 off 0.2147741158455029	false	1.0
opfer	neg 1.0	neg 1.0	neg 0.6554372797881801 __DUMMY__ 0.22714106090435518 off 0.11742165930746473	false	1.0
sinken	neg 1.0		__DUMMY__ 0.46795159638127304 neg 0.3272409881478028 off 0.20480741547092413	false	1.0
stinktier	neg 1.0		__DUMMY__ 0.4634660132963029 neg 0.3165638948716952 off 0.2199700918320019	false	1.0
tucke	off 1.0		__DUMMY__ 0.46434531080634567 neg 0.3116986584633576 off 0.22395603073029688	false	0.5
ein			__DUMMY__ 0.4714117351964464 neg 0.3162985995519911 off 0.2122896652515624	false	0.0
abstieg	neg 1.0		__DUMMY__ 0.4653706077727467 neg 0.32609741554708427 off 0.20853197668016918	false	1.0
missverstehen	neg 1.0		__DUMMY__ 0.46473320633998677 neg 0.32300230227847093 off 0.2122644913815423	false	1.0
ergebnislos	neg 1.0		__DUMMY__ 0.46612055232309085 neg 0.3257108273535185 off 0.2081686203233907	false	1.0
unter			__DUMMY__ 0.47417934070987705 neg 0.32504034704911833 off 0.20078031224100448	false	0.0
manipulieren	neg 1.0		__DUMMY__ 0.4660837080421601 neg 0.3282078036149765 off 0.2057084883428634	false	1.0
unbewiesen	neg 1.0		__DUMMY__ 0.4592726455401294 neg 0.3315131199082337 off 0.2092142345516368	false	1.0
verschleppen	neg 1.0		__DUMMY__ 0.465025624826967 neg 0.3273862954319837 off 0.20758807974104937	false	1.0
weib	off 1.0		__DUMMY__ 0.463614929960944 neg 0.31157422111408456 off 0.22481084892497144	false	0.5
opposition	neg 1.0		__DUMMY__ 0.46234950590988283 neg 0.32591218723015075 off 0.21173830685996628	false	1.0
verkehrswidrig	neg 1.0		__DUMMY__ 0.4666056856061757 neg 0.31143864811621214 off 0.22195566627761226	false	1.0
inkorrekt	neg 1.0		__DUMMY__ 0.4610034006057628 neg 0.32360339147691936 off 0.215393207917318	false	1.0
vermeiden	neg 1.0		__DUMMY__ 0.4714176245765078 neg 0.32586454563557327 off 0.20271782978791897	false	1.0
abweichung	neg 1.0		__DUMMY__ 0.46197047516051176 neg 0.3310865315384376 off 0.20694299330105054	false	1.0
alkoholisiert	neg 1.0		__DUMMY__ 0.46910072209002124 neg 0.3222030533893682 off 0.20869622452061043	false	1.0
scheiss	off 1.0	off 1.0	off 0.5935915123330644 __DUMMY__ 0.2269226153101419 neg 0.17948587235679356	false	1.0
herausforderung	neg 1.0		__DUMMY__ 0.4721003121295353 neg 0.31865285014942024 off 0.20924683772104455	false	1.0
pervers	off 1.0		__DUMMY__ 0.46295736898265244 neg 0.30936490103883907 off 0.22767772997850838	false	0.5
wackelig	neg 1.0		__DUMMY__ 0.4725584937704605 neg 0.3180938408221195 off 0.20934766540741986	false	1.0
verwickeln	neg 1.0		__DUMMY__ 0.465644272257653 neg 0.3221981950503868 off 0.2121575326919602	false	1.0
vorwand	neg 1.0		__DUMMY__ 0.466617192053846 neg 0.3287971052919951 off 0.20458570265415882	false	1.0
muschi	off 1.0		__DUMMY__ 0.46519145083922514 neg 0.3239036045388608 off 0.2109049446219142	false	0.5
entmutigung	neg 1.0		__DUMMY__ 0.45779184587438265 neg 0.33073246463451117 off 0.2114756894911061	false	1.0
unangemessen	neg 1.0		__DUMMY__ 0.46449091232725737 neg 0.32798697623438633 off 0.20752211143835622	false	1.0
unstetig	neg 1.0		__DUMMY__ 0.4644827399501453 neg 0.3212960411545256 off 0.21422121889532905	false	1.0
entmutigen	neg 1.0		__DUMMY__ 0.46753579088300345 neg 0.3206083842714015 off 0.21185582484559498	false	1.0
schwanz	neg 1.0		__DUMMY__ 0.46670377106056266 neg 0.3246102856052575 off 0.2086859433341798	false	1.0
verbot	neg 1.0		__DUMMY__ 0.4625505495078483 neg 0.32947716367126173 off 0.20797228682089	false	1.0
leid	neg 1.0		__DUMMY__ 0.46451943606608226 neg 0.31408049583462627 off 0.2214000680992914	false	1.0
archaisch	neg 1.0		__DUMMY__ 0.4653106394811699 neg 0.32639588414207443 off 0.20829347637675563	false	1.0
gegen			__DUMMY__ 0.4666503898764587 neg 0.32812093696445777 off 0.20522867315908355	false	0.0
scheidung	neg 1.0	neg 1.0	neg 0.6410162533076185 __DUMMY__ 0.2248601961361206 off 0.13412355055626082	false	1.0
einschlag	neg 1.0		__DUMMY__ 0.4646643181211296 neg 0.3143737135125553 off 0.22096196836631501	false	1.0
m			__DUMMY__ 0.469007884994267 neg 0.3211476091815809 off 0.20984450582415198	false	0.0
abgestanden	neg 1.0		__DUMMY__ 0.46878570966671607 neg 0.3201786461408149 off 0.21103564419246904	false	1.0
schmierig	off 1.0		__DUMMY__ 0.46560554873314947 neg 0.3139741964272638 off 0.22042025483958677	false	0.5
unpraktisch	neg 1.0		__DUMMY__ 0.4699010247930611 neg 0.3174311071249208 off 0.2126678680820181	false	1.0
wixxer	off 1.0		__DUMMY__ 0.46150633076254016 neg 0.310996601941451 off 0.2274970672960087	false	0.5
bezeichnet			__DUMMY__ 0.4650694653336213 neg 0.3255102408169324 off 0.2094202938494462	false	0.0
jammerlappen	off 1.0		__DUMMY__ 0.4665729424204448 neg 0.3179610111575658 off 0.21546604642198952	false	0.5
farce	neg 1.0		__DUMMY__ 0.459930117368165 neg 0.33228104395911445 off 0.2077888386727205	false	1.0
zwecklos	neg 1.0		__DUMMY__ 0.46553041662416667 neg 0.32708138049483765 off 0.20738820288099571	false	1.0
turbulent	neg 1.0		__DUMMY__ 0.4634883641194658 neg 0.317580780411266 off 0.21893085546926827	false	1.0
invasion	neg 1.0		__DUMMY__ 0.4681779804559643 neg 0.31719361401593654 off 0.21462840552809914	false	1.0
schuld	neg 1.0		__DUMMY__ 0.4661635374793209 neg 0.32256397138032283 off 0.21127249114035632	false	1.0
risiko	neg 1.0		__DUMMY__ 0.46902256234698275 neg 0.31602261013334304 off 0.2149548275196742	false	1.0
finster	neg 1.0		__DUMMY__ 0.47041264784642306 neg 0.31770509704110245 off 0.21188225511247447	false	1.0
geisteskrank	off 1.0		__DUMMY__ 0.4627601035861622 neg 0.3208905306375991 off 0.21634936577623884	false	0.5
zusammenbrechen	neg 1.0		__DUMMY__ 0.4684483142997059 neg 0.32227200456134736 off 0.20927968113894663	false	1.0
ausbeute	neg 1.0		__DUMMY__ 0.4710927498244114 neg 0.3201165649381397 off 0.20879068523744893	false	1.0
hinterhalt	neg 1.0		__DUMMY__ 0.46650995143209706 neg 0.3216627934929486 off 0.21182725507495437	false	1.0
kritik	neg 1.0		__DUMMY__ 0.46112907246328433 neg 0.33079005896284513 off 0.2080808685738705	false	1.0
einschrumpfen	neg 1.0		__DUMMY__ 0.46160367406593256 neg 0.3245840364301758 off 0.21381228950389158	false	1.0
riskant	neg 1.0		__DUMMY__ 0.46768681429405906 neg 0.3257166945181991 off 0.2065964911877418	false	1.0
frustrieren	neg 1.0		__DUMMY__ 0.46713004536253444 neg 0.3264522175881649 off 0.20641773704930066	false	1.0
groll	neg 1.0		__DUMMY__ 0.465789751176453 neg 0.3265242104686714 off 0.2076860383548756	false	1.0
gibt			__DUMMY__ 0.46758899011500105 neg 0.32373452960981386 off 0.20867648027518515	false	0.0
qualvoll	neg 1.0		__DUMMY__ 0.46851530850447065 neg 0.31790812756313264 off 0.2135765639323966	false	1.0
wackeln	neg 1.0		__DUMMY__ 0.47082218351224886 neg 0.3168422878706509 off 0.2123355286171001	false	1.0
klagen	neg 1.0		__DUMMY__ 0.46563567858466165 neg 0.33017114528860125 off 0.20419317612673715	false	1.0
bankrott	neg 1.0		__DUMMY__ 0.46810089877479494 neg 0.3155428741530737 off 0.21635622707213137	false	1.0
trauern	neg 1.0		__DUMMY__ 0.46775343676822934 neg 0.325348756927242 off 0.20689780630452861	false	1.0
ablehnung	neg 1.0	neg 1.0	neg 0.657406684505872 __DUMMY__ 0.22437929483671784 off 0.11821402065741009	false	1.0
stur	neg 1.0		__DUMMY__ 0.466412016484391 neg 0.3218342803088108 off 0.21175370320679823	false	1.0
aufruhr	neg 1.0		__DUMMY__ 0.46281947794479944 neg 0.32672614510006703 off 0.21045437695513344	false	1.0
melancholie	neg 1.0		__DUMMY__ 0.47149498235193954 neg 0.3192840026933616 off 0.2092210149546988	false	1.0
ist			__DUMMY__ 0.4669311282782171 neg 0.32088913717285694 off 0.21217973454892589	false	0.0
torheit	neg 1.0		__DUMMY__ 0.4615368269462607 neg 0.3276782428604175 off 0.2107849301933219	false	1.0
dreckskind	off 1.0		__DUMMY__ 0.4606919285772327 neg 0.31781945026792935 off 0.22148862115483792	false	0.5
umtauschen	neg 1.0		__DUMMY__ 0.469972216260341 neg 0.31909929383902425 off 0.21092848990063479	false	1.0
zum			__DUMMY__ 0.4751232660477174 neg 0.32051347053972246 off 0.20436326341256006	false	0.0
zersetzen	neg 1.0		__DUMMY__ 0.4660427300738643 neg 0.3288358999757533 off 0.20512136995038235	false	1.0
zur			__DUMMY__ 0.4697861316493498 neg 0.32738433204424666 off 0.20282953630640344	false	0.0
frust	neg 1.0		__DUMMY__ 0.4684435573527632 neg 0.32247912078170254 off 0.20907732186553427	false	1.0
unerbittlichkeit	neg 1.0		__DUMMY__ 0.4657885494463554 neg 0.3281396396181392 off 0.2060718109355054	false	1.0
zwei			__DUMMY__ 0.47320591915662746 neg 0.32110226158933036 off 0.20569181925404212	false	0.0
unkorrekt	neg 1.0		__DUMMY__ 0.4622873927326851 neg 0.3211157752344531 off 0.21659683203286173	false	1.0
hexe	off 1.0		__DUMMY__ 0.4664797431737381 neg 0.31735774178713794 off 0.21616251503912404	false	0.5
lasch	neg 1.0		__DUMMY__ 0.4645436317651045 neg 0.32191001253405854 off 0.21354635570083688	false	1.0
rivale	neg 1.0		__DUMMY__ 0.464024726049968 neg 0.31589635867195803 off 0.220078915278074	false	1.0
mutlos	off 1.0	off 1.0	off 0.5873443057293218 __DUMMY__ 0.22567666134931014 neg 0.18697903292136808	false	1.0
wirr	off 1.0		__DUMMY__ 0.462286298954662 neg 0.3194258813711983 off 0.2182878196741397	false	0.5
jahr			__DUMMY__ 0.4720485215831843 neg 0.32009045685917137 off 0.20786102155764424	false	0.0
wird			__DUMMY__ 0.4680654330676432 neg 0.32453110232857657 off 0.20740346460378023	false	0.0
strafbar	neg 1.0		__DUMMY__ 0.46424796713178534 neg 0.32970407205092067 off 0.2060479608172941	false	1.0
erosion	neg 1.0		__DUMMY__ 0.46909451800501367 neg 0.31782467921782676 off 0.21308080277715957	false	1.0
eingehen	neg 1.0		__DUMMY__ 0.46628312118169063 neg 0.32647660353466385 off 0.2072402752836454	false	1.0
faul	off 1.0		__DUMMY__ 0.46909570844619797 neg 0.3151369324599546 off 0.21576735909384737	false	0.5
provisorium	neg 1.0		__DUMMY__ 0.47268199546513145 neg 0.3275225716183068 off 0.19979543291656163	false	1.0
schmerzen	neg 1.0		__DUMMY__ 0.46942962569160024 neg 0.3206427575373079 off 0.20992761677109179	false	1.0
schrumpfen	neg 1.0		__DUMMY__ 0.4693851158383253 neg 0.32844262888822856 off 0.20217225527344598	false	1.0
geistlos	off 1.0		__DUMMY__ 0.45988345496205635 neg 0.32821565983780626 off 0.21190088520013736	false	0.5
fehlkauf	neg 1.0		__DUMMY__ 0.4650198660686433 neg 0.3214761604598713 off 0.21350397347148534	false	1.0
frustrierend	neg 1.0	neg 1.0	neg 0.6509793693324736 __DUMMY__ 0.22727335125304637 off 0.12174727941448005	false	1.0
unzufrieden	neg 1.0		__DUMMY__ 0.4667632546914984 neg 0.3254622292455895 off 0.20777451606291222	false	1.0
verzweifeln	neg 1.0		__DUMMY__ 0.4683000418992279 neg 0.3215451542778054 off 0.2101548038229666	false	1.0
verzweifelt	neg 1.0		__DUMMY__ 0.46708016481391873 neg 0.3210485073706122 off 0.2118713278154691	false	1.0
misstrauensantrag	neg 1.0		__DUMMY__ 0.4644456546623646 neg 0.3222337963653125 off 0.21332054897232286	false	1.0
abfallen	neg 1.0		__DUMMY__ 0.4712865278662767 neg 0.31614420171043134 off 0.21256927042329193	false	1.0
fucker	off 1.0		__DUMMY__ 0.4644231545085168 neg 0.31671478241854467 off 0.21886206307293848	false	0.5
ungezogen	neg 1.0		__DUMMY__ 0.4646947929478019 neg 0.3099616600547963 off 0.22534354699740172	false	1.0
irrsinnig	neg 1.0	neg 1.0	neg 0.6534362213008839 __DUMMY__ 0.22664954919132405 off 0.11991422950779215	false	1.0
unfassbar	neg 1.0		__DUMMY__ 0.46625683785681626 neg 0.3178378570355717 off 0.215905305107612	false	1.0
hart	neg 1.0		__DUMMY__ 0.46431326356428154 neg 0.32003116965550177 off 0.21565556678021672	false	1.0
widerlich	off 1.0		__DUMMY__ 0.46440116222460825 neg 0.31922802457140037 off 0.21637081320399137	false	0.5
fatal	neg 1.0		__DUMMY__ 0.46557120212218717 neg 0.32087626767944394 off 0.2135525301983689	false	1.0
bruch	neg 1.0		__DUMMY__ 0.4651966444602304 neg 0.33118440979702596 off 0.2036189457427436	false	1.0
aushungern	neg 1.0		__DUMMY__ 0.46208148031991253 neg 0.3280874866816891 off 0.2098310329983983	false	1.0
anspannung	neg 1.0		__DUMMY__ 0.4708948540496247 neg 0.3250200716712603 off 0.20408507427911496	false	1.0
von			__DUMMY__ 0.4721384523092102 neg 0.32098788967874214 off 0.2068736580120477	false	0.0
kraftlos	neg 1.0		__DUMMY__ 0.47127442380449247 neg 0.3200998088552169 off 0.20862576734029065	false	1.0
vom			__DUMMY__ 0.47441675995200255 neg 0.323967118564478 off 0.20161612148351943	false	0.0
grenzdebil	off 1.0		__DUMMY__ 0.46677900194027877 neg 0.3159569509153971 off 0.2172640471443241	false	0.5
vor			__DUMMY__ 0.47032874893629245 neg 0.3245109955154258 off 0.20516025554828166	false	0.0
unterwerfen	neg 1.0		__DUMMY__ 0.4658267645333045 neg 0.32745386999327386 off 0.20671936547342154	false	1.0
versenkung	neg 1.0		__DUMMY__ 0.4671234084696126 neg 0.326368424880976 off 0.20650816664941155	false	1.0
entziehen	neg 1.0		__DUMMY__ 0.46713231846243286 neg 0.32872531483881623 off 0.20414236669875102	false	1.0
finanzkrise	neg 1.0		__DUMMY__ 0.46188055976861353 neg 0.32876203920589964 off 0.20935740102548678	false	1.0
schimpfend	neg 1.0		__DUMMY__ 0.4724219110046913 neg 0.31381499070315444 off 0.2137630982921543	false	1.0
profan	neg 1.0		__DUMMY__ 0.46743052903651316 neg 0.31951023896915703 off 0.21305923199432966	false	1.0
korruption	neg 1.0		__DUMMY__ 0.46225526542176554 neg 0.33033379588874096 off 0.2074109386894936	false	1.0
â			__DUMMY__ 0.4685583379550602 neg 0.32273000643012734 off 0.20871165561481247	false	0.0
schmutzig	neg 1.0		__DUMMY__ 0.4690781641804213 neg 0.3135995804575934 off 0.21732225536198527	false	1.0
sexy	neg 1.0		__DUMMY__ 0.46699612080849323 neg 0.31753632976616336 off 0.21546754942534335	false	1.0
abraten	neg 1.0		__DUMMY__ 0.46836871246401063 neg 0.31934227324079156 off 0.21228901429519773	false	1.0
schwarz	neg 1.0		__DUMMY__ 0.4661600793020129 neg 0.3210801277812256 off 0.2127597929167615	false	1.0
fotze	off 1.0		__DUMMY__ 0.4654253806351138 neg 0.32568890456209254 off 0.2088857148027935	false	0.5
verwirren	neg 1.0		__DUMMY__ 0.46715833235487214 neg 0.3189507095688264 off 0.2138909580763015	false	1.0
zahnlos	off 1.0		__DUMMY__ 0.46553985018560207 neg 0.3266394558555904 off 0.20782069395880748	false	0.5
verheeren	neg 1.0		__DUMMY__ 0.45998002484026373 neg 0.313698315566778 off 0.22632165959295827	false	1.0
hippie	neg 1.0		__DUMMY__ 0.4665115373754283 neg 0.318393895794309 off 0.21509456683026285	false	1.0
rammen	neg 1.0		__DUMMY__ 0.4676966875310578 neg 0.318258637863232 off 0.21404467460571028	false	1.0
unlauter	neg 1.0	neg 1.0	neg 0.653686575674017 __DUMMY__ 0.22548665001037757 off 0.12082677431560544	false	1.0
unheilvoll	neg 1.0		__DUMMY__ 0.46814527459717914 neg 0.3188246163849249 off 0.21303010901789596	false	1.0
niedrig	neg 1.0		__DUMMY__ 0.4669409736044212 neg 0.3252199686176165 off 0.2078390577779623	false	1.0
explosion	neg 1.0		__DUMMY__ 0.46754998193206115 neg 0.3176969095781098 off 0.21475310848982906	false	1.0
weichei	off 1.0		__DUMMY__ 0.46430552628181393 neg 0.3135404977531255 off 0.22215397596506062	false	0.5
minusmensch	off 1.0		__DUMMY__ 0.4593179977357852 neg 0.31462945085350374 off 0.22605255141071104	false	0.5
farblos	neg 1.0		__DUMMY__ 0.46548367109489097 neg 0.3231602938710356 off 0.21135603503407352	false	1.0
unwissend	neg 1.0	neg 1.0	neg 0.6514353907508409 __DUMMY__ 0.22610851552825978 off 0.12245609372089941	false	1.0
traurig	neg 1.0		__DUMMY__ 0.4667784399550003 neg 0.31405751903011 off 0.21916404101488965	false	1.0
senkung	neg 1.0		__DUMMY__ 0.4652626738778647 neg 0.32079535499520956 off 0.2139419711269259	false	1.0
ungleich	neg 1.0	neg 1.0	neg 0.6566248596202926 __DUMMY__ 0.22625252664041273 off 0.11712261373929472	false	1.0
heikel	neg 1.0		__DUMMY__ 0.4670077306879384 neg 0.32761654145486024 off 0.20537572785720135	false	1.0
drosselung	neg 1.0		__DUMMY__ 0.4670955405568921 neg 0.31324154502805795 off 0.21966291441504995	false	1.0
falsch	neg 1.0		__DUMMY__ 0.46621777898170214 neg 0.319102305159708 off 0.21467991585858978	false	1.0
unzufriedenheit	neg 1.0		__DUMMY__ 0.4664697352045169 neg 0.32846342850485144 off 0.20506683629063166	false	1.0
kurz	neg 1.0		__DUMMY__ 0.47086146388689154 neg 0.31937185431744736 off 0.20976668179566105	false	1.0
unsinnig	neg 1.0		__DUMMY__ 0.46646926758316837 neg 0.3252825614130189 off 0.20824817100381274	false	1.0
penner	off 1.0	off 1.0	off 0.5973940906586617 __DUMMY__ 0.22591020798921738 neg 0.17669570135212093	false	1.0
seicht	neg 1.0		__DUMMY__ 0.46119353682173475 neg 0.31475675364403716 off 0.22404970953422818	false	1.0
dummheit	off 1.0	off 1.0	off 0.5908854945400407 __DUMMY__ 0.2257415843357305 neg 0.1833729211242289	false	1.0
unerfreulich	neg 1.0		__DUMMY__ 0.4682523011724923 neg 0.3266971655965258 off 0.20505053323098194	false	1.0
motherfucker	off 1.0	off 1.0	off 0.5943269138461479 __DUMMY__ 0.2256166262980992 neg 0.18005645985575286	false	1.0
pikiert	neg 1.0		__DUMMY__ 0.464874109327759 neg 0.3200054861319468 off 0.2151204045402943	false	1.0
wrack	neg 1.0		__DUMMY__ 0.46848372465497784 neg 0.32271104379794985 off 0.2088052315470723	false	1.0
gangster	neg 1.0		__DUMMY__ 0.4664209565159305 neg 0.3194322840646138 off 0.2141467594194557	false	1.0
krank	neg 1.0		__DUMMY__ 0.46884978806879846 neg 0.31342272865637555 off 0.217727483274826	false	1.0
reich	neg 1.0		__DUMMY__ 0.459983138793409 neg 0.32483261085331394 off 0.21518425035327696	false	1.0
gnadenlos	neg 1.0		__DUMMY__ 0.46709926852903993 neg 0.32116570404301004 off 0.21173502742795006	false	1.0
niedergeschlagen	neg 1.0		__DUMMY__ 0.46842216633335415 neg 0.3222497854673605 off 0.20932804819928522	false	1.0
terrorisieren	off 1.0	off 1.0	off 0.5874807266917789 __DUMMY__ 0.22719888639381192 neg 0.18532038691440916	false	1.0
sinnlosigkeit	neg 1.0		__DUMMY__ 0.4659173398823568 neg 0.32612940296981363 off 0.20795325714782958	false	1.0
behindern	neg 1.0		__DUMMY__ 0.4688313840715514 neg 0.3200956358035828 off 0.2110729801248658	false	1.0
undemokratisch	neg 1.0		__DUMMY__ 0.4612414284099617 neg 0.3278212637529462 off 0.21093730783709214	false	1.0
wirtschaftskrise	neg 1.0		__DUMMY__ 0.4638761843669551 neg 0.32832331241555457 off 0.20780050321749047	false	1.0
neid	neg 1.0		__DUMMY__ 0.4689477006965895 neg 0.31611785055881314 off 0.21493444874459736	false	1.0
rutschen	neg 1.0		__DUMMY__ 0.47525283586907846 neg 0.32021798298012727 off 0.20452918115079424	false	1.0
rezession	neg 1.0		__DUMMY__ 0.4605289711931936 neg 0.31971686468229893 off 0.21975416412450766	false	1.0
fehlgeburt	neg 1.0		__DUMMY__ 0.46703405725663616 neg 0.32155058442105144 off 0.21141535832231237	false	1.0
charakterschwach	off 1.0		__DUMMY__ 0.4647143490321368 neg 0.31898639563515474 off 0.2162992553327083	false	0.5
isolation	neg 1.0		__DUMMY__ 0.46729454315585744 neg 0.3160598068061212 off 0.21664565003802122	false	1.0
ablenkung	neg 1.0		__DUMMY__ 0.4690947224757167 neg 0.3194380590875191 off 0.21146721843676422	false	1.0
pech	neg 1.0		__DUMMY__ 0.46795897916870133 neg 0.3178122243874942 off 0.21422879644380452	false	1.0
vermeidung	neg 1.0		__DUMMY__ 0.4678831468619613 neg 0.3135796156974526 off 0.21853723744058604	false	1.0
dominieren	neg 1.0		__DUMMY__ 0.46722736022595546 neg 0.32325703656671934 off 0.2095156032073252	false	1.0
schwindlig	neg 1.0		__DUMMY__ 0.47014948909613125 neg 0.3153958607618976 off 0.2144546501419712	false	1.0
lutscher	neg 1.0		__DUMMY__ 0.4620259347164092 neg 0.31275878524941503 off 0.22521528003417587	false	1.0
pflicht	neg 1.0		__DUMMY__ 0.46695773709556293 neg 0.32780365564721353 off 0.20523860725722354	false	1.0
faschist	off 1.0		__DUMMY__ 0.46149397924786434 neg 0.3263563582616091 off 0.21214966249052652	false	0.5
verschleudern	neg 1.0		__DUMMY__ 0.464442501545201 neg 0.32828434568240905 off 0.2072731527723898	false	1.0
wenn			__DUMMY__ 0.46685548506647134 neg 0.3182786971657621 off 0.21486581776776653	false	0.0
ehebruch	neg 1.0		__DUMMY__ 0.4644458131033672 neg 0.32880763522489354 off 0.2067465516717392	false	1.0
spott	off 1.0		__DUMMY__ 0.4651138858172373 neg 0.3285959216066864 off 0.20629019257607636	false	0.5
trostlosigkeit	neg 1.0		__DUMMY__ 0.4634486814814535 neg 0.33206064037282823 off 0.20449067814571817	false	1.0
lutschen	neg 1.0		__DUMMY__ 0.46382245180559734 neg 0.321059681559697 off 0.21511786663470558	false	1.0
undiszipliniert	neg 1.0		__DUMMY__ 0.46566955356300604 neg 0.3162030673583402 off 0.21812737907865365	false	1.0
kopfschmerz	neg 1.0		__DUMMY__ 0.46855970885947834 neg 0.3210106225475139 off 0.2104296685930077	false	1.0
unvorhergesehen	neg 1.0		__DUMMY__ 0.471864594382089 neg 0.3183695786928354 off 0.20976582692507564	false	1.0
desinteressiert	neg 1.0		__DUMMY__ 0.4648525973635536 neg 0.3174677644024831 off 0.2176796382339633	false	1.0
armselig	off 1.0		__DUMMY__ 0.4634750645181004 neg 0.31814524570541375 off 0.21837968977648586	false	0.5
desaster	neg 1.0		__DUMMY__ 0.4649113753950103 neg 0.3319331460008472 off 0.20315547860414238	false	1.0
tod	neg 1.0		__DUMMY__ 0.46248199119010386 neg 0.33175737962049695 off 0.20576062918939922	false	1.0
herzlos	neg 1.0		__DUMMY__ 0.4658789361704886 neg 0.31445356949431297 off 0.2196674943351983	false	1.0
unwissenheit	neg 1.0		__DUMMY__ 0.4646716684333669 neg 0.3277721129190351 off 0.20755621864759807	false	1.0
widersinnig	neg 1.0		__DUMMY__ 0.46195286499419097 neg 0.329784100378354 off 0.20826303462745493	false	1.0
bedenklich	neg 1.0		__DUMMY__ 0.4666565956029222 neg 0.32692912348475844 off 0.20641428091231936	false	1.0
beanstanden	neg 1.0		__DUMMY__ 0.4671906365264509 neg 0.32792022030195617 off 0.20488914317159299	false	1.0
panisch	neg 1.0	neg 1.0	neg 0.6486586681422237 __DUMMY__ 0.22986008093963384 off 0.12148125091814248	false	1.0
debil	off 1.0		__DUMMY__ 0.46835047161950943 neg 0.329494666547663 off 0.20215486183282758	false	0.5
abstrich	neg 1.0		__DUMMY__ 0.470370913250013 neg 0.3179238822317372 off 0.21170520451824967	false	1.0
primitiv	neg 1.0		__DUMMY__ 0.4643180648395492 neg 0.31868188750083304 off 0.21700004765961786	false	1.0
abschaum	off 1.0	off 1.0	off 0.5922928792598798 __DUMMY__ 0.2252494784993772 neg 0.18245764224074296	false	1.0
provozieren	neg 1.0		__DUMMY__ 0.4651313496983538 neg 0.32432913777693934 off 0.210539512524707	false	1.0
tot	neg 1.0		__DUMMY__ 0.46671271546073934 neg 0.3235623926023528 off 0.2097248919369079	false	1.0
instabil	neg 1.0		__DUMMY__ 0.46256376504918423 neg 0.31796366218648997 off 0.2194725727643257	false	1.0
schwuchtel	off 1.0		__DUMMY__ 0.459002040282319 neg 0.3106927733540968 off 0.23030518636358419	false	0.5
zerren	neg 1.0		__DUMMY__ 0.46858384458663604 neg 0.32211918462595784 off 0.2092969707874061	false	1.0
kinderficker	off 1.0		__DUMMY__ 0.46211975322603993 neg 0.3173296234674009 off 0.2205506233065591	false	0.5
gefahr	neg 1.0		__DUMMY__ 0.46573931065821506 neg 0.32737049543077296 off 0.2068901939110119	false	1.0
rabiat	neg 1.0		__DUMMY__ 0.467077592669329 neg 0.3222114041708622 off 0.2107110031598088	false	1.0
verlangsamung	neg 1.0		__DUMMY__ 0.46004207358052046 neg 0.3167405883257271 off 0.22321733809375233	false	1.0
ausgestorben	neg 1.0		__DUMMY__ 0.46830655479853184 neg 0.32234668433396957 off 0.20934676086749865	false	1.0
anklagen	neg 1.0		__DUMMY__ 0.4642389706576595 neg 0.32618451602441006 off 0.2095765133179305	false	1.0
trott	neg 1.0		__DUMMY__ 0.46810161416369095 neg 0.320838994084889 off 0.21105939175142	false	1.0
verminderung	neg 1.0		__DUMMY__ 0.46552521863016727 neg 0.31570523088668967 off 0.218769550483143	false	1.0
nach			__DUMMY__ 0.47280023622913203 neg 0.323548758978885 off 0.20365100479198284	false	0.0
rost	neg 1.0		__DUMMY__ 0.4620143004028471 neg 0.3139205185225623 off 0.22406518107459075	false	1.0
destruktiv	neg 1.0	neg 1.0	neg 0.6557712623793536 __DUMMY__ 0.2255560126834326 off 0.1186727249372139	false	1.0
unzumutbarkeit	neg 1.0		__DUMMY__ 0.4664215246868498 neg 0.31544654049581994 off 0.2181319348173302	false	1.0
labil	off 1.0	off 1.0	off 0.593075017075218 __DUMMY__ 0.22567337730111053 neg 0.18125160562367154	false	1.0
ziemlich	neg 1.0		__DUMMY__ 0.46681304858245815 neg 0.3164523382511344 off 0.21673461316640757	false	1.0
lachnummer	off 1.0		__DUMMY__ 0.46451930211233045 neg 0.3263549349708657 off 0.20912576291680382	false	0.5
oder			__DUMMY__ 0.4694424359488084 neg 0.3194271784520411 off 0.21113038559915065	false	0.0
verfall	neg 1.0		__DUMMY__ 0.46817874284653543 neg 0.32989536323432905 off 0.20192589391913543	false	1.0
ausgrenzung	neg 1.0		__DUMMY__ 0.4617794345559133 neg 0.32631757213932483 off 0.21190299330476195	false	1.0
unordnung	neg 1.0		__DUMMY__ 0.46374586129238876 neg 0.31567970509180376 off 0.2205744336158075	false	1.0
fehlverhalten	neg 1.0		__DUMMY__ 0.46529474261774384 neg 0.32865205511654 off 0.20605320226571608	false	1.0
eine			__DUMMY__ 0.46997895553130203 neg 0.32459076916486473 off 0.20543027530383312	false	0.0
nille	neg 1.0		__DUMMY__ 0.4643415598060737 neg 0.32525698071144526 off 0.21040145948248093	false	1.0
qual	neg 1.0		__DUMMY__ 0.4677292299961746 neg 0.32139639672335374 off 0.21087437328047162	false	1.0
verschwenden	neg 1.0		__DUMMY__ 0.46788169873370744 neg 0.32522217702550843 off 0.2068961242407841	false	1.0
riesig	neg 1.0		__DUMMY__ 0.46719350614003047 neg 0.3230589496585508 off 0.20974754420141867	false	1.0
verurteilen	neg 1.0		__DUMMY__ 0.4638842738663289 neg 0.32855814470804845 off 0.20755758142562258	false	1.0
klischee	neg 1.0	neg 1.0	neg 0.6530089791132778 __DUMMY__ 0.22564182168725522 off 0.12134919919946695	false	1.0
diktatorisch	neg 1.0		__DUMMY__ 0.45990728950310494 neg 0.32960186646154294 off 0.21049084403535226	false	1.0
vorhersehbar	neg 1.0		__DUMMY__ 0.464047642509795 neg 0.323771356525138 off 0.21218100096506692	false	1.0
sowie			__DUMMY__ 0.461627213946537 neg 0.31622657716455344 off 0.2221462088889095	false	0.0
stornieren	neg 1.0		__DUMMY__ 0.46954119137633243 neg 0.3160409535612774 off 0.2144178550623903	false	1.0
besteuerung	neg 1.0		__DUMMY__ 0.4654562551911348 neg 0.32253818696338504 off 0.21200555784548009	false	1.0
ungeschminkt	neg 1.0		__DUMMY__ 0.46553044971871427 neg 0.31741230744704746 off 0.21705724283423833	false	1.0
kritisch	neg 1.0		__DUMMY__ 0.46515342788686304 neg 0.32850567691684013 off 0.20634089519629678	false	1.0
schlamperei	off 1.0		__DUMMY__ 0.46430868154442034 neg 0.32891393775626004 off 0.20677738069931959	false	0.5
sucht	neg 1.0	neg 1.0	neg 0.6486523248220767 __DUMMY__ 0.2293871322199151 off 0.1219605429580082	false	1.0
egoistisch	off 1.0		__DUMMY__ 0.46393802807895573 neg 0.3142388516891034 off 0.2218231202319408	false	0.5
ausbeuter	off 1.0		__DUMMY__ 0.46417312075787354 neg 0.3305146136545484 off 0.2053122655875779	false	0.5
arschgeburt	off 1.0		__DUMMY__ 0.45901100737303374 neg 0.3108270490889463 off 0.23016194353802	false	0.5
schubs	neg 1.0	neg 1.0	neg 0.6518055731838955 __DUMMY__ 0.22952219560473125 off 0.11867223121137321	false	1.0
unsolide	neg 1.0		__DUMMY__ 0.457901728651962 neg 0.3284344669719935 off 0.2136638043760444	false	1.0
beschwerde	neg 1.0		__DUMMY__ 0.4651917796768502 neg 0.326844596279306 off 0.20796362404384372	false	1.0
stocken	neg 1.0		__DUMMY__ 0.4671839069722527 neg 0.32493762561483497 off 0.2078784674129124	false	1.0
isolieren	neg 1.0		__DUMMY__ 0.46894182654250444 neg 0.320540852293394 off 0.21051732116410143	false	1.0
unheilbar	neg 1.0		__DUMMY__ 0.4655355644430559 neg 0.32354923100327276 off 0.21091520455367138	false	1.0
pisser	off 1.0		__DUMMY__ 0.46287196556117227 neg 0.317605321858691 off 0.21952271258013675	false	0.5
löschen	neg 1.0		__DUMMY__ 0.4663469283529903 neg 0.3216608712964119 off 0.21199220035059782	false	1.0
durchfallen	neg 1.0		__DUMMY__ 0.466746032907747 neg 0.32624140305163496 off 0.20701256404061816	false	1.0
wichser	off 1.0		__DUMMY__ 0.46294023671698037 neg 0.3102634081920958 off 0.22679635509092377	false	0.5
terror	neg 1.0		__DUMMY__ 0.4686928940412425 neg 0.3158226004804494 off 0.21548450547830814	false	1.0
krass	neg 1.0		__DUMMY__ 0.46554797883471716 neg 0.31438707597133864 off 0.22006494519394426	false	1.0
revolte	neg 1.0	neg 1.0	neg 0.6561403302742072 __DUMMY__ 0.22302031423834512 off 0.1208393554874478	false	1.0
besorgt	neg 1.0		__DUMMY__ 0.47133659424701707 neg 0.31866052643021614 off 0.21000287932276665	false	1.0
nachlassen	neg 1.0		__DUMMY__ 0.4682403415405011 neg 0.3231001671889342 off 0.20865949127056463	false	1.0
alt	neg 1.0		__DUMMY__ 0.4703230858289022 neg 0.3224814098438625 off 0.20719550432723546	false	1.0
hundesohn	off 1.0		__DUMMY__ 0.46045741738827306 neg 0.31416763076312454 off 0.22537495184860237	false	0.5
als			__DUMMY__ 0.4691117849040673 neg 0.32230503868451116 off 0.2085831764114214	false	0.0
abschreckung	neg 1.0		__DUMMY__ 0.46531416983003304 neg 0.330126568931378 off 0.20455926123858897	false	1.0
unqualifiziert	neg 1.0	neg 1.0	neg 0.653400692484825 __DUMMY__ 0.22579381122533906 off 0.12080549628983582	false	1.0
abgewichst	off 1.0		__DUMMY__ 0.46601116386613506 neg 0.3243271314926905 off 0.20966170464117442	false	0.5
schwer	neg 1.0		__DUMMY__ 0.4682031191051434 neg 0.32146229897983036 off 0.2103345819150263	false	1.0
bedeutungslosigkeit	neg 1.0		__DUMMY__ 0.46564795587563895 neg 0.32889448677512795 off 0.20545755734923313	false	1.0
kapitulation	neg 1.0		__DUMMY__ 0.46138590111161254 neg 0.3320027175997658 off 0.2066113812886217	false	1.0
unscharf	neg 1.0		__DUMMY__ 0.4671881070049628 neg 0.31875205675010304 off 0.21405983624493413	false	1.0
schwinden	neg 1.0		__DUMMY__ 0.46667288734274265 neg 0.3273640467913181 off 0.20596306586593943	false	1.0
versklavung	neg 1.0	neg 1.0	neg 0.6562695244771369 __DUMMY__ 0.2240407577558632 off 0.11968971776699978	false	1.0
schlecht	neg 1.0		__DUMMY__ 0.46705166987499624 neg 0.31580206018248125 off 0.2171462699425226	false	1.0
verhasst	neg 1.0		__DUMMY__ 0.46442438480956105 neg 0.3251747931609908 off 0.21040082202944818	false	1.0
beschweren	neg 1.0		__DUMMY__ 0.46749719729563344 neg 0.3200398174082772 off 0.21246298529608953	false	1.0
scheiden	neg 1.0		__DUMMY__ 0.46862804050890017 neg 0.3208912159144499 off 0.2104807435766499	false	1.0
frustriert	neg 1.0		__DUMMY__ 0.4676060888567142 neg 0.3232310331999458 off 0.20916287794334015	false	1.0
schimmelig	neg 1.0		__DUMMY__ 0.4669797311097644 neg 0.3257811633204428 off 0.20723910556979272	false	1.0
fisch	neg 1.0	neg 1.0	neg 0.652217297508662 __DUMMY__ 0.22920393129943714 off 0.11857877119190097	false	1.0
schmuggel	neg 1.0		__DUMMY__ 0.46903683436137844 neg 0.32491375995733396 off 0.2060494056812877	false	1.0
auffallen	neg 1.0		__DUMMY__ 0.46723162355005377 neg 0.31980637206777024 off 0.21296200438217602	false	1.0
konkurrenz	neg 1.0		__DUMMY__ 0.46910650606206317 neg 0.3255967742384229 off 0.20529671969951405	false	1.0
teufelskreis	neg 1.0	neg 1.0	neg 0.6546495783028878 __DUMMY__ 0.22664376711318135 off 0.11870665458393082	false	1.0
aufschreien	neg 1.0		__DUMMY__ 0.46492787776351857 neg 0.32273035934532623 off 0.2123417628911552	false	1.0
schuldner	neg 1.0		__DUMMY__ 0.4645679879746058 neg 0.32922430830959365 off 0.20620770371580063	false	1.0
missgeburt	off 1.0	off 1.0	off 0.5964856607768815 __DUMMY__ 0.22452547700288272 neg 0.1789888622202359	false	1.0
arbeitslos	neg 1.0		__DUMMY__ 0.4661175992944075 neg 0.32590429971214174 off 0.2079781009934508	false	1.0
befallen	neg 1.0		__DUMMY__ 0.4610551285247692 neg 0.33222624608733275 off 0.20671862538789795	false	1.0
miesepetrig	off 1.0		__DUMMY__ 0.4677508039632454 neg 0.3153318061474536 off 0.21691738988930098	false	0.5
alarmieren	neg 1.0		__DUMMY__ 0.4628847169970474 neg 0.321880406765452 off 0.2152348762375006	false	1.0
ungeduscht	off 1.0		__DUMMY__ 0.46744191109021865 neg 0.31831561337137776 off 0.21424247553840345	false	0.5
knappheit	neg 1.0		__DUMMY__ 0.46507413554058535 neg 0.32689248768479523 off 0.20803337677461944	false	1.0
schlange	neg 1.0		__DUMMY__ 0.4696745457102949 neg 0.3174577694652766 off 0.21286768482442853	false	1.0
harsch	neg 1.0		__DUMMY__ 0.4665154680066822 neg 0.3097802738955423 off 0.22370425809777536	false	1.0
lang	neg 1.0		__DUMMY__ 0.46701671486785173 neg 0.3207488974298137 off 0.21223438770233455	false	1.0
ziellos	neg 1.0		__DUMMY__ 0.46837006429968475 neg 0.3237054811957303 off 0.2079244545045848	false	1.0
selbstverliebt	neg 1.0		__DUMMY__ 0.45947638048246076 neg 0.3133450629919121 off 0.2271785565256272	false	1.0
beseitigen	neg 1.0		__DUMMY__ 0.46907428152441266 neg 0.31845002963985586 off 0.21247568883573156	false	1.0
dumm	off 1.0		__DUMMY__ 0.46298957711279953 neg 0.3146234088744656 off 0.22238701401273497	false	0.5
arbeitsloser	neg 1.0		__DUMMY__ 0.46671688982817494 neg 0.32602642173228463 off 0.20725668843954045	false	1.0
blitzen	neg 1.0		__DUMMY__ 0.4650415395243988 neg 0.3205292033775696 off 0.2144292570980315	false	1.0
hilflos	neg 1.0		__DUMMY__ 0.46769265390802406 neg 0.3235586132790242 off 0.20874873281295167	false	1.0
eklig	off 1.0		__DUMMY__ 0.4622610749706818 neg 0.3145107007696331 off 0.22322822425968508	false	0.5
begriff			__DUMMY__ 0.46635569838218544 neg 0.3247784401009723 off 0.20886586151684228	false	0.0
hungersnot	neg 1.0		__DUMMY__ 0.4607864923047454 neg 0.3302631878538299 off 0.2089503198414247	false	1.0
ungesetzlich	neg 1.0		__DUMMY__ 0.4607158924907635 neg 0.32714494118452275 off 0.21213916632471375	false	1.0
verschwendung	neg 1.0		__DUMMY__ 0.4673228324577719 neg 0.3269283581955676 off 0.20574880934666057	false	1.0
schmerzvoll	neg 1.0		__DUMMY__ 0.467718558268567 neg 0.3197542455414605 off 0.21252719618997248	false	1.0
vorzeitig	neg 1.0		__DUMMY__ 0.4659042249777903 neg 0.31749962353637906 off 0.2165961514858307	false	1.0
unvollkommenheit	neg 1.0		__DUMMY__ 0.4666849119721164 neg 0.32242273397722526 off 0.2108923540506584	false	1.0
intervenieren	neg 1.0		__DUMMY__ 0.4634732084563489 neg 0.330961241066051 off 0.2055655504776001	false	1.0
banause	off 1.0		__DUMMY__ 0.46215692732867464 neg 0.3129242735593702 off 0.22491879911195523	false	0.5
rebell	neg 1.0		__DUMMY__ 0.46862184862590833 neg 0.32618354497006125 off 0.20519460640403042	false	1.0
unlogisch	neg 1.0		__DUMMY__ 0.46422749756397813 neg 0.3169323579305287 off 0.21884014450549322	false	1.0
leiden	neg 1.0	neg 1.0	neg 0.6511466359461794 __DUMMY__ 0.2314131687743346 off 0.11744019527948596	false	1.0
abschaffung	neg 1.0		__DUMMY__ 0.4636523314041951 neg 0.3252381175936783 off 0.21110955100212675	false	1.0
sturz	neg 1.0		__DUMMY__ 0.4628213507569285 neg 0.3257596846513896 off 0.2114189645916819	false	1.0
verkleinerung	neg 1.0		__DUMMY__ 0.462512838112331 neg 0.32315539799912546 off 0.21433176388854366	false	1.0
schmarotzer	off 1.0		__DUMMY__ 0.4647194222769208 neg 0.32816722696567613 off 0.20711335075740311	false	0.5
bestrafung	neg 1.0		__DUMMY__ 0.4660686121516575 neg 0.3221486353709351 off 0.21178275247740744	false	1.0
achtlos	neg 1.0		__DUMMY__ 0.4694523060008236 neg 0.3198317910924131 off 0.21071590290676326	false	1.0
ungeheuer	neg 1.0		__DUMMY__ 0.4665697466946047 neg 0.320333271934978 off 0.21309698137041733	false	1.0
unaufrichtig	neg 1.0		__DUMMY__ 0.4622772030089431 neg 0.32470195184915174 off 0.2130208451419051	false	1.0
groggy	neg 1.0		__DUMMY__ 0.46545909464306495 neg 0.32009493120553867 off 0.21444597415139643	false	1.0
verletzlich	neg 1.0		__DUMMY__ 0.4659473576224297 neg 0.3169398222907786 off 0.21711282008679167	false	1.0
