unsolidarisch	neg 1.0		neg 0.6047699592005503 off 0.38825666792031427 __DUMMY__ 0.00697337287913525	false	1.0
nachteilig	neg 1.0		neg 0.6039531749091565 off 0.38896436520416644 __DUMMY__ 0.0070824598866769985	false	1.0
skeptisch	neg 1.0		neg 0.6062098305999866 off 0.38668188667904146 __DUMMY__ 0.007108282720972068	false	1.0
schrecklich	neg 1.0		neg 0.5909483267727317 off 0.40198553014049365 __DUMMY__ 0.0070661430867746755	false	1.0
schlapp	neg 1.0		neg 0.5938493479120638 off 0.399030970003423 __DUMMY__ 0.007119682084513177	false	1.0
abfall	neg 1.0		neg 0.6080039734767323 off 0.38488203898709783 __DUMMY__ 0.007113987536169788	false	1.0
widerspenstig	neg 1.0		neg 0.5992415074466726 off 0.39363018858286286 __DUMMY__ 0.007128303970464468	false	1.0
abrupt	neg 1.0		neg 0.6003565098007947 off 0.3925016164506519 __DUMMY__ 0.007141873748553428	false	1.0
unwirksam	neg 1.0		neg 0.602205614768959 off 0.39077500158601725 __DUMMY__ 0.007019383645023822	false	1.0
angreifen	neg 1.0		neg 0.6058030486658638 off 0.3871163345791343 __DUMMY__ 0.007080616755002099	false	1.0
inkonsistent	neg 1.0		neg 0.5994329633100733 off 0.3935183863999486 __DUMMY__ 0.007048650289977998	false	1.0
abrutschen	neg 1.0		neg 0.6070525902005021 off 0.38581561853697527 __DUMMY__ 0.007131791262522815	false	1.0
unsicher	neg 1.0		neg 0.6000402598553328 off 0.39285314263609733 __DUMMY__ 0.0071065975085699	false	1.0
bauernkind	off 1.0		neg 0.5891996585974277 off 0.40379645754234095 __DUMMY__ 0.007003883860231267	false	0.5
angreifer	neg 1.0		neg 0.5990857867941863 off 0.39388515468495217 __DUMMY__ 0.00702905852086155	false	1.0
trennen	neg 1.0		neg 0.6024254861049821 off 0.39040145997632586 __DUMMY__ 0.00717305391869205	false	1.0
schmutz	neg 1.0		neg 0.5913120969599651 off 0.4015352713827611 __DUMMY__ 0.007152631657273698	false	1.0
inkonsistenz	neg 1.0	neg 1.0	neg 0.7874117209609858 off 0.20923149074842495 __DUMMY__ 0.0033567882905892713	false	1.0
erschreckend	neg 1.0		neg 0.6024813635762254 off 0.3904358402933926 __DUMMY__ 0.007082796130381932	false	1.0
ertrinken	neg 1.0		neg 0.6029996740592346 off 0.3898709684011112 __DUMMY__ 0.007129357539654107	false	1.0
pickelface	off 1.0		neg 0.6008855139816817 off 0.3920624275617628 __DUMMY__ 0.007052058456555619	false	0.5
seiner			neg 0.6046327653560638 off 0.3882571085806635 __DUMMY__ 0.007110126063272819	false	0.0
lauch	neg 1.0		neg 0.6066137586152077 off 0.3862815214052255 __DUMMY__ 0.007104719979566739	false	1.0
unwichtig	neg 1.0		neg 0.5961191387153775 off 0.3968120829462631 __DUMMY__ 0.007068778338359354	false	1.0
steuerhinterziehung	neg 1.0		neg 0.6043597314220314 off 0.388624067527117 __DUMMY__ 0.007016201050851534	false	1.0
schock	neg 1.0		neg 0.6004854826947813 off 0.39237354952525255 __DUMMY__ 0.007140967779966155	false	1.0
beule	neg 1.0		neg 0.5925478306868002 off 0.4003412302825912 __DUMMY__ 0.0071109390306086	false	1.0
vergelten	neg 1.0		neg 0.5908305293062108 off 0.4021450585979298 __DUMMY__ 0.007024412095859334	false	1.0
verdorbenheit	neg 1.0	neg 1.0	neg 0.7866654214890795 off 0.2099341850098551 __DUMMY__ 0.0034003935010653856	false	1.0
trauma	neg 1.0		neg 0.5986438686083753 off 0.39427430421736426 __DUMMY__ 0.0070818271742605	false	1.0
sinnlos	neg 1.0		neg 0.5981590606221616 off 0.394753494590799 __DUMMY__ 0.007087444787039371	false	1.0
fettsack	off 1.0	off 1.0	off 0.6836780304645076 neg 0.31298017174048015 __DUMMY__ 0.0033417977950123694	false	1.0
feige	off 1.0		neg 0.5975803745014854 off 0.3953752497915287 __DUMMY__ 0.0070443757069858295	false	0.5
abdanken	neg 1.0		neg 0.6050142143096406 off 0.38799011112935694 __DUMMY__ 0.006995674561002255	false	1.0
wichtigtuer	off 1.0	off 1.0	off 0.6782854274198727 neg 0.31835797688978124 __DUMMY__ 0.0033565956903461058	false	1.0
misslingen	neg 1.0		neg 0.5963742023973385 off 0.3964991408503073 __DUMMY__ 0.007126656752354227	false	1.0
untreu	off 1.0		neg 0.5948655115179327 off 0.3980597837405691 __DUMMY__ 0.007074704741498235	false	0.5
missmutig	neg 1.0		neg 0.5949390001341308 off 0.3979483956034001 __DUMMY__ 0.007112604262469103	false	1.0
hurenbock	off 1.0		neg 0.5965132450023239 off 0.39635127597496606 __DUMMY__ 0.00713547902271009	false	0.5
betrunken	neg 1.0		neg 0.5916861816644069 off 0.4012103534684212 __DUMMY__ 0.007103464867172123	false	1.0
korrupt	off 1.0		neg 0.6068114992952742 off 0.38618664240470396 __DUMMY__ 0.007001858300021795	false	0.5
unmut	neg 1.0		neg 0.6076898849854879 off 0.3852118336872913 __DUMMY__ 0.007098281327220796	false	1.0
hackfresse	off 1.0		neg 0.5878944373975623 off 0.40506461607111427 __DUMMY__ 0.0070409465313233405	false	0.5
aufblasen	neg 1.0		neg 0.5972315113969763 off 0.39563861045014204 __DUMMY__ 0.007129878152881615	false	1.0
gewaltsam	neg 1.0		neg 0.6019224854802068 off 0.3910553035690565 __DUMMY__ 0.0070222109507366804	false	1.0
unbeliebtheit	neg 1.0		neg 0.5988504117562159 off 0.39421138476813183 __DUMMY__ 0.006938203475652281	false	1.0
sturheit	neg 1.0		neg 0.6040062737272324 off 0.388949362721538 __DUMMY__ 0.007044363551229537	false	1.0
kuh	neg 1.0		neg 0.5992152711184521 off 0.3937212098006912 __DUMMY__ 0.007063519080856735	false	1.0
erschrecken	neg 1.0		neg 0.5955798752207276 off 0.3973138641770649 __DUMMY__ 0.007106260602207494	false	1.0
opfer	neg 1.0	neg 1.0	neg 0.7908946037701671 off 0.20572818096507084 __DUMMY__ 0.003377215264761979	false	1.0
sinken	neg 1.0		neg 0.6065580496031722 off 0.386339786980218 __DUMMY__ 0.007102163416609903	false	1.0
stinktier	neg 1.0		neg 0.5919027967994492 off 0.4010684334629178 __DUMMY__ 0.007028769737632945	false	1.0
tucke	off 1.0		neg 0.5871559052634077 off 0.40580176743724067 __DUMMY__ 0.007042327299351629	false	0.5
ein			neg 0.5968012513224444 off 0.39603935850651634 __DUMMY__ 0.007159390171039173	false	0.0
abstieg	neg 1.0		neg 0.6036916298023749 off 0.3892487685079384 __DUMMY__ 0.007059601689686864	false	1.0
missverstehen	neg 1.0		neg 0.5998555613523687 off 0.39309330530540326 __DUMMY__ 0.007051133342228006	false	1.0
ergebnislos	neg 1.0		neg 0.6037774865251193 off 0.3891503392732 __DUMMY__ 0.007072174201680818	false	1.0
unter			neg 0.6081955068899038 off 0.38459928410158 __DUMMY__ 0.0072052090085162925	false	0.0
manipulieren	neg 1.0		neg 0.6064761991509316 off 0.3864512599262823 __DUMMY__ 0.007072540922786177	false	1.0
unbewiesen	neg 1.0		neg 0.6056546467335294 off 0.3873846484089134 __DUMMY__ 0.0069607048575572065	false	1.0
verschleppen	neg 1.0		neg 0.6048982576089149 off 0.388047888680965 __DUMMY__ 0.007053853710120168	false	1.0
weib	off 1.0		neg 0.5866096856450345 off 0.4063589275191729 __DUMMY__ 0.007031386835792551	false	0.5
opposition	neg 1.0		neg 0.6013463289154305 off 0.39164231440284786 __DUMMY__ 0.007011356681721666	false	1.0
verkehrswidrig	neg 1.0		neg 0.588379577228899 off 0.40454130062411553 __DUMMY__ 0.007079122146985585	false	1.0
inkorrekt	neg 1.0		neg 0.598105735856063 off 0.39490543770259723 __DUMMY__ 0.006988826441339829	false	1.0
vermeiden	neg 1.0		neg 0.6072994659940533 off 0.38554116036598735 __DUMMY__ 0.0071593736399593695	false	1.0
abweichung	neg 1.0		neg 0.6068669700503786 off 0.3861284331515593 __DUMMY__ 0.007004596798062108	false	1.0
alkoholisiert	neg 1.0		neg 0.6016837208862134 off 0.39119693373998216 __DUMMY__ 0.0071193453738043885	false	1.0
scheiss	off 1.0	off 1.0	off 0.6820501687127085 neg 0.3145761654324471 __DUMMY__ 0.0033736658548444215	false	1.0
herausforderung	neg 1.0		neg 0.5999742443399938 off 0.39285604848873196 __DUMMY__ 0.007169707171274185	false	1.0
pervers	off 1.0		neg 0.5837900101957633 off 0.40918914088425967 __DUMMY__ 0.007020848919977215	false	0.5
wackelig	neg 1.0		neg 0.5994925003961259 off 0.3933285609223752 __DUMMY__ 0.007178938681498944	false	1.0
verwickeln	neg 1.0		neg 0.599584180804665 off 0.39334968380860125 __DUMMY__ 0.007066135386733618	false	1.0
vorwand	neg 1.0		neg 0.6074340725900388 off 0.3854842768202686 __DUMMY__ 0.007081650589692689	false	1.0
muschi	off 1.0		neg 0.6011536966824079 off 0.39178870644689473 __DUMMY__ 0.007057596870697315	false	0.5
entmutigung	neg 1.0		neg 0.6038309218121398 off 0.3892331660151686 __DUMMY__ 0.0069359121726915544	false	1.0
unangemessen	neg 1.0		neg 0.6051697352100655 off 0.3877833756288302 __DUMMY__ 0.007046889161104288	false	1.0
unstetig	neg 1.0		neg 0.597757473244102 off 0.3951982785394187 __DUMMY__ 0.007044248216479286	false	1.0
entmutigen	neg 1.0		neg 0.5990702526357435 off 0.39383320422949514 __DUMMY__ 0.007096543134761424	false	1.0
schwanz	neg 1.0		neg 0.60285673706808 off 0.3900616952437552 __DUMMY__ 0.00708156768816491	false	1.0
verbot	neg 1.0		neg 0.6055849367731031 off 0.38740110461608324 __DUMMY__ 0.007013958610813634	false	1.0
leid	neg 1.0		neg 0.5899044188193913 off 0.40304834764595315 __DUMMY__ 0.0070472335346555915	false	1.0
archaisch	neg 1.0		neg 0.6039340344245442 off 0.3890058311444345 __DUMMY__ 0.007060134431021208	false	1.0
gegen			neg 0.6067794337031459 off 0.38613909370019806 __DUMMY__ 0.0070814725966561985	false	0.0
scheidung	neg 1.0	neg 1.0	neg 0.774886211507238 off 0.22177213764547782 __DUMMY__ 0.0033416508472842	false	1.0
einschlag	neg 1.0		neg 0.5904005880772608 off 0.4025511023341894 __DUMMY__ 0.007048309588549774	false	1.0
m			neg 0.6005547578344492 off 0.3923237217032829 __DUMMY__ 0.00712152046226781	false	0.0
abgestanden	neg 1.0		neg 0.5991828105417027 off 0.3937019791448869 __DUMMY__ 0.0071152103134102685	false	1.0
schmierig	off 1.0		neg 0.590494745930043 off 0.4024401312912208 __DUMMY__ 0.0070651227787362015	false	0.5
unpraktisch	neg 1.0		neg 0.5970327844170864 off 0.39583185151958145 __DUMMY__ 0.007135364063332139	false	1.0
wixxer	off 1.0		neg 0.5846082966602804 off 0.4083945841306173 __DUMMY__ 0.006997119209102449	false	0.5
bezeichnet			neg 0.6028325950179421 off 0.3901109224682483 __DUMMY__ 0.0070564825138095906	false	0.0
jammerlappen	off 1.0		neg 0.5955342966970942 off 0.39738420052478624 __DUMMY__ 0.00708150277811958	false	0.5
farce	neg 1.0		neg 0.6068965795113672 off 0.3861322162204973 __DUMMY__ 0.006971204268135522	false	1.0
zwecklos	neg 1.0		neg 0.6048289232407629 off 0.3881066743966096 __DUMMY__ 0.00706440236262759	false	1.0
turbulent	neg 1.0		neg 0.5931128339146218 off 0.39986003199867853 __DUMMY__ 0.0070271340866996145	false	1.0
invasion	neg 1.0		neg 0.5957459076159483 off 0.39714646894045436 __DUMMY__ 0.007107623443597461	false	1.0
schuld	neg 1.0		neg 0.6003140835372716 off 0.39261101952000976 __DUMMY__ 0.0070748969427187	false	1.0
risiko	neg 1.0		neg 0.5951037761470482 off 0.3977775418532644 __DUMMY__ 0.007118681999687422	false	1.0
finster	neg 1.0		neg 0.5975708281584601 off 0.39528614709540777 __DUMMY__ 0.007143024746132266	false	1.0
geisteskrank	off 1.0		neg 0.5962741272382417 off 0.396707117277095 __DUMMY__ 0.007018755484663095	false	0.5
zusammenbrechen	neg 1.0		neg 0.601465213422713 off 0.39142227082547865 __DUMMY__ 0.00711251575180837	false	1.0
ausbeute	neg 1.0		neg 0.6007423157118341 off 0.3921047706490915 __DUMMY__ 0.007152913639074314	false	1.0
hinterhalt	neg 1.0		neg 0.5995252992346652 off 0.3933976440478499 __DUMMY__ 0.007077056717484771	false	1.0
kritik	neg 1.0		neg 0.606074921472372 off 0.3869342555252459 __DUMMY__ 0.006990823002382258	false	1.0
einschrumpfen	neg 1.0		neg 0.5995051056260096 off 0.39349603908036174 __DUMMY__ 0.006998855293628587	false	1.0
riskant	neg 1.0		neg 0.6047446368653742 off 0.3881555727117086 __DUMMY__ 0.007099790422917222	false	1.0
frustrieren	neg 1.0		neg 0.605177184503361 off 0.38773221266081703 __DUMMY__ 0.007090602835821917	false	1.0
groll	neg 1.0		neg 0.604435655205722 off 0.3884964345792869 __DUMMY__ 0.0070679102149913105	false	1.0
gibt			neg 0.6025098444816069 off 0.39039165614053384 __DUMMY__ 0.00709849937785927	false	0.0
qualvoll	neg 1.0		neg 0.5966734075842258 off 0.39621392618502865 __DUMMY__ 0.007112666230745515	false	1.0
wackeln	neg 1.0		neg 0.5970382637212186 off 0.39581089803701236 __DUMMY__ 0.00715083824176908	false	1.0
klagen	neg 1.0		neg 0.6083185901047357 off 0.38461659685810135 __DUMMY__ 0.0070648130371630796	false	1.0
bankrott	neg 1.0		neg 0.5938209836262066 off 0.39907295937126064 __DUMMY__ 0.007106057002532757	false	1.0
trauern	neg 1.0		neg 0.6044167178765474 off 0.3884841087208023 __DUMMY__ 0.007099173402650499	false	1.0
ablehnung	neg 1.0	neg 1.0	neg 0.7912471278790929 off 0.20541808787966198 __DUMMY__ 0.0033347842412450876	false	1.0
stur	neg 1.0		neg 0.5996771839883078 off 0.3932439243275406 __DUMMY__ 0.007078891684151499	false	1.0
aufruhr	neg 1.0		neg 0.6026927821360551 off 0.39028910679165635 __DUMMY__ 0.007018111072288527	false	1.0
melancholie	neg 1.0		neg 0.600092928821888 off 0.39274638475362966 __DUMMY__ 0.00716068642448232	false	1.0
ist			neg 0.5989262527992157 off 0.3939859905556191 __DUMMY__ 0.007087756645165168	false	0.0
torheit	neg 1.0		neg 0.6029387997794733 off 0.39006373934884925 __DUMMY__ 0.006997460871677294	false	1.0
dreckskind	off 1.0		neg 0.5914828024314462 off 0.40153339542779853 __DUMMY__ 0.006983802140755194	false	0.5
umtauschen	neg 1.0		neg 0.5988363506781383 off 0.3940274687247238 __DUMMY__ 0.007136180597137962	false	1.0
zum			neg 0.6038541877418243 off 0.38892556818743584 __DUMMY__ 0.007220244070739995	false	0.0
zersetzen	neg 1.0		neg 0.6070956760921503 off 0.38583206799761127 __DUMMY__ 0.00707225591023834	false	1.0
zur			neg 0.6079457520548689 off 0.38492130873074554 __DUMMY__ 0.007132939214385603	false	0.0
frust	neg 1.0		neg 0.6017013954760967 off 0.3911861841605738 __DUMMY__ 0.007112420363329617	false	1.0
unerbittlichkeit	neg 1.0		neg 0.6062059480830768 off 0.3867262723237915 __DUMMY__ 0.007067779593131731	false	1.0
zwei			neg 0.6032227027086833 off 0.3895878638844589 __DUMMY__ 0.007189433406857835	false	0.0
unkorrekt	neg 1.0		neg 0.5962019258453375 off 0.3967888372115266 __DUMMY__ 0.007009236943136097	false	1.0
hexe	off 1.0		neg 0.5946857632532638 off 0.3982363836709466 __DUMMY__ 0.007077853075789501	false	0.5
lasch	neg 1.0		neg 0.5985644604931327 off 0.3943879751292604 __DUMMY__ 0.007047564377606871	false	1.0
rivale	neg 1.0		neg 0.5915973679056848 off 0.4013647622398447 __DUMMY__ 0.007037869854470461	false	1.0
mutlos	off 1.0	off 1.0	off 0.6750515403989938 neg 0.32159360682640414 __DUMMY__ 0.0033548527746019977	false	1.0
wirr	off 1.0		neg 0.5942971574173342 off 0.3986937692270625 __DUMMY__ 0.00700907335560325	false	0.5
jahr			neg 0.6013749201286059 off 0.39145553430572866 __DUMMY__ 0.007169545565665435	false	0.0
wird			neg 0.6036426847505075 off 0.3892510652012957 __DUMMY__ 0.0071062500481966365	false	0.0
strafbar	neg 1.0		neg 0.6069112919093449 off 0.38604627092754723 __DUMMY__ 0.007042437163107802	false	1.0
erosion	neg 1.0		neg 0.5970049739128411 off 0.39587246617020094 __DUMMY__ 0.007122559916957873	false	1.0
eingehen	neg 1.0		neg 0.6046692554397378 off 0.38825385925889455 __DUMMY__ 0.007076885301367571	false	1.0
faul	off 1.0		neg 0.5939985826966496 off 0.39887932955884225 __DUMMY__ 0.0071220877445081305	false	0.5
provisorium	neg 1.0		neg 0.609860496725275 off 0.3829587502822223 __DUMMY__ 0.007180752992502801	false	1.0
schmerzen	neg 1.0		neg 0.6001504800261135 off 0.392722192719467 __DUMMY__ 0.007127327254419567	false	1.0
schrumpfen	neg 1.0		neg 0.608843858451838 off 0.38403003976872985 __DUMMY__ 0.0071261017794323625	false	1.0
geistlos	off 1.0		neg 0.6024456784874471 off 0.39058346768940627 __DUMMY__ 0.006970853823146718	false	0.5
fehlkauf	neg 1.0		neg 0.5983681449073291 off 0.3945765291510315 __DUMMY__ 0.007055325941639456	false	1.0
frustrierend	neg 1.0	neg 1.0	neg 0.786390471023105 off 0.21022973140146542 __DUMMY__ 0.0033797975754295776	false	1.0
unzufrieden	neg 1.0		neg 0.6038707085114859 off 0.3890445494593914 __DUMMY__ 0.007084742029122792	false	1.0
verzweifeln	neg 1.0		neg 0.6005804218148028 off 0.3923095010327983 __DUMMY__ 0.007110077152398833	false	1.0
verzweifelt	neg 1.0		neg 0.5992159267863217 off 0.39369386184949196 __DUMMY__ 0.007090211364186229	false	1.0
misstrauensantrag	neg 1.0		neg 0.5987158937505201 off 0.3942382378766066 __DUMMY__ 0.007045868372873163	false	1.0
abfallen	neg 1.0		neg 0.5965270852819863 off 0.3963146189232752 __DUMMY__ 0.007158295794738578	false	1.0
fucker	off 1.0		neg 0.5927907642567659 off 0.4001627275733038 __DUMMY__ 0.007046508169930205	false	0.5
ungezogen	neg 1.0		neg 0.5855418642182124 off 0.4074087927381718 __DUMMY__ 0.0070493430436158145	false	1.0
irrsinnig	neg 1.0	neg 1.0	neg 0.7885138827615437 off 0.20811583706358255 __DUMMY__ 0.0033702801748738734	false	1.0
unfassbar	neg 1.0		neg 0.5951618574971816 off 0.397761867786637 __DUMMY__ 0.007076274716181321	false	1.0
hart	neg 1.0		neg 0.5962577833222308 off 0.3967009165298869 __DUMMY__ 0.007041300147882177	false	1.0
widerlich	off 1.0		neg 0.5954945083561428 off 0.3974598003069873 __DUMMY__ 0.0070456913368699345	false	0.5
fatal	neg 1.0		neg 0.5980640482588673 off 0.39487069563896804 __DUMMY__ 0.0070652561021645995	false	1.0
bruch	neg 1.0		neg 0.6091248115307138 off 0.38381790714230696 __DUMMY__ 0.007057281326979133	false	1.0
aushungern	neg 1.0		neg 0.6038208718751985 off 0.3891729622504651 __DUMMY__ 0.007006165874336444	false	1.0
anspannung	neg 1.0		neg 0.6060511941129932 off 0.38679768137811965 __DUMMY__ 0.00715112450888728	false	1.0
von			neg 0.6024450241267347 off 0.3903848233601428 __DUMMY__ 0.007170152513122463	false	0.0
kraftlos	neg 1.0		neg 0.6009019392665677 off 0.39194002308787396 __DUMMY__ 0.007158037645558453	false	1.0
vom			neg 0.6071085754845719 off 0.385682770882575 __DUMMY__ 0.0072086536328531655	false	0.0
grenzdebil	off 1.0		neg 0.5934531734153807 off 0.39946205844943883 __DUMMY__ 0.00708476813518037	false	0.5
vor			neg 0.6051303331143263 off 0.3877267063627694 __DUMMY__ 0.007142960522904421	false	0.0
unterwerfen	neg 1.0		neg 0.6054824935405707 off 0.3874492717040675 __DUMMY__ 0.007068234755361796	false	1.0
versenkung	neg 1.0		neg 0.605116232840115 off 0.38779341758210273 __DUMMY__ 0.0070903495777824175	false	1.0
entziehen	neg 1.0		neg 0.6076967901602447 off 0.3852130223479035 __DUMMY__ 0.007090187491851856	false	1.0
finanzkrise	neg 1.0		neg 0.6042565065142577 off 0.38874059556130675 __DUMMY__ 0.007002897924435629	false	1.0
schimpfend	neg 1.0		neg 0.5947216408245269 off 0.39810307132332695 __DUMMY__ 0.007175287852146204	false	1.0
profan	neg 1.0		neg 0.5977455075638934 off 0.3951590637265869 __DUMMY__ 0.007095428709519706	false	1.0
korruption	neg 1.0		neg 0.6062958125462202 off 0.3866950045567461 __DUMMY__ 0.007009182897033745	false	1.0
â			neg 0.6019766154086696 off 0.39090938059083463 __DUMMY__ 0.007114004000495791	false	0.0
schmutzig	neg 1.0		neg 0.5923741562674463 off 0.4005036341718276 __DUMMY__ 0.007122209560726204	false	1.0
sexy	neg 1.0		neg 0.595334612898456 off 0.39757677110440254 __DUMMY__ 0.007088615997141544	false	1.0
abraten	neg 1.0		neg 0.5981572484556328 off 0.39473217355256457 __DUMMY__ 0.007110577991802613	false	1.0
schwarz	neg 1.0		neg 0.5986555135638298 off 0.39426979971316345 __DUMMY__ 0.007074686723006606	false	1.0
fotze	off 1.0		neg 0.6032239331384928 off 0.38971473879883267 __DUMMY__ 0.007061328062674542	false	0.5
verwirren	neg 1.0		neg 0.5969868857668948 off 0.39592182647916624 __DUMMY__ 0.00709128775393891	false	1.0
zahnlos	off 1.0		neg 0.6043784446622432 off 0.3885570898273435 __DUMMY__ 0.00706446551041332	false	0.5
verheeren	neg 1.0		neg 0.5865991866789333 off 0.40642915519724415 __DUMMY__ 0.006971658123822578	false	1.0
hippie	neg 1.0		neg 0.5959729682425687 off 0.396946334841484 __DUMMY__ 0.007080696915947217	false	1.0
rammen	neg 1.0		neg 0.5964755286175741 off 0.3964270559671294 __DUMMY__ 0.007097415415296532	false	1.0
unlauter	neg 1.0	neg 1.0	neg 0.7881005555424138 off 0.20854790716967592 __DUMMY__ 0.003351537287910358	false	1.0
unheilvoll	neg 1.0		neg 0.5974128757885282 off 0.39548138038078534 __DUMMY__ 0.007105743830686487	false	1.0
niedrig	neg 1.0		neg 0.6036466444785099 off 0.3892684702882861 __DUMMY__ 0.007084885233204191	false	1.0
explosion	neg 1.0		neg 0.5958740776182588 off 0.3970288137232384 __DUMMY__ 0.007097108658502903	false	1.0
weichei	off 1.0		neg 0.5891504871334247 off 0.40380569437622454 __DUMMY__ 0.0070438184903507724	false	0.5
minusmensch	off 1.0		neg 0.5872617979771249 off 0.4057776082415625 __DUMMY__ 0.0069605937813127855	false	0.5
farblos	neg 1.0		neg 0.6003952139360259 off 0.3925449702222221 __DUMMY__ 0.007059815841751948	false	1.0
unwissend	neg 1.0	neg 1.0	neg 0.7861431000332807 off 0.21049503529818506 __DUMMY__ 0.003361864668534252	false	1.0
traurig	neg 1.0		neg 0.591382123940633 off 0.40153331036389783 __DUMMY__ 0.00708456569546917	false	1.0
senkung	neg 1.0		neg 0.5977063170857906 off 0.39523518825350695 __DUMMY__ 0.007058494660702469	false	1.0
ungleich	neg 1.0	neg 1.0	neg 0.7915647710846767 off 0.20507150566010932 __DUMMY__ 0.0033637232552138933	false	1.0
heikel	neg 1.0		neg 0.6063757627214567 off 0.38653596109980953 __DUMMY__ 0.007088276178733953	false	1.0
drosselung	neg 1.0		neg 0.5906982239587641 off 0.40221390940156065 __DUMMY__ 0.007087866639675315	false	1.0
falsch	neg 1.0		neg 0.5965309137353068 off 0.39639349247189865 __DUMMY__ 0.0070755937927946795	false	1.0
unzufriedenheit	neg 1.0		neg 0.6069942317119801 off 0.38592661778653053 __DUMMY__ 0.007079150501489389	false	1.0
kurz	neg 1.0		neg 0.5997855905134458 off 0.39306269143932243 __DUMMY__ 0.007151718047231651	false	1.0
unsinnig	neg 1.0		neg 0.6034853608832812 off 0.3894351498982188 __DUMMY__ 0.007079489218500017	false	1.0
penner	off 1.0	off 1.0	off 0.68545189035522 neg 0.3111893721032508 __DUMMY__ 0.0033587375415291745	false	1.0
seicht	neg 1.0		neg 0.5885656618180645 off 0.4044418862821027 __DUMMY__ 0.006992451899832944	false	1.0
dummheit	off 1.0	off 1.0	off 0.6787252919717524 neg 0.31791856240965477 __DUMMY__ 0.003356145618592837	false	1.0
unerfreulich	neg 1.0		neg 0.6061447669795237 off 0.3867466057746792 __DUMMY__ 0.007108627245797052	false	1.0
motherfucker	off 1.0	off 1.0	off 0.6821721400069496 neg 0.3144736223391021 __DUMMY__ 0.003354237653948339	false	1.0
pikiert	neg 1.0		neg 0.5966516639283742 off 0.39629518889372883 __DUMMY__ 0.007053147177896828	false	1.0
wrack	neg 1.0		neg 0.6019037895244795 off 0.39098696165969715 __DUMMY__ 0.007109248815823293	false	1.0
gangster	neg 1.0		neg 0.5970145854584312 off 0.3959062570513592 __DUMMY__ 0.007079157490209558	false	1.0
krank	neg 1.0		neg 0.5919915718460853 off 0.4008902725685288 __DUMMY__ 0.0071181555853858415	false	1.0
reich	neg 1.0		neg 0.5986628670877852 off 0.39436697138069265 __DUMMY__ 0.006970161531522229	false	1.0
gnadenlos	neg 1.0		neg 0.5993955916926826 off 0.3935139863753168 __DUMMY__ 0.007090421932000509	false	1.0
niedergeschlagen	neg 1.0		neg 0.6013843497747845 off 0.39150456594829397 __DUMMY__ 0.007111084276921516	false	1.0
terrorisieren	off 1.0	off 1.0	off 0.6757958112894061 neg 0.3208259726686829 __DUMMY__ 0.003378216041911012	false	1.0
sinnlosigkeit	neg 1.0		neg 0.6040406715308709 off 0.38888862726613277 __DUMMY__ 0.007070701202996192	false	1.0
behindern	neg 1.0		neg 0.5993001629458466 off 0.39358161309463097 __DUMMY__ 0.007118223959522319	false	1.0
undemokratisch	neg 1.0		neg 0.6029312903623637 off 0.39007615206011687 __DUMMY__ 0.006992557577519463	false	1.0
wirtschaftskrise	neg 1.0		neg 0.605138869926539 off 0.3878257217029249 __DUMMY__ 0.007035408370536252	false	1.0
neid	neg 1.0		neg 0.5950135237864315 off 0.39786697868815457 __DUMMY__ 0.007119497525414023	false	1.0
rutschen	neg 1.0		neg 0.6035709146119496 off 0.38920615783243007 __DUMMY__ 0.00722292755562022	false	1.0
rezession	neg 1.0		neg 0.5934875360304782 off 0.39953127460785226 __DUMMY__ 0.006981189361669457	false	1.0
fehlgeburt	neg 1.0		neg 0.5996916508182868 off 0.393223371876246 __DUMMY__ 0.007084977305467085	false	1.0
charakterschwach	off 1.0		neg 0.595493599703932 off 0.3974562775075894 __DUMMY__ 0.0070501227884786485	false	0.5
isolation	neg 1.0		neg 0.5939061469969162 off 0.3990008848258698 __DUMMY__ 0.00709296817721399	false	1.0
ablenkung	neg 1.0		neg 0.598771266706483 off 0.3941057513415881 __DUMMY__ 0.007122981951928835	false	1.0
pech	neg 1.0		neg 0.5961204035642663 off 0.3967768730850148 __DUMMY__ 0.007102723350718807	false	1.0
vermeidung	neg 1.0		neg 0.5915502561016682 off 0.40134812549355364 __DUMMY__ 0.007101618404778054	false	1.0
dominieren	neg 1.0		neg 0.6017555618903956 off 0.39115435180416386 __DUMMY__ 0.007090086305440514	false	1.0
schwindlig	neg 1.0		neg 0.5949349074431203 off 0.39792584780853174 __DUMMY__ 0.007139244748348037	false	1.0
lutscher	neg 1.0		neg 0.5868456921035002 off 0.4061487826941791 __DUMMY__ 0.007005525202320702	false	1.0
pflicht	neg 1.0		neg 0.6065866996626881 off 0.3863257299155038 __DUMMY__ 0.007087570421808137	false	1.0
faschist	off 1.0		neg 0.6015100982953551 off 0.3914935857417487 __DUMMY__ 0.006996315962896284	false	0.5
verschleudern	neg 1.0		neg 0.6054392665828202 off 0.3875160145644309 __DUMMY__ 0.007044718852748926	false	1.0
wenn			neg 0.5960318966306895 off 0.39688172622491746 __DUMMY__ 0.007086377144392965	false	0.0
ehebruch	neg 1.0		neg 0.6060753256656531 off 0.38687946949438357 __DUMMY__ 0.00704520483996345	false	1.0
spott	off 1.0		neg 0.6062812692353995 off 0.3866623136145084 __DUMMY__ 0.007056417150092146	false	0.5
trostlosigkeit	neg 1.0		neg 0.6088868242377519 off 0.3840838607023074 __DUMMY__ 0.007029315059940693	false	1.0
lutschen	neg 1.0		neg 0.5971342091178778 off 0.39583136174574707 __DUMMY__ 0.007034429136375078	false	1.0
undiszipliniert	neg 1.0		neg 0.5929785346414876 off 0.3999555010223047 __DUMMY__ 0.007065964336207769	false	1.0
kopfschmerz	neg 1.0		neg 0.6000033829085399 off 0.39288394883201266 __DUMMY__ 0.007112668259447444	false	1.0
unvorhergesehen	neg 1.0		neg 0.5993355904644732 off 0.393497683451959 __DUMMY__ 0.007166726083567977	false	1.0
desinteressiert	neg 1.0		neg 0.5938532403109836 off 0.39909364857018387 __DUMMY__ 0.007053111118832504	false	1.0
armselig	off 1.0		neg 0.5937382776099465 off 0.39923119773428234 __DUMMY__ 0.007030524655771242	false	0.5
desaster	neg 1.0		neg 0.609755133383452 off 0.3831915586716071 __DUMMY__ 0.007053307944940757	false	1.0
tod	neg 1.0		neg 0.6077982394094575 off 0.3851901350753813 __DUMMY__ 0.007011625515161186	false	1.0
herzlos	neg 1.0		neg 0.591251913161013 off 0.4016782379167791 __DUMMY__ 0.007069848922207884	false	1.0
unwissenheit	neg 1.0		neg 0.6050645322154564 off 0.38788587711349076 __DUMMY__ 0.007049590671052728	false	1.0
widersinnig	neg 1.0		neg 0.605523146172572 off 0.3874723060615273 __DUMMY__ 0.007004547765900648	false	1.0
bedenklich	neg 1.0		neg 0.60540091307363 off 0.38751644344924335 __DUMMY__ 0.007082643477126676	false	1.0
beanstanden	neg 1.0		neg 0.6068674784806223 off 0.3860417531019137 __DUMMY__ 0.007090768417464069	false	1.0
panisch	neg 1.0	neg 1.0	neg 0.7855709418575675 off 0.21100996075748285 __DUMMY__ 0.0034190973849496436	false	1.0
debil	off 1.0		neg 0.6092160844916389 off 0.3836752526656525 __DUMMY__ 0.007108662842708832	false	0.5
abstrich	neg 1.0		neg 0.5977800064031106 off 0.3950812518520376 __DUMMY__ 0.0071387417448518274	false	1.0
primitiv	neg 1.0		neg 0.5948704212290445 off 0.39808536772847464 __DUMMY__ 0.007044211042480886	false	1.0
abschaum	off 1.0	off 1.0	off 0.6799387053129348 neg 0.3167128298422328 __DUMMY__ 0.003348464844832411	false	1.0
provozieren	neg 1.0		neg 0.6015615234731413 off 0.39138055604346184 __DUMMY__ 0.007057920483396945	false	1.0
tot	neg 1.0		neg 0.6016343584028041 off 0.39128563982526715 __DUMMY__ 0.007080001771928687	false	1.0
instabil	neg 1.0		neg 0.5929215549312883 off 0.40006519064149076 __DUMMY__ 0.007013254427220997	false	1.0
schwuchtel	off 1.0		neg 0.5827227672375456 off 0.41032102076873794 __DUMMY__ 0.006956211993716508	false	0.5
zerren	neg 1.0		neg 0.601379777712421 off 0.39150569734982205 __DUMMY__ 0.007114524937757006	false	1.0
kinderficker	off 1.0		neg 0.5920270664967828 off 0.4009662368646765 __DUMMY__ 0.007006696638540581	false	0.5
gefahr	neg 1.0		neg 0.6053623012385615 off 0.38757148355131316 __DUMMY__ 0.0070662152101254126	false	1.0
rabiat	neg 1.0		neg 0.6005113410771776 off 0.392399130644357 __DUMMY__ 0.007089528278465209	false	1.0
verlangsamung	neg 1.0		neg 0.5899585454084874 off 0.40306905453437936 __DUMMY__ 0.006972400057133326	false	1.0
ausgestorben	neg 1.0		neg 0.6014322295850049 off 0.39145794950199336 __DUMMY__ 0.007109820913001853	false	1.0
anklagen	neg 1.0		neg 0.6030848492157839 off 0.3898740560357643 __DUMMY__ 0.007041094748451678	false	1.0
trott	neg 1.0		neg 0.5996262395866782 off 0.39326703347076114 __DUMMY__ 0.007106726942560771	false	1.0
verminderung	neg 1.0		neg 0.5923138797355443 off 0.40062269577148596 __DUMMY__ 0.007063424492969667	false	1.0
nach			neg 0.6056435981082827 off 0.38717361796165456 __DUMMY__ 0.007182783930062518	false	0.0
rost	neg 1.0		neg 0.58819358458194 off 0.40480274970109204 __DUMMY__ 0.007003665716967991	false	1.0
destruktiv	neg 1.0	neg 1.0	neg 0.7902614389021198 off 0.2063854292568707 __DUMMY__ 0.003353131841009499	false	1.0
unzumutbarkeit	neg 1.0		neg 0.5926835631717565 off 0.4002396217925232 __DUMMY__ 0.00707681503572024	false	1.0
labil	off 1.0	off 1.0	off 0.6809119261002555 neg 0.31573294973490984 __DUMMY__ 0.0033551241648346005	false	1.0
ziemlich	neg 1.0		neg 0.5940032675524707 off 0.39891130039037226 __DUMMY__ 0.007085432057156982	false	1.0
lachnummer	off 1.0		neg 0.6034215196453114 off 0.3895309526329717 __DUMMY__ 0.007047527721717045	false	0.5
oder			neg 0.598920269351043 off 0.39395118331268497 __DUMMY__ 0.007128547336272077	false	0.0
verfall	neg 1.0		neg 0.609648056469052 off 0.38324534248518655 __DUMMY__ 0.007106601045761592	false	1.0
ausgrenzung	neg 1.0		neg 0.6016465461406334 off 0.39135223983659934 __DUMMY__ 0.007001214022767237	false	1.0
unordnung	neg 1.0		neg 0.5912061705993341 off 0.40176251614807856 __DUMMY__ 0.007031313252587413	false	1.0
fehlverhalten	neg 1.0		neg 0.6064672370463977 off 0.38647302246431847 __DUMMY__ 0.007059740489283706	false	1.0
eine			neg 0.6049555994904984 off 0.3879070960066147 __DUMMY__ 0.007137304502886877	false	0.0
nille	neg 1.0		neg 0.6020753592518819 off 0.3908805231833614 __DUMMY__ 0.007044117564756649	false	1.0
qual	neg 1.0		neg 0.6000048755193499 off 0.39289452071568254 __DUMMY__ 0.007100603764967641	false	1.0
verschwenden	neg 1.0		neg 0.6042778599246457 off 0.3886192380529608 __DUMMY__ 0.007102902022393473	false	1.0
riesig	neg 1.0		neg 0.6014897099888804 off 0.3914210561725558 __DUMMY__ 0.007089233838563773	false	1.0
verurteilen	neg 1.0		neg 0.6054488296964091 off 0.38751486556462555 __DUMMY__ 0.007036304738965287	false	1.0
klischee	neg 1.0	neg 1.0	neg 0.7874716050229531 off 0.20917355417536715 __DUMMY__ 0.003354840801679855	false	1.0
diktatorisch	neg 1.0		neg 0.6040147700637525 off 0.3890146563746358 __DUMMY__ 0.006970573561611783	false	1.0
vorhersehbar	neg 1.0		neg 0.6002354123464186 off 0.39272461578211293 __DUMMY__ 0.007039971871468353	false	1.0
sowie			neg 0.5904217312623067 off 0.40257873820686163 __DUMMY__ 0.006999530530831677	false	0.0
stornieren	neg 1.0		neg 0.5953650373832603 off 0.3975073918824813 __DUMMY__ 0.007127570734258326	false	1.0
besteuerung	neg 1.0		neg 0.599734884162989 off 0.3932035723295194 __DUMMY__ 0.007061543507491591	false	1.0
ungeschminkt	neg 1.0		neg 0.5941281628431999 off 0.39880906169131625 __DUMMY__ 0.007062775465483964	false	1.0
kritisch	neg 1.0		neg 0.6061772584093129 off 0.38676498478991206 __DUMMY__ 0.007057756800775061	false	1.0
schlamperei	off 1.0		neg 0.6061042677828326 off 0.38685323321944626 __DUMMY__ 0.007042498997721268	false	0.5
sucht	neg 1.0	neg 1.0	neg 0.7853125550218288 off 0.21127693090935784 __DUMMY__ 0.003410514068813259	false	1.0
egoistisch	off 1.0		neg 0.5897644220038561 off 0.40319802569452995 __DUMMY__ 0.007037552301614056	false	0.5
ausbeuter	off 1.0		neg 0.6077563343939163 off 0.38520246641262146 __DUMMY__ 0.0070411991934621904	false	0.5
arschgeburt	off 1.0		neg 0.582916166958152 off 0.4101278711796024 __DUMMY__ 0.0069559618622455	false	0.5
schubs	neg 1.0	neg 1.0	neg 0.788531439690331 off 0.20805522671742316 __DUMMY__ 0.0034133335922457765	false	1.0
unsolide	neg 1.0		neg 0.6014034600720443 off 0.3916589679126741 __DUMMY__ 0.0069375720152816175	false	1.0
beschwerde	neg 1.0		neg 0.604408776024232 off 0.38853433203561294 __DUMMY__ 0.0070568919401549825	false	1.0
stocken	neg 1.0		neg 0.6035866925884973 off 0.38932351007797006 __DUMMY__ 0.007089797333532741	false	1.0
isolieren	neg 1.0		neg 0.6000117621089144 off 0.39287037588466955 __DUMMY__ 0.007117862006416065	false	1.0
unheilbar	neg 1.0		neg 0.6010165715300213 off 0.3919199255441453 __DUMMY__ 0.007063502925833302	false	1.0
pisser	off 1.0		neg 0.5927543324845155 off 0.40022696371871425 __DUMMY__ 0.00701870379677037	false	0.5
löschen	neg 1.0		neg 0.5994182519627638 off 0.3935040957088536 __DUMMY__ 0.00707765232838265	false	1.0
durchfallen	neg 1.0		neg 0.6046917204709346 off 0.3882242405762882 __DUMMY__ 0.007084038952777114	false	1.0
wichser	off 1.0		neg 0.5847607734362352 off 0.4082177867853017 __DUMMY__ 0.007021439778463121	false	0.5
terror	neg 1.0		neg 0.5945207548981928 off 0.3983635124323013 __DUMMY__ 0.007115732669506026	false	1.0
krass	neg 1.0		neg 0.590859837993722 off 0.40207683819141454 __DUMMY__ 0.007063323814863407	false	1.0
revolte	neg 1.0	neg 1.0	neg 0.7891126412764341 off 0.2075734062016581 __DUMMY__ 0.0033139525219077494	false	1.0
besorgt	neg 1.0		neg 0.5994219132255771 off 0.39341957807662853 __DUMMY__ 0.007158508697794208	false	1.0
nachlassen	neg 1.0		neg 0.6022054654048141 off 0.3906873038292613 __DUMMY__ 0.00710723076592457	false	1.0
alt	neg 1.0		neg 0.602757990537552 off 0.39010238904471917 __DUMMY__ 0.0071396204177288205	false	1.0
hundesohn	off 1.0		neg 0.58751464300107 off 0.40550591181338225 __DUMMY__ 0.006979445185547739	false	0.5
als			neg 0.6019260443181537 off 0.390951187720874 __DUMMY__ 0.007122767960972262	false	0.0
abschreckung	neg 1.0		neg 0.6080892742488851 off 0.38485120914022947 __DUMMY__ 0.007059516610885259	false	1.0
unqualifiziert	neg 1.0	neg 1.0	neg 0.7880066134521206 off 0.20863671068138176 __DUMMY__ 0.0033566758664975997	false	1.0
abgewichst	off 1.0		neg 0.6021074217784947 off 0.3908210320490655 __DUMMY__ 0.007071546172439695	false	0.5
schwer	neg 1.0		neg 0.6003992059711958 off 0.39249230855729594 __DUMMY__ 0.007108485471508284	false	1.0
bedeutungslosigkeit	neg 1.0		neg 0.6069432434846507 off 0.38599109037387935 __DUMMY__ 0.007065666141469879	false	1.0
kapitulation	neg 1.0		neg 0.6075680096790405 off 0.3854369054265257 __DUMMY__ 0.006995084894433819	false	1.0
unscharf	neg 1.0		neg 0.5966392939486104 off 0.3962712073909736 __DUMMY__ 0.007089498660416078	false	1.0
schwinden	neg 1.0		neg 0.605900974400541 off 0.3870174170200759 __DUMMY__ 0.007081608579383084	false	1.0
versklavung	neg 1.0	neg 1.0	neg 0.789868707037146 off 0.2068017605839449 __DUMMY__ 0.0033295323789091706	false	1.0
schlecht	neg 1.0		neg 0.59348217356808 off 0.39942839359622345 __DUMMY__ 0.007089432835696636	false	1.0
verhasst	neg 1.0		neg 0.60202715471486 off 0.3909267943173294 __DUMMY__ 0.007046050967810671	false	1.0
beschweren	neg 1.0		neg 0.5983999909665308 off 0.3945031387919748 __DUMMY__ 0.007096870241494313	false	1.0
scheiden	neg 1.0		neg 0.5999664764652897 off 0.39292103698851555 __DUMMY__ 0.007112486546194787	false	1.0
frustriert	neg 1.0		neg 0.6019598468026768 off 0.39094142475505317 __DUMMY__ 0.007098728442270036	false	1.0
schimmelig	neg 1.0		neg 0.6041194835361299 off 0.3887951797214588 __DUMMY__ 0.007085336742411283	false	1.0
fisch	neg 1.0	neg 1.0	neg 0.7887768588642876 off 0.2078154071452737 __DUMMY__ 0.0034077339904387376	false	1.0
schmuggel	neg 1.0		neg 0.6047738362031877 off 0.3881074293168059 __DUMMY__ 0.007118734480006328	false	1.0
auffallen	neg 1.0		neg 0.5979510660373637 off 0.3949564627248426 __DUMMY__ 0.007092471237793699	false	1.0
konkurrenz	neg 1.0		neg 0.6055915138741961 off 0.38728689449543247 __DUMMY__ 0.007121591630371417	false	1.0
teufelskreis	neg 1.0	neg 1.0	neg 0.7897622884100058 off 0.20686759422627019 __DUMMY__ 0.0033701173637240536	false	1.0
aufschreien	neg 1.0		neg 0.599652111516291 off 0.39329323587349296 __DUMMY__ 0.007054652610216176	false	1.0
schuldner	neg 1.0		neg 0.6065806233490022 off 0.38637255178649793 __DUMMY__ 0.007046824864499829	false	1.0
missgeburt	off 1.0	off 1.0	off 0.6839622297464993 neg 0.31270118689783 __DUMMY__ 0.0033365833556706385	false	1.0
arbeitslos	neg 1.0		neg 0.6039444533476104 off 0.3889814717969426 __DUMMY__ 0.007074074855447045	false	1.0
befallen	neg 1.0		neg 0.607462321074343 off 0.3855486772600148 __DUMMY__ 0.0069890016656421845	false	1.0
miesepetrig	off 1.0		neg 0.593329275786899 off 0.39957078057611223 __DUMMY__ 0.007099943636988801	false	0.5
alarmieren	neg 1.0		neg 0.5974823606684573 off 0.39549859052640424 __DUMMY__ 0.007019048805138516	false	1.0
ungeduscht	off 1.0		neg 0.5962912638109532 off 0.39661440040726903 __DUMMY__ 0.007094335781777697	false	0.5
knappheit	neg 1.0		neg 0.6043294249824803 off 0.38861558502047444 __DUMMY__ 0.007054989997045307	false	1.0
schlange	neg 1.0		neg 0.5969406899069185 off 0.3959271942887809 __DUMMY__ 0.007132115804300408	false	1.0
harsch	neg 1.0		neg 0.5865572036567961 off 0.4063637022590741 __DUMMY__ 0.007079094084129846	false	1.0
lang	neg 1.0		neg 0.5988528250122106 off 0.3940583415007123 __DUMMY__ 0.007088833487077147	false	1.0
ziellos	neg 1.0		neg 0.6029358725634688 off 0.3899530316971167 __DUMMY__ 0.007111095739414541	false	1.0
selbstverliebt	neg 1.0		neg 0.5858818776252854 off 0.4071535210625949 __DUMMY__ 0.006964601312119647	false	1.0
beseitigen	neg 1.0		neg 0.5977481938724876 off 0.39513193189271933 __DUMMY__ 0.007119874234792975	false	1.0
dumm	off 1.0		neg 0.5895260713870539 off 0.4034514447770127 __DUMMY__ 0.007022483835933393	false	0.5
arbeitsloser	neg 1.0		neg 0.6045215508571364 off 0.3883957692142884 __DUMMY__ 0.007082679928575131	false	1.0
blitzen	neg 1.0		neg 0.5973583786177937 off 0.39558578205043604 __DUMMY__ 0.007055839331770216	false	1.0
hilflos	neg 1.0		neg 0.6023602918650078 off 0.3905398232505568 __DUMMY__ 0.007099884884435185	false	1.0
eklig	off 1.0		neg 0.5888831429643872 off 0.4041066166743986 __DUMMY__ 0.0070102403612141715	false	0.5
begriff			neg 0.6028757391000938 off 0.39004699346468075 __DUMMY__ 0.0070772674352253305	false	0.0
hungersnot	neg 1.0		neg 0.6052268742515992 off 0.38778844326469064 __DUMMY__ 0.006984682483710265	false	1.0
ungesetzlich	neg 1.0		neg 0.6019163341166822 off 0.3910997542398994 __DUMMY__ 0.00698391164341836	false	1.0
verschwendung	neg 1.0		neg 0.6058159596796852 off 0.38709033927945813 __DUMMY__ 0.007093701040856829	false	1.0
schmerzvoll	neg 1.0		neg 0.5982136480209451 off 0.3946859005053303 __DUMMY__ 0.00710045147372458	false	1.0
vorzeitig	neg 1.0		neg 0.5946184849725462 off 0.3983133460190624 __DUMMY__ 0.007068169008391492	false	1.0
unvollkommenheit	neg 1.0		neg 0.6004927305191138 off 0.3924264377533489 __DUMMY__ 0.007080831727537199	false	1.0
intervenieren	neg 1.0		neg 0.6077887563744901 off 0.3851817607411215 __DUMMY__ 0.007029482884388538	false	1.0
banause	off 1.0		neg 0.5870953167725385 off 0.40589671232264574 __DUMMY__ 0.007007970904815825	false	0.5
rebell	neg 1.0		neg 0.6057811694362769 off 0.38710659307337286 __DUMMY__ 0.007112237490350307	false	1.0
unlogisch	neg 1.0		neg 0.5928574378383217 off 0.4000997504247656 __DUMMY__ 0.007042811736912611	false	1.0
leiden	neg 1.0	neg 1.0	neg 0.789068170391918 off 0.20748944914093534 __DUMMY__ 0.0034423804671466726	false	1.0
abschaffung	neg 1.0		neg 0.6016047130094612 off 0.3913632931652399 __DUMMY__ 0.007031993825299008	false	1.0
sturz	neg 1.0		neg 0.6015808281061504 off 0.3914012374001362 __DUMMY__ 0.0070179344937133185	false	1.0
verkleinerung	neg 1.0		neg 0.5985717375344166 off 0.39441540902494193 __DUMMY__ 0.007012853440641394	false	1.0
schmarotzer	off 1.0		neg 0.6055174045851222 off 0.38743199054854055 __DUMMY__ 0.007050604866337279	false	0.5
bestrafung	neg 1.0		neg 0.5998343494896228 off 0.3930930666741028 __DUMMY__ 0.007072583836274455	false	1.0
achtlos	neg 1.0		neg 0.5994344316578593 off 0.3934369739530864 __DUMMY__ 0.007128594389054458	false	1.0
ungeheuer	neg 1.0		neg 0.5980462685090214 off 0.3948734941982119 __DUMMY__ 0.007080237292766598	false	1.0
